0,0,0,0,0,0,0,0,0,0,0,0,0,0,0,0,0,0,0,0,0,0,0,0,0,0,0,0,0,0,0,0,0,0,0,0,0,0,0,0,0,0,0,0,0,0,0,0,0,0,0,0,0,0,0,0,0,0,0,0,0,0,0,0,0,0,0,0,0,0,0,0,0,0,0,0,0,0,0,0,0,0,0,0,0,0,0,0,0,0,0,0,0,0,0,0,0,0,0,0,0,0,0,0,0,0,0,0,0,0,0,0,0,0,0,0,0,0,0,0,0,0,0,0,0,0,0,0,0,0,0,0,0,0,0,0,0,0,8,8,8,8,8,8,8,8,8,8,8,8,8,8,8,8,8,8,8,8,8,8,8,0,0,0,0,10,18,18,18,18,18,18,18,18,18,18,18,18,18,18,18,18,18,0,29,11,0,0,16,29,29,29,29,29,29,29,29,29,29,29,29,29,29,29,29,29,0,29,11,0,0,16,29,2,1,16,29,1,0,2,6,29,11,0,1,0,26,21,1,0,29,11,0,0,16,29,5,18,16,29,1,0,22,6,29,11,0,13,8,26,21,13,8,29,11,0,0,16,29,5,18,16,29,1,0,22,6,29,11,0,13,8,26,21,13,8,29,11,0,0,16,29,5,16,16,29,1,0,19,6,29,11,0,12,7,26,21,12,7,29,11,0,0,16,29,1,5,20,29,8,1,2,12,29,16,4,0,6,27,23,6,0,12,5,0,0,16,29,1,21,29,29,29,7,11,29,29,29,17,1,29,29,29,27,0,0,0,0,0,10,17,1,8,11,11,11,3,4,11,11,11,7,0,11,11,11,11,0,17,17,17,17,17,17,17,17,17,17,17,17,17,17,17,17,17,17,17,17,17,17,17,0,0,0,0,0,0,0,0,0,0,0,0,0,0,0,0,0,0,0,0,0,0,0,0,0,0,0,0,0,0,0,0,0,0,0,0,0,0,0,0,0,0,0,0,0,0,0,0,0,0,0,0,0,0,0,0,0,0,0,0,0,0,0,0,0,0,0,0,0,0,0,0,0,0,0,0,0,0,0,0,0,0,0,0,0,0,0,0,0,0,0,0,0,0,0,0,0,0,0,0,0,0,0,0,0,0,0,0,0,0,0,0,0,0,0,0,0,0,0,0,0,0,0,0,0,0,0,0,0,0,0,0,0,0,0,0,0,0
0,0,0,0,0,0,0,0,26,21,0,0,0,0,0,0,0,0,0,0,0,0,0,23,27,0,3,27,19,0,0,5,4,0,0,0,13,27,8,0,22,27,0,0,0,0,4,23,0,3,20,3,0,0,0,0,0,0,0,2,16,8,0,23,4,0,0,0,0,7,22,0,3,18,9,0,1,7,0,5,3,0,9,13,8,0,22,5,3,0,9,0,18,22,0,3,18,22,0,3,18,0,13,8,0,22,13,8,0,22,13,8,0,22,0,18,22,0,3,18,22,5,7,18,0,13,10,6,22,13,8,0,22,13,10,6,22,5,18,22,0,3,18,22,13,12,18,0,13,12,18,22,13,8,0,22,13,12,18,22,13,18,22,0,3,18,22,13,12,18,0,13,12,18,22,13,8,0,22,13,12,18,22,13,18,22,0,3,18,22,13,12,18,0,13,12,18,22,13,8,0,22,13,12,18,22,13,18,16,0,2,13,22,9,10,18,0,13,11,13,22,9,6,0,16,13,11,13,22,9,18,0,2,1,0,22,0,0,3,0,2,1,0,22,0,0,3,0,13,9,0,3,0,18,22,13,12,18,22,13,9,3,0,2,5,18,22,13,12,18,22,13,12,18,3,13,18,22,13,12,18,22,13,12,18,0,13,12,18,22,13,12,18,22,13,12,18,22,13,18,8,13,10,6,22,5,7,18,0,13,10,6,22,5,7,18,8,13,10,6,22,5,18,10,13,10,8,22,0,3,18,0,13,8,0,22,6,8,18,10,13,8,0,22,0,18,22,13,12,18,22,0,4,18,0,13,9,1,22,13,12,18,22,13,9,1,22,0,18,22,13,12,18,22,13,12,18,0,13,12,18,22,13,12,18,22,13,12,18,22,13,18,17,13,12,14,22,13,12,18,0,13,12,18,22,10,10,18,17,13,12,18,22,13,18,0,13,8,0,22,13,12,18,0,13,12,18,22,0,3,18,0,13,12,18,22,13,18,0,13,8,0,22,0,3,18,0,13,8,0,22,0,3,18,0,13,8,0,22,0,18,0,13,8,0,22,0,3,18,0,13,8,0,22,0,3,18,0,13,8,0,22,0,18,0,0,0,0,22,0,0,0,0,0,0,0,22,0,0,0,0,13,8,0,0,0,28,25,11,10,25,28,7,5,3,0,2,3,10,23,25,11,15,20,27,11,10,3,7
6,3,0,9,0,0,0,0,6,3,0,9,0,1,8,0,6,3,0,9,0,1,8,1,0,0,2,0,0,0,0,1,0,0,2,0,0,1,0,1,0,0,2,0,0,1,17,17,17,17,17,0,0,8,17,17,17,17,17,17,17,17,17,17,17,17,17,17,17,0,0,0,0,0,0,0,0,0,0,0,0,0,0,0,0,0,0,0,0,0,0,0,11,25,25,24,0,0,0,0,11,25,25,24,0,3,25,25,25,7,0,20,25,25,15,13,14,7,24,0,0,0,0,13,14,7,24,0,3,21,7,18,8,0,23,7,10,18,13,12,15,22,0,0,0,0,13,12,15,22,0,3,18,19,13,8,0,22,11,11,18,4,6,18,22,0,0,0,0,4,6,18,22,0,1,5,22,13,8,0,6,13,12,18,0,4,18,22,0,0,0,0,0,4,18,22,0,0,0,23,13,8,0,0,14,12,18,29,29,18,22,0,0,0,0,29,29,18,22,0,20,29,28,13,8,10,29,29,12,18,1,1,1,22,0,0,0,0,1,1,1,22,0,1,1,1,13,8,0,1,1,4,18,12,26,26,28,0,0,0,0,12,26,26,28,0,3,26,26,28,8,0,21,26,27,18,13,13,5,24,0,0,0,0,13,13,5,24,0,3,21,5,17,8,0,23,5,9,18,13,11,10,22,7,5,0,13,13,11,10,22,7,9,18,13,13,11,10,22,7,9,18,13,12,18,22,13,8,0,22,13,12,18,22,13,12,18,22,13,12,18,22,13,12,18,13,12,18,22,13,8,0,22,13,12,18,22,13,12,18,22,13,12,18,22,13,12,18,13,12,18,22,13,8,0,22,13,12,18,22,13,12,18,22,13,12,18,22,13,12,18,13,10,6,22,4,2,0,7,13,10,6,22,4,6,18,7,13,10,6,22,4,6,18,13,8,0,22,0,0,0,0,13,8,0,22,0,3,18,0,13,8,0,22,0,3,18,13,8,0,22,0,0,0,0,13,8,0,22,0,3,18,0,13,8,0,22,0,3,18,13,8,0,22,0,0,0,0,13,8,0,22,0,3,18,0,13,8,0,22,0,3,18,13,8,0,22,0,0,0,0,13,8,0,22,0,3,18,0,13,8,0,22,0,3,18,6,4,0,10,0,0,0,0,6,4,0,10,0,1,8,0,6,4,0,10,0,1,8
0,0,0,0,0,0,0,0,0,0,0,0,0,0,0,0,0,0,0,0,0,0,0,0,0,0,0,0,0,0,0,0,0,0,0,0,0,0,0,0,0,0,0,0,0,0,0,0,0,0,0,0,0,0,0,0,0,0,0,0,0,0,0,0,0,0,0,0,0,0,0,0,0,0,0,0,0,0,0,0,0,0,0,0,0,0,0,0,0,0,0,0,0,0,0,0,0,0,0,0,0,0,0,0,0,0,0,0,0,0,0,0,0,0,0,0,2,11,3,0,0,0,0,0,0,0,0,0,0,0,0,0,0,0,0,0,0,0,0,6,29,7,0,15,9,0,11,14,0,0,0,0,0,0,0,0,0,0,0,0,0,0,6,29,7,0,29,17,0,20,27,0,0,10,17,17,17,17,17,17,17,17,3,0,0,6,29,7,0,29,17,0,20,27,0,0,0,0,0,0,0,0,0,0,0,0,0,0,6,29,7,0,29,17,0,20,27,0,0,0,14,4,0,19,0,6,12,0,0,0,0,6,29,7,0,29,17,0,20,27,0,0,0,17,4,0,22,0,7,14,0,0,0,0,6,29,7,0,29,17,0,20,27,0,0,0,17,4,0,22,0,7,14,0,0,0,0,6,29,7,0,29,17,0,20,27,0,0,0,17,4,0,22,0,7,14,0,0,0,0,6,29,7,0,29,17,0,20,27,0,0,0,17,4,0,22,0,7,14,0,0,0,0,6,29,7,0,29,17,0,20,27,0,0,16,17,10,10,22,12,11,14,16,0,0,0,6,29,7,0,29,17,0,20,27,0,0,22,17,12,14,22,17,12,14,22,0,0,0,4,18,5,0,29,17,0,20,27,0,0,22,17,12,14,22,17,12,14,22,0,0,0,0,0,0,0,11,7,0,8,11,0,0,9,7,5,5,9,7,5,5,9,0,0,0,0,0,0,0,0,0,0,0,0,0,0,0,0,0,0,0,0,0,0,0,0,0,0,0,0,0,0,0,0,0,0,0,0,0,0,0,0,0,0,0,0,0,0,0,0,0,0,0,0,0,0,0,0,0,0,0,0,0,0,0,0,0,0,0,0,0,0,0,0,0,0,0,0,0,0,0,0,0,0,0,0,0,0,0,0,0,0,0,0,0,0,0,0,0,0,0,0,0,0,0,0,0,0,0,0,0,0,0,0,0,0,0,0,0
17,0,5,12,0,13,4,0,17,0,5,12,0,13,4,0,17,0,5,12,0,13,4,22,0,6,15,0,16,5,0,22,0,6,15,0,16,5,0,22,0,6,15,0,16,5,22,0,6,15,0,16,5,0,22,0,6,15,0,16,5,0,22,0,6,15,0,16,5,22,0,6,15,0,16,5,0,22,0,6,15,0,16,5,0,22,0,6,15,0,16,5,22,0,6,15,0,16,5,0,22,0,6,15,0,16,5,0,22,0,6,15,0,16,5,23,1,8,15,0,16,7,1,23,0,6,16,1,17,5,0,23,1,8,15,0,16,7,26,29,29,15,0,16,29,29,25,0,6,29,29,29,5,0,26,29,29,15,0,16,27,23,2,8,15,2,16,7,2,23,1,7,16,3,17,6,1,23,2,8,15,2,16,7,22,16,12,15,22,16,12,15,22,16,12,15,22,16,12,15,22,16,12,15,22,16,10,22,16,12,15,22,16,12,15,22,16,12,15,22,16,12,15,22,16,12,15,22,16,10,14,16,10,10,22,10,10,15,14,16,10,10,22,10,10,15,14,16,10,10,22,10,8,0,16,5,0,22,0,6,15,0,16,5,0,22,0,6,15,0,16,5,0,22,0,4,22,16,5,0,22,0,6,15,22,16,12,15,22,0,6,15,0,16,12,15,22,16,10,22,16,5,0,22,0,6,15,22,16,12,15,22,0,6,15,0,16,12,15,22,16,10,22,16,5,0,22,0,6,15,22,16,12,15,22,0,6,15,0,16,12,15,22,16,10,22,16,5,0,0,0,6,15,22,16,12,15,22,0,0,0,0,16,12,15,22,16,10,22,14,5,0,0,0,6,13,22,14,12,15,19,0,0,0,0,14,12,15,19,16,10,22,0,0,0,0,0,0,0,22,0,6,15,0,0,0,0,0,0,6,15,0,16,5,22,0,0,0,0,0,0,0,22,0,6,15,0,0,0,0,0,0,6,15,0,16,5,22,10,3,0,13,0,4,9,22,10,10,15,13,0,4,9,0,10,10,15,13,16,8,22,16,5,0,22,0,6,15,22,16,12,15,22,0,6,15,0,16,12,15,22,16,10,17,16,5,0,22,0,6,15,17,16,11,12,22,0,6,15,0,16,11,12,22,13,9,0,13,4,0,17,0,5,12,0,13,4,0,17,0,5,12,0,13,4,0,17,0,3
4,0,0,0,16,29,1,6,29,11,0,26,21,0,0,0,0,0,0,9,12,12,12,8,0,0,0,16,29,1,6,29,11,0,26,21,0,0,1,7,7,7,7,7,7,7,8,0,0,0,16,29,1,6,29,11,0,26,21,0,0,1,8,8,8,8,8,8,8,8,0,0,0,16,29,1,6,29,11,0,26,21,0,0,0,0,0,0,0,0,0,0,8,0,0,0,16,29,1,6,29,11,0,26,21,0,16,29,1,6,29,11,0,0,0,8,0,0,0,16,29,1,6,29,11,0,26,21,0,16,29,1,6,29,11,0,0,3,8,0,0,0,16,29,1,6,29,11,0,26,21,0,16,29,1,6,29,11,0,0,3,5,0,0,0,16,29,1,6,29,11,0,26,21,0,16,29,1,6,29,11,0,0,3,0,0,0,0,4,7,0,1,7,3,0,7,5,0,16,29,1,6,29,11,0,0,2,0,0,0,0,2,4,0,1,4,1,0,4,3,0,16,29,1,6,29,11,0,0,0,0,0,0,0,16,29,1,6,29,11,0,26,21,0,6,11,0,2,11,4,0,0,0,0,0,0,0,16,29,1,6,29,11,0,26,21,0,0,0,0,0,0,0,0,0,0,8,0,0,0,16,29,1,6,29,11,0,26,21,0,0,2,17,17,17,17,17,17,17,8,0,0,0,16,29,1,6,29,11,0,26,21,0,0,0,0,0,0,0,0,0,0,8,0,0,0,16,29,1,6,29,11,0,26,21,0,0,0,0,0,0,0,11,29,29,8,0,0,0,16,29,1,6,29,11,0,26,21,0,14,25,1,0,0,0,7,21,29,8,0,0,0,16,29,1,6,29,11,0,26,21,0,16,29,1,0,0,0,10,6,29,8,0,0,0,16,29,1,6,29,11,0,26,21,0,16,29,1,0,0,0,22,6,29,8,0,0,0,16,29,1,6,29,11,0,26,21,0,16,29,1,0,0,0,22,6,29,8,0,0,0,16,29,1,6,29,11,0,26,21,0,16,29,1,0,0,0,11,6,29,4,0,0,0,0,0,0,0,0,0,0,0,0,0,0,0,0,0,0,0,8,20,29,0,0,0,0,0,0,0,0,0,0,0,0,0,0,0,0,0,0,0,0,14,29,29,5,0,0,0,0,0,0,0,0,0,0,0,0,0,0,0,0,0,0,0,0,0,0
3,0,0,16,29,1,6,29,11,0,26,21,0,0,0,0,0,3,18,0,13,8,0,1,0,0,6,11,0,2,11,4,0,10,8,0,1,2,0,0,3,18,0,13,8,0,0,0,0,0,0,0,0,0,0,0,0,0,0,16,29,1,0,3,18,0,13,8,0,0,0,0,0,0,0,0,0,0,0,0,0,0,16,29,1,0,3,18,0,13,8,0,0,0,0,0,0,0,0,0,0,0,0,0,0,16,29,1,0,3,17,0,12,8,0,0,0,0,0,0,0,0,0,0,0,0,0,0,16,29,1,0,0,0,0,0,0,0,17,0,0,8,17,17,17,17,17,17,6,0,0,16,29,1,2,17,17,17,17,17,17,14,0,0,0,0,0,0,0,0,0,0,0,0,16,29,1,0,0,1,1,1,0,0,23,0,0,11,20,1,4,20,8,0,18,15,0,16,29,1,0,3,29,29,29,8,0,23,0,0,16,29,1,6,29,11,0,26,21,0,16,29,1,0,3,19,8,14,8,0,23,0,0,16,29,1,6,29,11,0,26,21,0,16,29,1,0,3,18,22,13,8,0,23,0,0,16,29,1,6,29,11,0,26,21,0,16,29,1,0,0,1,22,13,8,0,23,0,0,16,29,1,6,29,11,0,26,21,0,16,29,1,0,5,7,24,13,8,2,23,0,0,16,29,1,6,29,11,0,26,21,0,16,29,1,0,17,25,24,13,8,9,23,0,0,12,21,1,5,21,8,0,19,16,0,12,21,1,0,0,3,3,16,8,0,23,0,0,0,0,0,0,0,0,0,0,0,0,0,0,0,0,3,29,28,29,8,0,23,0,0,3,7,7,7,7,7,7,2,0,0,0,0,0,0,3,18,0,13,8,0,23,0,0,4,8,8,8,8,8,8,3,0,0,0,0,0,11,11,18,18,13,12,15,23,0,0,0,0,0,0,0,0,0,0,0,0,0,0,0,13,12,18,22,13,12,18,23,0,0,8,14,0,3,14,5,0,13,10,0,0,0,0,13,12,18,22,13,12,18,23,0,0,16,29,1,6,29,11,0,26,21,0,0,0,0,13,12,18,22,13,12,18,23,0,0,16,29,1,6,29,11,0,26,21,0,0,0,0,1,4,18,2,13,9,1,23,0,0,16,29,1,6,29,11,0,26,21,0,5,8,0,0,3,18,0,13,8,0
12,18,22,13,12,18,22,13,12,18,22,13,12,18,22,13,12,18,22,13,12,18,22,7,18,9,13,10,8,22,6,7,18,9,13,10,8,22,6,7,18,9,13,10,8,22,3,18,0,13,8,0,22,0,3,18,0,13,8,0,22,0,3,18,0,13,8,0,22,3,18,0,13,8,0,22,0,3,18,0,13,8,0,22,0,3,18,0,13,8,0,22,3,18,0,13,8,0,22,0,3,18,0,13,8,0,22,0,3,18,0,13,8,0,22,3,18,0,13,8,0,22,0,3,18,0,13,8,0,22,0,3,18,0,13,8,0,22,2,10,0,7,5,0,13,0,2,10,0,7,5,0,13,0,2,10,0,7,5,0,13,7,7,7,7,7,7,7,7,7,7,7,7,7,7,7,7,7,7,7,7,7,7,7,8,8,8,8,8,8,8,8,8,8,8,8,8,8,8,8,8,8,8,8,8,8,8,1,11,11,11,3,0,9,11,11,7,0,5,11,11,11,0,1,11,11,11,3,0,9,3,26,20,25,8,0,23,20,22,18,0,13,23,20,27,0,3,26,20,25,8,0,23,3,18,9,13,8,0,22,5,7,18,0,13,10,7,22,0,3,18,9,13,8,0,22,3,18,22,10,6,0,22,13,11,13,0,13,12,18,16,0,3,18,22,10,6,0,22,3,18,22,0,0,0,22,13,8,0,0,13,12,18,0,0,3,18,22,0,0,0,22,3,18,23,17,16,0,22,13,21,17,4,13,12,25,17,10,3,18,23,17,16,0,22,3,18,11,14,13,0,22,6,14,14,3,13,10,14,14,8,3,18,11,14,13,0,22,3,24,13,13,4,0,23,13,13,8,0,13,18,13,13,0,3,24,13,13,4,0,23,3,25,18,24,8,0,23,18,20,18,0,13,22,18,26,0,3,25,18,24,8,0,23,5,18,3,13,9,2,22,1,5,18,3,13,9,2,22,1,5,18,3,13,9,2,22,12,18,22,13,12,18,22,13,12,18,22,13,12,18,22,13,12,18,22,13,12,18,22,12,18,22,13,12,18,22,13,12,18,22,13,12,18,22,13,12,18,22,13,12,18,22,12,18,22,13,12,18,22,13,12,18,22,13,12,18,22,13,12,18,22,13,12,18,22,10,18,17,13,12,14,22,10,10,18,17,13,12,14,22,10,10,18,17,13,12,14,22
21,12,12,20,8,12,11,8,21,12,12,20,21,12,11,8,21,0,1,20,8,12,10,21,12,12,20,21,12,12,20,21,12,12,20,21,12,12,20,21,0,1,20,21,12,10,21,6,6,20,21,12,12,20,21,6,6,20,9,12,12,20,21,0,1,20,21,12,10,21,0,1,20,14,12,12,13,21,0,1,20,0,11,12,13,21,0,1,20,14,12,10,21,0,1,20,0,11,10,0,21,0,1,20,0,11,10,0,21,0,1,20,0,11,10,13,0,1,20,0,7,6,0,21,0,1,13,0,11,10,0,13,0,1,13,0,11,10,3,2,7,20,0,0,0,0,21,6,2,3,4,15,10,0,0,0,0,0,0,11,13,21,12,28,18,19,6,7,18,19,28,12,20,21,27,11,18,10,0,0,10,19,11,20,21,12,10,0,21,12,12,20,0,11,12,20,21,0,1,20,21,0,1,20,21,0,0,21,12,10,0,21,12,12,20,0,11,12,20,21,0,1,20,21,0,1,20,21,0,0,13,12,10,0,5,12,11,5,0,11,12,13,21,0,0,5,21,0,1,20,5,0,0,0,11,10,0,0,11,10,0,0,11,10,0,21,0,0,0,21,0,1,20,0,0,0,8,6,6,7,0,11,10,0,8,6,6,7,10,4,4,0,21,0,1,20,0,4,4,21,4,5,20,0,11,10,0,21,4,5,20,7,12,10,0,21,0,1,20,0,11,10,21,12,12,20,0,11,10,0,21,12,12,20,21,12,10,0,21,0,1,20,0,11,10,21,12,12,20,0,11,10,0,21,12,12,20,21,12,10,0,21,0,1,20,0,11,10,0,12,11,0,0,0,0,0,0,12,11,0,21,1,0,0,0,0,0,0,0,0,0,0,11,10,0,0,0,0,0,0,11,10,0,21,0,0,0,0,0,0,0,0,0,0,8,12,11,8,0,0,0,0,8,12,11,8,21,5,4,0,0,0,0,0,0,4,4,21,12,12,20,0,0,0,0,21,12,12,20,21,12,10,0,0,0,0,0,0,11,10,21,12,12,20,0,6,6,0,21,12,12,20,21,12,10,0,12,0,1,11,0,11,10,21,12,12,20,0,11,10,0,21,12,12,20,21,12,10,0,21,0,1,20,0,11,10,21,12,12,20,0,11,10,0,21,12,12,20,21,12,10,0,21,0,1,20,0,11,10
22,13,12,18,0,0,16,29,1,0,0,0,0,0,0,0,0,0,0,0,8,18,18,22,13,12,18,0,0,16,29,1,2,17,17,17,17,17,17,17,17,17,17,17,17,17,22,0,2,9,0,0,16,29,1,0,0,0,0,0,0,0,0,0,0,0,0,0,0,22,9,6,0,0,0,16,29,1,0,0,0,0,0,0,0,0,0,0,0,0,0,0,22,13,12,15,0,0,16,29,1,2,8,3,0,8,6,0,5,8,0,2,8,3,0,22,9,10,18,0,0,16,29,1,6,29,11,0,26,21,0,16,29,1,6,29,11,0,22,0,3,18,0,0,16,29,1,6,29,11,0,26,21,0,16,29,1,6,29,11,0,22,0,3,18,0,0,16,29,1,6,29,11,0,26,21,0,16,29,1,6,29,11,0,22,10,10,18,0,0,16,29,1,6,29,11,0,26,21,0,16,29,1,6,29,11,0,22,13,12,18,0,0,9,15,1,3,15,6,0,14,11,0,9,15,1,3,15,6,0,22,13,12,18,0,0,0,0,0,0,0,0,0,0,0,0,0,0,0,0,0,0,0,22,4,6,18,0,0,0,0,0,0,0,0,0,0,0,0,0,0,0,0,0,0,0,22,0,3,18,0,0,0,0,8,17,17,17,17,17,17,17,17,17,17,17,17,17,17,22,0,1,5,0,0,0,0,0,0,0,0,0,0,0,0,0,0,0,0,0,0,0,26,3,2,0,0,0,11,20,1,4,20,8,0,18,15,0,11,20,1,4,20,8,0,16,13,12,15,0,0,16,29,1,6,29,11,0,26,21,0,16,29,1,6,29,11,0,0,13,12,18,0,0,16,29,1,6,29,11,0,26,21,0,16,29,1,6,29,11,0,0,13,12,18,0,0,16,29,1,6,29,11,0,26,21,0,16,29,1,6,29,11,0,0,0,3,18,0,0,16,29,1,6,29,11,0,26,21,0,16,29,1,6,29,11,0,0,0,3,18,0,0,16,29,1,6,29,11,0,26,21,0,16,29,1,6,29,11,0,16,0,3,18,0,0,12,21,1,5,21,8,0,19,16,0,12,21,1,5,21,8,0,22,0,3,18,0,0,0,0,0,0,0,0,0,0,0,0,0,0,0,0,0,0,0,22,0,3,18,0,0,0,6,7,7,7,7,7,7,7,7,7,7,7,7,7,7,7
0,0,0,0,0,1,1,0,0,0,0,0,0,0,0,26,21,0,16,29,1,0,0,0,0,0,0,0,9,8,0,0,0,0,0,0,0,0,26,21,0,16,29,1,0,0,17,17,17,6,0,26,21,0,8,17,17,17,11,0,0,26,21,0,16,29,1,0,0,9,3,0,0,0,26,21,0,0,0,0,0,0,0,0,26,21,0,16,29,1,0,0,29,10,0,0,0,26,21,0,11,20,1,4,20,8,0,26,21,0,5,9,0,1,7,10,3,0,0,0,26,21,0,16,29,1,6,29,11,0,26,21,0,0,0,0,4,25,5,15,0,0,0,26,21,0,16,29,1,6,29,11,0,26,21,0,0,0,0,0,3,5,18,0,0,0,26,21,0,16,29,1,6,29,11,0,26,21,0,2,13,0,10,10,5,18,0,0,0,26,21,0,16,29,1,6,29,11,0,26,21,0,3,18,0,13,12,2,3,0,0,0,26,21,0,16,29,1,6,29,11,0,26,21,0,3,18,16,13,12,28,7,0,0,0,19,16,0,12,21,1,5,21,8,0,26,21,0,3,18,22,13,12,20,5,0,0,0,0,0,0,0,0,0,0,0,0,0,7,5,0,3,18,22,13,12,7,7,7,7,7,7,7,7,7,7,7,7,5,0,0,4,3,0,3,18,22,13,12,8,8,8,8,8,8,8,8,8,8,8,8,6,0,0,26,21,0,3,15,8,13,10,0,0,0,0,0,0,0,0,0,0,0,0,0,0,0,26,21,0,0,0,8,13,10,0,3,14,5,0,13,10,0,8,14,0,3,14,5,0,26,21,0,1,9,22,13,12,1,6,29,11,0,26,21,0,16,29,1,6,29,11,0,26,21,0,3,18,22,13,12,1,6,29,11,0,26,21,0,16,29,1,6,29,11,0,26,21,0,3,18,0,13,9,1,6,29,11,0,26,21,0,16,29,1,6,29,11,0,26,21,0,3,18,0,13,12,1,6,29,11,0,26,21,0,16,29,1,6,29,11,0,26,21,0,3,18,9,13,12,0,2,9,3,0,8,7,0,5,9,0,2,9,3,0,26,21,0,3,18,22,13,12,0,0,0,0,0,0,0,0,0,0,0,0,0,0,0,26,21,0,3,18,22,13,10,0,0,0,0,0,0,0,0,0,0,0,0,0,0,0,26,21,0,3,18,15,13,8
4,0,9,1,0,11,0,4,6,0,9,1,0,0,7,17,3,2,29,15,0,22,25,8,0,19,2,0,22,0,9,12,0,19,2,0,0,12,29,5,2,29,15,0,22,25,8,0,19,2,0,22,0,9,12,0,19,2,0,0,12,29,5,2,29,15,0,22,25,8,0,19,2,0,22,0,9,12,0,19,2,0,0,12,29,5,2,29,15,0,22,25,8,0,19,2,0,22,0,9,12,0,19,2,0,0,12,29,5,2,29,15,0,22,25,8,0,19,2,0,22,0,9,12,0,19,2,0,0,12,29,5,2,29,15,0,22,25,8,0,19,24,23,22,0,9,26,23,27,2,0,0,12,29,5,2,29,15,0,22,25,8,0,19,11,8,22,0,9,18,8,22,2,0,0,12,29,5,2,29,15,0,22,25,8,19,19,11,10,22,16,12,12,19,19,11,10,0,12,29,5,2,29,15,0,22,25,8,22,19,12,12,22,19,12,12,22,19,12,12,0,12,29,5,2,29,15,0,22,25,8,22,17,12,12,20,19,11,11,22,17,12,12,0,12,29,5,2,29,15,0,22,25,0,22,0,9,12,0,19,2,0,22,0,9,12,0,12,29,5,2,29,15,0,22,25,0,22,0,9,12,16,19,10,9,22,0,9,12,0,12,29,5,2,29,15,0,22,25,0,22,0,9,12,22,19,12,12,22,0,9,12,0,12,29,5,2,29,15,0,22,25,0,22,0,9,12,22,19,12,12,22,0,9,12,0,12,29,5,2,29,15,0,22,25,0,6,0,9,12,22,19,12,12,22,0,2,3,0,12,29,5,2,27,14,0,21,24,0,0,0,9,12,22,19,12,12,22,0,0,0,0,12,29,5,0,0,0,0,0,0,0,0,0,1,1,22,2,10,12,3,0,0,0,0,12,29,5,1,14,7,0,11,12,0,0,0,0,0,22,0,9,12,0,0,0,0,0,12,29,5,2,29,15,0,22,25,0,7,0,3,4,22,6,10,12,7,0,3,4,0,12,29,5,2,29,15,0,22,25,0,22,0,9,12,22,19,12,12,22,0,9,12,0,12,29,5,2,29,15,0,22,25,0,22,0,9,12,22,19,12,12,22,0,9,12,0,12,29,5,2,29,15,0,22,25,0,22,0,9,12,0,19,3,0,22,0,9,12,0,12,29,5,2,29,15,0,22,25
18,7,0,1,6,6,6,6,6,6,6,6,6,6,6,6,6,6,6,6,6,6,6,29,11,0,1,9,9,9,9,9,9,9,9,9,9,9,9,9,9,9,9,9,9,9,29,11,0,0,1,9,0,6,4,0,11,0,1,9,0,6,4,0,11,0,1,9,0,29,11,0,0,3,18,0,13,8,0,22,0,3,18,0,13,8,0,22,0,3,18,0,29,11,0,0,3,18,0,13,8,0,22,0,3,18,0,13,8,0,22,0,3,18,0,29,11,0,0,3,18,0,13,8,0,22,0,3,18,0,13,8,0,22,0,3,18,0,29,11,0,0,3,18,0,13,8,0,22,0,3,18,0,13,8,0,22,0,3,18,0,29,11,0,5,7,18,8,13,10,6,22,5,7,18,8,13,10,6,22,5,7,18,8,29,11,0,13,12,18,22,13,12,18,22,13,12,18,22,13,12,18,22,13,12,18,22,29,11,0,13,12,18,22,13,12,18,22,13,12,18,22,13,12,18,22,13,12,18,22,29,11,0,13,12,18,22,13,12,18,22,13,12,18,22,13,12,18,22,13,12,18,22,29,11,0,7,8,18,12,13,11,10,22,7,8,18,12,13,11,10,22,7,8,18,12,29,11,0,0,3,21,6,17,8,0,23,6,10,18,0,13,13,6,24,0,3,21,6,29,11,0,0,3,25,25,27,8,0,20,25,26,18,0,12,25,25,28,0,3,25,25,29,11,0,0,2,2,2,13,8,1,2,2,4,18,0,2,2,1,22,0,2,2,2,29,11,0,0,20,29,28,13,8,10,29,29,12,18,0,29,29,18,22,0,20,29,28,29,11,0,0,0,0,22,13,8,0,0,13,12,18,0,0,3,18,22,0,0,0,22,29,11,0,0,1,5,22,13,8,0,6,13,12,18,0,4,6,18,22,0,1,5,22,29,11,0,0,3,18,18,13,8,0,22,11,11,18,0,13,12,15,22,0,3,18,18,29,11,0,0,3,22,8,18,8,0,23,8,11,18,0,13,15,8,24,0,3,22,8,29,11,0,0,3,23,23,23,7,0,19,23,23,15,0,11,23,23,23,0,3,23,23,29,11,0,0,0,0,0,0,0,0,0,0,0,0,0,0,0,0,0,0,0,0,0,6,2,0,2,17,17,17,17,17,17,17,17,17,17,17,17,17,17,17,17,17,17,17
13,12,18,22,13,10,7,22,0,0,0,0,26,21,0,16,29,1,6,29,11,0,26,13,12,18,22,13,12,18,22,0,0,0,0,23,19,0,14,25,1,6,25,10,0,23,6,7,18,9,13,12,18,22,0,0,0,0,0,0,0,0,0,0,0,0,0,0,0,0,3,18,0,13,11,12,22,0,0,0,0,0,0,0,0,0,0,0,0,0,0,0,0,3,18,0,13,8,0,22,0,0,0,0,2,17,17,17,17,17,17,17,17,17,17,0,2,12,0,13,8,0,14,0,0,0,0,0,0,0,0,0,0,0,0,0,0,0,5,2,3,4,17,8,0,0,0,0,0,0,9,8,0,6,10,0,2,10,4,0,9,28,12,18,23,26,11,17,11,0,0,0,0,26,21,0,16,29,1,6,29,11,0,26,13,12,18,22,0,3,18,22,0,0,0,0,26,21,0,16,29,1,6,29,11,0,26,13,12,18,22,0,3,18,22,0,0,0,0,26,21,0,16,29,1,6,29,11,0,26,13,11,12,22,0,1,5,22,0,0,0,0,26,21,0,16,29,1,6,29,11,0,26,13,8,0,22,0,0,0,22,0,0,0,0,26,21,0,16,29,1,6,29,11,0,26,6,5,6,11,5,3,0,22,0,0,0,0,26,21,0,16,29,1,6,29,11,0,26,4,6,18,7,13,8,0,22,0,0,0,0,1,1,0,1,1,0,0,1,0,0,1,13,12,18,22,13,8,0,22,0,0,0,0,0,0,0,0,0,0,0,0,0,0,0,13,12,18,22,13,8,0,22,0,0,0,8,17,17,17,17,17,17,17,17,17,17,17,13,9,0,22,0,0,0,0,0,0,0,0,0,0,0,0,16,17,17,17,17,17,17,13,8,0,22,0,0,0,0,0,0,0,0,0,0,0,0,13,29,16,14,14,14,14,13,10,7,22,5,3,0,0,0,0,0,0,0,17,0,0,0,28,3,0,3,0,0,13,12,18,22,13,8,0,0,0,0,0,0,0,22,7,5,12,28,12,8,18,0,7,13,12,18,22,13,8,0,13,0,0,0,0,0,22,13,9,15,28,14,9,18,0,13,13,12,18,22,13,8,0,22,0,0,0,0,0,22,13,9,15,28,14,9,18,0,13,13,12,18,22,13,8,0,22,0,0,0,0,0,1,0,1,6,28,8,3,3,0,0
3,25,18,24,8,0,23,18,20,18,0,13,22,18,26,0,3,25,18,24,8,0,23,5,18,3,13,9,2,22,1,5,18,3,13,9,2,22,1,5,18,3,13,9,2,22,12,18,22,13,12,18,22,13,12,18,22,13,12,18,22,13,12,18,22,13,12,18,22,12,18,22,13,12,18,22,13,12,18,22,13,12,18,22,13,12,18,22,13,12,18,22,12,18,22,13,12,18,22,13,12,18,22,13,12,18,22,13,12,18,22,13,12,18,22,10,18,17,13,12,14,22,10,10,18,17,13,12,14,22,10,10,18,17,13,12,14,22,3,18,0,13,8,0,22,0,3,18,0,13,8,0,22,0,3,18,0,13,8,0,22,3,18,0,13,8,0,22,0,3,18,0,13,8,0,22,0,3,18,0,13,8,0,22,3,18,0,13,8,0,22,0,3,18,0,13,8,0,22,0,3,18,0,13,8,0,22,3,18,0,13,8,0,22,0,3,18,0,13,8,0,22,0,3,18,0,13,8,0,22,3,17,0,12,8,0,20,0,3,17,0,12,8,0,20,0,3,17,0,12,8,0,20,0,0,0,0,0,0,0,0,0,0,0,0,0,0,0,0,0,0,0,0,0,0,0,17,17,17,17,17,17,17,17,17,17,17,17,17,17,17,17,17,17,17,17,17,17,17,0,1,1,1,0,0,1,1,1,1,0,0,1,1,1,0,0,1,1,1,0,0,1,3,29,29,29,8,0,23,29,29,18,0,13,29,29,28,0,3,29,29,29,8,0,23,3,19,2,14,8,0,23,1,5,18,0,13,9,2,23,0,3,19,2,14,8,0,23,3,18,22,13,8,0,22,13,12,18,0,13,12,18,22,0,3,18,22,13,8,0,22,0,1,22,13,8,0,1,13,12,18,0,0,4,18,22,0,0,1,22,13,8,0,1,5,7,24,13,8,2,7,18,12,18,0,7,10,18,22,0,5,7,24,13,8,2,7,17,25,24,13,8,9,25,25,11,18,0,25,25,15,22,0,17,25,24,13,8,9,25,0,3,3,16,8,0,3,3,7,18,0,1,3,3,23,0,0,3,3,16,8,0,3,3,29,28,29,8,0,23,28,29,18,0,13,29,28,28,0,3,29,28,29,8,0,23,3,18,0,13,8,0,22,0,3,18,0,13,8,0,22,0,3,18,0,13,8,0,22
18,22,0,6,8,24,13,8,0,0,0,6,8,24,13,8,3,8,18,12,18,0,8,18,22,0,0,0,22,13,8,0,0,0,0,0,22,13,8,0,0,13,12,18,0,0,18,22,0,3,18,22,13,8,0,0,0,3,18,22,13,8,0,22,13,12,18,0,13,1,22,0,3,18,2,13,8,0,0,0,3,18,2,13,8,0,22,1,4,18,0,13,29,28,0,3,29,29,29,8,0,0,0,3,29,29,29,8,0,23,29,29,18,0,13,2,2,0,0,2,2,2,0,0,0,0,0,2,2,2,0,0,2,2,2,1,0,1,17,17,17,17,17,17,17,17,6,0,2,17,17,17,17,17,17,17,17,17,17,17,17,0,0,0,0,0,0,0,0,0,0,0,0,0,0,0,0,0,0,0,0,0,0,0,0,19,0,3,15,0,11,7,0,0,0,3,15,0,11,7,0,19,0,3,15,0,11,0,22,0,3,18,0,13,8,0,0,0,3,18,0,13,8,0,22,0,3,18,0,13,0,22,0,3,18,0,13,8,0,0,0,3,18,0,13,8,0,22,0,3,18,0,13,0,22,0,3,18,0,13,8,0,0,0,3,18,0,13,8,0,22,0,3,18,0,13,0,22,0,3,18,0,13,8,0,0,0,3,18,0,13,8,0,22,0,3,18,0,13,3,23,0,3,20,3,16,8,0,0,0,3,20,3,16,8,0,23,3,7,18,0,13,28,28,0,3,29,28,29,8,0,0,0,3,29,28,29,8,0,23,28,29,18,0,13,3,22,2,5,18,3,13,9,3,0,2,5,18,3,13,9,3,22,2,5,18,3,13,18,22,13,12,18,22,13,12,18,0,13,12,18,22,13,12,18,22,13,12,18,22,13,18,22,13,12,18,22,13,12,18,0,13,12,18,22,13,12,18,22,13,12,18,22,13,18,13,13,11,10,22,7,9,18,0,13,11,10,22,7,9,18,13,13,11,10,22,7,18,1,13,9,1,22,0,3,18,0,13,8,0,22,0,4,18,1,13,8,0,22,0,18,22,13,12,18,22,0,3,18,0,13,8,0,22,13,12,18,22,13,8,0,22,0,18,22,13,12,18,22,0,3,18,0,13,8,0,22,13,12,18,22,13,8,0,22,0,18,22,13,12,18,22,0,3,18,0,13,8,0,22,13,12,18,22,13,8,0,22,0
17,17,17,17,17,17,17,17,17,17,17,17,17,17,17,17,17,17,17,17,17,17,17,10,2,0,0,0,0,0,0,0,0,0,0,0,1,0,0,0,0,0,1,0,0,0,29,7,0,0,0,0,0,0,0,0,3,15,0,13,8,0,0,0,3,18,0,11,7,7,2,0,13,20,15,15,15,15,5,3,18,0,13,8,0,0,0,3,18,0,13,8,12,12,12,20,8,0,0,0,0,0,3,18,0,13,8,0,0,0,3,18,0,13,8,3,3,3,16,8,3,17,17,17,17,17,12,0,13,11,12,0,9,9,18,0,9,17,0,0,0,13,8,0,0,2,17,17,17,17,17,23,12,18,0,13,12,25,17,17,17,22,6,0,13,8,0,0,0,0,0,0,0,0,13,12,18,0,13,12,18,0,0,0,25,6,0,13,18,12,12,12,12,12,9,0,0,13,12,18,0,13,12,18,0,0,6,0,0,0,1,3,3,3,3,3,3,2,0,0,4,6,18,0,13,10,5,0,0,1,8,8,8,8,8,8,8,8,8,8,8,8,8,8,4,18,0,13,8,7,8,8,8,7,7,7,7,7,7,7,7,7,7,7,7,7,7,4,18,0,13,8,6,7,7,7,20,20,20,20,20,20,20,20,20,20,20,19,0,0,3,18,0,13,8,0,0,15,20,27,29,29,27,27,27,27,27,27,29,29,26,0,2,5,18,0,13,9,3,0,20,29,0,26,21,0,0,0,0,0,0,26,21,0,0,13,12,18,0,13,12,18,0,0,16,0,26,21,0,14,14,14,12,0,26,21,0,0,13,12,18,0,13,12,18,0,0,16,0,26,21,0,17,17,17,15,0,26,21,0,0,13,12,18,0,13,12,18,0,0,16,0,26,21,0,0,0,0,0,0,26,21,0,0,13,12,18,0,13,12,18,0,0,16,17,28,26,15,0,12,17,17,17,28,26,15,0,10,9,14,0,10,9,13,0,12,24,29,29,29,27,0,21,29,29,29,29,29,27,0,0,0,0,0,0,0,0,0,21,29,1,1,1,1,0,1,1,1,1,1,1,1,0,0,0,0,0,0,0,0,0,1,1,17,17,17,17,17,17,17,17,17,17,17,17,17,17,17,17,17,17,17,17,17,17,17,8,8,8,8,8,8,8,8,8,8,8,8,8,8,0,0,0,0,0,7,8,8,8
0,0,0,0,0,0,0,0,0,0,0,0,4,29,29,29,29,29,29,21,0,0,0,0,0,0,0,0,0,0,0,0,0,0,0,0,0,0,0,0,0,0,0,0,0,0,17,17,17,0,0,0,0,0,14,17,17,17,17,17,17,17,17,17,17,17,6,8,17,0,0,0,0,0,0,0,0,0,0,8,9,9,9,9,9,9,0,0,0,0,0,0,18,15,0,11,20,1,0,0,0,0,25,29,29,29,29,29,29,1,0,0,0,0,0,26,21,0,16,29,1,0,0,0,0,7,20,29,10,8,20,29,1,0,0,0,0,0,26,21,0,16,29,1,0,0,0,3,15,16,29,5,15,16,29,1,0,0,0,0,0,26,21,0,16,29,1,0,0,0,3,18,16,29,5,18,16,29,1,0,0,0,13,0,26,21,0,16,29,1,0,0,0,3,18,16,29,5,18,16,29,1,0,0,0,22,0,26,21,0,16,29,1,0,0,0,0,3,16,29,2,3,16,29,1,0,0,0,22,0,19,16,0,12,21,1,0,0,0,0,20,29,29,28,7,16,29,1,0,0,0,22,0,0,0,0,0,0,0,0,0,0,0,15,20,20,20,5,15,26,1,0,0,0,22,0,7,7,7,7,7,7,7,7,7,7,7,7,7,7,7,7,7,7,7,0,0,22,0,8,8,8,8,8,8,8,8,8,8,8,8,8,8,8,8,8,8,8,0,0,22,0,0,0,0,0,0,0,0,0,0,0,0,0,0,0,0,0,0,0,0,0,0,22,0,13,10,0,8,14,0,3,14,5,0,13,10,0,8,14,0,3,14,5,0,0,22,0,26,21,0,16,29,1,6,29,11,0,26,21,0,16,29,1,6,29,11,0,0,22,0,26,21,0,16,29,1,6,29,11,0,26,21,0,16,29,1,6,29,11,0,0,22,0,26,21,0,16,29,1,6,29,11,0,26,21,0,16,29,1,6,29,11,0,0,22,0,26,21,0,16,29,1,6,29,11,0,26,21,0,16,29,1,6,29,11,0,0,22,0,8,7,0,5,9,0,2,9,3,0,8,7,0,5,9,0,2,9,3,0,0,22,0,0,0,0,0,0,0,0,0,0,0,0,0,0,0,0,0,0,0,0,0,0,22,0,0,0,0,0,0,0,0,0,0,0,0,0,0,0,0,0,0,0,0,0,0,22,0
11,0,0,0,0,0,0,0,0,0,0,0,2,25,25,29,3,0,0,0,0,0,0,11,0,22,18,0,14,25,1,5,25,9,0,0,6,0,28,3,0,5,25,9,0,22,11,0,26,21,0,16,29,1,6,29,11,0,0,22,0,28,3,0,6,29,11,0,26,10,0,26,21,0,16,29,1,6,29,11,0,0,22,0,28,3,0,6,29,11,0,26,0,0,26,21,0,16,29,1,6,29,11,0,0,22,0,28,3,0,6,29,11,0,26,6,0,26,21,0,16,29,1,6,29,11,0,0,22,0,28,3,0,6,29,11,0,26,11,0,0,0,0,0,0,0,0,0,0,0,0,6,0,28,3,0,0,0,0,0,0,11,0,0,0,0,0,0,0,0,0,0,0,2,23,23,29,3,0,0,0,0,0,0,11,0,0,0,0,0,0,0,0,0,0,0,0,8,8,8,1,0,0,0,0,0,0,11,0,14,17,17,17,17,17,17,17,17,17,17,17,17,17,17,17,17,17,17,17,17,11,0,0,0,0,0,0,0,0,0,0,0,0,0,0,0,0,0,0,0,0,0,0,11,0,0,0,0,0,0,0,0,0,0,0,0,0,0,0,0,0,0,0,0,0,0,11,0,17,13,0,10,18,1,4,18,7,0,17,13,0,10,18,1,4,18,7,0,17,11,0,26,21,0,16,29,1,6,29,11,0,26,21,0,16,29,1,6,29,11,0,26,11,0,26,21,0,16,29,1,6,29,11,0,26,21,0,16,29,1,6,29,11,0,26,11,0,26,21,0,16,29,1,6,29,11,0,26,21,0,16,29,1,6,29,11,0,26,11,0,26,21,0,16,29,1,6,29,11,0,26,21,0,16,29,1,6,29,11,0,26,2,0,5,4,0,3,5,0,1,5,2,0,5,4,0,3,5,0,1,5,2,0,5,0,0,0,0,0,0,0,0,0,0,0,0,0,0,0,0,0,0,0,0,0,0,0,1,7,7,7,7,7,7,7,7,7,7,7,7,7,7,7,7,7,7,7,7,7,7,1,8,8,8,8,8,8,8,8,8,8,8,8,8,8,8,8,8,8,8,8,8,8,0,0,0,0,0,0,0,0,0,0,0,0,0,0,0,12,27,27,22,0,0,0,0,11,0,26,21,0,16,29,1,6,29,11,0,26,21,0,2,4,12,23,0,0,0,26
0,14,25,1,0,0,0,7,27,24,7,0,26,21,0,0,0,0,23,19,0,14,25,0,0,0,0,0,0,1,29,29,29,27,0,26,21,0,0,0,0,0,0,0,0,0,0,0,0,0,0,0,0,10,10,10,10,0,15,12,0,0,0,0,0,0,0,0,0,17,17,17,17,17,17,17,17,17,17,17,17,17,17,17,17,17,17,17,17,17,17,17,0,0,0,0,0,0,0,0,0,0,0,0,0,0,0,0,0,0,0,0,0,0,0,0,6,10,0,2,10,4,0,9,8,0,0,0,9,21,21,0,0,2,21,21,21,21,0,16,29,1,6,29,11,0,26,21,0,0,0,11,26,28,0,0,2,26,26,26,26,0,16,29,1,6,29,11,0,26,21,0,0,3,0,0,22,0,0,0,0,0,0,0,0,16,29,1,6,29,11,0,26,21,0,3,18,0,0,23,17,17,17,17,17,17,6,0,16,29,1,6,29,11,0,26,21,0,3,18,0,0,22,0,0,0,0,0,0,0,0,16,29,1,6,29,11,0,26,21,0,3,18,0,0,22,0,0,1,19,19,19,19,0,16,29,1,6,29,11,0,26,21,0,1,5,7,17,26,0,0,2,28,28,28,28,0,16,29,1,0,1,0,0,1,1,0,0,0,12,29,28,0,0,0,0,0,0,0,0,16,29,1,0,0,0,0,0,0,0,0,0,0,0,0,0,0,0,0,0,0,0,0,16,29,1,2,17,17,17,17,17,17,17,17,17,17,17,17,17,17,17,17,17,17,0,16,29,1,0,0,0,0,1,1,1,1,1,1,1,0,1,1,1,1,1,1,1,0,16,29,1,0,0,0,0,22,29,29,29,29,29,27,0,22,29,29,29,29,29,27,0,16,29,1,0,0,0,0,13,17,20,29,22,17,15,0,13,24,29,17,17,17,15,0,16,29,1,0,0,0,3,3,2,6,29,11,1,3,3,1,16,29,1,0,0,0,0,16,29,1,0,0,0,28,28,19,6,29,11,12,28,28,9,16,29,1,2,17,17,0,16,29,1,0,0,0,0,0,0,6,29,11,0,0,0,0,16,29,1,0,0,0,0,16,29,1,0,0,0,0,22,29,29,29,29,29,29,29,29,29,29,29,29,29,27,0,16,29,1,0,0,0,0,14,18,18,18,18,18,18,18,18,18,18,18,18,18,17
0,0,6,15,22,16,12,15,22,0,0,0,0,16,12,15,22,16,12,15,0,0,0,0,0,5,12,22,13,11,15,18,0,0,0,0,13,11,15,18,16,11,12,0,0,0,0,0,0,0,22,0,6,15,0,0,0,0,0,0,6,15,0,16,5,0,0,0,0,0,0,0,0,22,0,6,15,0,0,0,0,0,0,6,15,0,16,5,0,0,0,0,15,0,4,10,22,11,10,15,15,0,4,10,0,11,10,15,15,16,10,10,0,11,3,22,0,6,15,22,16,12,15,22,0,6,15,0,16,12,15,22,16,12,15,0,16,5,22,0,6,15,16,16,10,11,22,0,6,15,0,16,10,11,22,11,11,15,0,16,5,22,0,5,12,3,13,5,2,17,0,6,15,0,13,5,2,17,2,6,12,0,16,5,22,0,0,0,22,0,6,15,0,0,6,15,0,0,6,15,0,16,5,0,0,16,5,22,0,0,0,22,4,8,15,0,0,6,15,0,0,6,15,6,16,5,0,0,16,5,22,15,5,0,22,16,12,15,0,15,12,15,20,0,6,15,22,16,5,0,20,16,10,22,16,5,0,22,16,12,15,0,16,12,15,22,0,6,15,22,16,5,0,22,16,10,19,16,9,15,24,16,12,23,13,16,12,13,22,9,19,15,22,16,18,8,22,14,10,0,5,8,23,14,9,7,17,24,5,1,0,6,16,19,9,12,9,20,15,6,0,1,5,0,6,15,0,3,1,0,22,0,1,3,0,16,5,0,5,0,6,15,0,3,1,22,0,6,15,0,16,5,0,22,0,6,15,0,16,5,0,22,0,6,15,0,16,5,22,5,8,15,0,16,5,0,22,5,8,15,6,16,5,0,22,0,6,15,6,16,7,22,16,12,15,1,16,6,1,22,16,12,15,22,16,6,1,22,1,7,15,22,16,10,22,16,12,15,22,16,12,15,22,16,12,15,22,16,12,15,22,16,12,15,22,16,10,22,13,11,15,22,16,12,15,22,13,11,15,18,16,12,15,22,16,12,15,18,16,9,22,0,6,15,22,16,12,15,22,0,6,15,0,16,12,15,22,16,12,15,0,16,5,22,0,6,15,3,16,7,2,22,0,6,15,0,16,7,2,22,2,7,15,0,16,5,22,11,10,15,15,16,10,10,22,11,10,15,15,16,10,10,22,11,10,15,15,16,9
5,7,24,13,8,2,7,18,12,18,0,7,10,18,22,0,0,0,0,7,10,18,22,17,25,24,13,8,9,25,25,11,18,0,25,25,15,22,0,0,0,0,25,25,15,22,0,3,3,16,8,0,3,3,7,18,0,1,3,3,23,0,0,0,0,1,3,3,23,3,29,28,29,8,0,23,28,29,18,0,13,29,28,28,0,0,0,0,13,29,28,28,3,18,0,13,8,0,22,0,3,18,0,13,8,0,22,0,0,0,0,13,8,0,22,11,18,18,13,12,15,22,11,11,18,18,13,12,15,22,11,7,0,18,13,12,15,22,12,18,22,13,12,18,22,13,12,18,22,13,12,18,22,13,8,0,22,13,12,18,22,12,18,22,13,12,18,22,13,12,18,22,13,12,18,22,13,8,0,22,13,12,18,22,12,18,22,13,12,18,22,13,12,18,22,13,12,18,22,13,8,0,22,13,12,18,22,4,18,2,13,9,1,22,1,4,18,2,13,9,1,22,1,0,0,2,13,9,1,22,3,18,0,13,8,0,22,0,3,18,0,13,8,0,22,0,0,0,0,13,8,0,22,3,18,0,13,8,0,22,0,3,18,0,13,8,0,22,0,0,0,0,13,8,0,22,3,18,0,13,8,0,22,0,3,18,0,13,8,0,22,0,0,0,0,13,8,0,22,3,18,0,13,8,0,22,0,3,18,0,13,8,0,22,0,0,0,0,13,8,0,22,0,4,0,3,2,0,5,0,0,4,0,3,2,0,5,0,0,0,0,3,2,0,5,17,17,17,17,17,17,17,17,17,17,17,17,17,17,17,17,0,0,8,17,17,17,17,0,0,0,0,0,0,0,0,0,0,0,0,0,0,0,0,0,0,0,0,0,0,0,2,21,21,21,6,0,17,21,21,13,0,10,21,21,21,0,0,0,0,10,21,21,21,3,23,10,19,8,0,23,10,13,18,0,13,16,10,25,0,0,0,0,13,16,10,25,3,18,16,13,8,0,22,10,10,18,0,13,11,13,22,0,0,0,0,13,11,13,22,3,18,22,5,3,0,22,13,10,7,0,13,12,18,9,0,0,0,0,13,12,18,9,3,18,22,0,0,0,22,13,8,0,0,13,12,18,0,0,0,0,0,13,12,18,0,3,18,23,27,25,0,22,13,28,27,6,13,12,29,27,15,0,0,0,13,12,29,27
0,0,29,13,0,25,23,0,14,29,3,0,10,12,11,10,21,6,7,20,10,0,0,0,0,29,13,0,25,23,0,14,29,3,0,21,12,12,20,21,12,12,20,21,0,0,0,0,27,13,0,25,23,0,14,29,3,0,21,12,12,20,21,12,12,20,21,0,0,0,0,0,0,0,25,23,0,14,29,3,0,21,3,4,20,5,12,11,4,21,0,0,0,0,14,6,0,25,23,0,14,29,3,0,21,0,1,20,8,12,11,8,21,0,0,0,0,29,13,0,25,23,0,14,29,3,0,21,0,1,20,21,12,12,20,21,0,0,0,0,29,13,0,25,23,0,14,29,3,0,21,0,1,20,21,12,12,20,21,0,0,0,0,29,13,0,25,23,0,14,29,3,0,13,0,1,20,21,12,12,20,21,0,0,0,0,29,13,0,25,23,0,14,29,3,0,0,0,1,20,21,12,12,20,21,0,0,0,0,29,13,0,25,23,0,14,29,3,0,0,0,0,9,21,6,7,20,10,0,0,0,0,29,13,0,25,23,0,14,29,3,0,0,0,0,0,21,0,1,20,0,0,0,0,0,29,13,0,25,23,0,14,29,3,0,0,0,0,0,21,0,1,20,0,0,0,0,0,29,13,0,25,23,0,14,29,3,0,21,0,1,20,21,12,12,20,21,0,0,0,0,29,13,0,25,23,0,14,29,3,0,21,0,1,20,21,12,12,20,21,0,0,0,0,29,13,0,25,23,0,14,29,3,0,21,0,1,20,8,12,11,7,21,0,0,0,0,29,13,0,25,23,0,14,29,3,0,21,0,0,9,10,5,5,9,9,0,0,0,0,29,13,0,25,23,0,14,29,3,0,21,0,0,0,21,0,1,20,0,0,0,0,0,29,13,0,25,23,0,14,29,3,0,21,3,2,0,21,8,8,20,0,0,0,0,0,29,13,0,25,23,0,14,29,3,0,21,12,10,0,21,12,12,20,0,0,0,0,0,29,13,0,25,23,0,14,29,3,0,21,12,10,0,21,12,12,20,0,0,0,0,0,29,13,0,13,12,0,7,15,2,0,11,12,12,25,28,12,12,28,25,0,0,0,0,29,13,0,0,0,0,0,0,0,0,0,0,1,23,6,2,2,6,23,0,0,0,0,29,13,0,22,21,0,13,26,3,0,12,0,1,20,0,6,6,0,21,0,0
29,1,6,29,11,0,0,0,12,7,0,3,24,13,13,13,13,13,13,0,0,22,0,29,1,6,29,11,0,0,0,13,8,0,3,20,2,2,2,2,2,2,0,0,22,0,29,1,6,29,11,0,0,0,13,8,0,3,18,0,0,4,9,9,9,9,9,25,0,29,1,6,29,11,0,0,0,8,5,6,10,18,0,0,12,29,29,29,29,29,28,0,11,0,2,11,4,0,0,0,0,0,22,29,18,0,0,3,8,8,8,8,8,24,0,0,0,0,0,0,0,0,0,0,0,8,10,6,0,0,0,0,0,0,0,0,22,0,0,8,17,17,17,17,17,17,17,17,17,17,17,17,17,17,17,17,17,17,6,22,0,0,0,0,0,0,0,0,0,0,0,0,0,0,0,0,0,0,0,0,0,0,22,0,0,0,0,0,2,21,21,21,21,21,21,13,2,21,21,21,21,21,21,13,0,22,0,25,1,0,0,2,26,26,28,29,27,26,16,2,26,29,29,26,26,26,16,0,22,0,29,1,0,0,0,0,0,16,29,1,0,0,0,0,26,21,0,0,0,0,0,22,0,29,1,0,8,23,23,7,16,29,1,18,23,23,0,26,21,0,7,15,15,15,26,0,29,1,0,3,8,8,2,16,29,1,6,8,8,0,26,21,0,0,0,0,0,0,0,29,1,0,0,1,19,19,25,29,20,19,19,19,19,28,27,19,19,19,11,0,0,0,0,0,0,0,2,28,28,28,28,28,28,28,28,28,28,28,28,28,28,17,0,0,0,0,0,0,0,0,0,0,0,0,0,0,0,0,0,0,0,0,0,0,0,0,0,0,0,0,0,0,0,0,0,0,0,0,0,0,0,0,0,0,0,0,0,0,0,0,0,0,8,17,17,17,17,17,17,17,17,17,17,17,17,17,17,17,17,17,17,17,17,17,0,0,6,9,9,9,9,9,9,0,0,0,0,0,0,0,0,0,0,0,0,1,0,0,0,18,29,29,29,29,29,27,0,0,0,0,0,0,0,0,0,11,7,0,22,0,0,0,18,18,8,8,8,8,8,0,0,23,17,17,17,17,17,0,13,8,0,22,0,0,0,18,13,10,11,11,11,11,11,11,25,0,0,0,0,0,0,13,8,0,22,0,0,0,18,13,4,4,4,4,4,4,4,23,0,9,17,17,17,17,18,6,0,22,8
13,8,0,22,0,3,18,0,13,8,0,22,0,3,18,0,13,8,0,22,0,3,18,13,8,0,22,0,3,18,0,13,8,0,22,0,3,18,0,13,8,0,22,0,3,18,13,8,0,22,0,3,18,0,13,8,0,22,0,3,18,0,13,8,0,22,0,3,18,13,8,0,22,0,3,18,0,13,8,0,22,0,3,18,0,13,8,0,22,0,3,18,12,8,0,20,0,3,17,0,12,8,0,20,0,3,17,0,12,8,0,20,0,3,17,0,0,0,0,0,0,0,0,0,0,0,0,0,0,0,0,0,0,0,0,0,0,0,17,17,17,17,17,17,17,17,17,17,17,17,17,17,17,17,17,17,17,17,17,17,17,1,0,0,1,1,1,1,0,0,1,1,1,0,0,1,1,1,0,0,1,1,1,1,29,8,0,23,29,29,18,0,13,29,29,28,0,3,29,29,29,8,0,23,29,29,18,14,8,0,23,5,7,18,0,13,11,7,23,0,3,19,8,14,8,0,23,5,7,18,13,8,0,22,13,12,18,0,13,12,18,22,0,3,18,22,13,8,0,22,13,12,18,13,8,0,1,13,12,18,0,0,4,18,22,0,0,1,22,13,8,0,1,13,12,18,13,8,2,7,18,12,18,0,7,10,18,22,0,5,7,24,13,8,2,7,18,12,18,13,8,9,25,25,11,18,0,25,25,15,22,0,17,25,24,13,8,9,25,25,11,18,16,8,0,3,3,7,18,0,1,3,3,23,0,0,3,3,16,8,0,3,3,7,18,29,8,0,23,28,29,18,0,13,29,28,28,0,3,29,28,29,8,0,23,28,29,18,13,8,0,22,0,3,18,0,13,8,0,22,0,3,18,0,13,8,0,22,0,3,18,13,12,15,22,11,11,18,18,13,12,15,22,11,11,18,18,13,12,15,22,11,11,18,13,12,18,22,13,12,18,22,13,12,18,22,13,12,18,22,13,12,18,22,13,12,18,13,12,18,22,13,12,18,22,13,12,18,22,13,12,18,22,13,12,18,22,13,12,18,13,12,18,22,13,12,18,22,13,12,18,22,13,12,18,22,13,12,18,22,13,12,18,13,9,1,22,1,4,18,2,13,9,1,22,1,4,18,2,13,9,1,22,1,4,18,13,8,0,22,0,3,18,0,13,8,0,22,0,3,18,0,13,8,0,22,0,3,18
8,8,8,8,8,8,8,8,8,8,8,8,8,8,8,8,8,8,8,8,8,8,8,0,0,0,0,0,17,27,27,27,27,27,27,27,27,27,27,27,27,27,27,27,27,27,0,0,0,1,0,3,4,4,4,4,4,4,4,4,4,4,29,8,4,4,4,4,4,0,0,3,18,7,0,0,1,9,11,7,0,0,6,4,1,28,5,0,0,0,6,4,0,0,3,18,16,0,0,15,22,13,8,0,0,13,9,15,28,14,9,16,0,13,9,0,0,3,18,16,0,0,15,22,13,8,0,0,13,9,15,28,14,9,18,0,13,9,0,0,3,18,16,0,0,15,22,13,8,0,0,11,8,15,28,14,8,13,0,11,8,0,0,3,18,16,0,0,15,22,13,8,0,0,0,0,1,28,5,0,0,0,0,0,0,0,0,4,4,0,0,4,5,3,2,0,0,6,13,13,29,16,13,13,9,2,13,0,0,0,0,0,0,0,0,0,0,0,0,0,8,18,18,18,18,18,18,13,3,18,0,14,17,17,17,17,17,17,17,17,17,17,17,17,17,17,17,17,17,17,17,13,0,0,0,0,0,0,0,0,0,0,0,0,0,0,0,0,0,0,0,0,0,0,0,0,0,0,0,0,0,0,0,0,0,0,0,0,0,0,0,0,0,0,0,0,0,0,0,0,0,0,0,12,27,27,27,27,27,27,27,27,27,27,27,27,27,27,27,27,27,0,0,0,0,0,9,23,29,24,20,20,20,29,27,20,20,20,26,29,21,20,20,20,0,0,0,0,0,0,6,29,11,0,9,5,26,21,9,5,0,16,29,4,12,0,9,5,0,0,0,0,0,6,29,11,0,13,8,26,21,13,8,0,16,29,5,18,0,13,8,0,0,0,0,0,6,29,11,0,9,6,26,21,9,6,0,16,29,4,13,0,9,6,0,0,0,0,7,20,29,22,10,1,17,28,26,16,0,13,24,29,18,17,17,17,0,0,0,0,0,12,29,29,29,17,2,29,29,29,27,0,22,29,29,29,29,29,29,0,0,0,0,0,0,0,0,0,0,0,0,0,0,0,0,0,0,0,0,0,0,0,0,0,14,17,17,17,17,17,17,17,17,17,17,17,17,17,17,17,17,17,17,17,17,17,0,0,0,0,0,1,1,1,1,1,1,1,1,1,1,1,1,0,0,0,0,0,1
22,0,6,15,22,3,12,15,22,16,11,3,22,16,12,15,6,20,12,15,23,6,6,22,0,6,15,22,0,6,15,22,16,5,0,22,16,12,15,0,16,12,15,22,0,4,22,0,6,15,13,0,6,15,22,16,5,0,13,16,10,9,0,16,12,15,22,0,2,22,0,6,15,0,0,6,15,0,16,5,0,0,16,5,0,0,16,5,0,22,0,0,22,0,6,15,0,0,6,13,0,14,5,0,0,16,5,0,0,14,5,0,19,0,0,22,0,6,15,0,16,5,0,22,0,6,15,0,16,5,0,22,0,6,15,0,16,5,22,0,6,15,0,16,12,15,22,16,12,15,0,16,5,0,22,16,12,15,22,16,5,22,0,6,15,0,16,12,15,22,16,12,15,0,16,5,0,22,16,12,15,22,16,5,8,0,2,5,0,6,9,15,8,16,8,5,0,6,2,0,8,16,8,5,22,6,2,0,0,0,0,0,0,6,15,0,16,5,0,0,0,0,0,0,16,5,0,22,0,0,0,0,0,0,0,1,7,15,1,16,6,1,0,0,0,0,1,16,6,1,22,1,0,0,0,0,0,0,16,12,15,22,16,12,15,0,0,0,0,22,16,12,15,22,16,5,5,0,1,3,0,16,12,15,22,16,12,15,0,3,1,0,22,16,12,15,22,16,5,22,0,6,15,0,16,12,15,22,16,12,15,0,16,5,0,22,16,12,15,22,16,5,22,0,6,15,0,16,12,15,22,16,12,15,0,16,5,0,22,16,12,15,22,16,5,22,0,6,15,0,16,11,12,22,13,11,15,0,16,5,0,22,13,11,15,17,16,5,22,0,6,15,0,16,5,0,22,0,6,15,0,16,5,0,22,0,6,15,0,16,5,22,0,6,15,19,16,12,13,22,14,12,15,19,16,12,13,22,14,12,15,19,16,10,22,0,6,15,22,16,12,15,22,16,12,15,22,16,12,15,22,16,12,15,22,16,10,19,0,6,13,22,14,12,15,19,16,12,13,22,14,12,15,19,16,12,13,22,14,10,0,0,0,0,24,7,13,15,0,16,12,7,23,0,6,19,7,20,5,0,24,7,11,0,0,0,0,26,25,26,15,0,16,25,25,25,0,6,27,25,27,5,0,26,25,24,0,0,0,0,22,0,6,15,0,16,5,0,22,0,6,15,0,16,5,0,22,0,4
11,0,26,21,0,16,29,1,6,29,11,0,26,21,0,16,29,1,0,3,18,0,13,0,0,0,0,0,0,0,0,0,0,0,0,0,0,0,0,0,0,0,3,18,0,13,0,0,0,0,0,0,0,0,0,0,0,0,0,0,0,0,0,0,0,3,18,0,13,0,0,0,0,0,0,0,0,0,0,0,0,0,0,0,0,0,0,0,3,18,0,13,17,17,17,17,17,17,17,17,17,17,17,17,17,17,17,11,0,0,0,3,18,0,13,0,0,0,0,0,0,0,0,0,0,0,0,0,0,0,0,0,0,0,3,18,0,13,0,0,0,0,0,0,0,0,0,0,0,0,0,0,0,0,0,0,0,3,18,0,13,7,0,17,13,0,10,18,1,4,18,7,0,17,13,0,10,18,1,0,3,18,0,13,11,0,26,21,0,16,29,1,6,29,11,0,26,21,0,16,29,1,0,3,18,0,13,11,0,26,21,0,16,29,1,6,29,11,0,26,21,0,16,29,1,0,3,18,0,13,11,0,26,21,0,16,29,1,6,29,11,0,26,21,0,16,29,1,0,3,18,0,13,11,0,26,21,0,16,29,1,6,29,11,0,26,21,0,16,29,1,0,3,18,0,13,2,0,5,4,0,3,5,0,1,5,2,0,5,4,0,3,5,0,0,3,18,0,13,0,0,0,0,0,0,0,0,0,0,0,0,0,0,0,0,0,0,0,3,18,0,13,7,7,7,7,7,7,7,7,7,7,7,7,7,7,7,5,0,0,0,3,18,0,13,8,8,8,8,8,8,8,8,8,8,8,8,8,8,8,6,0,0,0,3,18,0,13,0,0,0,0,0,0,0,0,0,0,0,0,0,0,0,0,0,0,0,3,18,0,13,11,0,26,21,0,16,29,1,6,29,11,0,26,21,0,16,29,1,0,3,18,0,13,11,0,26,21,0,16,29,1,6,29,11,0,26,21,0,16,29,1,0,3,18,0,13,11,0,26,21,0,16,29,1,6,29,11,0,26,21,0,16,29,1,0,3,18,0,13,11,0,26,21,0,16,29,1,6,29,11,0,26,21,0,16,29,1,0,3,18,0,13,11,0,26,21,0,16,29,1,6,29,11,0,26,21,0,16,29,1,0,3,18,0,9,11,0,26,21,0,16,29,1,6,29,11,0,26,21,0,16,29,1,0,3,14,0,0
0,0,0,0,0,0,0,0,6,29,11,0,26,21,0,9,17,1,0,0,0,11,0,16,0,0,0,0,0,0,0,6,29,11,0,26,21,0,16,29,1,0,0,0,22,0,27,0,0,0,0,16,28,1,6,29,11,0,26,21,0,16,29,1,0,0,0,22,0,0,0,0,0,0,16,29,1,6,29,11,0,26,21,0,16,29,1,0,0,0,22,0,27,27,5,0,0,16,29,1,6,29,11,0,26,21,0,16,29,1,0,0,0,22,0,4,4,0,0,0,16,29,1,6,29,11,0,26,21,0,16,29,1,0,0,0,22,0,14,0,0,0,0,14,25,1,6,29,11,0,26,21,0,16,29,1,0,0,0,23,23,27,0,0,0,0,0,0,0,6,29,11,0,26,21,0,16,29,1,0,0,0,23,8,2,0,0,0,0,0,0,0,6,29,11,0,26,21,0,16,29,1,0,3,15,22,11,17,17,17,17,6,0,0,0,6,29,11,0,26,21,0,16,29,1,0,3,18,22,13,0,0,0,0,0,0,0,0,6,29,11,0,26,21,0,16,29,1,0,3,18,20,13,0,0,9,8,0,6,10,0,6,29,11,0,26,21,0,16,29,1,0,3,18,0,13,0,0,26,21,0,16,29,1,6,29,11,0,26,21,0,16,29,1,0,3,18,0,13,0,0,26,21,0,16,29,1,6,29,11,0,26,21,0,16,29,1,0,3,18,0,13,0,0,26,21,0,16,29,1,6,29,11,0,26,21,0,16,29,1,0,3,18,0,13,0,0,26,21,0,16,29,1,6,27,11,0,25,20,0,16,29,1,0,1,5,0,13,0,0,26,21,0,16,29,1,0,0,0,0,0,0,0,16,29,1,0,0,0,0,13,0,0,26,21,0,16,29,1,3,14,5,0,13,10,0,16,29,1,0,0,0,0,1,0,0,1,1,0,1,1,0,6,29,11,0,26,21,0,16,29,1,0,0,0,0,0,0,0,0,0,0,0,0,0,6,29,11,0,26,21,0,16,29,1,0,1,6,0,4,17,17,17,17,6,0,0,0,6,29,11,0,26,21,0,16,29,1,0,3,18,0,13,0,0,0,0,0,0,0,0,6,29,11,0,26,21,0,16,29,1,0,3,18,0,13,0,0,4,3,0,2,4,0,6,29,11,0,26,21,0,16,29,1,0,3,18,0,13
24,8,0,23,18,20,18,0,0,0,0,0,0,0,0,0,0,0,0,0,0,0,0,13,9,2,22,1,5,18,3,0,0,0,0,0,0,14,17,17,17,17,17,17,0,0,13,12,18,22,13,12,18,22,0,0,0,0,0,0,0,0,0,0,0,0,0,0,0,13,12,18,22,13,12,18,22,0,0,0,0,0,0,0,0,0,0,0,0,0,0,0,13,12,18,22,13,12,18,22,0,0,0,0,22,18,0,14,25,1,5,25,9,0,0,13,12,14,22,10,10,18,17,0,0,0,0,26,21,0,16,29,1,6,29,11,0,0,13,8,0,22,0,3,18,0,0,0,0,0,26,21,0,16,29,1,6,29,11,0,0,13,8,0,22,0,3,18,0,0,0,0,0,26,21,0,16,29,1,6,29,11,0,0,13,8,0,22,0,3,18,0,0,0,0,0,26,21,0,16,29,1,6,29,11,0,0,13,8,0,22,0,3,18,0,0,0,0,0,0,0,0,0,0,0,0,0,0,0,0,12,8,0,20,0,3,17,0,0,0,0,0,0,0,0,0,0,0,0,0,0,0,0,0,0,0,0,0,0,0,0,0,0,0,0,0,0,0,0,0,0,0,0,0,0,0,17,17,17,17,17,17,17,11,0,0,0,0,0,0,14,17,17,17,17,17,17,0,0,1,0,0,1,1,1,1,0,0,0,0,0,0,0,0,0,0,0,0,0,0,0,0,29,8,0,23,29,29,18,0,0,0,0,0,0,0,0,0,0,0,0,0,0,0,0,14,8,0,23,1,5,18,0,4,18,7,0,17,13,0,10,18,1,4,18,7,0,17,13,8,0,22,13,12,18,0,6,29,11,0,26,21,0,16,29,1,6,29,11,0,26,13,8,0,1,13,12,18,0,6,29,11,0,26,21,0,16,29,1,6,29,11,0,26,13,8,2,7,18,12,18,0,6,29,11,0,26,21,0,16,29,1,6,29,11,0,26,13,8,9,25,25,11,18,0,6,29,11,0,26,21,0,16,29,1,6,29,11,0,26,16,8,0,3,3,7,18,0,1,5,2,0,5,4,0,3,5,0,1,5,2,0,5,29,8,0,23,28,29,18,0,0,0,0,0,0,0,0,0,0,0,0,0,0,0,0,13,8,0,22,0,3,18,0,0,0,0,0,0,0,6,7,7,7,7,7,7,7,7
0,0,0,0,0,0,0,0,0,0,0,0,0,0,0,0,0,0,0,0,0,0,0,0,13,10,0,8,14,0,3,15,6,0,0,0,7,4,0,12,0,2,10,0,7,4,0,26,21,0,16,29,1,6,29,11,0,0,0,13,12,17,22,0,3,18,21,13,8,0,26,21,0,16,29,1,6,29,11,0,0,0,2,5,18,22,0,0,3,22,13,8,0,26,21,0,16,29,1,6,29,11,0,0,0,3,7,18,22,0,2,3,23,13,8,0,26,21,0,16,29,1,6,29,11,0,0,0,28,28,18,22,0,20,28,28,13,8,0,8,7,0,5,9,0,6,29,11,0,0,0,0,0,0,22,0,0,0,0,13,8,0,0,0,0,0,0,0,2,11,4,0,0,0,13,29,29,28,0,3,29,29,29,8,3,3,3,3,3,3,0,0,0,0,0,0,0,13,11,2,23,0,3,20,2,15,8,12,12,12,12,12,12,0,6,29,11,0,0,15,13,11,12,22,9,9,18,15,13,11,0,0,0,0,0,0,0,6,29,11,0,0,22,13,12,18,22,13,12,18,22,13,12,0,24,19,0,15,26,1,6,29,11,0,0,22,13,12,18,22,13,12,18,22,13,12,0,26,21,0,16,29,1,6,29,11,0,0,22,13,12,18,22,13,12,18,22,13,12,0,26,21,0,16,29,1,6,29,11,0,0,5,13,9,4,22,3,6,18,5,13,9,0,26,21,0,16,29,1,6,29,11,0,0,0,13,8,0,22,0,3,18,0,13,8,0,26,21,0,16,29,1,6,29,11,0,0,0,13,8,0,22,0,3,18,0,13,8,0,26,21,0,16,29,1,6,29,11,0,0,0,13,8,0,22,0,3,18,0,13,8,0,14,11,0,9,15,1,6,29,11,0,0,0,13,8,0,22,0,3,18,0,13,8,0,0,0,0,0,0,0,6,29,11,0,0,0,5,3,0,8,0,1,6,0,5,3,13,13,13,13,13,13,0,6,29,11,0,0,6,13,13,13,13,13,13,13,13,13,13,2,2,2,2,2,2,0,6,29,11,0,0,1,2,2,2,2,2,2,2,2,2,2,0,0,0,0,0,0,0,3,17,6,0,0,0,0,0,0,0,0,0,0,0,0,0,0,0,0,0,0,0,0,0,0,0,0,0,0,0,0,0,0,0,0,0,0,0,0
11,18,19,13,12,15,22,11,11,18,19,13,12,15,22,11,11,18,19,13,12,15,22,3,18,0,13,8,0,22,0,3,18,0,13,8,0,22,0,3,18,0,13,8,0,22,3,29,27,28,8,0,23,27,28,18,0,13,28,27,28,0,3,29,27,28,8,0,23,0,4,4,16,8,0,3,4,8,18,0,2,4,4,23,0,0,4,4,16,8,0,3,16,23,23,13,8,8,23,23,11,18,0,23,23,15,22,0,16,23,23,13,8,8,23,6,8,24,13,8,3,8,18,12,18,0,8,11,18,22,0,6,8,24,13,8,3,8,0,0,22,13,8,0,0,13,12,18,0,0,3,18,22,0,0,0,22,13,8,0,0,3,18,22,13,8,0,22,13,12,18,0,13,12,18,22,0,3,18,22,13,8,0,22,3,18,2,13,8,0,22,1,4,18,0,13,9,1,22,0,3,18,2,13,8,0,22,3,29,29,29,8,0,23,29,29,18,0,13,29,29,28,0,3,29,29,29,8,0,23,0,2,2,2,0,0,2,2,2,1,0,1,2,2,2,0,0,2,2,2,0,0,2,17,17,17,17,17,17,17,17,17,17,17,17,17,17,17,17,17,17,17,17,17,17,17,0,0,0,0,0,0,0,0,0,0,0,0,0,0,0,0,0,0,0,0,0,0,0,3,16,0,12,7,0,19,0,3,16,0,12,7,0,19,0,3,16,0,12,7,0,19,3,18,0,13,8,0,22,0,3,18,0,13,8,0,22,0,3,18,0,13,8,0,22,3,18,0,13,8,0,22,0,3,18,0,13,8,0,22,0,3,18,0,13,8,0,22,3,18,0,13,8,0,22,0,3,18,0,13,8,0,22,0,3,18,0,13,8,0,22,3,18,0,13,8,0,22,0,3,18,0,13,8,0,22,0,3,18,0,13,8,0,22,10,18,16,13,11,13,22,10,10,18,16,13,11,13,22,10,10,18,16,13,11,13,22,12,18,22,13,12,18,22,13,12,18,22,13,12,18,22,13,12,18,22,13,12,18,22,12,18,22,13,12,18,22,13,12,18,22,13,12,18,22,13,12,18,22,13,12,18,22,12,18,22,13,12,18,22,13,12,18,22,13,12,18,22,13,12,18,22,13,12,18,22,5,18,3,13,9,3,22,2,5,18,3,13,9,3,22,2,5,18,3,13,9,3,22
0,0,0,0,0,0,0,0,6,25,10,0,23,19,0,14,25,1,6,25,10,0,23,0,0,0,0,0,0,0,0,6,29,11,0,26,21,0,16,29,1,6,29,11,0,26,0,0,0,0,0,0,0,0,6,29,11,0,26,21,0,16,29,1,6,29,11,0,26,0,0,0,0,10,6,0,0,6,29,11,0,26,21,0,16,29,1,6,29,11,0,26,0,0,0,0,13,8,0,0,6,29,11,0,26,21,0,16,29,1,6,29,11,0,26,0,0,0,0,13,8,0,0,6,29,11,0,26,21,0,16,29,1,6,29,11,0,26,0,0,0,0,13,8,0,0,6,29,11,0,15,12,0,9,17,1,3,17,6,0,15,0,0,0,0,13,8,0,0,6,29,11,0,0,0,0,0,0,0,0,0,0,0,0,0,0,0,0,13,8,0,0,6,29,11,0,10,12,12,12,12,12,12,12,12,12,12,0,0,0,0,13,8,0,0,6,29,11,0,3,3,3,3,3,3,3,3,3,3,3,0,0,0,0,13,8,0,0,6,29,11,0,0,0,0,0,0,0,0,0,0,0,0,0,0,0,0,13,8,0,0,2,10,4,0,17,14,0,11,19,1,4,19,7,0,17,0,0,0,0,13,8,0,0,0,0,0,0,26,21,0,16,29,1,6,29,11,0,26,0,0,0,0,13,8,0,2,0,0,0,0,26,21,0,16,29,1,6,29,11,0,26,0,0,0,0,13,8,0,22,0,0,0,0,26,21,0,16,29,1,6,29,11,0,26,0,0,0,0,13,8,0,22,0,0,0,0,26,21,0,16,29,1,6,29,11,0,26,0,0,0,0,13,8,0,22,0,0,0,0,4,3,0,2,4,0,1,4,1,0,4,0,0,0,0,13,8,0,22,0,0,0,0,0,0,0,0,0,0,0,0,0,0,0,0,0,0,0,13,8,0,22,0,0,0,0,0,0,0,0,0,0,0,0,0,0,0,17,11,0,0,13,8,0,22,0,0,0,0,14,17,17,17,17,17,17,17,17,17,17,0,0,0,0,13,8,0,22,0,0,0,0,0,0,0,0,0,0,0,0,0,0,0,0,0,0,0,13,8,0,22,0,0,0,0,0,0,0,0,0,0,0,0,0,0,0,0,0,0,0,12,7,0,19,0,0,0,0,8,7,0,5,9,0,2,9,3,0,8
0,16,12,15,0,16,5,0,22,16,5,0,22,16,5,0,22,0,6,15,22,0,4,0,16,9,6,0,7,2,0,9,16,5,0,22,7,2,0,10,0,3,6,22,0,4,0,16,9,1,0,0,0,0,2,18,5,0,23,3,0,0,0,0,0,3,23,0,4,0,16,28,7,0,0,0,0,17,28,5,0,26,27,0,0,0,0,0,27,25,0,4,0,0,0,0,0,0,0,0,0,0,0,0,0,0,0,0,0,0,0,0,0,0,0,0,0,0,0,0,0,0,0,0,0,0,0,0,0,0,0,0,0,0,0,0,0,0,0,0,0,0,0,0,0,0,0,0,0,0,0,0,0,0,0,0,0,0,0,0,0,0,0,0,0,0,0,0,0,0,0,0,0,0,0,0,0,0,0,0,0,0,0,0,0,4,7,2,0,0,0,0,4,7,1,0,7,7,0,0,0,0,0,7,6,0,1,0,16,25,6,0,0,0,0,14,27,5,0,26,23,0,0,0,0,0,23,25,0,4,0,16,5,0,0,0,0,0,0,16,5,0,22,0,0,0,0,0,0,0,22,0,4,0,16,11,11,0,12,4,0,16,16,5,0,22,12,4,0,16,0,5,11,22,0,4,0,16,12,15,0,16,5,0,22,16,5,0,22,16,5,0,22,0,6,15,22,0,4,0,16,12,15,16,16,10,11,22,16,5,0,22,16,10,11,22,11,11,15,22,0,4,0,16,12,15,22,16,12,15,22,16,5,0,22,16,12,15,22,16,12,15,22,0,4,0,16,12,15,22,16,12,15,22,16,5,0,22,16,12,15,22,16,12,15,22,0,4,0,16,12,15,22,16,12,15,22,16,5,0,22,16,12,15,22,16,12,15,22,0,4,0,6,9,15,8,14,7,5,22,6,2,0,8,16,8,5,19,6,9,15,8,0,1,11,6,9,15,8,0,2,5,22,6,5,7,8,16,8,5,0,6,9,15,8,8,4,22,16,12,15,22,8,9,15,22,16,12,15,22,16,12,15,11,16,12,15,22,16,10,22,16,12,15,22,16,12,15,22,16,12,15,22,16,12,15,22,16,12,15,22,16,10,22,0,7,15,0,16,6,0,22,0,7,15,0,16,6,0,22,0,7,15,0,16,6,22,13,11,15,0,16,5,0,22,13,11,15,18,16,5,0,22,0,6,15,18,16,9
22,0,0,0,0,0,16,29,1,4,17,7,0,16,13,0,16,29,1,6,29,11,0,18,0,0,0,0,0,16,29,1,0,0,0,0,0,0,0,16,29,1,6,29,11,0,0,0,0,0,0,0,16,29,1,5,25,9,0,22,18,0,12,21,1,5,21,8,0,0,0,0,0,0,0,16,29,1,6,29,11,0,26,21,0,0,0,0,0,0,0,0,15,0,2,12,0,0,16,29,1,6,29,11,0,26,21,0,0,0,0,6,7,7,7,22,0,3,18,0,0,16,29,1,6,29,11,0,26,21,0,0,0,0,7,8,8,8,22,0,3,18,0,0,16,29,1,6,29,11,0,26,21,0,0,0,0,0,0,0,0,17,0,3,18,0,0,16,29,1,6,29,11,0,26,21,0,8,14,0,3,14,5,0,0,0,3,18,0,0,16,29,1,6,29,11,0,26,21,0,16,29,1,6,29,11,0,0,0,3,18,0,0,16,29,1,6,29,11,0,26,21,0,16,29,1,6,29,11,0,0,12,12,18,0,0,16,29,1,6,29,11,0,26,21,0,16,29,1,6,29,11,0,0,13,12,18,0,0,16,29,1,6,29,11,0,26,21,0,16,29,1,6,29,11,0,15,13,12,16,0,0,14,25,1,2,9,3,0,8,7,0,5,9,0,2,9,3,0,26,4,2,0,0,0,0,0,0,0,0,0,0,0,0,0,0,0,0,0,0,0,0,22,0,0,4,0,0,9,17,1,0,0,0,0,0,0,0,0,0,0,0,0,0,0,22,0,3,18,0,0,16,29,1,2,17,17,17,17,17,17,17,17,17,17,17,17,17,22,4,6,18,0,0,16,29,1,0,0,0,0,0,0,0,0,0,0,0,0,0,0,22,13,12,18,0,0,16,29,1,0,0,0,0,0,0,0,0,0,0,0,0,0,0,22,13,12,18,0,0,16,29,1,2,8,3,0,8,6,0,5,8,0,2,8,3,0,22,11,11,18,0,0,16,29,1,6,29,11,0,26,21,0,16,29,1,6,29,11,0,22,0,3,18,0,0,16,29,1,6,29,11,0,26,21,0,16,29,1,6,29,11,0,22,0,3,18,0,0,16,29,1,6,29,11,0,26,21,0,16,29,1,6,29,11,0,22,9,9,18,0,0,16,29,1,6,29,11,0,26,21,0,16,29,1,6,29,11,0
11,0,26,21,0,16,29,1,6,29,11,0,26,21,0,16,29,1,6,29,11,0,26,10,0,23,19,0,14,25,1,6,25,10,0,23,19,0,14,25,1,6,25,10,0,23,0,0,0,0,0,0,0,0,0,0,0,0,0,0,0,0,0,0,0,0,0,0,0,0,0,0,0,0,0,0,0,0,0,0,0,0,0,0,0,0,0,0,0,0,0,0,17,17,17,17,17,17,17,17,17,17,17,17,17,17,17,17,17,17,17,17,17,17,17,0,0,0,0,0,0,0,0,0,7,7,7,2,0,0,0,0,0,0,0,0,0,0,4,0,9,8,0,6,10,0,0,28,25,25,6,0,0,6,10,0,2,10,4,0,9,11,0,26,21,0,16,29,1,0,28,3,6,0,0,0,16,29,1,6,29,11,0,26,11,0,26,21,0,16,29,1,0,28,3,22,0,0,0,16,29,1,6,29,11,0,26,11,0,26,21,0,16,29,1,0,28,3,22,0,0,0,16,29,1,6,29,11,0,26,11,0,26,21,0,16,29,1,0,28,3,22,0,0,0,16,29,1,6,29,11,0,26,11,0,26,21,0,16,29,1,0,28,3,22,0,0,0,16,29,1,6,29,11,0,26,11,0,26,21,0,16,29,1,0,28,3,6,0,0,0,16,29,1,6,29,11,0,26,0,0,1,1,0,1,1,0,0,28,24,23,6,0,0,1,1,0,0,1,0,0,1,0,0,0,0,0,0,0,0,0,8,8,8,2,0,0,0,0,0,0,0,0,0,0,17,17,17,17,17,17,17,17,17,17,17,17,17,17,17,17,17,17,17,17,17,17,17,0,0,0,17,17,17,17,17,17,17,17,17,17,17,17,17,17,17,17,17,17,17,17,0,0,0,14,14,14,14,14,14,14,14,14,14,19,26,14,14,14,14,14,14,19,26,10,6,1,0,0,0,1,10,0,0,0,3,0,8,23,0,0,0,0,3,0,8,23,13,9,15,0,8,8,18,22,0,0,0,22,8,13,23,13,7,4,0,22,8,13,23,13,9,15,0,10,9,18,22,0,0,0,22,10,14,23,16,13,8,0,22,10,14,23,13,9,15,0,10,9,18,22,0,0,0,22,10,14,23,16,13,8,0,22,10,14,23,13,9,15,0,10,9,18,22,0,0,0,3,4,11,23,7,0,0,0,3,4,11,23
14,17,17,17,17,17,17,17,17,17,17,17,17,17,17,17,17,17,2,0,0,0,0,0,0,0,0,0,0,0,0,0,0,0,0,0,0,0,0,0,0,0,0,0,0,0,0,0,0,0,0,0,0,0,0,0,0,0,0,0,0,0,0,0,0,0,0,0,0,0,15,17,0,8,19,3,1,19,10,0,15,17,0,8,19,3,1,19,10,0,0,0,0,22,25,0,12,29,5,2,29,15,0,22,25,0,12,29,5,2,29,15,0,0,0,0,22,25,0,12,29,5,2,29,15,0,22,25,0,12,29,5,2,29,15,0,0,0,0,22,25,0,12,29,5,2,29,15,0,22,25,0,12,29,5,2,29,15,0,0,0,0,22,25,0,12,29,5,2,29,15,0,22,25,0,12,29,5,2,29,15,0,0,0,0,3,4,0,2,4,0,0,4,2,0,3,4,0,2,4,0,0,4,2,0,0,0,0,0,0,0,0,0,0,0,0,0,0,0,0,0,0,0,0,0,0,0,0,0,0,7,8,8,8,8,8,8,8,8,8,8,8,8,8,8,8,8,8,1,0,0,0,0,6,7,7,7,7,7,7,7,7,7,7,7,7,7,7,7,7,7,1,0,0,0,0,22,13,5,20,20,20,15,0,0,0,0,1,1,0,0,1,0,0,1,1,0,0,0,25,15,7,28,29,29,20,0,0,0,0,22,25,0,12,29,5,2,29,15,0,0,0,25,15,3,3,29,15,3,0,0,0,0,22,25,0,12,29,5,2,29,15,0,0,0,25,15,19,5,29,15,19,2,0,0,0,22,25,0,12,29,5,2,29,15,0,0,0,25,15,19,5,29,15,19,2,0,0,0,22,25,0,12,29,5,2,29,15,0,0,0,25,15,15,5,29,15,15,2,0,0,0,22,25,0,12,29,5,2,29,15,0,0,0,25,20,8,11,29,20,7,0,0,0,0,22,25,0,12,29,5,2,29,15,0,0,0,25,29,29,29,29,29,25,0,0,0,0,8,9,0,4,10,2,1,10,5,0,15,17,8,9,9,9,9,9,8,0,0,0,0,0,0,0,0,0,0,0,0,0,0,22,25,14,17,17,17,17,17,17,17,17,17,17,17,17,17,17,17,17,17,2,0,0,22,25,0,0,0,0,7,8,8,3,0,0,0,0,0,0,0,0,0,0,0,0,0,22,25
11,11,11,11,0,9,11,11,11,11,11,11,0,13,8,0,0,0,3,18,0,9,11,29,29,29,27,0,22,29,29,29,29,29,27,0,13,8,0,0,0,3,18,0,22,29,29,16,6,6,0,5,20,29,8,6,6,6,0,13,8,0,0,0,3,18,0,5,6,29,11,6,13,13,4,16,29,1,0,5,5,5,17,8,0,0,0,3,21,5,5,5,29,11,8,18,18,6,16,29,1,1,10,10,10,10,3,0,0,0,1,10,10,10,10,29,17,9,9,9,9,21,29,11,9,9,9,0,0,0,0,0,0,0,0,0,7,9,29,29,29,29,29,29,29,29,29,29,29,27,0,0,0,0,0,0,0,0,0,22,29,8,8,8,8,8,8,8,8,8,8,8,8,0,0,0,0,0,0,0,0,0,6,8,0,0,0,0,0,0,0,0,0,0,0,0,0,0,0,0,0,0,0,0,0,0,0,17,17,17,17,17,17,17,17,17,17,17,17,17,17,17,17,17,17,17,17,17,17,17,0,0,0,0,0,0,0,0,0,0,0,0,0,0,0,0,0,0,0,0,0,0,0,29,7,0,0,0,0,0,0,0,0,1,8,0,10,6,0,0,0,2,13,0,6,4,18,5,0,9,17,17,17,17,17,6,3,18,0,13,8,0,0,0,3,18,0,13,8,1,1,1,15,8,0,0,0,0,0,3,18,0,13,8,0,0,0,3,18,0,13,8,14,14,14,21,8,3,15,15,15,15,17,18,0,13,10,5,0,4,6,18,0,13,20,0,0,0,13,8,0,0,1,6,6,6,6,5,17,12,18,0,13,12,21,5,6,6,11,3,0,13,8,0,0,1,10,10,10,10,10,19,12,18,0,13,12,23,10,10,10,29,7,0,13,10,1,1,1,1,1,1,0,0,13,12,18,0,13,12,18,0,0,0,6,1,0,6,14,14,14,14,14,14,10,0,0,9,9,18,0,13,11,12,0,0,7,0,0,0,0,0,0,0,0,0,0,0,0,0,0,3,18,0,13,8,0,0,0,0,17,17,17,17,17,17,17,17,17,17,17,17,17,17,4,18,0,13,8,14,17,17,17,9,9,9,9,9,9,9,9,9,9,9,9,0,0,3,18,0,13,8,0,0,7,9,29,29,29,29,29,29,29,29,29,29,29,27,0,11,11,18,0,13,12,15,0,21,29
0,13,8,0,22,0,3,18,0,13,8,0,22,0,3,18,0,13,8,0,22,0,3,0,13,8,0,22,0,3,18,0,13,8,0,22,0,3,18,0,13,8,0,22,0,3,0,13,8,0,22,0,3,18,0,13,8,0,22,0,3,18,0,13,8,0,22,0,3,0,13,8,0,22,0,3,18,0,13,8,0,22,0,3,18,0,13,8,0,22,0,3,9,13,10,7,22,5,7,18,9,13,10,7,22,5,7,18,9,13,10,7,22,5,7,22,13,12,18,22,13,12,18,22,13,12,18,22,13,12,18,22,13,12,18,22,13,12,22,13,12,18,22,13,12,18,22,13,12,18,22,13,12,18,22,13,12,18,22,13,12,22,13,12,18,22,13,12,18,22,13,12,18,22,13,12,18,22,13,12,18,22,13,12,11,13,10,9,22,6,8,18,11,13,10,9,22,6,8,18,11,13,10,9,22,6,8,0,13,14,7,24,0,3,21,7,18,8,0,23,7,10,18,0,13,14,7,24,0,3,0,11,25,25,27,0,3,25,25,27,8,0,20,25,25,18,0,11,25,25,27,0,3,0,3,3,2,22,0,2,3,3,13,8,1,3,3,5,18,0,3,3,2,22,0,2,0,28,29,18,22,0,20,28,28,13,8,10,28,29,12,18,0,28,29,18,22,0,20,0,0,3,18,22,0,0,0,22,13,8,0,0,13,12,18,0,0,3,18,22,0,0,0,4,6,18,22,0,1,6,22,13,8,0,7,13,12,18,0,4,6,18,22,0,1,0,13,12,14,22,0,3,18,17,13,8,0,22,10,10,18,0,13,12,14,22,0,3,0,13,15,9,25,0,3,22,9,19,8,0,23,9,12,18,0,13,15,9,25,0,3,0,10,22,22,22,0,3,22,22,22,6,0,18,22,22,14,0,10,22,22,22,0,3,0,0,0,0,0,0,0,0,0,0,0,0,0,0,0,0,0,0,0,0,0,0,0,17,17,17,17,17,17,17,17,17,17,17,17,17,17,17,17,17,17,17,17,17,17,17,0,2,1,0,4,0,0,3,0,2,1,0,4,0,0,3,0,2,1,0,4,0,0,0,13,8,0,22,0,3,18,0,13,8,0,22,0,3,18,0,13,8,0,22,0,3,0,13,8,0,22,0,3,18,0,13,8,0,22,0,3,18,0,13,8,0,22,0,3
26,0,3,25,17,23,8,0,23,17,19,18,0,13,21,17,26,0,3,25,17,23,8,25,0,1,14,14,21,8,0,11,14,16,18,0,6,14,14,25,0,1,14,14,21,8,22,0,9,13,13,13,8,5,13,13,8,18,0,13,13,8,22,0,9,13,13,13,8,22,0,13,18,26,13,8,6,18,24,12,18,0,18,20,18,22,0,13,18,26,13,8,22,0,0,0,22,13,8,0,0,13,12,18,0,0,3,18,22,0,0,0,22,13,8,22,0,2,12,22,13,8,0,15,13,12,18,0,9,9,18,22,0,2,12,22,13,8,22,0,3,18,16,13,8,0,22,9,10,18,0,13,11,13,22,0,3,18,16,13,8,26,0,3,26,19,24,8,0,23,19,21,18,0,13,22,19,26,0,3,26,19,24,8,12,0,1,12,12,12,3,0,10,12,12,8,0,6,12,12,12,0,1,12,12,12,3,7,7,7,7,7,7,7,7,7,7,7,7,7,7,7,7,7,7,7,7,7,7,7,8,8,8,8,8,8,8,8,8,8,8,8,8,8,8,8,8,8,8,8,8,8,8,12,0,1,9,0,7,4,0,11,0,2,10,0,6,4,0,12,0,1,9,0,7,4,22,0,3,18,0,13,8,0,22,0,3,18,0,13,8,0,22,0,3,18,0,13,8,22,0,3,18,0,13,8,0,22,0,3,18,0,13,8,0,22,0,3,18,0,13,8,22,0,3,18,0,13,8,0,22,0,3,18,0,13,8,0,22,0,3,18,0,13,8,22,0,3,18,0,13,8,0,22,0,3,18,0,13,8,0,22,0,3,18,0,13,8,22,5,7,18,9,13,10,7,22,5,7,18,9,13,10,7,22,5,7,18,9,13,10,22,13,12,18,22,13,12,18,22,13,12,18,22,13,12,18,22,13,12,18,22,13,12,22,13,12,18,22,13,12,18,22,13,12,18,22,13,12,18,22,13,12,18,22,13,12,22,13,12,18,22,13,12,18,22,13,12,18,22,13,12,18,22,13,12,18,22,13,12,22,6,8,18,11,13,10,9,22,6,8,18,11,13,10,9,22,6,8,18,11,13,10,24,0,3,21,7,18,8,0,23,7,10,18,0,13,14,7,24,0,3,21,7,18,8,24,0,3,28,25,25,7,0,23,25,25,15,0,13,26,25,24,0,3,28,25,25,7
1,3,3,0,13,9,3,3,2,3,18,3,3,3,0,22,1,3,3,0,0,0,5,13,29,28,6,13,12,29,28,16,3,18,23,28,26,0,22,13,29,28,6,0,0,6,13,8,0,0,13,12,18,0,0,3,18,22,0,0,0,22,13,8,0,0,0,0,26,13,10,6,0,13,12,18,7,0,3,18,22,4,2,0,22,13,10,6,0,0,0,26,10,10,18,0,13,12,14,22,0,3,18,17,13,8,0,22,10,10,18,0,0,0,26,9,12,18,0,13,15,9,25,0,3,22,9,19,8,0,23,9,12,18,0,0,0,26,22,22,14,0,10,22,22,22,0,3,22,22,22,6,0,18,22,22,14,0,0,0,26,0,0,0,0,0,0,0,0,0,0,0,0,0,0,0,0,0,0,0,0,0,0,26,17,17,17,17,17,17,17,17,17,17,17,17,17,17,17,17,17,17,17,11,0,0,26,0,0,3,0,2,1,0,4,0,0,3,0,2,1,0,4,0,0,3,0,0,0,26,0,3,18,0,13,8,0,22,0,3,18,0,13,8,0,22,0,3,18,0,0,0,26,0,3,18,0,13,8,0,22,0,3,18,0,13,8,0,22,0,3,18,0,0,0,26,0,3,18,0,13,8,0,22,0,3,18,0,13,8,0,22,0,3,18,0,0,0,26,0,3,18,0,13,8,0,22,0,3,18,0,13,8,0,22,0,3,18,0,0,0,26,0,4,18,1,13,9,1,22,0,4,18,1,13,9,1,22,0,4,18,1,0,0,26,13,12,18,22,13,12,18,22,13,12,18,22,13,12,18,22,13,12,18,22,0,0,26,13,12,18,22,13,12,18,22,13,12,18,22,13,12,18,22,13,12,18,22,0,0,26,13,12,18,22,13,12,18,22,13,12,18,22,13,12,18,22,13,12,18,22,0,0,26,11,11,18,19,13,12,15,22,11,11,18,19,13,12,15,22,11,11,18,19,0,0,26,0,3,18,0,13,8,0,22,0,3,18,0,13,8,0,22,0,3,18,0,0,0,26,27,28,18,0,13,28,27,28,0,3,29,27,28,8,0,23,27,28,18,0,0,0,26,4,8,18,0,2,4,4,23,0,0,4,4,16,8,0,3,4,8,18,0,0,0,26,23,11,18,0,23,23,15,22,0,16,23,23,13,8,8,23,23,11,18,0,0,0,26
13,12,18,22,13,8,0,0,0,0,0,0,16,13,0,10,17,1,4,17,7,0,26,13,12,15,22,11,7,0,0,0,0,0,0,0,0,0,0,0,0,0,0,0,0,26,13,8,0,22,0,0,0,0,0,0,0,0,22,18,0,14,25,1,5,25,9,0,19,13,8,0,22,0,0,0,0,0,0,0,0,26,21,0,16,29,1,6,29,11,0,0,13,11,12,22,9,5,0,15,0,0,0,0,26,21,0,16,29,1,6,29,11,0,0,13,12,18,22,13,8,0,22,0,0,0,0,26,21,0,16,29,1,6,29,11,0,0,9,10,18,16,13,8,0,22,0,0,0,0,26,21,0,16,29,1,6,29,11,0,0,1,4,14,3,10,6,0,22,0,0,0,0,26,21,0,16,29,1,6,29,11,0,13,13,8,0,22,0,0,0,22,0,0,0,0,26,21,0,16,29,1,6,29,11,0,26,13,10,5,22,0,0,0,22,0,0,0,0,26,21,0,16,29,1,6,29,11,0,26,13,12,18,22,0,3,17,22,0,0,0,0,26,21,0,16,29,1,6,29,11,0,26,13,12,18,22,0,3,18,22,0,0,0,0,26,21,0,16,29,1,6,29,11,0,26,22,12,18,23,15,8,18,19,0,0,0,0,8,7,0,5,9,0,2,9,3,0,8,17,7,10,13,23,10,5,0,0,0,0,0,0,0,0,0,0,0,0,0,0,0,0,0,0,4,0,13,8,0,5,0,0,0,0,0,0,0,0,0,0,0,0,0,0,0,0,3,18,0,13,8,0,22,0,0,0,0,0,0,14,17,17,17,17,17,17,17,17,0,3,18,0,13,10,5,22,0,0,0,0,0,0,0,0,0,0,0,0,0,0,0,0,4,18,1,13,12,18,22,0,0,0,0,0,0,0,0,0,0,0,0,0,0,0,13,12,18,22,13,12,18,22,0,0,0,0,8,6,0,5,8,0,2,8,3,0,8,13,12,18,22,13,12,15,22,0,0,0,0,26,21,0,16,29,1,6,29,11,0,26,13,12,18,22,13,8,0,22,0,0,0,0,26,21,0,16,29,1,6,29,11,0,26,2,5,18,3,13,8,0,22,0,0,0,0,26,21,0,16,29,1,6,29,11,0,26,9,9,18,15,13,11,12,22,0,0,0,0,26,21,0,16,29,1,6,29,11,0,26
21,0,16,29,1,0,0,0,2,10,22,7,8,18,12,13,11,10,22,7,8,18,12,21,0,16,29,1,0,0,0,0,0,23,17,19,18,0,13,21,17,26,0,3,25,17,21,0,16,29,1,0,0,0,0,0,23,14,16,18,0,13,19,14,25,0,3,24,14,21,0,16,29,1,6,26,10,0,0,22,0,3,18,0,13,8,0,22,0,3,18,0,21,0,16,29,1,6,29,11,0,0,22,0,3,18,0,13,8,0,22,0,3,18,0,21,0,16,29,1,6,29,11,0,0,22,0,3,18,0,13,8,0,22,0,3,18,0,21,0,16,29,1,6,29,11,0,0,22,0,3,18,0,13,8,0,22,0,3,18,0,21,0,16,29,1,6,29,11,0,0,22,0,3,18,0,13,8,0,22,0,3,18,0,21,0,16,29,1,6,29,11,0,0,4,0,0,3,0,2,1,0,4,0,0,3,0,21,0,16,29,1,6,29,11,0,14,17,17,17,17,17,17,17,17,17,17,17,17,17,21,0,16,29,1,6,29,11,0,0,0,0,0,0,0,0,0,0,0,0,0,0,0,21,0,16,29,1,6,29,11,0,0,17,21,21,13,0,10,21,21,21,0,2,21,21,21,0,16,29,1,6,29,11,0,0,23,10,13,18,0,13,16,10,25,0,3,23,10,21,0,16,29,1,6,29,11,0,0,22,10,10,18,0,13,11,13,22,0,3,18,16,21,0,16,29,1,6,29,11,0,0,9,13,12,18,0,5,7,18,22,0,1,7,22,21,0,16,29,1,6,29,11,0,0,0,13,12,18,0,0,3,18,22,0,0,0,22,21,0,16,29,1,6,29,11,0,10,27,28,12,18,0,27,28,18,22,0,19,27,28,21,0,16,29,1,3,15,6,0,1,4,4,5,18,0,4,4,3,22,0,3,4,4,1,0,1,1,0,0,0,0,0,0,19,23,24,18,0,11,23,23,27,0,3,23,23,8,0,6,10,0,0,0,0,0,0,23,8,11,18,0,13,15,8,24,0,3,22,8,21,0,16,29,1,0,0,0,1,8,22,6,8,18,10,13,10,8,22,6,8,18,10,21,0,16,29,1,0,0,0,3,18,22,13,12,18,22,13,12,18,22,13,12,18,22,21,0,16,29,1,0,0,0,3,18,22,13,12,18,22,13,12,18,22,13,12,18,22
3,18,0,13,8,0,22,0,3,18,0,13,8,0,22,0,3,18,0,13,8,0,0,3,18,0,13,8,0,22,0,3,18,0,13,8,0,22,0,3,18,0,13,8,0,0,3,18,0,13,8,0,22,0,3,18,0,13,8,0,22,0,3,18,0,13,8,0,0,3,18,0,13,8,0,22,0,3,18,0,13,8,0,22,0,3,18,0,13,8,0,0,2,10,0,7,4,0,12,0,2,10,0,7,4,0,12,0,2,10,0,7,4,0,0,7,7,7,7,7,7,7,7,7,7,7,7,7,7,7,7,7,7,7,7,7,7,5,8,8,8,8,8,8,8,8,8,8,8,8,8,8,8,8,8,8,8,8,8,8,6,0,0,0,0,0,0,0,0,0,0,0,0,0,0,0,0,0,0,0,0,0,0,0,1,6,29,11,0,26,21,0,16,29,1,6,29,11,0,26,21,0,16,29,1,6,29,1,6,29,11,0,26,21,0,16,29,1,6,29,11,0,26,21,0,16,29,1,6,29,1,6,29,11,0,26,21,0,16,29,1,6,29,11,0,26,21,0,16,29,1,6,29,1,6,29,11,0,26,21,0,16,29,1,6,29,11,0,26,21,0,16,29,1,6,29,1,6,29,11,0,26,21,0,16,29,1,6,29,11,0,26,21,0,16,29,1,6,29,1,6,29,11,0,26,21,0,16,29,1,6,29,11,0,26,21,0,16,29,1,6,29,0,2,11,4,0,10,8,0,6,11,0,2,11,4,0,10,8,0,6,11,0,2,11,0,0,0,0,0,0,0,0,0,0,0,0,0,0,0,0,0,0,0,0,0,0,0,17,17,17,17,17,17,17,17,17,17,17,17,17,17,17,17,17,17,17,17,17,17,11,0,0,0,0,0,0,0,0,0,0,0,0,0,0,0,0,0,0,0,0,0,0,0,0,0,0,0,0,0,0,0,0,0,0,0,0,0,0,0,0,0,0,0,0,0,0,1,5,25,9,0,22,18,0,14,25,1,5,25,9,0,22,18,0,14,25,1,5,25,1,6,29,11,0,26,21,0,16,29,1,6,29,11,0,26,21,0,16,29,1,6,29,1,6,29,11,0,26,21,0,16,29,1,6,29,11,0,26,21,0,16,29,1,6,29,1,6,29,11,0,26,21,0,16,29,1,6,29,11,0,26,21,0,16,29,1,6,29
18,22,13,12,18,0,13,12,18,22,13,12,18,22,13,8,0,22,13,12,18,22,13,18,22,13,12,18,0,13,12,18,22,13,12,18,22,13,8,0,22,13,12,18,22,13,9,0,13,9,0,0,0,4,18,0,6,4,0,22,0,0,0,0,13,9,0,11,0,0,16,13,11,13,19,9,10,18,16,0,2,13,22,9,9,15,16,13,11,13,0,9,15,22,13,12,18,22,13,12,18,22,11,11,18,22,13,12,18,22,13,12,18,19,13,18,16,13,11,13,22,9,10,18,16,13,11,13,22,9,10,18,16,13,11,13,22,9,18,0,13,9,2,22,1,5,18,0,13,8,0,22,1,5,18,3,13,8,0,22,0,18,0,13,12,18,22,13,12,18,0,13,8,0,22,13,12,18,22,13,8,0,22,0,18,16,13,12,18,22,13,12,18,16,13,11,13,22,13,12,18,22,13,11,13,22,10,18,22,13,12,18,22,13,12,18,22,13,12,18,22,13,12,18,22,13,12,18,22,13,18,22,13,9,1,22,1,4,18,22,13,12,18,22,1,4,18,2,13,12,18,22,13,18,7,13,8,0,22,0,3,18,7,13,10,6,22,0,3,18,0,13,10,6,22,4,18,0,13,8,0,22,0,3,18,0,13,8,0,22,0,3,18,0,13,8,0,22,0,5,0,13,8,0,6,0,3,18,0,4,2,0,22,0,1,5,0,13,8,0,6,0,0,5,13,20,10,11,7,17,18,5,0,0,4,23,15,6,9,12,22,9,4,0,3,15,22,7,18,18,22,13,20,10,22,11,11,18,13,23,12,18,23,17,9,18,19,13,18,22,0,3,18,22,13,8,0,22,13,12,18,0,13,12,18,22,0,3,18,22,13,18,21,0,3,18,22,13,8,0,21,13,12,17,0,13,12,18,22,0,3,17,22,13,18,0,0,3,18,6,13,8,0,0,13,8,0,0,13,10,5,22,0,0,0,22,0,18,0,0,3,18,0,13,8,0,0,13,8,0,0,13,8,0,22,0,0,0,22,0,18,0,9,6,3,16,2,4,13,0,13,8,0,16,2,4,13,3,9,6,0,22,0,18,0,13,11,12,22,9,9,18,0,13,8,0,22,9,9,18,15,13,8,0,22,0,18,0,13,12,18,22,13,12,18,0,13,8,0,22,13,12,18,22,13,8,0,22,0
6,29,11,0,26,21,0,16,29,1,6,29,11,0,26,21,0,16,29,1,0,0,0,6,29,11,0,26,21,0,16,29,1,6,29,11,0,26,21,0,16,29,1,0,0,0,6,29,11,0,26,21,0,16,29,1,6,29,11,0,26,21,0,16,29,1,0,0,0,6,29,11,0,26,21,0,16,29,1,6,29,11,0,26,21,0,16,29,1,0,0,0,3,15,6,0,14,11,0,9,15,1,3,15,6,0,14,11,0,9,15,1,0,0,0,0,0,0,0,0,0,0,0,0,0,0,0,0,0,0,0,0,0,0,0,0,0,0,0,0,0,0,0,0,0,0,0,0,0,0,0,0,0,0,0,0,0,0,0,0,0,17,17,17,17,17,17,17,17,17,17,17,17,17,17,17,17,17,17,17,0,0,0,0,0,0,0,0,0,0,0,0,0,0,0,0,0,0,0,0,0,0,0,0,0,0,0,4,20,8,0,18,15,0,11,20,1,4,20,8,0,18,15,0,11,20,1,0,0,0,6,29,11,0,26,21,0,16,29,1,6,29,11,0,26,21,0,16,29,1,0,0,0,6,29,11,0,26,21,0,16,29,1,6,29,11,0,26,21,0,16,29,1,0,0,0,6,29,11,0,26,21,0,16,29,1,6,29,11,0,26,21,0,16,29,1,0,0,0,6,29,11,0,26,21,0,16,29,1,6,29,11,0,26,21,0,16,29,1,0,0,0,6,29,11,0,26,21,0,16,29,1,6,29,11,0,26,21,0,16,29,1,0,0,0,5,21,8,0,19,16,0,12,21,1,5,21,8,0,19,16,0,12,21,1,0,0,0,0,0,0,0,0,0,0,0,0,0,0,0,0,0,0,0,0,0,0,0,0,0,0,7,7,7,7,7,7,7,7,7,7,7,7,7,7,7,7,7,7,7,7,7,7,7,8,8,8,8,8,8,8,8,8,8,8,8,8,8,8,8,8,8,8,8,8,8,8,0,11,0,1,9,0,6,4,0,11,0,1,9,0,6,4,0,11,0,1,9,0,6,0,22,0,3,18,0,13,8,0,22,0,3,18,0,13,8,0,22,0,3,18,0,13,0,22,0,3,18,0,13,8,0,22,0,3,18,0,13,8,0,22,0,3,18,0,13,0,22,0,3,18,0,13,8,0,22,0,3,18,0,13,8,0,22,0,3,18,0,13
0,0,0,0,0,0,0,0,0,0,0,0,0,0,0,0,0,0,0,0,0,0,0,0,0,0,0,0,0,0,0,0,0,0,0,0,0,0,0,0,0,0,0,0,0,0,11,7,3,18,0,0,0,0,11,7,3,18,0,3,15,4,11,7,0,18,2,4,15,13,12,18,22,0,0,0,0,13,12,18,22,0,3,17,22,13,8,0,21,13,12,18,0,3,18,22,0,0,0,0,0,3,18,22,0,0,0,22,13,8,0,0,13,12,18,11,14,18,22,0,0,0,0,11,14,18,22,0,8,11,25,13,8,4,11,20,12,18,20,20,13,22,0,0,0,0,20,20,13,22,0,14,20,20,13,8,7,20,20,10,18,3,7,7,24,0,0,0,0,3,7,7,24,0,1,7,7,18,8,0,6,7,10,18,13,26,25,27,0,0,0,0,13,26,25,27,0,3,28,25,27,8,0,23,25,25,18,13,8,0,22,0,0,0,0,13,8,0,22,0,3,18,0,13,8,0,22,0,3,18,13,12,17,22,13,8,0,21,13,12,17,22,13,12,18,21,13,12,17,22,13,12,18,13,12,18,22,13,8,0,22,13,12,18,22,13,12,18,22,13,12,18,22,13,12,18,13,12,18,22,13,8,0,22,13,12,18,22,13,12,18,22,13,12,18,22,13,12,18,13,12,18,22,13,8,0,22,13,12,18,22,13,12,18,22,13,12,18,22,13,12,18,13,8,0,22,0,0,0,0,13,8,0,22,0,3,18,0,13,8,0,22,0,3,18,13,8,0,22,0,0,0,0,13,8,0,22,0,3,18,0,13,8,0,22,0,3,18,13,8,0,22,0,0,0,0,13,8,0,22,0,3,18,0,13,8,0,22,0,3,18,13,8,0,22,0,0,0,0,13,8,0,22,0,3,18,0,13,8,0,22,0,3,18,13,8,0,22,0,0,0,0,13,8,0,22,0,3,18,0,13,8,0,22,0,3,18,1,0,0,2,0,0,0,0,1,0,0,2,0,0,1,0,1,0,0,2,0,0,1,17,17,17,17,17,0,0,8,17,17,17,17,17,17,17,17,17,17,17,17,17,17,17,0,0,0,0,0,0,0,0,0,0,0,0,0,0,0,0,0,0,0,0,0,0,0,0,0,0,0,0,0,0,0,0,0,0,0,0,0,0,0,0,0,0,0,0,0,0
0,0,0,0,9,0,1,8,0,6,3,0,9,0,1,8,0,6,3,0,9,0,1,0,0,0,0,2,0,0,1,0,1,0,0,2,0,0,1,0,1,0,0,2,0,0,11,0,0,14,17,17,17,17,17,17,17,17,17,17,17,17,17,17,17,17,17,17,17,0,0,0,0,0,0,0,0,0,0,0,0,0,0,0,0,0,0,0,0,0,0,0,0,0,0,0,20,25,25,15,0,11,25,25,24,0,3,25,25,25,7,0,20,25,25,0,0,0,0,23,7,10,18,0,13,14,7,24,0,3,21,7,18,8,0,23,7,10,0,0,0,0,22,11,11,18,0,13,12,15,22,0,3,18,19,13,8,0,22,11,11,0,0,0,0,6,13,12,18,0,4,6,18,22,0,1,5,22,13,8,0,6,13,12,0,0,0,0,0,14,12,18,0,0,4,18,22,0,0,0,23,13,8,0,0,14,12,0,0,0,10,29,29,12,18,0,29,29,18,22,0,20,29,28,13,8,10,29,29,12,0,0,0,0,1,1,4,18,0,1,1,1,22,0,1,1,1,13,8,0,1,1,4,0,0,0,0,21,26,27,18,0,12,26,26,28,0,3,26,26,28,8,0,21,26,27,0,0,0,0,23,5,9,18,0,13,13,5,24,0,3,21,5,17,8,0,23,5,9,13,0,2,10,22,7,9,18,13,13,11,10,22,7,9,18,13,13,11,10,22,7,9,22,0,3,18,22,13,12,18,22,13,12,18,22,13,12,18,22,13,12,18,22,13,12,22,0,3,18,22,13,12,18,22,13,12,18,22,13,12,18,22,13,12,18,22,13,12,22,0,3,18,22,13,12,18,22,13,12,18,22,13,12,18,22,13,12,18,22,13,12,7,0,1,6,22,4,6,18,7,13,10,6,22,4,6,18,7,13,10,6,22,4,6,0,0,0,0,22,0,3,18,0,13,8,0,22,0,3,18,0,13,8,0,22,0,3,0,0,0,0,22,0,3,18,0,13,8,0,22,0,3,18,0,13,8,0,22,0,3,0,0,0,0,22,0,3,18,0,13,8,0,22,0,3,18,0,13,8,0,22,0,3,0,0,0,0,22,0,3,18,0,13,8,0,22,0,3,18,0,13,8,0,22,0,3,0,0,0,0,10,0,1,8,0,6,4,0,10,0,1,8,0,6,4,0,10,0,1
0,22,6,7,18,0,13,10,8,22,0,3,18,9,13,8,0,0,0,0,17,14,0,0,23,19,21,18,0,13,22,19,26,0,3,26,19,24,8,0,0,0,0,0,0,0,0,10,12,12,8,0,6,12,12,12,0,1,12,12,12,3,0,0,0,0,0,0,0,7,7,7,7,7,7,7,7,7,7,7,7,7,7,7,7,2,0,0,0,0,0,1,8,8,8,8,8,8,8,8,8,8,8,8,8,8,8,8,3,0,0,0,0,0,1,0,12,0,2,10,0,7,4,0,12,0,2,10,0,7,4,0,0,0,0,0,0,0,0,22,0,3,18,0,13,8,0,22,0,3,18,0,13,8,0,0,0,0,0,0,0,0,22,0,3,18,0,13,8,0,22,0,3,18,0,13,8,0,0,0,0,26,21,0,0,22,0,3,18,0,13,8,0,22,0,3,18,0,13,8,0,0,0,0,26,21,0,0,22,0,3,18,0,13,8,0,22,0,3,18,0,13,8,0,0,0,0,26,21,0,7,22,5,7,18,9,13,10,7,22,5,7,18,9,13,10,7,0,0,0,26,21,0,18,22,13,12,18,22,13,12,18,22,13,12,18,22,13,12,18,0,0,0,23,19,0,18,22,13,12,18,22,13,12,18,22,13,12,18,22,13,12,18,0,0,0,0,0,0,18,22,13,12,18,22,13,12,18,22,13,12,18,22,13,12,18,0,0,0,0,0,0,9,22,6,8,18,11,13,10,9,22,6,8,18,11,13,10,9,0,0,0,0,0,2,0,23,7,10,18,0,13,14,7,24,0,3,21,7,18,8,0,0,0,0,0,0,0,0,20,25,25,18,0,11,25,25,27,0,3,25,25,27,8,0,0,0,0,9,8,0,1,3,3,5,18,0,3,3,2,22,0,2,3,3,13,8,0,0,0,0,26,21,0,10,28,29,12,18,0,28,29,18,22,0,20,28,28,13,8,0,0,0,0,26,21,0,0,0,13,12,18,0,0,3,18,22,0,0,0,22,13,8,0,0,0,0,26,21,0,0,7,13,12,18,0,4,6,18,22,0,1,6,22,13,8,0,0,0,0,26,21,0,0,22,13,12,18,0,13,12,18,22,0,3,18,22,13,8,0,0,0,0,26,21,0,0,23,10,12,18,0,13,16,10,25,0,3,22,10,19,8,0,0,0,0,26,21,0
0,7,14,14,14,14,14,14,14,14,14,14,14,10,0,0,0,0,2,14,14,14,14,25,17,17,17,17,17,17,0,0,0,3,0,0,0,0,0,0,23,17,17,17,17,17,18,0,0,6,0,0,0,0,0,3,18,0,0,0,0,0,0,22,0,0,4,2,0,18,0,0,22,0,0,0,0,0,3,18,0,0,0,0,0,0,22,0,0,13,8,0,18,0,0,22,0,0,0,0,0,3,18,0,0,0,0,0,0,22,0,0,13,8,0,18,0,0,7,5,5,5,5,5,6,7,5,5,5,5,1,0,22,0,0,5,6,5,18,1,5,14,14,14,14,14,14,14,14,14,14,13,19,8,0,22,0,3,13,14,14,18,6,20,18,12,12,12,12,12,12,12,12,12,9,13,8,0,22,2,15,23,12,12,18,0,13,8,1,7,7,7,7,7,7,7,7,0,13,8,0,22,0,3,18,0,6,18,0,13,8,1,8,8,8,8,8,8,8,8,0,13,8,0,22,0,3,18,0,7,18,0,13,11,3,3,3,3,3,3,3,3,3,2,13,8,0,22,0,3,20,3,3,18,0,8,14,14,14,12,12,12,12,12,12,12,9,13,8,0,22,0,3,14,14,14,18,7,14,16,24,10,0,0,0,1,7,0,0,0,13,8,0,22,2,14,14,26,14,18,0,9,10,18,0,0,0,0,3,18,0,0,0,13,8,0,22,0,2,13,22,0,18,0,13,12,18,0,0,0,0,3,18,0,0,0,13,8,0,22,0,3,18,22,0,18,0,9,10,18,0,0,0,0,1,5,0,0,0,13,8,0,22,0,2,13,22,0,18,7,15,17,24,15,15,15,15,15,15,15,15,15,22,8,0,22,2,15,15,26,15,24,14,14,14,14,14,14,1,0,0,0,0,0,0,0,0,0,23,14,14,14,14,14,2,2,2,2,2,2,2,0,0,0,0,0,0,0,0,0,0,2,2,2,2,2,2,17,17,17,17,17,17,17,17,17,17,17,17,17,17,17,17,17,17,17,17,17,17,17,0,0,0,0,0,0,0,0,0,0,0,0,0,0,0,0,0,0,0,0,0,0,0,0,0,0,0,25,29,29,29,29,29,27,0,22,29,29,29,7,12,29,29,29,17,2,0,0,0,0,15,18,18,18,28,27,17,0,14,25,29,19,5,8,21,29,23,11,1
8,8,0,11,9,0,8,8,8,8,0,11,9,0,8,8,5,0,0,0,0,0,0,10,10,10,28,24,10,0,8,10,10,10,28,24,10,10,10,6,0,0,0,0,0,0,29,29,29,29,29,27,0,21,29,29,29,29,29,29,29,29,17,0,0,0,0,0,0,7,7,7,7,7,7,0,5,7,7,7,7,7,7,7,7,4,0,0,0,0,0,0,17,17,17,17,17,17,17,17,17,17,17,17,17,17,17,17,17,17,17,17,17,17,17,2,2,2,2,2,2,2,2,2,2,2,2,2,2,2,2,2,2,0,0,0,0,2,29,29,29,29,29,29,29,29,29,29,29,29,29,29,29,29,29,27,0,0,0,2,29,0,0,0,0,0,0,1,0,0,0,0,0,0,1,0,0,0,0,0,0,0,0,0,8,0,0,0,0,0,22,0,0,0,0,0,3,18,0,0,0,0,0,0,0,0,0,8,0,0,0,0,0,22,0,0,0,0,0,3,18,0,0,0,0,0,0,0,0,0,3,0,0,0,0,0,8,0,0,0,0,0,2,7,0,0,0,0,0,0,0,0,0,29,29,29,29,15,0,29,29,29,29,29,29,29,29,29,29,29,25,0,0,0,0,29,14,14,14,14,14,13,14,14,14,14,14,4,1,1,1,1,1,1,0,0,0,0,1,19,19,19,19,19,19,19,19,19,19,19,3,0,0,0,0,0,0,0,0,0,0,0,0,0,0,0,0,0,0,0,0,0,0,0,0,0,0,0,0,0,0,0,0,0,0,15,15,15,15,15,15,15,15,15,15,15,15,15,15,15,15,15,15,15,15,15,15,15,0,0,0,0,0,0,0,0,0,0,0,0,0,0,0,0,0,0,0,0,0,0,0,10,10,10,10,10,10,10,10,10,10,10,10,10,10,10,10,10,10,10,2,4,10,10,29,29,29,29,29,29,29,29,29,29,29,29,29,29,29,29,29,29,29,7,12,29,29,20,29,9,7,7,13,29,16,7,7,7,27,24,7,7,7,20,29,9,2,3,13,29,19,29,6,1,2,10,29,14,2,0,4,27,23,4,0,3,19,29,6,1,2,10,29,29,29,29,7,12,29,29,29,17,2,29,29,29,27,0,22,29,29,29,7,12,29,29,13,13,13,3,6,13,13,13,8,1,13,13,13,13,0,10,13,13,13,3,6,13,13
14,14,14,10,0,3,18,0,0,0,0,22,0,0,12,14,14,14,14,14,21,8,0,4,5,5,5,5,9,18,0,0,0,0,23,5,5,5,5,5,3,0,0,13,13,5,22,29,29,29,29,29,18,0,0,0,0,23,29,29,29,29,29,17,0,0,13,29,27,9,12,12,12,12,12,8,0,0,0,0,10,12,12,12,12,12,7,0,0,6,12,12,7,7,7,7,7,7,7,7,7,7,7,7,7,7,7,7,7,7,7,7,7,7,7,8,8,8,8,8,8,8,8,8,8,8,8,8,8,8,8,8,8,8,8,8,8,8,0,0,0,0,0,0,0,0,0,0,0,0,0,0,0,0,0,0,0,0,22,18,1,3,14,5,0,13,10,0,8,14,0,3,14,5,0,13,10,0,0,0,0,26,21,1,6,29,11,0,26,21,0,16,29,1,6,29,11,0,26,21,0,0,0,0,26,21,1,6,29,11,0,26,21,0,16,29,1,6,29,11,0,26,21,0,0,0,0,26,21,13,6,29,11,0,26,21,0,16,29,1,6,29,11,0,26,21,0,0,0,0,26,21,13,6,29,11,0,26,21,0,16,29,1,6,29,11,0,26,21,0,0,0,0,26,21,11,2,9,3,0,8,7,0,5,9,0,2,9,3,0,8,7,0,0,0,0,26,24,7,0,0,0,0,0,0,0,0,0,0,0,0,0,0,0,0,0,0,0,0,26,29,29,0,0,0,0,0,0,0,0,0,0,0,0,0,0,0,0,0,0,0,0,9,10,10,17,17,17,17,17,17,17,17,17,17,17,17,17,17,17,17,17,17,17,17,17,17,17,0,0,0,0,0,0,0,0,0,0,0,0,0,0,0,0,0,0,0,0,0,0,0,0,0,0,0,0,0,0,0,0,0,0,0,0,0,0,0,0,0,0,0,0,0,0,0,0,0,0,8,6,0,5,8,0,2,8,3,0,8,6,0,0,0,0,2,8,3,0,0,0,0,26,21,0,16,29,1,6,29,11,0,26,21,0,0,0,0,6,29,11,0,0,0,0,26,21,0,16,29,1,6,29,11,0,26,21,0,0,0,0,6,29,11,0,0,0,0,26,21,0,16,29,1,6,29,11,0,26,21,0,0,0,0,6,29,11,4,0,0,0,26,21,0,16,29,1,6,29,11,0,26,21,0,6,11,0,6,29,11
0,0,0,0,0,0,0,0,0,0,0,0,0,0,0,0,0,0,0,0,0,0,0,3,0,0,2,0,1,1,0,3,0,0,2,0,1,1,0,3,0,0,2,0,1,1,22,0,3,18,0,13,8,0,22,0,3,18,0,13,8,0,22,0,3,18,0,13,8,22,10,10,18,17,13,8,0,22,0,3,18,17,13,12,14,22,0,3,18,0,13,12,22,13,12,18,22,13,11,10,22,7,8,18,22,13,12,18,22,7,8,18,12,13,12,22,13,12,18,22,13,12,18,22,13,12,18,22,13,12,18,22,13,12,18,22,13,12,22,4,6,18,7,13,12,18,22,13,12,18,7,13,10,6,22,13,12,18,22,13,10,22,0,3,18,0,13,11,13,22,9,10,18,0,13,8,0,22,9,10,18,16,13,8,22,1,5,18,3,13,9,2,22,1,5,18,3,13,9,2,22,1,5,18,3,13,9,22,13,12,18,22,13,12,18,22,13,12,18,22,13,12,18,22,13,12,18,22,13,12,22,13,10,7,22,13,12,18,22,13,12,18,22,5,7,18,22,13,12,18,22,13,12,22,3,2,0,6,13,10,5,9,3,6,18,6,0,1,5,22,3,3,7,6,13,10,22,6,7,17,10,13,10,8,0,6,8,18,10,13,10,8,22,6,4,0,10,13,10,22,13,12,18,22,13,12,18,0,13,12,18,22,13,12,18,22,13,8,0,22,13,12,22,13,12,18,22,13,12,18,0,13,12,18,22,13,12,18,22,13,8,0,22,13,12,22,13,12,18,22,13,12,18,0,13,12,18,22,13,12,18,22,13,8,0,22,13,12,22,8,9,18,14,13,12,18,0,13,12,18,14,13,11,12,22,13,8,0,22,13,11,22,0,3,18,0,13,12,18,0,13,12,18,0,13,8,0,22,13,8,0,22,13,8,14,0,2,12,0,8,9,18,0,13,11,12,0,9,5,0,14,13,8,0,22,8,5,0,0,0,0,0,0,3,18,0,13,8,0,0,0,0,0,0,13,8,0,22,0,0,19,0,0,0,0,4,28,18,0,13,28,10,0,0,0,0,13,28,8,0,23,27,0,3,0,0,0,0,0,4,3,0,2,4,1,0,0,0,0,2,4,1,0,3,4,0,0,0,0,0,0,0,0,0,0,0,0,0,0,0,0,0,0,0,0,0,0,0,0
21,5,13,12,18,0,6,29,11,0,26,21,0,16,29,1,6,29,11,0,0,16,29,26,28,8,6,3,0,5,21,8,0,19,16,0,12,21,1,6,29,11,0,0,16,29,0,22,0,0,0,0,0,0,0,0,0,0,0,0,0,0,6,29,11,0,0,11,20,0,22,0,3,17,0,0,0,0,3,7,7,7,7,7,0,6,29,11,0,6,7,7,0,22,0,3,18,0,0,0,0,4,8,8,8,8,8,0,6,29,11,0,7,8,8,0,22,13,12,18,0,0,0,0,0,0,0,0,0,0,0,6,29,11,0,0,0,0,13,22,13,12,18,0,3,14,5,0,13,10,0,8,14,0,6,29,11,0,13,10,0,18,22,13,12,18,0,6,29,11,0,26,21,0,16,29,1,6,29,11,0,26,21,0,18,22,1,5,18,0,6,29,11,0,26,21,0,16,29,1,6,29,11,0,26,21,0,9,22,0,3,18,0,6,29,11,0,26,21,0,16,29,1,6,29,11,0,26,21,0,6,22,4,6,18,0,6,29,11,0,26,21,0,16,29,1,6,29,11,0,26,21,0,18,22,13,12,18,0,6,29,11,0,8,7,0,5,9,0,6,29,11,0,8,7,0,18,22,13,9,3,0,6,29,11,0,0,0,0,0,0,0,6,29,11,0,0,0,0,1,22,0,1,2,0,6,29,11,0,0,0,0,0,0,0,6,29,11,0,0,0,0,12,22,9,9,18,0,6,29,11,0,2,17,17,17,17,0,6,29,11,0,14,17,17,18,22,13,12,18,0,6,29,11,0,0,0,0,0,0,0,6,29,11,0,0,0,0,18,22,13,12,18,0,6,29,11,0,0,0,0,0,0,0,6,29,11,0,0,0,0,18,22,13,12,18,0,6,29,11,0,8,6,0,5,8,0,6,29,11,0,8,6,0,18,22,6,7,18,0,6,29,11,0,26,21,0,16,29,1,6,29,11,0,26,21,0,18,22,0,3,18,0,6,29,11,0,26,21,0,16,29,1,6,29,11,0,26,21,0,18,9,0,1,8,0,6,29,11,0,26,21,0,16,29,1,6,29,11,0,26,21,0,20,2,0,0,0,0,6,29,11,0,26,21,0,16,29,1,6,29,11,0,26,21,0,28,20,0,8,14,0,6,29,11,0,14,11,0,9,15,1,6,29,11,0,14,11,0
0,0,0,0,21,0,0,0,0,5,14,14,14,14,14,14,14,14,14,14,14,11,0,0,0,0,0,21,0,0,0,0,0,0,0,2,2,0,0,12,17,17,17,17,17,15,0,0,0,0,21,0,0,0,0,0,0,0,10,11,0,0,0,0,0,6,0,0,4,0,0,0,0,21,0,0,0,0,0,0,0,10,11,0,0,0,0,0,20,1,0,4,0,0,0,0,21,0,0,0,0,0,0,0,10,11,0,0,0,0,0,20,1,0,4,23,25,0,0,21,0,0,0,5,5,5,5,6,6,5,5,5,5,5,7,2,0,4,23,25,0,0,21,0,0,0,24,12,14,14,14,14,14,14,14,14,14,14,9,3,4,23,25,0,0,21,0,0,0,21,5,12,12,12,12,12,12,12,12,12,13,25,10,4,23,25,0,0,21,0,0,0,21,0,5,7,7,7,7,7,7,7,3,0,21,0,4,23,25,0,0,21,0,0,0,21,0,6,8,8,8,8,8,8,8,4,0,21,0,4,23,25,0,0,21,0,0,0,21,1,3,3,3,3,3,3,3,3,3,4,21,0,4,23,25,0,0,21,0,0,0,21,5,12,12,12,12,12,12,12,13,14,14,11,1,4,23,25,0,0,10,0,0,0,21,0,0,0,0,0,0,0,0,6,20,20,14,11,4,23,25,0,0,0,0,0,0,21,0,0,0,10,11,0,0,0,0,10,12,15,0,4,23,25,0,0,0,0,0,0,21,0,0,0,10,11,0,0,0,0,10,12,21,0,4,23,25,0,0,19,0,0,0,21,0,0,0,7,8,0,0,0,0,10,12,15,0,4,5,5,0,0,21,0,0,0,26,15,15,15,15,15,15,15,15,15,21,21,15,12,4,0,0,0,0,21,0,0,0,0,0,0,0,0,0,0,0,11,14,14,14,14,14,13,0,0,0,0,21,0,0,0,0,0,0,0,0,0,0,0,2,2,2,2,2,2,2,0,0,0,0,21,0,12,17,17,17,17,17,17,17,17,17,17,17,17,17,17,17,13,0,0,0,0,21,0,0,0,0,0,0,0,0,0,0,0,0,0,0,0,0,0,0,0,0,0,0,21,0,0,0,0,0,0,0,0,9,29,29,29,20,0,29,29,29,23,0,0,0,0,21,0,0,0,0,4,8,1,0,6,20,29,24,13,0,18,27,28,15
13,8,0,22,0,3,18,0,13,8,0,22,0,3,18,0,13,8,0,22,0,3,18,13,8,0,22,0,3,18,0,13,8,0,22,0,3,18,0,13,8,0,22,0,3,18,13,8,0,22,0,3,18,0,13,8,0,22,0,3,18,0,13,8,0,22,0,3,18,13,8,0,22,0,3,18,0,13,8,0,22,0,3,18,0,13,8,0,22,0,3,18,12,8,0,20,0,3,17,0,12,8,0,20,0,3,17,0,12,8,0,20,0,3,17,0,0,0,0,0,0,0,0,0,0,0,0,0,0,0,0,0,0,0,0,0,0,0,17,17,17,17,17,17,17,17,17,17,17,17,17,17,17,17,17,17,17,17,17,17,17,0,1,1,1,0,0,1,1,1,0,0,1,1,1,1,0,0,1,1,1,0,0,1,13,29,29,28,0,3,29,29,29,8,0,23,29,29,18,0,13,29,29,28,0,3,29,13,11,7,23,0,3,19,8,14,8,0,23,5,7,18,0,13,11,7,23,0,3,19,13,12,18,22,0,3,18,22,13,8,0,22,13,12,18,0,13,12,18,22,0,3,18,0,4,18,22,0,0,1,22,13,8,0,1,13,12,18,0,0,4,18,22,0,0,1,7,10,18,22,0,5,7,24,13,8,2,7,18,12,18,0,7,10,18,22,0,5,7,25,25,15,22,0,17,25,24,13,8,9,25,25,11,18,0,25,25,15,22,0,17,25,1,3,3,23,0,0,3,3,16,8,0,3,3,7,18,0,1,3,3,23,0,0,3,13,29,28,28,0,3,29,28,29,8,0,23,28,29,18,0,13,29,28,28,0,3,29,13,8,0,22,0,3,18,0,13,8,0,22,0,3,18,0,13,8,0,22,0,3,18,13,12,15,22,11,11,18,18,13,12,15,22,11,11,18,18,13,12,15,22,11,11,18,13,12,18,22,13,12,18,22,13,12,18,22,13,12,18,22,13,12,18,22,13,12,18,13,12,18,22,13,12,18,22,13,12,18,22,13,12,18,22,13,12,18,22,13,12,18,13,12,18,22,13,12,18,22,13,12,18,22,13,12,18,22,13,12,18,22,13,12,18,13,9,1,22,1,4,18,2,13,9,1,22,1,4,18,2,13,9,1,22,1,4,18,13,8,0,22,0,3,18,0,13,8,0,22,0,3,18,0,13,8,0,22,0,3,18
22,0,3,18,2,22,19,9,0,6,29,11,0,26,21,0,3,18,0,13,8,0,22,22,0,3,18,6,22,22,21,0,6,29,11,0,26,21,0,3,18,0,13,8,0,22,8,0,1,6,0,0,0,0,0,6,29,11,0,26,21,0,3,18,0,13,8,0,22,27,27,27,10,0,0,0,0,0,1,5,2,0,5,4,0,3,18,0,13,8,0,22,20,20,20,7,0,0,0,0,0,0,0,0,0,0,0,0,2,10,0,7,4,0,12,7,7,7,7,7,7,7,7,7,7,7,7,7,7,7,7,7,7,7,7,7,7,7,8,8,8,8,8,8,8,8,8,8,8,8,8,8,8,8,8,8,8,8,8,8,8,0,0,0,9,11,11,11,11,11,11,11,11,11,11,11,4,0,0,0,0,0,0,0,0,0,0,4,4,4,4,4,4,6,14,14,14,14,14,11,9,0,0,6,29,11,0,0,0,0,0,0,0,12,0,0,1,6,6,6,6,6,6,24,0,0,6,29,11,0,0,0,0,0,0,0,22,0,0,0,0,0,2,12,0,0,22,0,0,6,29,11,0,0,0,0,0,0,0,22,0,0,0,0,0,3,18,0,0,22,0,0,6,29,11,0,0,0,0,0,0,0,16,0,0,0,0,0,2,13,0,0,22,0,0,6,29,11,0,0,7,15,15,15,15,15,15,15,15,15,15,15,15,0,0,22,0,0,6,29,11,0,0,13,9,12,14,14,14,14,14,14,14,14,14,14,14,5,22,0,0,6,29,11,0,0,13,8,2,2,2,2,2,2,2,2,2,2,15,11,1,22,0,0,6,29,11,0,0,13,8,2,17,17,17,17,17,17,17,17,0,13,8,0,22,0,0,6,29,11,0,0,13,8,0,0,0,0,0,0,0,0,0,0,13,8,0,22,0,0,6,29,11,0,0,13,8,11,13,13,13,13,13,13,13,13,13,21,8,0,22,0,0,6,29,11,0,0,13,8,2,2,2,2,2,2,2,2,13,14,14,12,4,22,0,0,6,29,11,0,0,13,8,0,0,0,16,0,0,0,0,4,24,5,5,1,22,0,0,6,29,11,0,0,13,8,0,0,0,22,0,0,0,0,0,22,13,8,0,22,0,0,6,29,11,0,0,13,8,0,0,0,22,0,0,0,0,0,22,13,8,0,22,0,0,6,29,11,0
22,18,26,0,3,25,18,24,8,0,23,18,20,18,0,13,22,18,26,0,3,25,18,9,2,22,1,5,18,3,13,9,2,22,1,5,18,3,13,9,2,22,1,5,18,3,12,18,22,13,12,18,22,13,12,18,22,13,12,18,22,13,12,18,22,13,12,18,22,12,18,22,13,12,18,22,13,12,18,22,13,12,18,22,13,12,18,22,13,12,18,22,12,18,22,13,12,18,22,13,12,18,22,13,12,18,22,13,12,18,22,13,12,18,22,12,14,22,10,10,18,17,13,12,14,22,10,10,18,17,13,12,14,22,10,10,18,17,8,0,22,0,3,18,0,13,8,0,22,0,3,18,0,13,8,0,22,0,3,18,0,8,0,22,0,3,18,0,13,8,0,22,0,3,18,0,13,8,0,22,0,3,18,0,8,0,22,0,3,18,0,13,8,0,22,0,3,18,0,13,8,0,22,0,3,18,0,8,0,22,0,3,18,0,13,8,0,22,0,3,18,0,13,8,0,22,0,3,18,0,8,0,20,0,3,17,0,12,8,0,20,0,3,17,0,12,8,0,20,0,3,17,0,0,0,0,0,0,0,0,0,0,0,0,0,0,0,0,0,0,0,0,0,0,0,0,17,17,17,17,17,17,17,17,17,17,17,17,17,17,17,17,17,17,17,17,17,17,17,1,1,1,0,0,1,1,1,0,0,1,1,1,1,0,0,1,1,1,0,0,1,1,29,29,28,0,3,29,29,29,8,0,23,29,29,18,0,13,29,29,28,0,3,29,29,9,2,23,0,3,19,2,14,8,0,23,1,5,18,0,13,9,2,23,0,3,19,2,12,18,22,0,3,18,22,13,8,0,22,13,12,18,0,13,12,18,22,0,3,18,22,4,18,22,0,0,1,22,13,8,0,1,13,12,18,0,0,4,18,22,0,0,1,22,10,18,22,0,5,7,24,13,8,2,7,18,12,18,0,7,10,18,22,0,5,7,24,25,15,22,0,17,25,24,13,8,9,25,25,11,18,0,25,25,15,22,0,17,25,24,3,3,23,0,0,3,3,16,8,0,3,3,7,18,0,1,3,3,23,0,0,3,3,29,28,28,0,3,29,28,29,8,0,23,28,29,18,0,13,29,28,28,0,3,29,28,8,0,22,0,3,18,0,13,8,0,22,0,3,18,0,13,8,0,22,0,3,18,0
12,12,12,12,12,12,12,12,12,12,12,12,12,12,12,12,12,12,12,12,12,12,12,3,3,3,3,3,3,3,3,3,3,3,3,3,3,3,3,3,3,3,3,3,3,3,13,0,9,6,0,16,0,2,13,0,9,6,0,16,0,2,13,0,9,6,0,16,0,18,0,13,8,0,22,0,3,18,0,13,8,0,22,0,3,18,0,13,8,0,22,0,18,0,13,8,0,22,0,3,18,0,13,8,0,22,0,3,18,0,13,8,0,22,0,18,0,13,8,0,22,0,3,18,0,13,8,0,22,0,3,18,0,13,8,0,22,0,18,0,13,8,0,22,0,3,18,0,13,8,0,22,0,3,18,0,13,8,0,22,0,18,13,13,11,10,22,7,9,18,13,13,11,10,22,7,9,18,13,13,11,10,22,7,18,22,13,12,18,22,13,12,18,22,13,12,18,22,13,12,18,22,13,12,18,22,13,18,22,13,12,18,22,13,12,18,22,13,12,18,22,13,12,18,22,13,12,18,22,13,18,22,13,12,18,22,13,12,18,22,13,12,18,22,13,12,18,22,13,12,18,22,13,18,7,13,10,6,22,4,6,18,7,13,10,6,22,4,6,18,7,13,10,6,22,4,18,0,13,18,12,25,0,3,23,12,20,8,0,23,12,15,18,0,13,18,12,25,0,18,0,9,19,19,26,0,2,19,19,24,8,0,15,19,21,18,0,9,19,19,26,0,18,0,8,8,5,22,0,6,8,8,13,8,3,8,8,6,18,0,8,8,5,22,0,18,0,23,24,18,22,0,16,23,27,13,8,8,23,26,12,18,0,23,24,18,22,0,18,0,0,3,18,22,0,0,0,22,13,8,0,0,13,12,18,0,0,3,18,22,0,18,0,6,8,18,22,0,1,9,22,13,8,0,11,13,12,18,0,6,8,18,22,0,18,0,13,11,11,22,0,3,18,13,13,8,0,22,8,9,18,0,13,11,11,22,0,18,0,13,19,14,25,0,3,24,14,21,8,0,23,14,16,18,0,13,19,14,25,0,11,0,8,17,17,17,0,2,17,17,17,5,0,14,17,17,11,0,8,17,17,17,0,2,2,2,2,2,2,2,2,2,2,2,2,2,2,2,2,2,2,2,2,2,2,2,13,13,13,13,13,13,13,13,13,13,13,13,13,13,13,13,13,13,13,13,13,13,13
12,12,12,12,12,12,12,12,12,12,12,12,12,12,12,12,12,12,12,12,12,12,12,3,3,3,3,3,3,3,3,3,3,3,3,3,3,3,3,3,3,3,3,3,3,3,16,0,2,13,0,9,6,0,16,0,2,13,0,9,6,0,16,0,2,13,0,9,6,22,0,3,18,0,13,8,0,22,0,3,18,0,13,8,0,22,0,3,18,0,13,8,22,0,3,18,0,13,8,0,22,0,3,18,0,13,8,0,22,0,3,18,0,13,8,22,0,3,18,0,13,8,0,22,0,3,18,0,13,8,0,22,0,3,18,0,13,8,22,0,3,18,0,13,8,0,22,0,3,18,0,13,8,0,22,0,3,18,0,13,8,22,7,9,18,13,13,11,10,22,7,9,18,13,13,11,10,22,7,9,18,13,13,11,22,13,12,18,22,13,12,18,22,13,12,18,22,13,12,18,22,13,12,18,22,13,12,22,13,12,18,22,13,12,18,22,13,12,18,22,13,12,18,22,13,12,18,22,13,12,22,13,12,18,22,13,12,18,22,13,12,18,22,13,12,18,22,13,12,18,22,13,12,22,4,6,18,7,13,10,6,22,4,6,18,7,13,10,6,22,4,6,18,7,13,10,23,12,15,18,0,13,18,12,25,0,3,23,12,20,8,0,23,12,15,18,0,13,18,15,19,21,18,0,9,19,19,26,0,2,19,19,24,8,0,15,19,21,18,0,9,19,8,8,6,18,0,8,8,5,22,0,6,8,8,13,8,3,8,8,6,18,0,8,8,23,26,12,18,0,23,24,18,22,0,16,23,27,13,8,8,23,26,12,18,0,23,24,0,13,12,18,0,0,3,18,22,0,0,0,22,13,8,0,0,13,12,18,0,0,3,11,13,12,18,0,6,8,18,22,0,1,9,22,13,8,0,11,13,12,18,0,6,8,22,8,9,18,0,13,11,11,22,0,3,18,13,13,8,0,22,8,9,18,0,13,11,23,14,16,18,0,13,19,14,25,0,3,24,14,21,8,0,23,14,16,18,0,13,19,14,17,17,11,0,8,17,17,17,0,2,17,17,17,5,0,14,17,17,11,0,8,17,2,2,2,2,2,2,2,2,2,2,2,2,2,2,2,2,2,2,2,2,2,2,2,13,13,13,13,13,13,13,13,13,13,13,13,13,13,13,13,13,13,13,13,13,13,13
0,0,0,0,0,0,0,0,0,0,0,0,0,0,0,0,0,0,0,0,0,0,0,14,14,14,14,14,14,14,14,14,14,14,14,14,14,14,14,14,14,14,14,14,14,14,1,1,1,1,1,1,1,1,1,1,1,1,1,1,1,1,1,1,1,1,1,1,1,0,0,0,8,0,2,12,0,0,0,0,14,0,1,6,0,0,0,0,0,0,0,0,17,11,0,22,0,3,18,0,0,0,0,22,0,3,18,0,14,17,17,17,17,16,0,0,0,0,22,0,3,18,0,0,0,0,22,0,3,18,0,0,0,0,0,0,22,0,12,12,12,25,0,3,18,4,0,0,3,22,0,3,23,12,12,12,12,9,0,23,17,6,6,6,6,2,6,18,22,0,3,18,23,2,3,6,6,6,6,3,3,0,22,0,11,13,13,13,13,16,18,22,0,3,18,23,13,13,13,13,13,9,0,0,0,22,0,0,0,0,0,0,3,18,22,0,3,18,22,0,0,0,0,0,0,0,0,0,22,0,17,17,17,0,0,3,14,22,0,3,18,17,0,0,2,17,17,17,17,17,17,17,0,0,0,0,0,0,0,0,22,0,3,18,0,0,0,0,0,0,0,0,0,0,0,0,17,17,17,17,17,17,6,22,0,3,18,8,17,17,17,17,17,17,17,17,17,17,17,6,6,6,6,1,0,0,22,0,3,18,0,0,2,6,6,6,6,6,6,6,6,6,29,29,29,29,7,2,13,22,0,3,18,16,0,11,29,29,29,29,29,29,29,29,29,11,22,29,13,3,3,18,22,0,3,18,22,0,4,16,29,19,11,11,11,11,11,16,0,16,29,1,0,3,18,22,0,3,18,22,0,0,6,29,11,0,0,0,0,0,6,5,16,29,1,0,3,18,22,0,3,18,22,0,0,6,29,11,10,29,29,29,15,6,0,16,29,1,0,3,18,22,0,3,18,22,0,0,6,29,11,0,1,1,1,1,6,2,18,29,4,0,1,8,22,0,3,18,10,0,1,9,29,13,2,2,2,0,1,9,29,29,29,29,7,0,0,5,0,0,4,0,0,11,29,29,29,29,29,29,7,11,29,15,15,15,15,4,0,0,0,0,0,0,0,0,6,15,15,15,15,15,15,4,6,15,0,0,0,0,0,0,0,0,0,0,0,0,0,0,0,0,0,0,0,0,0,0,0
18,0,0,0,0,22,13,12,18,22,13,8,0,0,0,3,18,22,13,12,18,22,0,15,0,0,0,0,18,13,12,15,22,11,7,0,0,0,3,15,22,11,11,18,18,0,0,0,0,0,0,0,13,8,0,22,0,0,0,0,0,0,0,22,0,3,18,0,0,0,0,0,0,0,0,13,8,0,22,0,0,0,0,0,0,0,22,0,3,18,0,0,12,0,9,5,0,15,13,11,12,22,9,5,0,15,0,2,12,22,9,9,18,15,0,18,0,13,8,0,22,13,12,18,22,13,8,0,22,0,3,18,22,13,12,18,22,0,18,0,13,8,0,22,9,10,18,16,13,8,0,22,0,3,18,16,13,11,13,22,0,14,0,13,8,0,17,1,4,14,3,10,6,0,22,0,3,14,3,10,7,2,17,0,0,0,13,8,0,0,13,8,0,22,0,0,0,22,0,0,0,22,0,3,18,0,0,0,0,13,8,0,0,13,10,5,22,0,0,0,22,0,0,0,22,3,6,18,0,0,0,20,13,12,17,0,13,12,18,22,0,3,17,22,12,8,0,22,13,12,18,0,12,0,22,13,12,18,0,13,12,18,22,0,3,18,22,13,8,0,22,13,12,18,0,13,10,22,12,11,18,12,22,12,18,23,15,8,18,19,13,11,15,26,13,12,24,15,13,18,6,0,1,5,23,17,7,10,13,23,10,5,0,4,6,25,16,7,7,17,26,4,18,0,3,2,0,22,0,0,4,0,13,8,0,5,0,3,18,0,3,2,0,22,0,18,0,13,8,0,22,0,3,18,0,13,8,0,22,0,3,18,0,13,8,0,22,0,18,6,13,10,5,22,0,3,18,0,13,10,5,22,4,6,18,0,13,8,0,22,4,18,22,13,12,18,22,0,4,18,1,13,12,18,22,13,12,18,1,13,9,1,22,13,18,22,13,12,18,22,13,12,18,22,13,12,18,22,13,12,18,22,13,12,18,22,13,18,18,13,12,15,22,13,12,18,22,13,12,15,22,11,11,18,22,13,12,18,22,11,18,0,13,8,0,22,13,12,18,22,13,8,0,22,0,3,18,22,13,12,18,22,0,18,0,13,8,0,22,2,5,18,3,13,8,0,22,0,3,18,3,13,9,3,22,0,18,15,13,11,12,22,9,9,18,15,13,11,12,22,9,9,18,15,13,11,12,22,9
0,0,0,0,0,0,0,0,0,0,0,0,0,0,0,0,0,0,0,0,0,0,0,0,0,0,0,0,0,0,0,0,0,0,0,0,0,0,0,0,0,0,0,0,0,0,0,0,0,0,0,0,0,0,0,0,0,0,0,0,0,0,0,0,0,0,0,0,0,0,0,0,0,0,0,0,0,0,0,0,0,0,0,0,0,0,0,0,0,0,0,0,0,0,0,0,0,0,0,0,0,0,0,0,0,0,0,0,0,0,0,0,0,0,0,0,0,0,0,0,0,0,0,0,0,0,0,0,0,0,0,0,0,0,0,0,0,0,8,8,8,8,8,8,8,8,8,8,8,8,8,8,8,8,8,8,8,8,8,8,8,7,7,7,7,7,7,7,7,7,7,7,7,7,7,7,7,7,7,7,7,7,7,7,20,20,20,5,8,20,20,20,12,1,20,20,20,19,0,23,19,0,0,0,0,0,0,29,29,28,7,11,28,29,28,16,1,27,29,29,26,0,26,21,0,0,0,0,0,0,16,29,2,3,0,6,29,11,3,0,0,26,21,2,1,26,21,0,0,0,0,0,0,16,29,5,18,0,6,29,11,22,0,0,26,21,13,8,26,21,0,0,0,0,0,0,16,29,5,18,0,6,29,11,22,0,0,26,21,13,8,26,21,0,0,0,0,0,0,16,29,5,15,0,6,29,11,18,0,0,26,21,11,7,26,21,0,0,0,0,0,0,20,29,10,8,8,13,29,17,8,8,8,27,24,8,8,27,21,0,0,0,0,0,0,29,29,29,29,29,29,29,29,29,29,29,29,29,29,29,29,21,0,0,0,0,0,0,9,9,9,9,9,9,9,9,9,9,9,9,9,9,9,9,7,0,0,0,0,0,0,0,0,0,0,0,0,0,0,0,0,0,0,0,0,0,0,0,0,0,0,0,0,0,0,0,0,0,0,0,0,0,0,0,0,0,0,0,0,0,0,0,0,0,0,0,0,0,0,0,0,0,0,0,0,0,0,0,0,0,0,0,0,0,0,0,0,0,0,0,0,0,0,0,0,0,0,0,0,0,0,0,0,0,0,0,0,0,0,0,0,0,0,0,0,0,0,0,0,0,0,0,0,0,0,0,0,0,0,0,0,0,0,0,0,0,0,0,0,0,0,0,0,0,0,0,0,0,0,0,0,0,0,0,0,0,0,0,0
0,12,9,0,22,0,2,19,0,12,9,0,22,0,2,19,0,12,9,0,22,0,0,0,12,9,0,22,0,2,19,0,12,9,0,22,0,2,19,0,12,9,0,22,0,0,0,12,9,0,22,0,2,19,0,12,9,0,22,0,2,19,0,12,9,0,22,0,0,0,3,2,0,5,0,0,4,0,3,2,0,5,0,0,4,0,3,2,0,5,0,0,5,17,17,17,17,17,17,17,17,17,17,17,17,17,17,17,17,17,17,17,17,17,1,0,0,0,0,0,0,0,0,0,0,0,0,0,0,0,0,0,0,0,0,0,0,0,0,9,21,21,21,0,2,21,21,21,7,0,16,21,21,14,0,9,21,21,21,0,0,0,12,17,10,25,0,2,23,10,19,9,0,22,10,12,19,0,12,17,10,25,0,0,0,12,12,14,22,0,2,19,16,12,9,0,22,9,10,19,0,12,12,14,22,0,0,0,5,6,19,22,0,1,7,22,12,9,0,9,12,12,19,0,5,6,19,22,0,0,0,0,2,19,22,0,0,0,22,12,9,0,0,12,12,19,0,0,2,19,22,0,0,0,27,28,19,22,0,18,27,29,12,9,9,27,28,12,19,0,27,28,19,22,0,0,0,4,4,3,22,0,3,4,4,12,9,1,4,4,4,19,0,4,4,3,22,0,0,0,10,23,23,28,0,2,23,23,26,9,0,18,23,24,19,0,10,23,23,28,0,0,0,12,15,8,25,0,2,22,8,18,9,0,22,8,11,19,0,12,15,8,25,0,0,4,12,11,9,22,6,7,19,10,12,11,9,22,6,7,19,10,12,11,9,22,6,4,8,12,12,19,22,12,12,19,22,12,12,19,22,12,12,19,22,12,12,19,22,12,9,8,12,12,19,22,12,12,19,22,12,12,19,22,12,12,19,22,12,12,19,22,12,9,8,12,12,19,22,12,12,19,22,12,12,19,22,12,12,19,22,12,12,19,22,12,9,3,12,11,8,22,5,7,19,9,12,11,8,22,5,7,19,9,12,11,8,22,5,4,0,12,9,0,22,0,2,19,0,12,9,0,22,0,2,19,0,12,9,0,22,0,0,0,12,9,0,22,0,2,19,0,12,9,0,22,0,2,19,0,12,9,0,22,0,0,0,12,9,0,22,0,2,19,0,12,9,0,22,0,2,19,0,12,9,0,22,0,0
18,3,4,4,0,0,6,29,11,0,26,21,0,16,29,1,6,29,11,0,0,28,29,27,23,23,7,0,0,6,29,11,0,26,21,0,16,29,1,6,29,11,0,0,28,10,22,8,18,8,0,0,6,29,11,0,26,21,0,16,29,1,6,29,11,0,0,28,3,18,10,13,10,8,0,6,29,11,0,26,21,0,16,29,1,6,29,11,0,0,28,6,18,22,13,12,18,0,6,29,11,0,26,21,0,16,29,1,6,29,11,0,0,28,3,18,22,13,12,18,0,6,29,11,0,26,21,0,16,29,1,6,29,11,0,0,28,3,18,22,13,12,18,0,6,29,11,0,26,21,0,16,29,1,6,29,11,0,0,28,3,18,9,13,10,8,0,6,29,11,0,26,21,0,16,29,1,6,29,11,0,0,28,7,18,0,13,8,0,0,6,29,11,0,26,21,0,16,29,1,6,29,11,0,0,28,28,18,0,13,8,0,0,6,29,11,0,1,1,0,1,1,0,0,1,0,0,0,0,0,18,0,13,8,0,0,6,29,11,0,0,0,0,0,0,0,0,0,0,0,0,0,0,18,0,13,8,0,0,6,29,11,0,0,0,0,0,0,0,0,0,0,0,0,0,0,10,0,7,5,0,0,6,29,11,0,0,0,0,0,0,0,0,0,0,0,0,0,0,7,7,7,7,2,0,6,29,11,0,1,7,7,7,7,7,7,5,0,0,6,7,7,8,8,8,8,3,0,6,27,11,0,1,8,8,8,8,8,8,6,0,0,7,8,8,11,11,11,3,0,0,0,0,0,0,0,0,0,0,0,0,0,0,0,0,17,27,27,26,20,25,8,0,0,3,14,5,0,26,21,0,16,29,1,6,29,11,0,18,16,4,18,15,13,8,0,0,6,29,11,0,26,21,0,16,29,1,6,29,11,0,18,13,12,13,22,13,8,0,0,6,29,11,0,26,21,0,16,29,1,6,29,11,0,18,13,22,0,22,13,8,0,0,6,29,11,0,26,21,0,16,29,1,6,29,11,0,18,13,2,17,26,13,8,0,0,6,29,11,0,26,21,0,16,29,1,6,29,11,0,18,13,7,14,14,13,8,0,0,6,29,11,0,26,21,0,16,29,1,6,29,11,0,18,13,22,13,13,21,8,0,0,6,29,11,0,10,8,0,6,11,0,2,11,4,0,18,13,6
12,12,12,12,12,12,12,12,12,12,12,12,12,12,12,12,12,12,12,12,12,12,12,3,3,3,3,3,3,3,3,3,3,3,3,3,3,3,3,3,3,3,3,3,3,3,0,0,0,0,0,0,0,0,0,0,0,0,0,0,0,0,0,0,0,0,0,0,0,0,5,22,22,22,22,22,22,22,6,0,0,22,22,22,22,22,22,13,0,11,0,0,0,6,29,27,25,25,25,25,25,6,0,0,28,26,25,25,25,25,15,0,22,0,0,0,6,29,11,0,0,0,0,0,0,0,0,28,3,2,2,2,2,2,2,23,0,0,0,6,29,11,4,8,8,8,8,8,8,8,29,3,12,13,13,13,13,13,25,0,0,0,6,29,11,11,23,23,23,23,23,23,23,29,3,0,0,0,0,0,0,22,6,4,0,6,29,19,12,12,12,12,12,3,0,0,28,22,20,20,20,20,12,0,22,13,8,0,6,29,29,29,29,29,29,29,7,0,0,27,27,27,27,27,27,16,0,22,13,8,0,1,5,5,5,5,5,5,5,1,0,0,0,0,0,0,0,0,0,0,22,13,8,8,17,17,17,17,17,17,17,17,17,17,17,17,17,17,17,17,17,0,0,22,13,8,0,0,0,0,0,0,0,0,0,2,4,4,4,4,4,4,3,0,0,0,22,13,8,0,0,0,0,0,0,0,0,0,13,17,11,11,11,11,11,8,0,0,0,22,12,7,21,0,16,29,1,0,0,0,0,13,8,0,19,17,17,6,0,0,0,0,22,0,0,21,0,16,29,1,0,0,0,22,13,8,0,22,0,0,3,0,0,0,0,22,8,5,21,0,16,29,1,0,0,0,22,13,8,0,22,0,3,18,0,0,0,0,22,13,8,21,0,16,29,1,0,0,0,13,13,8,0,22,0,3,23,10,10,10,10,25,13,8,18,0,14,25,1,0,0,0,0,14,8,0,22,0,3,27,21,21,21,21,21,4,2,0,0,0,0,0,2,15,15,15,15,4,0,22,0,3,18,0,0,0,0,0,0,0,0,0,0,0,0,0,0,14,17,17,17,17,23,0,2,10,0,0,0,0,0,0,0,1,2,2,2,2,2,2,2,2,2,2,2,2,2,2,2,2,2,2,2,2,2,2,6,13,13,13,13,13,13,13,13,13,13,13,13,13,13,13,13,13,13,13,13,13,13
14,0,11,19,1,6,29,11,0,0,22,6,7,18,0,13,10,8,22,0,3,18,9,0,0,0,0,0,6,29,11,0,0,23,19,21,18,0,13,22,19,26,0,3,26,19,0,0,0,0,0,6,29,11,0,0,10,12,12,8,0,6,12,12,12,0,1,12,12,7,7,5,0,0,6,29,11,0,6,7,7,7,7,7,7,7,7,7,7,7,7,7,8,8,6,0,0,6,29,11,0,7,8,8,8,8,8,8,8,8,8,8,8,8,8,0,0,0,0,0,6,29,11,0,0,12,0,2,10,0,7,4,0,12,0,2,10,0,0,0,0,0,0,6,29,11,0,0,22,0,3,18,0,13,8,0,22,0,3,18,0,21,0,16,28,1,6,29,11,0,0,22,0,3,18,0,13,8,0,22,0,3,18,0,21,0,16,29,1,4,19,7,0,0,22,0,3,18,0,13,8,0,22,0,3,18,0,21,0,16,29,1,0,0,0,0,0,22,0,3,18,0,13,8,0,22,0,3,18,0,21,0,16,29,1,0,0,0,1,7,22,5,7,18,9,13,10,7,22,5,7,18,9,19,0,14,25,1,0,0,0,3,18,22,13,12,18,22,13,12,18,22,13,12,18,22,0,0,0,0,0,0,0,0,3,18,22,13,12,18,22,13,12,18,22,13,12,18,22,0,0,0,0,0,0,0,0,3,18,22,13,12,18,22,13,12,18,22,13,12,18,22,17,17,11,0,0,0,0,0,1,9,22,6,8,18,11,13,10,9,22,6,8,18,11,0,0,0,0,0,0,0,0,0,0,23,7,10,18,0,13,14,7,24,0,3,21,7,8,0,6,10,0,2,10,4,0,0,20,25,25,18,0,11,25,25,27,0,3,25,25,21,0,16,29,1,6,29,11,0,1,3,3,5,18,0,3,3,2,22,0,2,3,3,21,0,16,29,1,6,29,11,0,10,28,29,12,18,0,28,29,18,22,0,20,28,28,21,0,16,29,1,6,29,11,0,0,0,13,12,18,0,0,3,18,22,0,0,0,22,21,0,16,29,1,6,29,11,0,0,7,13,12,18,0,4,6,18,22,0,1,6,22,21,0,16,29,1,6,29,11,0,0,22,13,12,18,0,13,12,18,22,0,3,18,22,21,0,16,29,1,6,29,11,0,0,23,10,12,18,0,13,16,10,25,0,3,22,10
15,12,16,0,15,6,0,22,0,5,16,22,0,5,16,22,0,5,16,0,15,12,16,15,12,16,8,15,6,0,22,5,8,16,22,0,5,16,22,5,8,16,8,15,12,16,15,12,16,22,15,6,0,22,15,12,16,22,0,5,16,22,15,12,16,22,15,12,16,15,12,16,22,15,6,0,22,15,12,16,22,0,5,16,22,15,12,16,22,15,12,16,15,12,16,22,15,6,0,22,15,12,16,22,0,5,16,22,15,12,16,22,15,12,16,11,10,16,16,15,6,0,22,11,10,16,16,0,4,11,22,11,10,16,16,15,11,11,0,6,16,0,2,1,0,3,0,6,16,0,2,1,0,22,0,1,2,0,15,7,0,15,12,16,22,2,1,0,3,15,12,16,22,15,12,16,22,15,7,2,22,15,12,16,15,12,16,22,15,6,0,22,15,12,16,22,15,12,16,22,15,12,16,22,15,12,16,5,8,16,8,15,6,0,22,5,8,16,8,15,9,6,22,5,8,16,8,15,9,6,7,9,16,0,15,6,0,22,0,5,16,10,15,9,7,22,0,5,16,0,15,9,7,15,12,16,1,15,6,0,22,1,6,16,22,15,12,16,22,1,6,16,1,15,12,16,15,12,16,22,15,6,0,22,15,12,16,22,15,12,16,22,15,12,16,22,15,12,16,12,11,16,22,15,6,0,22,15,12,16,17,15,11,13,22,15,12,16,22,15,11,13,0,5,16,22,15,6,0,22,15,12,16,0,15,6,0,22,15,12,16,22,15,6,0,0,5,16,0,15,6,0,22,0,5,16,0,15,6,0,22,0,5,16,0,15,6,0,0,5,16,0,15,6,0,22,0,5,16,0,15,6,0,22,0,5,16,0,15,6,0,0,5,16,0,0,0,0,0,0,5,16,0,0,0,0,22,0,0,0,0,15,6,0,13,26,16,13,2,1,0,3,9,9,28,23,13,11,25,26,9,4,2,13,15,26,14,15,12,3,22,15,6,0,22,15,8,6,23,15,12,20,6,15,12,16,22,3,11,16,15,6,0,22,15,6,0,22,15,6,0,22,15,12,16,0,15,12,16,22,0,5,16,15,6,0,13,15,6,0,22,9,4,0,22,15,12,16,0,9,10,16,13,0,5,16,15,6,0,0,15,6,0,22,0,0,0,22,0,5,16,0,0,5,16,0,0,5,16
0,0,0,0,0,0,0,0,0,0,0,0,0,0,0,0,0,0,0,0,0,0,0,0,0,0,0,0,0,0,0,0,0,0,0,0,0,0,0,0,0,0,0,0,0,0,8,8,8,8,8,8,8,8,8,8,8,8,8,8,8,8,8,8,8,8,8,8,8,7,7,7,7,7,7,7,7,7,7,7,7,7,7,7,7,7,7,7,7,7,7,7,20,20,5,8,20,20,20,12,1,20,20,20,19,0,23,19,0,0,0,0,0,0,23,29,28,7,11,28,29,28,16,1,27,29,29,26,0,26,21,0,0,0,0,0,0,26,29,2,3,0,6,29,11,3,0,0,26,21,2,1,26,21,0,0,0,0,0,0,26,29,5,18,0,6,29,11,22,0,0,26,21,13,8,26,21,0,0,0,0,0,0,26,29,5,18,0,6,29,11,22,0,0,26,21,13,8,26,21,0,0,0,0,0,0,26,29,5,15,0,6,29,11,18,0,0,26,21,11,7,26,21,0,0,0,0,0,0,26,29,10,8,8,13,29,17,8,8,8,27,24,8,8,27,21,0,0,0,0,0,0,26,29,29,29,29,29,29,29,29,29,29,29,29,29,29,29,21,0,0,0,0,0,0,26,9,9,9,9,9,9,9,9,9,9,9,9,9,9,9,7,0,0,0,0,0,0,8,17,17,17,17,17,17,17,17,17,17,17,17,17,17,17,17,17,17,17,17,17,17,17,0,0,0,0,0,0,0,0,0,0,0,0,0,0,0,0,0,0,0,0,0,0,0,6,6,6,6,6,6,6,6,6,6,6,6,6,6,6,4,0,0,0,0,0,0,5,29,29,29,29,29,29,29,29,29,29,29,29,29,29,29,17,0,0,0,0,0,0,21,11,11,28,25,11,11,11,11,11,11,28,25,11,11,11,7,0,0,0,0,0,0,8,0,0,26,21,0,0,0,0,0,0,26,21,0,0,0,0,0,0,0,0,0,0,0,13,0,26,21,1,14,14,14,13,0,26,21,1,14,14,8,0,0,0,0,0,0,11,9,0,8,7,0,9,9,9,9,0,8,7,0,9,9,5,0,0,0,0,0,0,7,0,0,0,0,0,0,0,0,0,0,0,0,0,0,0,0,0,0,0,0,0,0,0,0,0,0,0,0,0,0,0,0,0,0,0,0,0,0,0,0,0,0,0,0,0,0
8,0,16,29,1,0,0,1,1,1,1,9,5,0,15,6,29,11,0,9,5,26,21,8,0,16,29,1,0,0,22,29,29,17,13,8,0,22,6,29,11,0,13,8,26,21,8,0,16,29,1,0,0,0,9,24,0,9,6,0,16,6,29,11,0,9,6,26,21,8,0,16,29,1,0,0,0,8,23,0,3,19,19,19,22,29,23,19,19,19,28,27,8,0,9,15,1,0,0,0,8,23,0,4,28,28,28,28,28,28,28,28,28,28,28,8,0,0,0,0,0,0,0,8,23,0,0,0,0,0,0,0,0,0,0,0,0,0,8,0,0,0,0,0,0,0,8,23,0,0,0,0,0,0,0,0,0,0,0,0,0,8,0,0,14,17,17,17,11,8,23,0,0,15,17,17,17,17,17,17,17,17,17,17,8,0,0,0,0,14,17,17,21,27,17,17,17,17,17,17,17,17,17,17,17,17,17,8,0,0,0,0,12,14,14,19,26,14,14,14,14,14,14,19,26,14,14,14,14,14,8,0,0,0,0,3,0,0,8,23,0,2,1,0,0,0,8,23,0,2,1,0,0,8,0,0,0,3,18,2,0,9,23,9,13,8,0,2,0,9,23,9,13,8,0,2,8,0,0,0,3,18,22,10,14,23,16,13,8,0,22,10,14,23,16,13,8,0,22,8,0,0,0,3,18,22,10,14,23,16,13,8,0,22,10,14,23,16,13,8,0,22,0,0,0,0,3,18,1,10,14,23,6,13,8,0,1,10,14,23,6,13,8,0,1,0,0,0,0,3,18,0,0,11,23,0,13,8,0,0,0,11,23,0,13,8,0,0,0,0,0,0,0,0,0,4,28,23,0,0,0,0,0,4,28,23,0,0,0,0,0,7,7,7,7,7,7,7,7,7,7,7,7,7,7,7,7,7,7,7,7,7,7,7,8,8,8,8,8,8,8,8,8,8,8,8,8,8,8,8,8,8,8,8,8,8,8,0,6,4,0,11,0,1,9,0,0,0,0,0,0,0,0,0,0,0,0,0,16,19,0,13,8,0,22,0,3,18,0,0,0,0,8,14,0,0,0,0,0,0,0,24,28,0,13,8,0,22,0,3,18,0,0,0,0,16,29,1,0,0,0,0,0,1,6,0,0,13,8,0,22,0,3,18,0,0,0,0,16,29,1,0,9,21,21,17,3,18,0
10,7,7,10,0,0,0,3,3,20,16,3,3,3,0,3,3,20,16,3,3,3,0,0,0,0,0,0,0,2,28,28,28,28,28,28,28,0,24,28,29,29,28,28,28,0,7,7,7,7,7,7,7,7,7,7,7,7,7,7,7,0,0,18,13,3,7,7,7,8,8,8,8,8,8,8,8,8,8,8,8,8,8,8,0,0,18,13,4,8,8,8,0,0,0,0,0,0,0,0,0,0,0,0,0,0,0,0,0,18,13,0,0,0,0,17,17,17,17,17,17,17,17,17,17,17,17,17,17,17,6,0,18,13,0,0,0,0,29,29,29,29,29,29,29,29,29,29,29,29,29,29,29,10,0,18,13,0,0,0,0,22,0,2,7,17,29,4,7,0,7,29,12,8,0,2,6,0,18,13,0,0,0,0,21,0,3,18,16,29,5,18,0,6,29,11,22,0,3,18,5,26,24,18,0,0,0,21,0,3,18,16,29,5,18,0,6,29,11,22,0,3,18,3,12,12,12,0,0,0,24,7,0,6,20,29,9,2,3,13,29,16,8,7,8,3,0,0,0,0,0,0,0,29,27,0,22,29,29,29,7,12,29,29,29,29,29,29,10,0,0,0,0,0,0,0,10,10,0,8,10,10,10,2,4,10,10,10,10,10,10,4,0,0,0,0,0,0,0,17,17,17,17,17,17,17,17,17,17,17,17,17,17,17,17,17,17,17,17,17,17,17,0,0,0,0,0,0,0,0,0,0,0,0,0,0,0,0,0,0,0,0,0,0,0,17,17,17,17,17,17,17,17,17,17,0,0,0,0,0,14,17,17,17,17,17,17,17,0,0,0,0,8,17,17,17,17,17,17,12,0,0,0,0,0,0,0,0,0,2,17,3,16,0,0,0,0,0,0,0,0,3,18,0,0,0,0,0,0,19,0,0,0,0,3,18,0,0,0,0,0,13,8,0,3,18,0,0,0,0,0,0,22,0,0,0,0,3,18,0,0,0,0,0,13,8,0,3,18,0,0,0,0,0,0,22,0,0,0,0,1,7,0,0,0,0,0,5,3,0,3,18,0,0,0,0,0,0,9,0,0,0,0,17,17,17,17,17,17,17,17,11,0,3,18,0,12,19,17,17,17,17,17,17,17,17,17,17,17,17,17,17,17,17,22,17,4,18,0,13,8,14,17,17,17,17,17,17,17
17,17,17,17,11,0,0,6,29,11,0,0,22,0,3,18,0,13,8,0,22,0,3,0,0,0,0,0,0,0,6,29,11,0,0,14,0,3,18,0,8,5,0,22,0,2,0,0,0,0,0,0,0,6,29,11,0,0,0,0,3,21,5,2,2,5,24,0,0,0,8,6,0,5,8,0,6,29,11,0,0,11,12,11,26,28,13,12,28,26,12,10,0,26,21,0,16,29,1,6,29,11,0,0,22,13,8,0,22,13,12,18,0,13,12,0,26,21,0,16,29,1,6,29,11,0,0,22,13,8,0,22,13,12,18,0,13,12,0,26,21,0,16,29,1,6,29,11,0,0,22,3,2,0,22,8,9,18,0,3,6,0,26,21,0,16,29,1,6,29,11,0,0,22,0,0,0,22,0,3,18,0,0,3,0,14,11,0,9,15,1,6,29,11,0,0,22,0,1,6,11,5,5,9,8,0,3,0,0,0,0,0,0,0,6,29,11,0,0,22,0,3,18,7,13,10,6,22,0,3,0,0,0,0,0,0,0,6,29,11,0,0,22,0,3,18,22,13,12,18,22,0,3,17,17,17,17,11,0,0,6,29,11,0,0,22,0,3,18,22,13,12,18,22,0,3,0,0,0,0,0,0,0,6,29,11,0,0,0,0,0,0,22,0,4,18,0,0,0,0,18,15,0,11,20,1,6,29,11,0,0,0,0,0,0,22,0,3,18,0,0,0,0,26,21,0,16,29,1,6,29,11,0,0,0,0,1,7,22,5,7,18,9,0,0,0,26,21,0,16,29,1,6,29,11,0,0,0,0,3,18,22,13,12,18,22,0,0,0,26,21,0,16,29,1,6,29,11,0,0,13,0,3,18,22,13,12,18,22,0,2,0,26,21,0,16,29,1,4,17,7,0,0,22,0,3,18,22,13,12,18,22,0,3,0,26,21,0,16,29,1,0,0,0,0,0,22,0,3,18,22,13,12,18,22,0,3,0,26,21,0,16,29,1,5,25,9,0,0,22,0,3,18,9,13,10,8,22,0,3,0,26,21,0,16,29,1,6,29,11,0,0,22,2,5,18,4,13,9,3,22,2,5,0,26,21,0,16,29,1,6,29,11,0,0,22,13,12,18,22,13,12,18,22,13,12,0,26,21,0,16,29,1,6,29,11,0,0,22,13,12,18,22,13,12,18,22,13,12
11,19,22,0,0,0,0,12,12,19,22,12,12,19,0,0,0,0,0,0,2,19,22,10,19,18,0,0,0,0,10,10,19,18,12,12,15,0,0,0,0,0,0,2,15,22,2,19,0,0,0,0,0,0,2,19,0,12,9,0,0,0,0,0,0,0,0,0,22,2,19,0,0,0,0,0,0,2,19,0,12,9,0,0,0,0,0,0,0,0,0,22,8,19,15,0,1,13,0,8,9,19,15,12,11,13,0,8,6,0,15,0,1,13,22,11,19,22,0,2,19,0,12,12,19,22,12,12,19,0,12,9,0,22,0,2,19,22,11,13,22,0,2,19,0,12,12,13,22,9,9,19,0,12,9,0,22,0,2,19,16,7,2,17,0,2,19,0,9,8,2,17,1,3,15,0,12,9,0,22,0,2,15,3,2,19,0,0,2,19,0,0,2,19,0,12,9,0,0,12,9,0,22,0,0,0,22,5,19,0,0,2,19,0,0,2,19,6,12,9,0,0,12,9,0,22,0,0,0,22,11,19,0,11,11,19,20,0,2,19,22,12,9,0,20,12,9,0,22,11,8,0,22,11,19,0,12,12,19,22,0,2,19,22,12,9,0,22,12,9,0,22,12,9,0,22,11,25,15,12,12,17,22,6,17,19,22,12,20,10,22,11,8,0,19,12,11,15,26,6,17,26,3,2,0,6,12,21,11,12,7,18,19,6,0,0,0,0,3,5,25,17,2,0,22,0,0,4,0,12,9,0,5,0,2,19,0,3,2,0,5,0,2,19,0,8,0,22,0,2,19,0,12,9,0,22,0,2,19,0,12,9,0,22,0,2,19,0,8,0,22,3,5,19,6,12,9,0,22,0,2,19,6,12,9,0,22,3,5,19,0,9,1,22,12,12,19,22,12,10,1,22,0,3,19,22,12,9,0,22,12,12,19,1,11,19,22,12,12,19,22,12,12,19,22,12,12,19,22,12,9,0,22,12,12,19,22,11,19,22,10,10,19,18,12,12,19,22,12,12,19,18,12,9,0,22,10,10,19,22,11,19,22,0,2,19,0,12,12,19,22,12,12,19,0,12,9,0,22,0,2,19,22,9,3,22,0,2,19,0,12,10,3,22,2,4,19,0,12,9,0,22,0,2,19,3,10,13,22,8,9,19,15,12,11,13,22,8,9,19,15,12,9,0,22,8,9,19,15
0,1,5,6,4,3,5,6,0,1,5,0,4,3,5,6,4,3,5,0,4,2,0,0,1,7,22,5,7,18,9,0,1,7,0,5,7,18,9,13,10,7,0,5,3,0,0,0,0,22,0,3,18,0,0,0,0,0,0,3,18,0,13,8,0,0,0,0,0,0,0,0,22,0,4,18,0,0,0,0,0,0,4,18,0,13,9,0,0,0,0,0,0,3,18,22,13,12,18,22,0,0,0,0,13,12,18,22,13,12,18,0,0,0,0,0,3,18,22,13,12,18,22,0,0,3,0,13,12,18,22,13,12,18,0,2,1,0,0,3,18,22,13,12,18,22,0,3,18,0,13,12,18,22,13,12,18,0,13,8,0,0,3,18,22,13,12,18,22,0,3,18,0,13,12,18,22,13,12,18,0,13,8,0,0,3,18,18,13,12,15,22,0,3,18,0,13,12,15,22,11,11,18,0,13,8,0,0,3,18,0,13,8,0,22,0,3,18,0,13,8,0,22,0,3,18,0,13,8,0,11,11,18,19,13,12,15,22,11,11,18,19,13,12,15,22,11,11,18,19,13,12,15,13,12,18,22,13,12,18,22,13,12,18,22,13,12,18,22,13,12,18,22,13,12,18,13,12,17,22,12,12,18,20,13,12,17,22,12,12,18,20,13,12,17,22,12,12,18,13,13,6,24,0,3,21,6,17,8,0,23,6,10,18,0,13,13,6,24,0,3,21,13,27,25,28,0,3,28,25,27,8,0,23,25,26,18,0,13,27,25,28,0,3,28,13,8,0,22,0,3,18,0,13,8,0,22,0,3,18,0,13,8,0,22,0,3,18,13,8,0,22,0,3,18,0,13,8,0,22,0,3,18,0,13,8,0,22,0,3,18,13,8,0,22,0,3,18,0,13,8,0,22,0,3,18,0,13,8,0,22,0,3,18,13,8,0,22,0,3,18,0,13,8,0,22,0,3,18,0,13,8,0,22,0,3,18,13,8,0,22,0,3,18,0,13,8,0,22,0,3,18,0,13,8,0,22,0,3,18,7,5,0,13,0,2,10,0,7,5,0,13,0,2,10,0,7,5,0,13,0,2,10,6,6,6,6,6,6,6,6,6,6,6,6,6,6,6,6,6,6,6,6,6,6,6,9,9,9,9,9,9,9,9,9,9,9,9,9,9,9,9,9,9,9,9,9,9,9
0,11,25,25,25,0,2,25,25,25,8,0,19,25,25,17,0,11,25,25,25,0,0,0,12,15,9,24,0,2,22,10,16,9,0,22,8,10,19,0,12,15,9,24,0,0,0,12,12,19,22,0,2,19,22,12,9,0,22,12,12,19,0,12,12,19,22,0,0,0,3,5,19,22,0,0,5,22,12,9,0,6,12,12,19,0,3,5,19,22,0,0,0,1,4,19,22,0,1,1,23,12,9,0,1,14,12,19,0,1,4,19,22,0,0,0,29,29,19,22,0,19,29,29,12,9,9,29,29,12,19,0,29,29,19,22,0,0,0,0,0,0,22,0,0,0,0,12,9,0,0,0,3,19,0,0,0,0,22,0,0,0,12,27,27,29,0,2,27,27,28,9,0,21,27,28,19,0,12,27,27,29,0,0,0,12,13,4,24,0,2,21,4,15,9,0,22,4,7,19,0,12,13,4,24,0,0,5,12,11,11,22,7,9,19,13,12,11,11,22,7,9,19,13,12,11,11,22,7,5,8,12,12,19,22,12,12,19,22,12,12,19,22,12,12,19,22,12,12,19,22,12,9,8,12,12,19,22,12,12,19,22,12,12,19,22,12,12,19,22,12,12,19,22,12,9,8,12,12,19,22,12,12,19,22,12,12,19,22,12,12,19,22,12,12,19,22,12,9,2,12,10,5,22,3,5,19,6,12,10,5,22,3,5,19,6,12,10,5,22,3,2,0,12,9,0,22,0,2,19,0,12,9,0,22,0,2,19,0,12,9,0,22,0,0,0,12,9,0,22,0,2,19,0,12,9,0,22,0,2,19,0,12,9,0,22,0,0,0,12,9,0,22,0,2,19,0,12,9,0,22,0,2,19,0,12,9,0,22,0,0,0,12,9,0,22,0,2,19,0,12,9,0,22,0,2,19,0,12,9,0,22,0,0,0,5,4,0,9,0,1,8,0,5,4,0,9,0,1,8,0,5,4,0,9,0,0,3,11,11,11,11,11,11,11,11,11,11,11,11,11,11,11,11,11,11,11,11,11,0,1,4,4,4,4,4,4,4,4,4,4,4,4,4,4,4,4,4,4,4,4,4,0,0,6,15,15,15,0,1,15,15,15,5,0,12,15,15,10,0,6,15,15,15,0,0,0,11,20,17,24,0,2,23,17,21,8,0,20,17,18,17,0,11,20,17,24,0,0
21,0,16,29,1,0,0,13,10,8,22,0,3,18,9,13,8,0,22,6,7,18,0,21,0,16,29,1,0,0,13,22,19,26,0,3,26,19,24,8,0,23,19,21,18,0,21,0,16,29,1,0,0,6,12,12,12,0,1,12,12,12,3,0,10,12,12,8,0,21,0,16,29,1,0,3,7,7,7,7,7,7,7,7,7,7,7,7,7,7,7,7,21,0,16,29,1,0,4,8,8,8,8,8,8,8,8,8,8,8,8,8,8,8,8,21,0,16,29,1,0,0,7,4,0,12,0,2,10,0,7,4,0,12,0,2,10,0,21,0,16,29,1,0,0,13,8,0,22,0,3,18,0,13,8,0,22,0,3,18,0,21,0,16,29,1,0,0,13,8,0,22,0,3,18,0,13,8,0,22,0,3,18,0,21,0,16,29,1,0,0,13,8,0,22,0,3,18,0,13,8,0,22,0,3,18,0,4,0,3,5,0,0,0,13,8,0,22,0,3,18,0,13,8,0,22,0,3,18,0,5,0,3,6,0,0,9,13,10,7,22,5,7,18,9,13,10,7,22,5,7,18,9,21,0,16,29,1,0,22,13,12,18,22,13,12,18,22,13,12,18,22,13,12,18,22,21,0,16,29,1,0,22,13,12,18,22,13,12,18,22,13,12,18,22,13,12,18,22,21,0,16,29,1,0,22,13,12,18,22,13,12,18,22,13,12,18,22,13,12,18,22,21,0,16,29,1,0,11,13,10,9,22,6,8,18,11,13,10,9,22,6,8,18,11,21,0,16,29,1,0,0,13,14,7,24,0,3,21,7,18,8,0,23,7,10,18,0,21,0,16,29,1,0,0,11,25,25,27,0,3,25,25,27,8,0,20,25,25,18,0,21,0,16,29,1,0,0,3,3,2,22,0,2,3,3,13,8,1,3,3,5,18,0,21,0,16,29,1,0,0,28,29,18,22,0,20,28,28,13,8,10,28,29,12,18,0,21,0,16,29,1,0,0,0,3,18,22,0,0,0,22,13,8,0,0,13,12,18,0,21,0,16,29,1,0,0,4,6,18,22,0,1,6,22,13,8,0,7,13,12,18,0,21,0,16,29,1,0,0,13,12,18,22,0,3,18,22,13,8,0,22,13,12,18,0,21,0,16,29,1,0,0,13,16,10,25,0,3,22,10,19,8,0,23,10,12,18,0
3,0,0,16,29,1,6,29,11,0,26,21,0,16,29,1,0,6,8,24,13,8,3,3,0,0,16,29,1,6,29,11,0,26,21,0,16,29,1,0,0,0,22,13,8,0,3,0,0,16,29,1,6,29,11,0,26,21,0,16,29,1,0,3,18,22,13,8,0,3,0,0,16,29,1,6,29,11,0,26,21,0,16,29,1,0,3,18,2,13,8,0,3,0,0,16,29,1,6,29,11,0,26,21,0,16,29,1,0,3,29,29,29,8,0,1,0,0,16,29,1,6,29,11,0,26,21,0,16,29,1,0,0,2,2,2,0,0,17,0,0,16,29,1,6,29,11,0,26,21,0,16,29,1,2,17,17,17,17,17,17,0,0,0,16,29,1,6,29,11,0,26,21,0,16,29,1,0,0,0,0,0,0,0,0,0,0,16,29,1,6,29,11,0,26,21,0,16,29,1,0,3,15,0,11,7,0,0,0,0,16,29,1,6,29,11,0,26,21,0,16,29,1,0,3,18,0,13,8,0,0,0,0,16,29,1,6,29,11,0,26,21,0,16,29,1,0,3,18,0,13,8,0,0,0,0,16,29,1,6,29,11,0,26,21,0,16,29,1,0,3,18,0,13,8,0,0,0,0,16,29,1,6,29,11,0,26,21,0,15,27,1,0,3,18,0,13,8,0,0,0,0,16,29,1,6,29,11,0,26,21,0,0,0,0,0,3,20,3,16,8,0,0,0,0,16,29,1,6,29,11,0,26,21,0,0,0,0,0,3,29,28,29,8,0,0,0,0,16,29,1,6,29,11,0,26,21,0,0,0,0,2,5,18,3,13,9,3,0,0,0,16,29,1,6,29,11,0,26,21,0,0,0,0,13,12,18,22,13,12,18,17,0,0,16,29,1,6,29,11,0,26,21,0,0,0,0,13,12,18,22,13,12,18,0,0,0,16,29,1,6,29,11,0,26,21,0,0,0,0,13,11,10,22,7,9,18,18,15,0,16,29,1,6,29,11,0,26,21,0,0,0,0,13,8,0,22,0,4,18,26,21,0,16,29,1,6,29,11,0,26,21,0,0,0,0,13,8,0,22,13,12,18,26,21,0,16,29,1,6,29,11,0,26,21,0,0,0,0,13,8,0,22,13,12,18,26,21,0,16,29,1,6,29,11,0,26,21,0,0,0,0,13,8,0,22,13,12,18
8,22,13,12,18,22,13,10,8,22,6,8,18,22,13,12,18,22,6,8,18,10,13,0,22,11,11,18,19,13,8,0,22,0,3,18,19,13,12,15,22,0,3,18,0,13,0,22,0,3,18,0,13,8,0,22,0,3,18,0,13,8,0,22,0,3,18,0,13,18,22,13,12,18,22,13,12,18,22,13,12,18,22,13,12,18,22,13,12,18,22,13,18,22,13,12,18,22,13,12,18,12,13,12,18,22,13,12,18,22,13,11,10,22,13,7,22,5,5,10,9,13,10,7,0,5,7,18,9,7,6,7,22,5,3,0,9,13,6,22,4,2,0,7,13,10,6,18,4,6,18,7,0,1,6,22,4,6,15,7,13,18,22,13,8,0,22,13,12,18,22,13,12,18,22,0,3,18,22,13,12,18,22,13,18,22,13,8,0,22,13,12,18,22,13,12,18,22,0,3,18,22,13,12,18,22,13,18,22,13,8,0,22,13,12,18,22,13,12,18,22,0,3,18,22,13,12,18,22,13,14,22,13,8,0,22,13,12,14,22,10,10,18,22,0,3,18,22,10,10,18,17,13,0,22,13,8,0,22,13,8,0,22,0,3,18,22,0,3,18,22,0,3,18,0,13,0,17,13,8,0,22,10,6,0,18,0,3,14,22,0,3,18,17,0,3,15,0,10,0,0,13,8,0,22,0,0,0,0,0,0,0,22,0,3,18,0,0,0,0,0,0,0,11,26,8,0,23,23,0,0,0,0,0,19,27,0,3,27,16,0,0,0,0,3,0,4,8,2,0,7,8,0,0,0,0,0,7,8,0,1,8,6,0,0,0,0,1,0,0,0,0,0,0,0,0,0,0,0,0,0,0,0,0,0,0,0,0,0,0,0,0,0,0,0,0,0,0,0,0,0,0,0,0,0,0,0,0,0,0,0,0,0,0,0,0,0,0,0,0,0,0,0,0,0,0,0,0,0,0,0,0,0,0,0,0,0,0,0,0,0,0,0,0,0,0,0,0,0,0,0,0,0,0,0,0,0,0,0,0,0,13,27,8,0,22,27,0,0,0,0,0,23,27,0,3,27,19,0,0,0,0,4,0,2,16,8,0,23,4,0,0,0,0,0,4,23,0,3,20,3,0,0,0,0,0,0,9,13,8,0,22,5,3,0,9,0,1,7,22,0,3,18,9,0,1,7,0,5
0,22,18,0,14,25,1,6,29,11,0,0,19,13,12,18,22,13,12,18,22,13,12,0,26,21,0,16,29,1,6,29,11,0,0,22,9,10,18,16,13,11,13,22,9,10,0,26,21,0,16,29,1,6,29,11,0,0,22,0,3,18,3,13,9,2,22,0,3,0,26,21,0,16,29,1,6,29,11,0,0,22,0,3,18,22,13,12,18,22,0,3,0,26,21,0,16,29,1,6,29,11,0,0,22,10,10,18,22,13,12,18,22,10,10,0,0,0,0,0,0,0,6,29,11,0,0,22,13,12,18,22,13,12,18,22,13,12,0,0,0,0,0,0,0,6,29,11,0,0,22,13,12,18,2,13,9,1,22,13,12,0,0,0,0,0,0,0,6,29,11,0,0,22,4,6,18,0,13,8,0,22,4,6,17,17,17,17,11,0,0,6,29,11,0,0,22,0,3,18,0,13,8,0,22,0,3,0,0,0,0,0,0,0,6,29,11,0,0,6,0,3,18,0,4,2,0,22,0,1,0,0,0,0,0,0,0,6,29,11,0,0,0,3,6,24,15,6,6,15,26,3,2,0,17,13,0,10,18,1,6,29,11,0,0,19,13,11,17,26,13,12,25,16,13,12,0,26,21,0,16,29,1,6,29,11,0,0,22,13,8,0,22,13,12,18,0,13,12,0,26,21,0,16,29,1,6,29,11,0,0,22,13,8,0,22,13,12,18,0,13,12,0,26,21,0,16,29,1,6,29,11,0,0,22,0,0,0,22,4,6,18,0,0,3,0,26,21,0,16,29,1,6,29,11,0,0,22,0,0,0,22,0,3,18,0,0,3,0,5,4,0,3,5,0,6,29,11,0,0,22,0,2,13,3,9,6,3,16,0,3,0,0,0,0,0,0,0,6,29,11,0,0,22,0,3,18,15,13,11,12,22,0,3,7,7,7,7,5,0,0,6,29,11,0,0,22,0,3,18,22,13,12,18,22,0,3,8,8,8,8,6,0,0,6,29,11,0,0,16,0,2,13,22,9,10,18,16,0,2,0,0,0,0,0,0,0,6,29,11,0,0,0,0,0,0,22,0,3,18,0,0,0,0,26,21,0,16,29,1,6,29,11,0,0,0,0,0,0,22,0,3,18,0,0,0,0,26,21,0,16,29,1,6,29,11,0,0,0,0,2,13,22,10,10,18,16,0,0
0,5,16,0,15,6,0,22,0,5,16,0,15,6,0,22,0,5,16,0,15,6,0,0,5,16,0,10,4,0,22,0,3,10,0,15,6,0,14,0,5,16,0,10,4,0,0,5,19,5,2,2,5,23,0,0,0,0,15,11,3,3,3,10,16,0,0,0,0,14,11,26,26,15,12,28,24,14,9,8,20,14,27,16,22,15,27,15,20,7,8,15,15,6,0,22,15,12,16,0,15,12,16,22,0,5,16,22,15,6,0,22,15,12,16,15,6,0,22,15,12,16,0,15,12,16,22,0,5,16,22,15,6,0,22,15,12,16,4,1,0,22,10,10,16,0,4,7,16,6,0,5,16,14,15,6,0,6,15,8,4,0,0,0,22,0,5,16,0,0,5,16,0,0,5,16,0,15,6,0,0,15,6,0,0,2,6,11,5,5,8,8,0,5,16,0,5,5,8,8,7,5,6,0,15,6,0,0,5,16,7,15,8,5,22,0,5,16,0,15,8,5,22,5,8,16,0,15,6,0,0,5,16,22,15,12,16,22,0,5,16,0,15,12,16,22,15,12,16,0,15,6,0,0,5,16,22,15,12,16,22,0,5,16,0,15,12,16,22,15,12,16,0,15,6,0,0,0,0,22,0,6,16,0,0,0,0,0,0,6,16,0,15,7,0,0,0,0,0,0,0,0,22,0,5,16,0,0,0,0,0,0,5,16,0,15,6,0,0,0,0,0,0,2,6,22,6,8,16,9,0,0,0,0,6,8,16,9,15,9,6,0,0,0,0,0,5,16,22,15,12,16,22,0,0,0,0,15,12,16,22,15,12,16,0,0,0,0,0,5,16,22,15,12,16,22,0,3,9,0,15,12,16,22,15,12,16,0,9,3,0,0,5,16,22,15,12,16,22,0,5,16,0,15,12,16,22,15,12,16,0,15,6,0,0,5,16,22,15,12,16,22,0,5,16,0,15,12,16,22,15,12,16,0,15,6,0,0,5,16,9,15,9,7,22,0,5,16,0,15,9,7,22,6,9,16,0,15,6,0,3,7,16,4,15,8,3,22,3,7,16,4,15,8,3,22,3,7,16,4,15,8,3,15,12,16,22,15,12,16,22,15,12,16,22,15,12,16,22,15,12,16,22,15,12,16,15,12,16,22,15,12,16,22,15,12,16,22,15,12,16,22,15,12,16,22,15,12,16
18,0,6,26,10,0,13,8,0,0,13,8,0,0,0,8,0,0,0,0,0,22,5,18,0,0,0,0,0,13,8,0,0,9,18,17,17,17,17,17,17,17,17,17,20,17,18,0,0,0,0,0,13,8,0,0,0,0,0,0,0,0,0,0,2,17,17,17,17,18,0,0,0,0,0,13,8,0,0,0,0,0,0,0,0,0,0,0,0,0,0,0,18,0,0,0,0,0,13,8,2,17,17,17,17,17,17,17,17,17,17,17,17,17,17,18,0,0,0,0,0,13,8,0,0,0,0,0,0,0,0,7,9,9,9,2,4,9,18,0,0,0,0,0,13,8,0,0,0,0,0,0,0,0,22,29,29,29,7,12,29,18,0,0,0,0,0,13,8,0,0,0,10,18,1,0,0,6,20,29,10,2,3,13,18,0,0,0,0,0,13,8,0,0,0,16,29,1,0,3,18,16,29,1,0,22,6,18,0,0,0,0,0,13,8,0,0,0,16,29,1,0,3,18,16,29,1,0,22,6,18,0,0,0,0,0,13,8,0,0,0,16,29,1,0,1,6,16,29,1,0,8,6,18,0,0,0,0,0,13,8,0,0,0,16,29,1,0,0,22,29,29,29,29,29,29,18,0,0,0,0,0,13,8,0,0,0,3,5,0,0,0,14,18,18,18,18,18,18,18,0,0,0,0,0,13,8,0,0,0,0,0,0,0,0,0,0,0,0,0,0,0,18,0,0,0,0,0,13,8,1,7,7,7,7,7,7,7,7,7,7,7,7,7,7,18,0,0,0,0,0,13,8,1,8,8,8,8,8,8,8,8,8,8,8,8,8,8,18,0,0,0,0,0,13,8,0,22,27,27,27,27,27,27,27,27,27,27,27,27,27,18,0,0,0,0,0,13,8,0,23,4,4,4,4,4,4,4,29,8,4,4,4,4,18,0,0,0,0,0,13,8,0,22,0,0,0,0,7,4,0,28,3,0,0,0,7,18,0,0,0,0,0,13,8,0,22,4,4,8,0,13,9,14,28,8,4,8,0,13,18,0,0,0,0,0,13,8,0,22,10,9,18,0,13,9,15,28,14,9,18,0,13,18,0,0,0,0,0,13,8,0,22,10,8,13,0,13,9,15,28,14,8,13,0,13,18,0,0,0,0,0,13,8,0,22,6,3,0,0,13,9,1,28,10,3,0,0,13
0,6,29,11,4,8,8,8,8,8,8,8,29,9,5,5,5,5,3,0,22,13,8,0,6,29,28,27,27,27,27,27,7,0,0,28,29,29,29,29,29,17,0,22,13,8,0,4,20,20,20,20,20,20,20,5,0,0,12,12,12,12,12,12,7,0,22,13,8,3,7,7,7,7,7,7,7,7,7,7,7,7,7,7,7,7,7,0,0,22,13,8,4,8,8,8,8,8,8,8,8,8,8,8,8,8,8,8,8,8,0,0,22,13,8,0,0,0,0,0,0,0,0,0,9,17,17,17,17,17,17,11,0,0,0,22,13,8,10,0,8,14,0,0,0,0,0,13,8,0,7,9,9,3,0,0,0,0,22,5,3,21,0,16,29,1,0,0,0,12,13,8,0,23,6,6,2,0,0,0,0,22,1,0,21,0,16,29,1,0,0,0,22,13,8,0,22,0,2,13,0,0,0,0,22,13,8,21,0,16,29,1,0,0,0,22,13,8,0,22,0,3,18,0,0,0,0,22,13,8,21,0,16,29,1,0,0,0,2,13,8,0,22,0,3,28,25,25,25,25,28,11,7,7,0,5,9,0,2,15,15,15,22,8,0,22,0,3,21,6,6,6,6,6,0,0,0,0,0,0,0,0,0,5,6,6,6,5,24,0,3,18,0,0,0,0,0,0,0,0,0,0,0,0,0,0,9,10,10,10,10,10,0,0,0,0,0,0,0,0,0,0,8,17,17,17,17,17,17,17,17,17,17,17,17,17,17,17,17,17,17,17,17,17,17,0,0,0,0,0,0,0,0,0,0,2,4,0,0,0,0,0,0,0,0,0,0,0,0,0,0,0,0,21,29,29,29,7,16,29,1,0,0,0,0,0,0,0,0,0,0,6,0,0,0,0,13,25,29,19,5,16,29,1,0,0,2,8,3,0,8,6,0,5,21,0,0,0,1,8,16,29,3,8,16,29,1,0,0,6,29,11,0,26,21,0,16,21,0,0,0,3,18,16,29,5,18,16,29,1,0,0,6,29,11,0,26,21,0,16,21,0,0,0,3,18,16,29,5,18,16,29,1,0,0,6,29,11,0,26,21,0,16,21,0,0,0,1,9,16,29,3,9,16,29,1,0,0,6,29,11,0,26,21,0,16,11,0,0,0,0,14,24,29,18,17,24,29,1,0,0,3,15,6,0,14,11,0,9
11,0,26,21,0,16,29,1,0,0,0,0,0,0,1,11,11,11,11,11,11,7,1,11,0,26,21,0,16,29,1,3,14,5,0,0,0,2,29,29,29,29,29,29,17,2,11,0,26,21,0,16,29,1,6,29,11,0,0,0,0,6,6,20,29,8,6,4,0,11,0,26,21,0,16,29,1,6,29,11,0,0,5,13,13,4,16,29,1,10,13,13,11,0,26,21,0,16,29,1,6,29,11,0,0,6,18,18,6,16,29,1,14,18,18,11,0,26,21,0,16,29,1,6,29,11,0,0,0,0,9,9,21,29,11,9,9,9,11,0,26,21,0,16,29,1,2,9,3,0,0,0,2,29,29,29,29,29,29,29,29,11,0,26,21,0,16,29,1,0,0,0,0,0,0,0,8,8,8,8,8,8,8,8,11,0,26,21,0,16,29,1,0,0,0,0,0,0,0,0,0,0,0,0,0,0,0,11,0,26,21,0,16,29,1,0,0,0,8,17,17,17,17,17,17,17,17,17,17,17,11,0,26,21,0,16,29,1,0,0,0,0,0,0,0,0,0,0,0,0,0,0,0,11,0,26,21,0,16,29,1,0,0,0,0,18,29,29,29,29,29,27,0,0,0,0,11,0,26,21,0,16,29,1,2,8,3,0,18,24,18,18,18,18,17,0,0,15,17,11,0,26,21,0,16,29,1,6,29,11,0,18,13,1,1,1,1,1,1,1,23,0,11,0,26,21,0,16,29,1,6,29,11,0,18,13,13,14,14,14,14,14,14,25,0,11,0,26,21,0,16,29,1,6,29,11,0,18,13,0,0,0,0,0,0,0,22,0,11,0,26,21,0,16,29,1,6,29,11,0,18,20,11,11,11,11,11,0,0,22,0,11,0,26,21,0,16,29,1,6,29,11,0,18,29,29,29,29,29,27,0,0,23,1,11,0,1,1,0,1,1,0,6,29,11,0,18,17,6,6,6,6,6,0,0,11,14,11,0,9,8,0,6,10,0,6,29,11,0,18,13,0,0,0,0,0,0,0,0,0,11,0,26,21,0,16,29,1,6,29,11,0,18,13,14,17,17,17,17,17,17,17,17,11,0,26,21,0,16,29,1,6,29,11,0,18,13,0,9,9,9,9,9,9,9,9,11,0,26,21,0,16,29,1,6,29,11,0,18,13,1,29,29,29,29,29,29,29,29
11,0,26,21,0,0,0,0,0,22,0,3,18,0,13,8,0,22,0,3,18,0,13,4,0,26,21,0,0,0,0,0,22,0,3,18,0,13,8,0,22,0,3,18,0,13,0,0,26,21,0,0,0,0,0,22,0,3,18,0,13,8,0,22,0,3,18,0,13,0,0,14,11,0,0,0,0,0,22,0,3,18,0,13,8,0,22,0,3,18,0,13,0,0,0,0,0,0,0,0,0,20,0,3,17,0,12,8,0,20,0,3,17,0,12,0,0,0,0,0,0,0,0,0,0,0,0,0,0,0,0,0,0,0,0,0,0,0,17,11,0,0,0,0,0,0,14,17,17,17,17,17,17,17,17,17,17,17,17,17,17,0,0,0,0,0,0,0,0,0,1,1,1,1,0,0,1,1,1,0,0,1,1,1,8,0,18,15,0,0,0,0,0,23,29,29,18,0,13,29,29,28,0,3,29,29,29,11,0,26,21,0,0,0,0,0,23,5,7,18,0,13,11,7,23,0,3,19,8,14,11,0,26,21,0,0,0,0,0,22,13,12,18,0,13,12,18,22,0,3,18,22,13,11,0,26,21,0,0,0,0,0,1,13,12,18,0,0,4,18,22,0,0,1,22,13,11,0,26,21,0,0,0,0,2,7,18,12,18,0,7,10,18,22,0,5,7,24,13,11,0,26,21,0,0,0,0,9,25,25,11,18,0,25,25,15,22,0,17,25,24,13,8,0,19,16,0,0,0,0,0,3,3,7,18,0,1,3,3,23,0,0,3,3,16,0,0,0,0,0,0,0,0,0,23,28,29,18,0,13,29,28,28,0,3,29,28,29,7,5,0,0,0,0,0,0,0,22,0,3,18,0,13,8,0,22,0,3,18,0,13,8,6,0,0,0,0,0,3,15,22,11,11,18,18,13,12,15,22,11,11,18,18,13,0,0,0,0,0,0,0,3,18,22,13,12,18,22,13,12,18,22,13,12,18,22,13,5,0,13,10,0,0,0,3,18,22,13,12,18,22,13,12,18,22,13,12,18,22,13,11,0,26,21,0,0,0,3,18,22,13,12,18,22,13,12,18,22,13,12,18,22,13,11,0,26,21,0,0,0,0,1,22,1,4,18,2,13,9,1,22,1,4,18,2,13,11,0,26,21,0,0,0,0,0,22,0,3,18,0,13,8,0,22,0,3,18,0,13
16,29,1,0,20,0,0,13,19,14,14,14,14,14,10,0,3,18,0,0,0,0,22,16,29,1,0,0,0,5,17,8,0,0,4,5,5,5,5,9,18,0,0,0,0,23,12,21,1,0,0,2,29,29,8,0,0,22,29,29,29,29,29,18,0,0,0,0,23,0,0,0,0,0,1,12,12,3,0,0,9,12,12,12,12,12,8,0,0,0,0,10,7,7,7,7,7,7,7,7,7,7,7,7,7,7,7,7,7,7,7,7,7,7,7,8,8,8,8,8,8,8,8,8,8,8,8,8,8,8,8,8,8,8,8,8,8,8,0,1,19,19,19,18,0,22,18,0,0,0,0,0,0,0,0,0,0,0,0,0,0,0,1,28,29,29,27,0,26,21,0,8,14,0,3,14,5,0,13,10,0,8,14,0,0,1,1,26,21,1,1,26,21,0,16,29,1,6,29,11,0,26,21,0,16,29,1,0,13,8,26,21,13,8,26,21,0,16,29,1,6,29,11,0,26,21,0,16,29,1,0,13,8,26,21,13,8,26,21,0,16,29,1,6,29,11,0,26,21,0,16,29,1,0,11,7,26,21,11,7,26,21,0,16,29,1,6,29,11,0,26,21,0,16,29,1,0,1,7,27,24,7,7,27,21,0,5,9,0,2,9,3,0,8,7,0,5,9,0,0,4,29,29,29,29,29,29,21,0,0,0,0,0,0,0,0,0,0,0,0,0,0,0,1,10,10,10,10,10,10,8,0,0,0,0,0,0,0,0,0,0,0,0,0,0,17,17,17,17,17,17,17,17,17,17,17,17,17,17,17,17,17,17,17,17,17,17,17,0,0,0,0,0,0,0,0,0,0,0,0,0,0,0,0,0,0,0,0,0,0,0,0,0,0,0,0,0,0,0,0,0,0,0,0,0,0,0,0,0,0,0,0,0,0,5,8,0,2,8,3,0,0,0,0,0,0,0,2,8,3,0,8,6,0,5,8,0,16,29,1,6,29,11,0,0,0,0,0,0,0,6,29,11,0,26,21,0,16,29,1,16,29,1,6,29,11,0,0,0,0,0,0,0,6,29,11,0,26,21,0,16,29,1,16,29,1,6,29,11,0,0,0,0,0,0,0,6,29,11,0,26,21,0,16,29,1,16,29,1,6,29,11,0,0,0,2,11,4,0,6,29,11,0,26,21,0,16,29,1
8,0,22,0,3,18,0,13,8,0,22,0,3,18,0,13,8,0,22,0,3,18,0,8,0,22,0,3,18,0,13,8,0,22,0,3,18,0,13,8,0,22,0,3,18,0,8,0,22,0,3,18,0,13,8,0,22,0,3,18,0,13,8,0,22,0,3,18,0,8,0,22,0,3,18,0,13,8,0,22,0,3,18,0,13,8,0,22,0,3,18,0,4,0,12,0,2,10,0,7,4,0,12,0,2,10,0,7,4,0,12,0,2,10,0,7,7,7,7,7,7,7,7,7,7,7,7,7,7,7,7,7,7,7,7,7,7,7,8,8,8,8,8,8,8,8,8,8,8,8,8,8,8,8,8,8,8,8,8,8,8,0,0,0,0,0,0,0,0,0,0,0,0,0,0,0,0,0,0,0,0,0,0,0,1,6,29,11,0,26,21,0,16,29,1,6,29,11,0,26,21,0,0,0,0,0,0,1,6,29,11,0,26,21,0,16,29,1,6,29,11,0,26,21,0,0,0,0,0,0,1,6,29,11,0,26,21,0,16,29,1,6,29,11,0,26,21,0,0,0,0,0,0,1,6,29,11,0,26,21,0,16,29,1,6,29,11,0,26,21,0,0,0,0,13,8,1,6,29,11,0,26,21,0,16,29,1,6,29,11,0,26,21,0,0,0,0,13,8,1,6,29,11,0,26,21,0,16,29,1,6,29,11,0,26,21,0,0,0,0,13,8,0,2,11,4,0,10,8,0,6,11,0,2,11,4,0,10,8,0,0,0,0,13,8,0,0,0,0,0,0,0,0,0,0,0,0,0,0,0,0,0,0,0,0,0,13,8,17,17,17,17,17,17,17,17,17,17,17,17,17,17,11,0,0,0,0,0,0,13,8,0,0,0,0,0,0,0,0,0,0,0,0,0,0,0,0,0,0,0,0,0,13,8,0,0,0,0,0,0,0,0,0,0,0,0,0,0,0,0,0,0,0,0,0,13,8,1,5,25,9,0,22,18,0,14,25,1,5,25,9,0,22,18,0,0,0,0,13,8,1,6,29,11,0,26,21,0,16,29,1,6,29,11,0,26,21,0,0,0,0,13,8,1,6,29,11,0,26,21,0,16,29,1,6,29,11,0,26,21,0,1,5,0,13,8,1,6,29,11,0,26,21,0,16,29,1,6,29,11,0,26,21,0,3,18,0,13,8
7,18,9,13,12,18,22,13,12,18,9,13,8,0,16,29,1,6,29,11,0,26,21,12,18,22,13,12,18,22,13,12,18,22,13,8,0,14,25,1,6,25,10,0,23,19,12,18,22,13,10,8,22,6,7,18,22,13,8,0,0,0,0,0,0,0,0,0,0,9,18,15,13,8,0,22,0,3,18,15,13,8,0,0,0,0,0,0,0,0,0,0,3,18,0,13,8,0,22,0,3,18,0,13,8,0,0,0,0,14,17,17,17,17,17,2,12,0,13,8,0,14,0,3,18,0,8,5,0,0,0,0,0,0,0,0,0,0,0,0,0,13,13,3,3,2,9,18,0,0,0,0,6,10,0,2,10,4,0,9,8,10,9,20,12,27,18,22,13,27,17,20,6,4,0,16,29,1,6,29,11,0,26,21,12,18,22,0,3,18,22,13,8,0,22,13,8,0,16,29,1,6,29,11,0,26,21,12,18,22,0,3,18,22,13,8,0,22,13,8,0,16,29,1,6,29,11,0,26,21,6,18,6,0,3,18,14,13,8,0,6,13,8,0,16,29,1,6,29,11,0,26,21,3,18,0,0,3,18,0,13,8,0,0,13,8,0,16,29,1,6,29,11,0,26,21,3,18,0,5,5,9,8,6,5,6,0,13,8,0,16,29,1,6,29,11,0,26,21,3,18,0,13,10,6,22,4,6,18,0,13,8,0,1,1,0,0,1,0,0,1,1,3,18,0,13,12,18,22,13,12,18,0,13,8,0,0,0,0,0,0,0,0,0,0,3,18,0,13,12,18,22,13,12,18,0,13,8,0,0,2,17,17,17,17,17,17,17,0,0,0,0,4,18,0,13,9,0,0,0,0,0,0,0,0,0,0,0,10,17,17,0,0,0,0,3,18,0,13,8,0,0,0,0,0,0,0,0,0,0,0,8,24,21,0,0,0,5,7,18,9,13,10,7,0,0,0,0,0,0,0,10,6,0,0,18,13,0,0,0,13,12,18,22,13,12,18,0,0,0,0,0,0,0,13,11,10,13,18,14,2,10,0,13,12,18,22,13,12,18,0,7,5,0,0,0,0,13,12,18,16,18,14,3,18,0,13,12,18,22,13,12,18,0,13,8,0,0,0,0,13,12,18,16,18,14,3,18,0,13,12,18,22,13,12,18,0,13,8,0,0,0,0,0,0,1,7,18,14
21,0,0,0,14,29,3,4,29,13,0,25,23,0,14,29,3,0,0,0,1,19,0,21,0,0,0,14,29,3,4,29,13,0,25,23,0,14,29,3,0,0,0,1,20,0,21,0,0,0,14,29,3,4,29,13,0,25,23,0,14,29,3,0,0,0,1,20,0,21,0,0,0,14,29,3,4,29,13,0,25,23,0,14,29,3,0,0,0,1,20,0,21,0,0,0,14,29,3,4,29,13,0,25,23,0,14,29,3,0,0,0,1,13,0,21,0,0,0,5,11,1,1,11,5,0,9,9,0,5,11,1,0,0,0,5,13,10,21,0,0,0,0,0,0,0,0,0,0,0,0,0,0,0,0,0,0,0,6,18,14,21,0,0,0,7,17,17,17,17,17,17,17,17,17,17,17,17,17,17,17,17,17,13,8,0,0,0,0,0,0,0,0,6,7,7,7,7,7,7,7,7,7,7,7,7,6,0,0,0,0,0,0,0,0,0,21,29,25,25,25,25,25,25,25,29,25,25,25,19,0,0,0,0,0,0,9,0,0,0,26,5,0,0,0,0,0,0,26,5,0,0,0,0,0,0,0,0,0,21,3,2,7,26,9,5,17,0,2,2,7,26,9,5,17,0,5,0,0,0,0,0,21,12,10,16,26,14,9,20,0,11,10,16,26,14,9,20,0,21,0,0,0,0,0,21,12,10,16,26,14,9,20,0,11,10,16,26,14,9,20,0,21,0,0,0,0,0,8,5,4,13,26,12,7,10,0,4,4,13,26,12,7,10,0,21,0,0,0,0,0,0,0,0,0,26,5,0,0,0,0,0,0,26,5,0,0,0,21,0,0,0,0,0,10,23,23,23,29,25,23,10,10,23,23,23,29,25,23,16,0,21,0,0,0,0,0,3,8,8,8,27,13,8,3,3,8,8,8,8,8,8,6,0,21,0,0,0,7,17,17,17,17,1,26,5,0,9,17,17,17,17,17,17,17,17,13,19,0,0,0,0,0,0,0,0,0,26,5,0,0,0,0,0,0,0,0,0,0,0,0,0,0,0,0,0,0,0,0,0,26,5,0,6,7,7,7,7,7,7,7,7,6,0,0,0,0,9,18,2,0,0,0,26,5,0,22,29,29,29,29,29,29,29,29,22,0,0,0,0,14,29,3,0,0,0,26,5,0,8,10,10,10,26,26,10,10,10,13
8,0,0,0,8,0,0,0,0,0,22,5,3,0,22,0,3,18,0,0,0,0,0,18,17,17,17,17,17,17,17,17,17,20,17,17,6,22,0,2,19,17,17,17,17,17,0,0,0,0,0,0,0,2,17,17,17,17,17,17,21,0,0,0,0,0,0,0,0,0,0,0,0,0,0,0,0,0,0,0,0,0,0,0,0,0,0,0,0,0,0,0,17,17,17,17,17,17,17,17,17,17,17,17,17,17,17,17,17,17,17,17,17,17,17,0,0,0,0,0,7,9,9,9,2,4,9,9,9,5,0,9,9,9,9,0,7,9,0,0,0,0,0,22,29,29,29,7,12,29,29,29,17,2,29,29,29,27,0,22,29,1,0,0,0,0,6,20,29,10,2,3,13,29,17,5,0,8,27,24,8,0,6,20,1,0,0,0,3,18,16,29,1,0,22,6,29,11,0,13,8,26,21,13,8,0,16,1,0,0,0,3,18,16,29,1,0,22,6,29,11,0,13,8,26,21,13,8,0,16,1,0,0,0,1,6,16,29,1,0,8,6,29,11,0,5,3,26,21,5,3,0,16,1,0,0,0,0,22,29,29,29,29,29,29,29,29,29,29,29,29,29,29,29,29,29,0,0,0,0,0,14,18,18,18,18,18,18,18,18,18,18,18,18,18,18,18,18,18,0,0,0,0,0,0,0,0,0,0,0,0,0,0,0,0,0,0,0,0,0,0,0,7,7,7,7,7,7,7,7,7,7,7,7,7,7,7,7,7,7,7,7,7,7,7,8,8,8,8,8,8,8,8,8,8,8,8,8,8,8,8,8,8,8,8,8,8,8,27,27,27,27,27,27,27,27,27,27,27,27,27,27,27,27,27,27,27,27,27,27,27,4,4,4,4,4,4,29,8,4,4,4,4,4,4,29,8,4,4,4,4,4,4,29,0,0,0,7,4,0,28,3,0,0,0,7,4,0,28,3,0,0,0,7,4,0,28,4,8,0,13,9,14,28,8,4,8,0,13,9,14,28,8,4,8,0,13,9,14,28,9,18,0,13,9,15,28,14,9,18,0,13,9,15,28,14,9,18,0,13,9,15,28,8,13,0,13,9,15,28,14,8,13,0,13,9,15,28,14,8,13,0,13,9,15,28,3,0,0,13,9,1,28,10,3,0,0,13,9,1,28,10,3,0,0,13,9,1,28
6,4,0,0,0,1,9,0,9,12,12,12,12,12,12,0,9,12,12,12,12,12,12,13,8,0,0,0,3,18,0,0,0,0,0,0,0,0,0,0,0,0,0,0,0,0,13,8,0,0,0,3,18,8,17,17,17,17,17,17,17,17,17,17,17,17,17,17,17,13,8,0,0,0,3,18,0,0,0,0,0,0,0,0,3,4,2,0,0,0,0,0,15,8,0,0,0,3,20,2,2,2,2,2,0,0,0,23,29,17,0,0,0,9,15,29,8,0,0,0,3,29,29,29,29,29,29,7,0,0,23,13,8,6,3,0,16,29,22,8,0,0,0,3,24,15,15,15,15,15,4,0,0,22,0,0,13,8,0,16,29,13,8,0,0,0,3,18,0,0,0,0,0,0,0,0,22,0,0,13,8,0,16,29,13,8,0,0,0,3,18,0,2,17,17,17,17,17,17,26,0,0,13,8,0,16,29,14,8,0,0,0,3,19,0,0,0,0,0,0,0,0,23,0,0,0,0,0,16,29,29,8,0,0,0,3,29,29,29,29,29,29,7,0,0,23,29,17,0,0,0,15,26,17,5,0,0,0,2,17,17,17,17,17,17,4,0,0,14,17,10,0,0,0,0,0,2,2,2,2,2,2,2,2,2,2,2,2,2,2,2,2,2,2,2,2,2,2,2,13,13,13,13,13,13,13,13,13,13,13,13,13,13,13,13,13,13,13,13,13,13,13,0,0,0,0,0,0,0,0,0,0,0,0,0,0,4,19,7,5,14,14,14,8,0,0,5,9,0,2,9,3,0,8,7,0,5,9,0,6,29,11,11,29,29,29,17,0,0,16,29,1,6,29,11,0,26,21,0,16,29,1,6,29,11,1,10,29,14,2,0,0,16,29,1,6,29,11,0,26,21,0,16,29,1,6,29,11,22,6,29,11,22,0,0,16,29,1,6,29,11,0,26,21,0,16,29,1,6,29,11,22,6,29,11,22,0,0,16,29,1,6,29,11,0,26,21,0,16,29,1,6,29,11,22,6,29,11,22,0,0,8,14,0,3,14,5,0,13,10,0,8,14,0,6,29,13,2,9,29,13,2,0,0,0,0,0,0,0,0,0,0,0,0,0,0,0,6,29,29,29,29,29,29,20,0,0,0,0,0,0,0,0,0,0,0,0,0,0,0,3,15,15,15,15,15,15,11,0
0,0,0,0,0,0,0,0,0,0,0,0,0,0,0,0,0,0,0,0,0,0,22,6,10,0,2,10,4,0,9,8,0,6,10,0,2,10,4,0,9,8,0,0,0,22,16,29,1,6,29,11,0,26,21,0,16,29,1,6,29,11,0,26,21,0,0,0,22,16,29,1,6,29,11,0,26,21,0,16,29,1,6,29,11,0,26,21,0,0,0,22,16,29,1,6,29,11,0,26,21,0,16,29,1,6,29,11,0,26,21,0,0,0,22,16,29,1,6,29,11,0,26,21,0,16,29,1,6,29,11,0,26,21,0,0,0,22,16,29,1,6,29,11,0,26,21,0,16,29,1,6,29,11,0,26,21,0,0,0,22,16,29,1,6,29,11,0,26,21,0,16,29,1,6,29,11,0,26,21,0,0,0,9,1,1,0,0,1,0,0,1,1,0,1,1,0,0,1,0,0,1,1,0,0,0,0,0,0,0,0,0,0,0,0,0,0,0,0,0,0,0,0,0,0,0,0,0,0,0,17,17,17,17,17,17,17,17,17,17,17,17,17,17,17,17,17,17,17,17,17,17,17,3,0,0,3,0,2,1,0,3,0,0,3,0,2,1,0,3,0,0,3,0,2,1,22,0,3,18,0,13,8,0,22,0,3,18,0,13,8,0,22,0,3,18,0,13,8,22,0,3,18,0,13,8,0,22,0,3,18,0,13,8,0,22,0,3,18,0,13,8,22,0,3,18,0,13,8,0,22,0,3,18,0,13,8,0,22,0,3,18,0,13,8,22,0,3,18,0,13,8,0,22,0,3,18,0,13,8,0,22,0,3,18,0,13,8,22,0,3,18,0,13,8,0,22,0,3,18,0,13,8,0,22,0,3,18,0,13,8,25,0,3,24,13,21,8,0,23,13,16,18,0,13,18,13,25,0,3,24,13,21,8,26,0,3,25,18,24,8,0,23,18,20,18,0,13,22,18,26,0,3,25,18,24,8,22,6,8,18,11,13,10,9,22,6,8,18,11,13,10,9,22,6,8,18,11,13,10,22,13,12,18,22,13,12,18,22,13,12,18,22,13,12,18,22,13,12,18,22,13,12,22,13,12,18,22,13,12,18,22,13,12,18,22,13,12,18,22,13,12,18,22,13,12,5,13,9,4,22,3,6,18,5,13,9,4,22,3,6,18,5,13,9,4,22,3,6
22,0,3,18,22,13,12,18,22,13,12,18,0,13,12,18,22,13,12,18,22,13,8,22,0,3,18,22,13,12,18,22,13,12,18,0,13,12,18,22,13,12,18,22,13,8,22,0,3,18,22,13,12,18,22,13,12,18,0,13,12,18,22,13,12,18,22,13,8,22,0,3,18,22,1,4,18,2,13,12,18,0,13,12,18,2,13,9,1,22,13,8,22,0,3,18,22,0,3,18,0,13,12,18,0,13,12,18,0,13,8,0,22,13,8,22,0,3,18,2,0,0,2,0,1,4,18,0,13,9,1,0,1,1,0,2,13,8,25,0,3,24,9,0,0,0,0,2,16,18,0,13,18,5,0,0,0,0,6,21,8,18,0,2,18,13,0,14,25,1,3,18,12,0,8,18,6,0,0,0,0,9,18,5,0,0,0,0,0,0,16,29,1,0,0,0,0,0,0,0,0,0,0,0,0,0,0,0,0,0,0,0,0,16,29,1,0,0,0,0,0,0,0,0,0,0,0,0,0,0,0,0,0,0,0,0,16,29,1,0,0,0,0,0,0,0,0,0,0,0,0,0,0,0,0,0,0,0,0,16,29,1,0,0,0,0,0,0,0,0,0,0,0,0,0,0,17,0,2,17,12,0,0,0,0,2,17,11,0,8,17,6,0,0,0,0,8,17,5,25,0,3,24,10,0,0,0,0,2,16,18,0,13,19,5,0,0,0,0,7,21,8,22,0,3,18,1,0,0,1,0,0,4,18,0,13,9,1,0,0,0,0,1,13,8,22,0,3,18,22,0,3,18,0,13,12,18,0,13,12,18,0,13,8,0,22,13,8,22,0,3,18,22,0,4,18,0,13,12,18,0,13,12,18,0,13,9,0,22,13,8,22,0,3,18,22,13,12,18,22,13,12,18,0,13,12,18,22,13,12,18,22,13,8,22,0,3,18,22,13,12,18,22,13,12,18,0,13,12,18,22,13,12,18,22,13,8,22,0,3,18,22,13,12,18,22,13,12,18,0,13,12,18,22,13,12,18,22,13,8,22,0,3,18,22,13,12,18,22,13,12,18,0,13,12,18,22,13,12,18,22,13,8,0,0,0,0,22,0,2,9,0,13,9,0,0,0,4,18,0,6,4,0,22,0,0,16,11,10,13,22,9,6,0,16,13,11,13,19,9,10,18,16,0,2,13,22,9,9
17,0,3,14,0,10,6,0,17,0,3,14,0,10,6,0,17,0,3,14,0,10,6,22,0,3,18,0,13,8,0,22,0,3,18,0,13,8,0,22,0,3,18,0,13,8,22,0,3,18,0,13,8,0,22,0,3,18,0,13,8,0,22,0,3,18,0,13,8,22,0,3,18,0,13,8,0,22,0,3,18,0,13,8,0,22,0,3,18,0,13,8,22,0,3,18,0,13,8,0,22,0,3,18,0,13,8,0,22,0,3,18,0,13,8,23,0,3,19,1,15,8,0,23,1,5,18,0,13,10,1,23,0,3,19,1,15,8,28,0,3,29,29,29,8,0,23,29,29,18,0,13,29,29,28,0,3,29,29,29,8,23,1,4,19,3,14,9,1,23,2,5,18,2,13,10,2,23,1,4,19,3,14,9,22,13,12,18,22,13,12,18,22,13,12,18,22,13,12,18,22,13,12,18,22,13,12,22,13,12,18,22,13,12,18,22,13,12,18,22,13,12,18,22,13,12,18,22,13,12,14,13,11,12,22,8,9,18,14,13,11,12,22,8,9,18,14,13,11,12,22,8,9,0,13,8,0,22,0,3,18,0,13,8,0,22,0,3,18,0,13,8,0,22,0,3,22,13,12,18,22,0,3,18,0,13,12,18,22,13,12,18,0,13,8,0,22,13,12,22,13,12,18,22,0,3,18,0,13,12,18,22,13,12,18,0,13,8,0,22,13,12,22,13,12,18,22,0,3,18,0,13,12,18,22,13,12,18,0,13,8,0,22,13,12,22,13,12,18,22,0,0,0,0,13,12,18,22,13,12,18,0,0,0,0,22,13,12,22,12,11,18,19,0,0,0,0,12,11,18,19,13,12,16,0,0,0,0,19,13,12,22,0,3,18,0,0,0,0,0,0,3,18,0,13,8,0,0,0,0,0,0,13,8,22,0,3,18,0,0,0,0,0,0,3,18,0,13,8,0,0,0,0,0,0,13,8,22,8,9,18,13,0,2,11,0,8,9,18,13,13,11,11,0,8,5,0,13,13,11,22,13,12,18,22,0,3,18,0,13,12,18,22,13,12,18,0,13,8,0,22,13,12,17,13,12,14,22,0,3,18,0,13,12,14,22,10,10,18,0,13,8,0,22,10,10,0,10,6,0,17,0,3,14,0,10,6,0,17,0,3,14,0,10,6,0,17,0,3
8,8,2,0,0,11,19,1,4,19,7,0,17,14,0,16,29,1,0,0,0,22,6,27,27,7,0,0,0,0,0,0,0,0,0,0,0,0,16,29,1,0,0,0,23,19,20,20,5,0,0,0,0,0,0,0,0,0,0,0,0,16,29,1,0,0,0,10,12,7,7,7,7,2,0,1,7,7,7,7,7,7,5,0,16,29,1,0,0,6,7,7,8,8,8,8,3,0,1,8,8,8,8,8,8,6,0,16,29,1,0,0,7,8,8,19,19,19,19,2,0,0,0,0,0,0,0,0,0,0,16,29,1,0,0,0,12,0,12,12,12,29,3,0,0,0,0,0,0,0,0,0,0,16,29,1,0,0,0,22,0,0,14,0,28,3,0,0,0,6,28,11,0,26,21,0,16,29,1,0,0,0,22,0,0,22,0,28,3,0,0,0,6,29,11,0,26,21,0,16,29,1,0,0,0,22,0,0,17,0,28,3,0,0,0,6,29,11,0,26,21,0,3,5,0,0,0,0,22,0,17,17,17,29,3,0,0,0,6,29,11,0,26,21,0,3,6,0,0,1,7,22,5,14,14,14,29,3,0,0,0,6,25,10,0,23,19,0,16,29,1,0,3,18,22,13,29,29,5,28,3,0,0,0,0,0,0,0,0,0,0,16,29,1,0,3,18,22,13,2,2,0,28,3,0,0,0,0,0,0,0,0,0,0,16,29,1,0,3,18,22,13,17,11,0,28,3,0,2,17,17,17,17,17,17,11,0,16,29,1,0,1,9,22,6,0,0,0,28,3,0,0,0,0,0,0,0,0,0,0,16,29,1,0,0,0,23,7,0,0,0,28,3,0,0,0,2,10,4,0,9,8,0,16,29,1,0,0,0,20,25,27,27,7,28,3,0,0,0,6,29,11,0,26,21,0,16,29,1,0,0,1,3,3,29,21,5,28,3,0,0,0,6,29,11,0,26,21,0,16,29,1,0,0,10,28,29,29,1,0,28,3,0,0,0,6,29,11,0,26,21,0,16,29,1,0,0,0,0,13,29,22,5,28,3,0,0,0,6,29,11,0,26,21,0,16,29,1,0,0,0,7,13,26,26,7,28,3,0,0,0,6,29,11,0,26,21,0,16,29,1,0,0,0,22,13,0,0,0,28,3,0,0,0,6,29,11,0,26,21,0,16,29,1,0,0,0,23,10
8,0,0,0,16,29,1,6,29,11,0,26,21,0,0,0,0,13,8,26,21,13,8,4,0,0,0,16,29,1,6,29,11,0,26,21,0,0,0,0,13,8,26,21,13,8,0,0,0,0,16,29,1,6,29,11,0,26,21,0,0,0,0,6,4,26,21,6,4,0,0,0,0,16,29,1,6,29,11,0,26,21,0,0,0,0,2,17,28,26,17,17,0,26,21,0,1,1,0,0,1,0,0,1,1,0,0,0,0,4,29,29,29,29,29,0,26,21,0,0,0,0,0,0,0,0,0,0,0,0,0,0,0,0,0,0,0,0,0,26,21,0,0,0,8,17,17,17,17,17,17,17,17,17,17,17,17,17,17,17,17,0,26,21,0,0,0,0,0,0,0,0,0,0,0,0,0,0,13,17,17,8,0,0,0,23,19,0,2,4,0,1,4,1,0,4,3,0,0,0,0,11,14,24,13,0,0,0,0,0,0,16,29,1,6,29,11,0,26,21,0,0,0,0,8,5,18,13,0,0,0,0,0,0,16,29,1,6,29,11,0,26,21,0,0,0,0,13,8,18,13,0,0,6,0,0,0,16,29,1,6,29,11,0,26,21,0,0,0,0,13,8,18,13,0,0,8,0,0,0,16,29,1,6,29,11,0,26,21,0,0,0,0,13,8,18,13,0,0,8,0,0,0,11,19,1,4,19,7,0,17,14,0,0,0,0,13,8,18,13,0,0,8,0,0,0,0,0,0,0,0,0,0,0,0,0,0,0,0,3,3,20,13,0,0,8,0,0,0,0,0,0,0,0,0,0,0,0,0,0,0,0,22,28,28,13,0,0,8,0,0,0,0,0,3,7,7,7,7,7,7,7,7,7,7,7,7,7,7,7,7,7,0,0,0,0,0,4,8,8,8,8,8,8,8,8,8,8,8,8,8,8,8,8,0,0,0,0,0,0,0,0,0,0,0,0,0,0,0,0,0,0,0,0,0,0,0,4,0,0,0,0,0,0,0,0,0,0,0,0,0,0,0,0,0,0,0,0,0,0,8,0,0,0,16,28,1,6,28,11,0,26,21,0,16,28,1,6,28,11,0,26,21,8,0,0,0,16,29,1,6,29,11,0,26,21,0,16,29,1,6,29,11,0,26,21,8,0,0,0,16,29,1,6,29,11,0,26,21,0,16,29,1,6,29,11,0,26,21
0,0,0,0,26,21,0,0,0,0,0,0,0,0,0,28,25,25,6,0,0,0,0,5,25,9,0,26,21,0,14,25,1,5,25,9,0,0,28,3,6,0,0,5,25,9,6,29,11,0,26,21,0,16,29,1,6,29,11,0,0,28,3,22,0,0,6,29,11,6,29,11,0,26,21,0,16,29,1,6,29,11,0,0,28,3,22,0,0,6,29,11,6,29,11,0,26,21,0,16,29,1,6,29,11,0,0,28,3,22,0,0,6,29,11,6,29,11,0,26,21,0,16,29,1,6,29,11,0,0,28,3,22,0,0,6,29,11,0,0,0,0,0,0,0,0,0,0,0,0,0,0,0,28,3,6,0,0,0,0,0,0,0,0,0,0,0,0,0,0,0,0,0,0,0,0,28,24,23,6,0,0,0,0,0,0,0,0,0,0,0,0,0,0,0,0,0,0,0,8,8,8,2,0,0,0,0,17,17,17,17,17,17,17,17,17,17,17,17,17,17,17,17,17,17,17,17,17,17,17,0,0,0,0,0,0,0,0,0,0,0,0,0,0,0,0,0,0,0,0,0,0,0,0,0,0,0,0,0,0,0,0,0,0,0,0,0,0,0,0,0,0,0,0,0,0,4,18,7,0,17,13,0,10,18,1,4,18,7,0,17,13,0,10,18,1,4,18,7,6,29,11,0,26,21,0,16,29,1,6,29,11,0,26,21,0,16,29,1,6,29,11,6,29,11,0,26,21,0,16,29,1,6,29,11,0,26,21,0,16,29,1,6,29,11,6,29,11,0,26,21,0,16,29,1,6,29,11,0,26,21,0,16,29,1,6,29,11,6,29,11,0,26,21,0,16,29,1,6,29,11,0,26,21,0,16,29,1,6,29,11,1,5,2,0,5,4,0,3,5,0,1,5,2,0,5,4,0,3,5,0,1,5,2,0,0,0,0,0,0,0,0,0,0,0,0,0,0,0,0,0,0,0,0,0,0,0,7,7,7,7,7,7,7,7,7,7,7,7,7,7,7,7,7,7,7,7,7,7,7,8,8,8,8,8,8,8,8,8,8,8,8,8,8,8,8,8,8,8,8,8,8,8,0,0,0,0,0,0,0,0,0,0,0,0,17,27,27,16,0,0,0,0,0,0,0,6,29,11,0,26,21,0,16,29,1,0,0,18,16,4,2,0,16,29,1,6,29,11
29,1,0,22,0,0,0,0,2,14,14,14,14,14,14,14,14,14,14,14,14,0,0,27,1,0,22,0,0,0,0,0,0,0,0,3,0,0,8,17,17,17,17,17,18,18,0,0,0,22,0,0,0,0,0,0,0,3,18,0,0,0,0,0,4,2,0,3,18,0,0,0,22,0,0,0,0,0,0,0,3,18,0,0,0,0,0,13,8,0,3,18,0,0,0,22,0,0,0,0,0,0,0,3,18,0,0,0,0,0,13,8,0,3,18,29,1,0,22,0,0,0,4,5,5,5,6,7,5,5,5,5,5,6,4,0,3,18,29,1,0,22,0,0,0,23,11,14,14,14,14,14,14,14,14,14,14,11,3,4,18,29,1,0,22,0,0,0,22,2,12,12,12,12,12,12,12,12,12,12,26,12,4,18,29,1,0,22,0,0,0,22,0,3,7,7,7,7,7,7,7,5,0,22,0,3,18,29,1,0,22,0,0,0,22,0,4,8,8,8,8,8,8,8,6,0,22,0,3,18,29,1,0,22,0,0,0,22,0,3,3,3,3,3,3,3,3,3,3,23,0,3,18,29,1,0,22,0,0,0,22,2,12,12,12,12,12,12,12,13,14,14,14,1,4,18,29,1,0,11,0,0,0,22,0,0,0,0,1,0,0,0,2,16,24,14,14,4,18,29,1,0,0,0,0,0,22,0,0,0,3,18,0,0,0,0,3,18,16,0,3,18,29,1,0,0,0,0,0,22,0,0,0,3,18,0,0,0,0,3,18,22,0,3,18,29,1,0,19,0,0,0,22,0,0,0,2,13,0,0,0,0,3,18,16,0,3,18,6,0,0,22,0,0,0,23,15,15,15,15,15,15,15,15,15,17,24,15,15,4,18,2,0,0,22,0,0,0,0,0,0,0,0,0,0,0,7,14,14,14,14,14,16,18,29,1,0,22,0,0,0,0,0,0,0,0,0,0,0,1,2,2,2,2,2,2,1,29,1,0,22,0,8,17,17,17,17,17,17,17,17,17,17,17,17,17,17,17,17,17,29,1,0,22,0,0,0,0,0,0,0,0,0,0,0,0,0,0,0,0,0,0,0,29,1,0,22,0,0,0,0,0,0,0,0,2,29,29,29,27,0,22,29,29,29,7,29,1,0,22,0,0,8,6,0,0,0,0,1,18,28,27,17,0,14,25,29,19,5
0,0,0,0,0,7,14,0,17,4,0,22,0,7,14,0,17,4,0,0,0,0,0,0,0,0,0,10,11,14,16,17,10,10,22,13,11,14,16,17,10,10,0,0,0,0,0,0,0,0,13,12,14,22,17,12,14,22,17,12,14,22,17,12,14,0,0,0,0,0,0,0,0,13,12,14,22,17,12,14,22,17,12,14,22,17,12,14,0,0,0,0,0,0,0,0,13,12,14,22,17,12,14,22,17,12,14,22,17,12,14,0,0,0,0,0,0,0,0,2,8,14,3,17,6,2,22,2,8,14,3,17,6,2,0,0,0,0,0,0,0,0,8,21,14,0,17,19,17,24,0,7,23,17,25,4,0,0,0,0,0,0,0,0,0,6,14,7,0,17,17,14,12,0,7,22,14,14,2,0,0,0,0,0,0,0,0,0,6,13,13,1,17,8,13,13,6,7,14,13,13,10,0,0,0,0,0,0,0,0,0,13,20,18,1,17,12,24,18,8,7,14,26,18,14,0,0,0,0,0,0,0,0,0,13,4,0,0,17,12,14,0,0,7,14,22,0,0,0,0,0,0,0,0,0,0,0,13,10,9,0,17,12,14,15,0,7,14,22,11,3,0,0,0,0,0,0,0,0,0,6,10,14,0,17,8,6,22,0,7,14,9,17,4,0,0,0,0,0,0,0,0,0,9,22,14,0,17,21,19,24,0,7,24,19,25,4,0,0,0,0,0,0,0,0,0,6,12,6,0,7,12,12,10,0,3,12,12,12,2,0,0,0,0,0,0,0,0,0,3,7,7,7,7,7,7,7,7,7,7,7,7,7,1,0,0,0,0,0,0,0,0,4,8,8,8,8,8,8,8,8,8,8,8,8,8,2,0,0,0,0,0,0,0,0,0,4,7,0,9,2,0,12,0,4,7,0,9,2,0,0,0,0,0,0,0,0,0,0,7,14,0,17,4,0,22,0,7,14,0,17,4,0,0,0,0,0,0,0,0,0,0,7,14,0,17,4,0,22,0,7,14,0,17,4,0,0,0,0,0,0,0,0,0,0,7,14,0,17,4,0,22,0,7,14,0,17,4,0,0,0,0,0,0,0,0,0,0,7,14,0,17,4,0,22,0,7,14,0,17,4,0,0,0,0,0,0,0,0,0,5,9,14,9,17,8,5,22,7,9,14,9,17,8,5,0,0,0,0
0,0,0,19,27,25,14,0,0,0,0,0,0,0,0,0,0,0,0,0,0,27,20,0,0,0,19,12,3,2,0,0,0,0,23,17,0,14,25,0,6,25,9,0,5,4,0,0,0,19,12,14,7,0,0,0,0,27,20,0,17,29,0,7,29,10,0,0,0,0,0,0,19,12,14,7,0,0,0,0,27,20,0,17,29,0,7,29,10,0,0,0,0,0,0,19,12,14,7,0,0,0,0,27,20,0,17,29,0,7,29,10,0,0,0,0,0,0,19,12,14,7,0,0,0,0,27,20,0,17,29,0,7,29,10,0,0,0,0,0,0,19,12,4,2,0,0,0,0,0,0,0,0,0,0,0,0,0,0,0,0,0,0,0,19,26,23,13,0,0,0,0,0,0,0,0,0,0,0,0,0,0,0,0,0,0,0,5,8,8,5,0,0,0,0,0,0,0,0,0,0,0,0,0,0,0,0,11,17,17,17,17,17,17,17,17,17,17,17,17,17,17,17,17,5,0,0,0,0,0,0,0,0,0,0,0,0,0,0,0,0,0,0,0,0,0,0,0,0,0,0,0,0,0,0,0,0,0,0,0,0,0,0,0,0,0,0,0,0,0,0,0,0,0,0,0,0,17,13,0,11,18,0,5,18,6,0,17,13,0,11,18,0,5,18,6,0,0,0,0,27,20,0,17,29,0,7,29,10,0,27,20,0,17,29,0,7,29,10,0,0,0,0,27,20,0,17,29,0,7,29,10,0,27,20,0,17,29,0,7,29,10,0,0,0,0,27,20,0,17,29,0,7,29,10,0,27,20,0,17,29,0,7,29,10,0,0,0,0,27,20,0,17,29,0,7,29,10,0,27,20,0,17,29,0,7,29,10,0,0,0,0,5,4,0,3,5,0,1,5,2,0,5,4,0,3,5,0,1,5,2,0,0,0,0,0,0,0,0,0,0,0,0,0,0,0,0,0,0,0,0,0,0,0,0,0,0,5,7,7,7,7,7,7,7,7,7,7,7,7,7,7,7,7,7,5,0,0,0,0,6,8,8,8,8,8,8,8,8,8,8,8,8,8,8,8,8,8,5,0,0,0,0,9,27,27,25,0,0,0,0,0,0,0,0,0,0,0,0,0,0,0,0,0,0,0,9,24,4,4,0,0,0,7,29,10,0,27,20,0,17,29,0,7,29,10,0,0,0
24,14,14,14,14,14,14,0,0,22,0,0,0,0,13,8,0,7,14,14,14,14,14,18,0,0,2,5,5,5,5,5,24,0,0,0,0,13,13,5,5,5,5,5,0,0,18,0,0,12,29,29,29,29,29,28,0,0,0,0,13,29,29,29,29,29,27,0,0,8,0,0,5,12,12,12,12,12,12,0,0,0,0,6,12,12,12,12,12,12,0,0,7,7,7,7,7,7,7,7,7,7,7,7,7,7,7,7,7,7,7,7,7,7,7,8,8,8,8,8,8,8,8,8,8,8,8,8,8,8,8,8,8,8,8,8,8,8,25,1,0,0,0,0,0,0,0,0,0,0,0,0,0,0,0,0,0,0,0,0,0,29,1,3,14,5,0,13,10,0,8,14,0,3,14,5,0,13,10,0,8,14,0,0,29,1,6,29,11,0,26,21,0,16,29,1,6,29,11,0,26,21,0,16,29,1,0,29,1,6,29,11,0,26,21,0,16,29,1,6,29,11,0,26,21,0,16,29,1,0,29,1,6,29,11,0,26,21,0,16,29,1,6,29,11,0,26,21,0,16,29,1,0,29,1,6,29,11,0,26,21,0,16,29,1,6,29,11,0,26,21,0,16,29,1,0,29,1,2,9,3,0,8,7,0,5,9,0,2,9,3,0,8,7,0,5,9,0,0,29,1,0,0,0,0,0,0,0,0,0,0,0,0,0,0,0,0,0,0,0,0,0,10,0,0,0,0,0,0,0,0,0,0,0,0,0,0,0,0,0,0,0,0,0,0,17,17,17,17,17,17,17,17,17,17,17,17,17,17,17,17,17,17,17,17,17,17,17,0,0,0,0,0,0,0,0,0,0,0,0,0,0,0,0,0,0,0,0,0,0,0,0,0,0,0,0,0,0,0,0,0,0,0,0,0,0,0,0,0,0,0,0,0,0,0,0,0,0,0,0,8,6,0,5,8,0,2,8,3,0,8,6,0,0,0,0,0,0,0,0,0,0,0,26,21,0,16,29,1,6,29,11,0,26,21,0,0,0,0,0,0,0,0,0,0,0,26,21,0,16,29,1,6,29,11,0,26,21,0,0,0,0,0,0,0,0,0,0,0,26,21,0,16,29,1,6,29,11,0,26,21,0,0,0,0,0,0,0,10,8,0,0,26,21,0,16,29,1,6,29,11,0,26,21,0,0,2,11,4
8,8,27,24,8,8,8,5,0,28,3,0,6,29,11,0,26,21,0,16,29,1,6,3,0,26,21,0,2,3,3,3,29,3,0,6,29,11,0,26,21,0,16,29,1,0,25,0,26,21,0,17,28,28,28,28,3,0,6,29,11,0,26,21,0,16,29,1,3,0,0,26,21,0,0,0,0,0,0,0,0,6,29,11,0,26,21,0,16,29,1,6,0,5,27,23,5,5,5,3,0,0,0,0,6,29,11,0,26,21,0,16,29,1,6,1,29,29,29,29,29,29,17,0,0,0,0,6,29,11,0,26,21,0,16,29,1,6,0,12,12,12,12,12,12,7,0,0,0,0,6,29,11,0,26,21,0,16,29,1,6,7,7,7,7,7,7,7,7,7,7,7,0,6,29,11,0,26,21,0,16,29,1,6,8,8,8,8,8,8,8,8,8,8,8,0,6,29,11,0,26,21,0,16,29,1,6,0,0,0,7,19,19,19,19,19,19,2,0,6,29,11,0,26,21,0,16,29,1,6,9,2,0,11,28,28,28,28,28,29,3,0,6,29,11,0,26,21,0,16,29,1,6,17,8,0,0,0,0,0,0,0,28,3,0,6,29,11,0,26,21,0,16,29,1,6,13,20,17,17,17,17,17,17,6,28,3,0,6,29,11,0,26,21,0,16,29,1,6,13,8,0,0,0,0,0,0,0,28,3,0,6,29,11,0,26,21,0,16,29,1,6,13,8,0,0,1,1,1,1,1,29,3,0,6,29,11,0,26,21,0,16,29,1,6,13,8,0,11,29,29,29,29,29,29,3,0,6,29,11,0,26,21,0,16,29,1,6,20,7,0,6,17,17,17,17,17,29,3,0,6,29,11,0,26,21,0,16,29,1,6,0,0,0,0,0,0,0,0,0,28,3,0,6,29,11,0,26,21,0,16,29,1,6,17,17,17,17,17,17,17,17,6,28,3,0,6,29,11,0,26,21,0,16,29,1,6,0,0,0,0,0,0,0,0,0,28,3,0,6,29,11,0,26,21,0,16,29,1,6,29,29,29,29,29,29,29,17,0,28,3,0,6,29,11,0,26,21,0,16,29,1,6,18,18,28,27,18,18,18,11,0,28,3,0,6,29,11,0,26,21,0,16,29,1,6,0,0,26,21,0,0,0,0,0,28,3,0,6,29,11,0,26,21,0,16,29,1,6
0,0,0,0,13,4,0,0,0,7,14,22,17,12,14,22,0,0,0,0,0,0,0,0,0,0,0,11,3,0,0,0,6,11,22,14,11,14,18,0,0,0,0,0,0,0,0,0,0,0,0,0,0,0,0,0,0,22,0,7,14,0,0,0,0,0,0,0,0,0,0,0,0,0,0,0,0,0,0,0,22,0,7,14,0,0,0,0,0,0,0,0,0,0,0,0,9,3,0,15,0,5,9,22,11,11,14,15,0,5,9,0,0,0,0,0,0,0,0,13,4,0,22,0,7,14,22,17,12,14,22,0,7,14,0,0,0,0,0,0,0,0,13,4,0,22,0,7,14,16,17,10,10,22,0,7,14,0,0,0,0,0,0,0,0,10,3,0,22,0,6,11,3,13,4,1,17,0,7,14,0,0,0,0,0,0,0,0,0,0,0,22,0,0,0,22,0,7,14,0,0,7,14,0,0,0,0,0,0,0,0,0,0,0,22,0,0,0,22,4,9,14,0,0,7,14,0,0,0,0,0,0,0,0,0,7,13,22,16,4,0,22,17,12,14,0,16,12,14,0,0,0,0,0,0,0,0,0,7,14,22,17,4,0,22,17,12,14,0,17,12,14,0,0,0,0,0,0,0,0,7,10,14,19,17,9,15,24,17,12,22,13,17,11,12,0,0,0,0,0,0,0,0,13,7,4,0,5,9,23,14,9,7,17,24,5,1,0,0,0,0,0,0,0,0,0,13,4,0,5,0,7,14,0,4,1,0,22,0,1,3,0,0,0,0,0,0,0,0,13,4,0,22,0,7,14,0,17,4,0,22,0,7,14,0,0,0,0,0,0,0,0,13,7,4,22,5,9,14,0,17,4,0,22,5,9,14,0,0,0,0,0,0,0,0,13,12,14,22,17,12,14,1,17,5,0,22,17,12,14,0,0,0,0,0,0,0,0,13,12,14,22,17,12,14,22,17,12,14,22,17,12,14,0,0,0,0,0,0,0,0,13,11,11,22,14,11,14,22,17,12,14,22,14,11,14,0,0,0,0,0,0,0,0,13,4,0,22,0,7,14,22,17,12,14,22,0,7,14,0,0,0,0,0,0,0,0,13,4,0,22,0,7,14,3,17,6,2,22,0,7,14,0,0,0,0,0,0,0,0,13,10,9,22,11,11,14,15,17,10,9,22,11,11,14,0,0,0,0
0,29,17,0,20,27,0,10,29,7,0,17,4,0,22,17,4,0,22,17,4,0,22,0,29,17,0,20,27,0,10,29,7,0,17,7,5,22,17,4,0,22,17,7,5,22,0,29,17,0,20,27,0,10,29,7,0,17,12,14,22,17,4,0,22,17,12,14,22,0,1,1,0,1,1,0,6,17,4,0,17,12,14,22,17,4,0,22,17,12,14,22,0,0,0,0,0,0,0,0,0,0,0,17,12,14,22,17,4,0,22,17,12,14,22,13,17,17,17,17,3,0,9,25,6,0,17,10,10,22,12,3,0,16,17,10,10,22,0,0,0,0,0,0,0,10,29,7,0,2,1,0,22,0,1,2,0,17,5,0,3,0,4,2,0,3,4,0,10,29,7,0,2,8,14,22,17,12,14,22,17,12,14,3,0,29,17,0,20,27,0,10,29,7,0,17,12,14,22,17,12,14,22,17,12,14,22,0,29,17,0,20,27,0,10,29,7,0,17,7,5,22,6,9,14,8,17,7,5,22,0,29,17,0,20,27,0,10,29,7,0,17,4,0,22,8,10,14,10,17,4,0,22,0,29,17,0,20,27,0,10,29,7,0,17,5,0,22,17,12,14,22,17,5,0,22,0,19,11,0,13,18,0,10,29,7,0,17,12,14,22,17,12,14,22,17,12,14,22,0,0,0,0,0,0,0,10,29,7,0,17,12,14,22,13,11,14,17,17,12,14,22,0,0,0,0,0,0,0,10,29,7,0,17,12,14,22,0,7,14,0,17,12,14,22,6,7,7,7,0,0,0,10,29,7,0,17,4,0,22,0,7,14,0,17,4,0,22,7,8,8,8,0,0,0,10,29,7,0,17,4,0,22,0,7,14,0,17,4,0,22,0,0,0,0,0,0,0,10,29,7,0,0,0,0,22,0,0,0,0,17,4,0,0,0,0,0,0,0,0,0,10,29,7,0,2,5,8,27,25,11,12,24,28,9,8,3,0,28,17,0,20,27,0,10,29,7,0,17,12,14,6,20,12,14,24,6,9,14,22,0,29,17,0,20,27,0,10,29,7,0,17,12,14,0,17,12,14,22,0,7,14,22,0,29,17,0,20,27,0,10,29,7,0,17,9,8,0,17,12,14,22,0,4,8,22,0,29,17,0,20,27,0,10,29,7,0,17,4,0,0,17,4,0,22,0,0,0,22
0,22,0,3,18,0,13,8,0,22,0,3,18,0,13,8,0,22,0,3,18,0,13,0,22,0,3,18,0,13,8,0,22,0,3,18,0,13,8,0,22,0,3,18,0,13,23,27,0,3,27,23,26,8,0,23,23,24,18,0,13,25,23,27,0,3,27,23,26,8,24,0,3,22,8,18,8,0,23,8,11,18,0,13,15,8,24,0,3,22,8,18,15,22,11,11,18,19,13,12,15,22,11,11,18,19,13,12,15,22,11,11,18,19,13,18,22,13,12,18,22,13,12,18,22,13,12,18,22,13,12,18,22,13,12,18,22,13,18,20,13,12,17,22,12,12,18,20,13,12,17,22,12,12,18,20,13,12,17,22,12,18,0,13,8,0,22,0,3,18,0,13,8,0,22,0,3,18,0,13,8,0,22,0,18,0,13,8,0,22,10,10,18,16,13,8,0,22,0,3,18,16,13,11,13,22,0,18,0,13,8,0,22,13,12,18,22,13,8,0,22,0,3,18,22,13,12,18,22,0,18,0,13,8,0,22,13,12,18,22,13,8,0,22,0,3,18,22,13,12,18,22,0,18,0,4,2,0,22,13,12,18,22,13,8,0,6,0,3,18,22,13,12,18,22,0,18,0,0,0,0,22,13,12,18,22,13,8,0,0,0,3,18,22,13,12,18,22,0,2,0,0,0,0,3,13,9,2,22,1,1,0,0,0,0,2,22,1,5,18,3,0,0,0,0,0,0,0,13,8,0,22,0,0,0,0,0,0,0,22,0,3,18,0,0,6,0,4,2,0,7,13,10,6,22,4,2,0,7,0,1,6,22,4,6,18,7,0,18,0,13,8,0,22,13,12,18,22,13,8,0,22,0,3,18,22,13,12,18,22,0,18,0,13,8,0,22,13,12,18,22,13,8,0,22,0,3,18,22,13,12,18,22,0,18,0,13,8,0,22,0,4,18,0,13,8,0,22,0,3,18,0,13,9,0,22,0,1,0,13,8,0,2,11,7,1,18,1,0,0,22,0,0,1,18,1,4,15,2,0,0,0,13,8,0,0,13,8,0,22,0,0,0,22,0,0,0,22,0,3,18,0,0,0,13,13,11,10,0,13,12,17,22,0,2,10,22,7,5,0,22,13,12,18,0,7,0,22,13,12,18,0,13,12,18,22,0,3,18,22,13,8,0,22,13,12,18,0,13
0,0,0,0,0,13,8,0,0,0,0,0,22,0,28,3,0,0,16,29,1,6,29,0,0,0,0,0,13,8,0,0,0,0,0,22,0,28,3,0,0,16,29,1,6,29,7,7,7,7,7,9,5,0,7,7,7,7,10,7,29,3,0,0,16,29,1,6,29,25,25,25,25,25,25,13,0,25,25,25,25,25,25,29,3,0,0,16,29,1,6,29,0,13,19,19,19,19,19,19,19,19,19,19,19,3,28,3,0,0,3,5,0,1,5,0,9,12,12,12,12,12,12,12,12,12,12,12,2,28,3,0,0,0,0,0,0,0,7,7,7,7,7,7,7,7,7,7,7,7,5,0,28,3,0,1,7,7,7,7,7,8,8,8,8,8,8,8,8,8,8,8,8,6,0,28,3,0,1,8,8,8,8,8,0,0,0,0,0,0,0,0,0,0,0,0,0,0,28,3,0,0,0,0,0,0,0,17,17,17,17,17,17,17,17,17,17,17,17,17,4,28,3,0,0,16,29,1,6,29,29,29,29,29,29,29,29,29,29,29,29,29,29,7,28,3,0,0,16,29,1,6,29,29,12,0,0,0,27,22,0,0,0,17,29,2,0,28,3,0,0,16,29,1,6,29,29,19,7,1,11,28,25,11,0,9,22,29,13,3,28,3,0,0,16,29,1,6,29,29,29,17,2,29,29,29,27,0,22,29,29,29,7,28,3,0,0,16,29,1,6,29,6,6,4,0,6,6,6,6,0,5,6,6,6,1,28,3,0,0,16,29,1,6,29,13,13,13,13,13,13,13,13,13,13,13,13,13,13,29,3,0,0,6,11,0,2,11,18,18,18,18,18,18,18,18,18,18,18,18,18,18,18,2,0,0,0,0,0,0,0,17,17,17,17,17,17,17,17,17,17,17,17,17,17,17,6,0,2,17,17,17,17,17,0,0,0,0,0,0,0,0,0,0,0,0,0,0,0,0,0,0,0,0,0,0,0,21,21,21,20,0,16,21,21,21,21,21,20,0,0,0,0,0,0,0,0,0,0,0,27,26,26,25,0,19,28,29,27,26,26,25,0,0,0,0,0,0,14,25,1,5,25,1,0,0,0,0,0,16,29,1,0,0,0,0,0,0,0,0,0,16,29,1,6,29,1,5,7,7,7,1,16,29,1,2,7,7,7,7,3,0,0,0,16,29,1,6,29
0,0,22,13,12,18,22,13,8,0,0,0,3,18,22,13,12,18,22,0,0,0,0,8,0,22,13,12,18,22,13,8,0,20,0,3,18,22,13,12,18,22,0,3,17,0,8,0,22,13,12,18,22,13,8,0,22,0,3,18,22,13,12,18,22,0,3,18,0,8,0,22,13,12,18,22,13,8,0,22,0,3,18,22,13,12,18,22,0,3,18,0,8,0,22,1,4,18,2,13,8,0,22,0,3,18,2,13,9,1,22,0,3,18,0,11,10,22,7,8,18,12,13,11,10,22,7,8,18,12,13,11,10,22,7,8,18,12,12,18,22,13,12,18,22,13,12,18,22,13,12,18,22,13,12,18,22,13,12,18,22,12,18,22,13,12,18,22,13,12,18,22,13,12,18,22,13,12,18,22,13,12,18,22,5,18,4,13,9,3,22,2,5,18,4,13,9,3,22,2,5,18,4,13,9,3,22,3,29,27,28,8,0,23,27,28,18,0,13,28,27,28,0,3,29,27,28,8,0,23,3,20,4,16,8,0,23,4,8,18,0,13,12,4,23,0,3,20,4,16,8,0,23,3,18,0,13,8,0,22,0,3,18,0,13,8,0,22,0,3,18,0,13,8,0,22,3,18,0,13,8,0,22,0,3,18,0,13,8,0,22,0,3,18,0,13,8,0,22,3,18,0,13,8,0,22,0,3,18,0,13,8,0,22,0,3,18,0,13,8,0,22,3,18,0,13,8,0,22,0,3,18,0,13,8,0,22,0,3,18,0,13,8,0,22,3,16,0,12,7,0,19,0,3,16,0,12,7,0,19,0,3,16,0,12,7,0,19,0,0,0,0,0,0,0,0,0,0,0,0,0,0,0,0,0,0,0,0,0,0,0,17,17,17,17,17,17,17,17,17,17,17,17,17,17,17,17,17,17,17,17,17,17,17,0,1,1,1,0,0,1,1,1,1,0,0,1,1,1,0,0,1,1,1,0,0,1,3,29,29,29,8,0,23,29,29,18,0,13,29,29,28,0,3,29,29,29,8,0,23,3,19,2,14,8,0,23,1,5,18,0,13,9,2,23,0,3,19,2,14,8,0,23,3,18,22,13,8,0,22,13,12,18,0,13,12,18,22,0,3,18,22,13,8,0,22,0,1,22,13,8,0,1,13,12,18,0,0,4,18,22,0,0,1,22,13,8,0,1
29,29,27,0,26,21,0,16,29,1,0,0,26,21,1,28,29,29,27,0,21,29,29,26,21,1,1,26,21,0,16,29,1,0,0,26,21,1,1,26,21,0,0,2,16,29,26,21,13,8,26,21,0,16,29,1,0,0,26,21,13,8,26,21,0,3,18,16,29,26,21,13,8,26,21,0,16,29,1,0,0,26,21,13,8,26,21,0,3,18,16,29,26,21,11,7,26,21,0,16,29,1,0,0,26,21,11,7,26,21,0,3,15,16,29,27,24,7,7,27,21,0,16,29,1,0,0,26,24,7,7,27,24,7,7,7,20,29,29,29,29,29,29,21,0,6,11,0,0,0,26,29,29,29,29,29,29,29,29,29,29,10,10,10,10,10,8,0,0,0,0,0,0,9,10,10,10,10,10,10,10,10,10,10,17,17,17,17,17,17,17,17,17,17,17,17,17,17,17,17,17,17,17,17,17,17,17,0,0,0,0,0,0,0,0,0,0,0,0,0,0,0,0,0,0,0,0,0,0,0,5,5,5,5,5,3,0,0,0,0,0,0,4,5,5,5,5,5,5,5,5,5,5,29,29,29,29,29,17,0,14,25,1,0,0,21,29,29,29,29,29,29,29,29,29,29,28,25,12,12,12,7,0,16,29,1,0,0,9,12,12,12,28,25,12,12,12,12,12,26,21,0,0,0,0,0,16,29,1,0,0,0,0,0,0,26,21,0,0,0,0,0,26,21,1,13,13,8,0,16,29,1,0,0,10,13,13,0,26,21,1,13,13,13,13,26,21,1,18,18,11,0,16,29,1,0,0,14,18,17,0,26,21,1,18,18,18,17,28,26,17,17,17,10,0,0,0,0,0,0,13,17,17,17,28,26,17,17,17,10,1,29,29,29,29,29,17,0,0,0,0,0,0,21,29,29,29,29,29,29,29,29,17,1,0,0,0,0,0,0,0,0,0,0,0,0,0,0,0,0,0,0,0,0,0,0,0,17,17,17,17,17,17,17,17,17,17,17,17,17,17,17,17,17,17,17,17,17,17,17,9,9,9,9,9,9,9,0,0,0,0,9,9,9,9,9,9,9,9,9,9,9,9,22,22,22,22,22,22,21,0,0,0,2,22,22,22,22,22,22,22,22,22,22,22,22,0,1,5,0,0,0,0,0,0,0,0,0,0,0,0,6,0,0,0,0,0,1,5
1,1,1,1,1,5,18,0,1,29,29,29,29,29,29,13,0,0,6,29,11,0,26,14,14,14,14,14,14,9,0,0,6,6,6,6,6,21,13,0,0,6,29,11,0,26,0,0,0,0,0,0,0,0,0,0,0,0,0,0,18,13,0,0,6,29,11,0,26,17,17,17,17,17,17,17,17,17,17,17,17,17,11,18,13,0,0,6,29,11,0,26,9,9,9,9,9,9,9,9,9,9,9,9,9,0,18,13,0,0,6,29,11,0,26,29,29,29,29,29,29,29,29,29,29,29,29,27,0,18,13,0,0,6,29,11,0,26,29,10,8,8,8,8,8,20,29,10,8,8,8,0,18,13,0,0,6,29,11,0,26,29,1,2,3,3,3,0,16,29,1,1,3,3,3,20,13,0,0,6,29,11,0,26,29,1,20,28,28,28,5,16,29,1,7,28,28,28,28,13,0,0,6,29,11,0,26,29,1,0,0,0,0,0,16,29,1,0,0,0,0,0,0,0,0,0,1,0,0,1,29,7,5,5,5,0,4,19,29,7,5,5,5,0,0,0,0,0,0,0,0,0,0,29,29,29,29,27,0,21,29,29,29,29,29,27,0,0,0,0,0,0,0,0,0,0,12,12,12,12,12,0,9,12,12,12,12,12,12,0,0,0,0,0,0,0,0,0,0,7,7,7,7,7,7,7,7,7,7,7,7,7,7,7,7,2,0,1,7,7,7,7,8,8,8,8,8,8,8,8,8,8,8,8,8,8,8,8,3,0,1,8,8,8,8,27,27,27,27,27,27,27,27,27,27,27,27,27,27,27,27,3,0,0,0,0,0,0,4,4,4,4,4,4,4,4,4,4,4,4,4,4,4,29,3,0,6,29,11,0,26,15,15,15,9,1,15,15,15,14,0,12,15,15,15,4,28,3,0,6,29,11,0,26,29,29,29,17,2,29,29,29,27,0,22,29,29,29,7,28,3,0,6,29,11,0,26,9,29,13,1,0,2,27,22,2,0,2,18,29,4,0,28,3,0,6,29,11,0,26,14,29,17,9,9,9,27,24,9,9,9,21,29,11,2,28,3,0,6,29,11,0,26,29,29,29,29,29,29,29,29,29,29,29,29,29,29,7,28,3,0,6,29,11,0,26,8,8,8,8,8,8,8,8,8,8,8,8,8,8,2,28,3,0,2,11,4,0,10
8,0,22,0,2,19,22,0,2,19,22,0,2,19,0,12,12,19,0,12,12,19,0,10,7,22,4,6,19,22,0,2,19,22,4,6,19,8,12,12,19,0,12,12,19,8,11,19,22,12,12,19,22,0,2,19,22,12,12,19,22,12,12,19,0,12,12,19,22,11,19,22,12,12,19,22,0,2,19,22,12,12,19,22,12,12,19,0,12,12,19,22,11,19,22,12,12,19,22,0,2,19,22,12,12,19,22,12,12,19,0,12,12,19,22,11,13,22,9,9,19,16,0,2,13,22,9,9,19,16,12,12,13,0,9,9,19,16,9,0,3,0,3,19,0,2,1,0,22,0,0,3,0,12,10,0,3,0,3,19,0,11,19,3,12,12,19,22,12,12,19,22,12,10,3,22,12,12,19,22,12,12,19,22,11,19,22,12,12,19,22,12,12,19,22,12,12,19,22,12,12,19,22,12,12,19,22,10,7,22,4,6,19,8,12,11,7,22,4,6,19,8,12,11,7,22,4,6,19,8,8,0,22,0,2,19,10,12,11,9,22,0,2,19,0,12,11,9,22,6,7,19,0,9,1,22,0,3,19,22,12,12,19,22,0,3,19,1,12,12,19,22,12,12,19,1,11,19,22,12,12,19,22,12,12,19,22,12,12,19,22,12,12,19,22,12,12,19,22,11,19,22,12,12,19,17,12,12,15,22,12,12,19,22,12,12,15,22,9,10,19,22,11,19,22,12,12,19,0,12,9,0,22,12,12,19,22,12,9,0,22,0,2,19,22,8,0,22,0,2,19,0,12,9,0,22,0,2,19,0,12,9,0,22,0,2,19,0,8,0,22,0,2,19,0,12,9,0,22,0,2,19,0,12,9,0,22,0,2,19,0,8,0,0,0,2,19,0,0,0,0,22,0,0,0,0,12,9,0,0,0,2,19,0,10,11,3,7,8,28,25,10,10,25,29,7,6,3,13,12,27,17,19,11,26,19,13,5,19,22,12,10,6,24,12,12,22,6,12,12,19,22,3,9,19,22,12,14,4,22,2,19,22,12,9,0,22,12,12,19,0,12,12,19,22,0,2,19,22,12,9,0,22,1,11,22,7,5,0,22,12,12,19,0,7,9,19,13,0,2,19,22,12,9,0,13,0,0,22,0,0,0,22,0,2,19,0,0,2,19,0,0,2,19,0,12,9,0,0
17,17,17,17,17,17,17,17,17,17,17,17,17,17,17,17,5,0,0,0,0,7,17,15,15,15,15,15,15,15,15,15,15,15,15,15,15,15,15,4,0,0,0,0,7,15,17,17,17,17,17,17,17,17,17,17,17,17,17,17,17,17,17,17,17,17,17,17,17,0,0,0,0,0,0,0,0,0,0,0,0,0,0,0,0,0,0,0,0,0,0,0,25,25,25,25,25,25,6,9,25,25,25,25,25,25,6,0,0,0,0,0,0,0,0,23,23,23,27,29,24,6,9,23,23,23,27,29,24,6,1,9,12,0,2,10,11,0,0,0,0,16,29,1,0,0,0,0,0,16,29,1,0,3,18,22,0,3,18,22,0,10,8,0,16,29,1,7,10,10,10,2,16,29,1,0,3,18,22,0,3,18,22,0,21,16,0,16,29,1,15,21,21,21,4,16,29,1,0,3,18,22,0,3,18,22,0,0,0,0,16,29,1,0,0,0,0,0,16,29,1,0,3,18,22,0,3,18,22,0,20,20,20,26,29,21,20,20,20,20,20,26,29,21,5,1,8,22,0,3,18,9,0,27,27,27,27,27,27,27,27,27,27,27,27,27,27,7,0,0,22,0,3,18,0,0,0,0,0,0,0,0,0,0,0,0,0,0,0,0,0,0,0,22,0,3,18,0,0,15,15,15,15,15,15,15,15,15,15,15,15,15,15,15,15,5,22,0,3,18,7,15,0,0,0,0,0,0,0,0,0,0,0,0,0,0,0,0,1,22,0,3,18,1,0,18,18,18,11,0,3,23,17,17,17,17,17,17,0,0,3,18,22,0,3,18,22,0,29,29,29,17,0,3,18,0,0,0,0,0,0,0,0,3,18,22,0,3,18,22,0,0,0,0,0,0,3,18,0,0,0,14,17,17,17,17,18,18,22,0,3,18,23,17,0,0,0,0,0,3,18,0,11,12,12,12,12,12,0,3,18,20,0,3,17,22,0,17,17,17,17,17,18,18,0,3,3,3,3,3,23,0,3,18,0,0,0,0,22,0,0,0,0,0,0,3,22,8,8,8,8,6,0,22,0,3,18,0,0,0,0,22,0,29,29,29,17,0,1,7,7,7,7,7,5,0,22,0,3,18,0,0,0,0,22,0,17,17,17,10,0,0,0,0,0,0,0,0,0,1,0,1,6,0,0,0,0,8,0
17,0,0,0,6,29,11,0,26,21,0,16,29,1,0,0,2,17,17,17,17,17,17,0,0,0,0,6,29,11,0,26,21,0,16,29,1,0,0,0,2,9,9,9,9,9,0,0,0,0,6,29,11,0,26,21,0,16,29,1,0,0,0,8,29,29,29,29,29,0,0,0,0,6,29,11,0,26,21,0,16,29,1,0,0,0,8,25,8,8,8,8,0,0,0,0,6,29,11,0,26,21,0,16,29,1,0,0,0,8,23,6,11,11,11,0,0,0,0,6,29,11,0,26,21,0,16,29,1,0,0,0,8,23,2,4,4,4,4,0,0,0,6,29,11,0,26,21,0,16,29,1,0,0,0,8,23,0,0,0,0,14,0,0,0,6,29,11,0,26,21,0,16,29,1,0,0,0,8,28,21,21,21,21,0,0,0,0,6,29,11,0,26,21,0,16,29,1,0,0,0,8,29,26,26,26,26,0,0,0,0,6,29,11,0,26,21,0,16,29,1,0,0,0,8,23,0,0,0,0,0,0,0,0,6,29,11,0,26,21,0,16,29,1,0,0,0,8,23,3,7,7,7,11,7,0,0,6,29,11,0,26,21,0,16,29,1,0,0,0,8,23,4,8,8,8,13,8,0,0,6,29,11,0,26,21,0,16,29,1,0,0,0,8,23,0,14,19,19,13,8,0,0,6,29,11,0,26,21,0,16,29,1,0,0,0,8,23,0,21,28,28,13,8,0,0,6,29,11,0,26,21,0,16,29,1,0,0,0,8,23,0,0,0,0,1,0,0,0,6,29,11,0,26,21,0,16,29,1,0,0,0,8,26,13,13,13,6,0,0,0,0,6,29,11,0,19,16,0,12,21,1,0,0,0,5,18,18,18,18,8,0,0,0,0,6,29,11,0,0,0,0,0,0,0,0,0,0,0,0,0,0,0,0,0,0,0,0,6,25,10,0,0,0,0,0,0,0,0,0,0,0,0,0,11,15,15,0,0,0,0,0,0,0,0,0,0,0,0,0,0,0,0,0,0,0,0,21,29,29,0,0,0,0,0,0,0,0,0,0,0,0,0,0,0,0,0,0,0,0,2,2,2,17,0,0,0,0,0,0,8,17,17,17,17,17,17,6,0,2,17,17,17,17,17,17,0,0,0,0,0,0,0,0,0,0,0,0,0,0,0,0,0,7,7,7,7,7,7
25,7,0,20,25,25,16,0,12,25,25,25,0,3,25,25,25,7,0,20,25,25,16,17,8,0,23,8,11,18,0,13,14,9,24,0,3,21,10,17,8,0,23,8,11,18,13,8,0,22,13,12,18,0,13,12,18,22,0,3,18,22,13,8,0,22,13,12,18,13,8,0,6,13,12,18,0,3,6,18,22,0,1,5,22,13,8,0,6,13,12,18,13,8,0,1,15,12,18,0,1,5,18,22,0,1,1,23,13,8,0,1,15,12,18,13,8,10,29,29,12,18,0,29,29,18,22,0,20,29,28,13,8,10,29,29,12,18,13,8,0,0,0,4,18,0,0,0,0,22,0,0,0,0,13,8,0,0,0,4,18,28,8,0,22,27,28,18,0,13,27,27,28,0,3,27,27,28,8,0,22,27,28,18,16,8,0,23,4,8,18,0,13,12,4,23,0,3,20,4,16,8,0,23,4,8,18,13,11,11,22,8,9,18,13,13,11,11,22,8,9,18,13,13,11,11,22,8,9,18,13,12,18,22,13,12,18,22,13,12,18,22,13,12,18,22,13,12,18,22,13,12,18,13,12,18,22,13,12,18,22,13,12,18,22,13,12,18,22,13,12,18,22,13,12,18,13,12,18,22,13,12,18,22,13,12,18,22,13,12,18,22,13,12,18,22,13,12,18,13,10,5,22,4,6,18,6,13,10,5,22,4,6,18,6,13,10,5,22,4,6,18,13,8,0,22,0,3,18,0,13,8,0,22,0,3,18,0,13,8,0,22,0,3,18,13,8,0,22,0,3,18,0,13,8,0,22,0,3,18,0,13,8,0,22,0,3,18,13,8,0,22,0,3,18,0,13,8,0,22,0,3,18,0,13,8,0,22,0,3,18,13,8,0,22,0,3,18,0,13,8,0,22,0,3,18,0,13,8,0,22,0,3,18,6,3,0,9,0,1,8,0,6,3,0,9,0,1,8,0,6,3,0,9,0,1,8,11,11,11,11,11,11,11,11,11,11,11,11,11,11,11,11,11,11,11,11,11,11,11,4,4,4,4,4,4,4,4,4,4,4,4,4,4,4,4,4,4,4,4,4,4,4,15,4,0,12,15,15,10,0,7,15,15,15,0,2,15,15,15,4,0,12,15,15,10,21,8,0,21,17,18,17,0,12,19,17,24,0,3,23,17,21,8,0,21,17,18,17
8,18,12,13,11,10,22,7,8,18,12,13,11,10,22,7,8,18,12,0,0,6,29,19,18,0,13,21,17,26,0,3,25,17,23,8,0,23,17,19,18,0,0,0,6,29,16,18,0,13,19,14,25,0,3,24,14,21,8,0,23,14,16,18,0,0,0,6,29,3,18,0,13,8,0,22,0,3,18,0,13,8,0,22,0,3,18,0,0,0,6,29,3,18,0,13,8,0,22,0,3,18,0,13,8,0,22,0,3,18,0,0,0,6,29,3,18,0,13,8,0,22,0,3,18,0,13,8,0,22,0,3,18,0,0,0,6,29,3,18,0,13,8,0,22,0,3,18,0,13,8,0,22,0,3,18,0,0,0,6,29,3,18,0,13,8,0,22,0,3,18,0,13,8,0,22,0,3,18,0,0,0,6,29,0,3,0,2,1,0,4,0,0,3,0,2,1,0,4,0,0,3,0,0,0,6,29,17,17,17,17,17,17,17,17,17,17,17,17,17,17,17,17,17,17,11,0,0,6,29,0,0,0,0,0,0,0,0,0,0,0,0,0,0,0,0,0,0,0,0,0,6,29,21,13,0,10,21,21,21,0,2,21,21,21,6,0,17,21,21,13,0,0,0,6,29,13,18,0,13,16,10,25,0,3,23,10,19,8,0,23,10,13,18,0,0,0,6,29,10,18,0,13,11,13,22,0,3,18,16,13,8,0,22,10,10,18,0,0,0,6,29,12,18,0,5,7,18,22,0,1,7,22,13,8,0,9,13,12,18,0,0,0,6,29,12,18,0,0,3,18,22,0,0,0,22,13,8,0,0,13,12,18,0,0,0,6,29,12,18,0,27,28,18,22,0,19,27,28,13,8,10,27,28,12,18,0,0,0,6,29,5,18,0,4,4,3,22,0,3,4,4,13,8,1,4,4,5,18,0,0,0,6,29,24,18,0,11,23,23,27,0,3,23,23,26,8,0,19,23,24,18,0,0,0,6,29,11,18,0,13,15,8,24,0,3,22,8,18,8,0,23,8,11,18,0,0,0,6,29,8,18,10,13,10,8,22,6,8,18,10,13,10,8,22,6,8,18,10,0,0,6,29,12,18,22,13,12,18,22,13,12,18,22,13,12,18,22,13,12,18,22,0,0,6,29,12,18,22,13,12,18,22,13,12,18,22,13,12,18,22,13,12,18,22,0,0,6,29
0,22,0,3,18,0,13,8,0,22,0,3,18,0,13,8,0,22,0,3,18,0,13,0,14,0,3,18,0,8,5,0,22,0,2,12,0,13,8,0,14,0,3,18,0,8,0,0,0,3,21,5,2,2,5,24,0,0,0,0,13,13,3,3,2,9,18,0,0,17,11,12,11,26,28,13,12,28,26,12,10,9,20,12,27,18,22,13,27,17,20,6,18,22,13,8,0,22,13,12,18,0,13,12,18,22,0,3,18,22,13,8,0,22,13,18,22,13,8,0,22,13,12,18,0,13,12,18,22,0,3,18,22,13,8,0,22,13,5,22,3,2,0,22,8,9,18,0,3,6,18,6,0,3,18,14,13,8,0,6,13,0,22,0,0,0,22,0,3,18,0,0,3,18,0,0,3,18,0,13,8,0,0,13,0,22,0,1,6,11,5,5,9,8,0,3,18,0,5,5,9,8,6,5,6,0,13,0,22,0,3,18,7,13,10,6,22,0,3,18,0,13,10,6,22,4,6,18,0,13,0,22,0,3,18,22,13,12,18,22,0,3,18,0,13,12,18,22,13,12,18,0,13,0,22,0,3,18,22,13,12,18,22,0,3,18,0,13,12,18,22,13,12,18,0,13,0,0,0,0,0,22,0,4,18,0,0,0,0,0,0,4,18,0,13,9,0,0,0,0,0,0,0,0,22,0,3,18,0,0,0,0,0,0,3,18,0,13,8,0,0,0,0,0,0,1,7,22,5,7,18,9,0,0,0,0,5,7,18,9,13,10,7,0,0,0,0,0,3,18,22,13,12,18,22,0,0,0,0,13,12,18,22,13,12,18,0,0,0,13,0,3,18,22,13,12,18,22,0,2,10,0,13,12,18,22,13,12,18,0,7,0,22,0,3,18,22,13,12,18,22,0,3,18,0,13,12,18,22,13,12,18,0,13,0,22,0,3,18,22,13,12,18,22,0,3,18,0,13,12,18,22,13,12,18,0,13,0,22,0,3,18,9,13,10,8,22,0,3,18,0,13,10,8,22,6,7,18,0,13,3,22,2,5,18,4,13,9,3,22,2,5,18,4,13,9,3,22,2,5,18,4,13,18,22,13,12,18,22,13,12,18,22,13,12,18,22,13,12,18,22,13,12,18,22,13,18,22,13,12,18,22,13,12,18,22,13,12,18,22,13,12,18,22,13,12,18,22,13
7,7,7,20,29,9,7,7,7,7,7,20,29,9,2,3,16,22,0,3,18,19,0,29,29,29,29,29,29,29,29,29,29,29,29,29,29,7,0,0,22,0,3,18,0,0,10,10,10,10,10,10,10,10,10,10,10,10,10,10,2,0,0,22,0,3,18,0,0,17,17,17,17,17,17,17,17,17,17,17,17,17,17,17,17,6,22,0,3,18,8,17,0,0,0,0,0,0,0,0,0,0,0,0,0,0,0,0,0,22,0,3,18,0,0,5,5,5,3,0,1,13,13,13,13,13,13,13,0,0,2,12,22,0,3,18,14,0,29,29,29,17,0,3,20,2,2,2,2,2,2,0,0,3,18,22,0,3,18,22,0,12,12,12,7,0,3,18,0,0,0,8,9,9,9,9,12,18,22,0,3,18,23,9,0,0,0,0,0,3,18,0,0,0,5,6,6,6,6,10,18,22,0,3,18,23,6,13,13,13,13,13,16,18,0,15,17,17,17,17,26,0,3,18,7,0,1,6,22,0,2,2,2,2,2,6,18,0,0,0,0,0,0,22,0,3,18,0,0,0,0,22,0,17,17,17,10,0,2,19,17,17,17,17,11,0,22,0,3,18,0,0,0,0,22,0,29,29,29,17,0,0,0,0,0,0,0,0,0,11,0,3,15,0,0,0,0,18,0,0,0,0,0,0,0,0,0,0,0,0,0,0,0,0,0,0,0,0,0,0,0,0,17,17,17,17,17,17,17,17,17,17,17,17,17,17,17,17,17,17,17,17,17,17,17,0,0,0,0,0,0,0,0,0,0,0,0,0,0,0,0,0,0,0,0,0,0,0,7,7,7,7,7,7,7,7,7,7,7,7,7,7,2,0,0,0,0,0,0,0,0,29,29,29,29,29,29,29,29,29,29,29,29,29,29,7,0,0,0,0,0,0,0,0,10,10,28,24,10,10,10,10,15,29,18,10,10,10,2,0,0,0,0,0,0,0,0,17,0,26,21,1,17,17,11,6,29,11,0,8,9,9,9,6,0,0,0,0,7,9,14,0,26,21,1,14,14,9,6,29,11,0,5,6,6,10,18,0,0,0,0,23,6,5,5,27,23,5,5,1,2,11,29,15,5,5,5,1,3,18,0,0,0,0,22,0,29,29,29,29,29,29,7,12,29,29,29,29,29,29,7,3,18,0,0,0,0,22,0
29,11,0,26,21,0,16,29,1,6,29,11,0,0,0,13,8,0,22,0,0,0,0,29,11,0,26,21,0,16,29,1,6,29,11,0,0,0,13,8,0,22,0,0,0,0,29,11,0,26,21,0,16,29,1,6,29,11,0,0,0,13,8,0,22,0,0,0,0,29,11,0,26,21,0,16,29,1,6,29,11,0,0,0,13,8,0,22,0,0,0,0,15,6,0,14,11,0,9,15,1,3,15,6,0,0,0,13,8,0,22,0,0,0,0,0,0,0,0,0,0,0,0,0,0,0,0,0,0,0,13,8,0,22,0,0,0,0,0,0,0,0,0,0,0,0,0,0,0,0,0,0,0,13,8,0,22,0,0,0,0,17,17,17,17,17,17,17,17,17,17,17,6,0,0,0,13,8,0,22,0,0,2,17,0,0,0,0,0,0,0,0,0,0,0,0,0,0,0,13,8,0,22,0,0,0,0,20,8,0,18,15,0,11,20,1,4,20,8,0,0,0,13,8,0,22,0,0,0,0,29,11,0,26,21,0,16,29,1,6,29,11,0,0,0,13,8,0,22,0,0,0,0,29,11,0,26,21,0,16,29,1,6,29,11,0,0,0,13,8,0,22,0,0,0,0,29,11,0,26,21,0,16,29,1,6,29,11,0,0,0,13,8,0,22,0,0,0,0,29,11,0,26,21,0,16,29,1,6,29,11,0,0,0,13,8,0,22,0,0,0,0,29,11,0,26,21,0,16,29,1,6,29,11,0,0,0,13,8,0,0,0,0,0,0,21,8,0,19,16,0,12,21,1,5,21,8,0,0,0,1,0,0,0,0,0,0,0,0,0,0,0,0,0,0,0,0,0,0,0,0,0,0,0,0,0,0,0,0,0,0,7,7,7,7,7,7,7,7,7,7,7,7,7,7,7,7,7,7,7,7,7,7,7,8,8,8,8,8,8,8,8,8,8,8,8,8,8,8,8,8,8,8,8,8,8,8,0,6,4,0,11,0,1,9,0,6,4,0,11,0,1,9,0,6,4,0,11,0,1,0,13,8,0,22,0,3,18,0,13,8,0,22,0,3,18,0,13,8,0,22,0,3,0,13,8,0,22,0,3,18,0,13,8,0,22,0,3,18,0,13,8,0,22,0,3,0,13,8,0,22,0,3,18,0,13,8,0,22,0,3,18,0,13,8,0,22,0,3
18,10,13,10,8,22,13,12,18,22,13,10,8,22,6,8,18,22,13,12,18,22,6,18,0,13,8,0,22,11,11,18,19,13,8,0,22,0,3,18,19,13,12,15,22,0,18,0,13,8,0,22,0,3,18,0,13,8,0,22,0,3,18,0,13,8,0,22,0,18,22,13,12,18,22,13,12,18,22,13,12,18,22,13,12,18,22,13,12,18,22,13,18,22,7,8,18,22,13,12,18,22,13,12,18,12,13,12,18,22,13,12,18,22,13,18,9,0,1,7,22,5,5,10,9,13,10,7,0,5,7,18,9,7,6,7,22,5,18,7,11,8,6,22,4,2,0,7,13,10,6,18,4,6,18,7,0,1,6,22,4,18,22,13,12,18,22,13,8,0,22,13,12,18,22,13,12,18,22,0,3,18,22,13,18,22,13,12,18,22,13,8,0,22,13,12,18,22,13,12,18,22,0,3,18,22,13,18,22,13,12,18,22,13,8,0,22,13,12,18,22,13,12,18,22,0,3,18,22,13,18,17,13,12,14,22,13,8,0,22,13,12,14,22,10,10,18,22,0,3,18,22,10,18,0,13,8,0,22,13,8,0,22,13,8,0,22,0,3,18,22,0,3,18,22,0,14,0,11,7,0,17,13,8,0,22,10,6,0,18,0,3,14,22,0,3,18,17,0,0,0,0,0,0,0,13,8,0,22,0,0,0,0,0,0,0,22,0,3,18,0,0,8,0,0,0,0,11,26,8,0,23,23,0,0,0,0,0,19,27,0,3,27,16,0,3,0,0,0,0,4,8,2,0,7,8,0,0,0,0,0,7,8,0,1,8,6,0,0,0,0,0,0,0,0,0,0,0,0,0,0,0,0,0,0,0,0,0,0,0,0,0,0,0,0,0,0,0,0,0,0,0,0,0,0,0,0,0,0,0,0,0,0,0,0,0,0,0,0,0,0,0,0,0,0,0,0,0,0,0,0,0,0,0,0,0,0,0,0,0,0,0,0,0,0,0,0,0,0,0,0,0,0,0,0,0,0,0,0,0,10,0,0,0,0,13,27,8,0,22,27,0,0,0,0,0,23,27,0,3,27,19,0,1,0,0,0,0,2,16,8,0,23,4,0,0,0,0,0,4,23,0,3,20,3,0,7,0,5,3,0,9,13,8,0,22,5,3,0,9,0,1,7,22,0,3,18,9,0
3,25,18,24,8,0,23,18,20,18,0,13,22,18,26,0,0,0,0,13,22,18,26,5,18,3,13,9,2,22,1,5,18,3,13,9,2,22,1,1,0,3,13,9,2,22,12,18,22,13,12,18,22,13,12,18,22,13,12,18,22,13,8,0,22,13,12,18,22,12,18,22,13,12,18,22,13,12,18,22,13,12,18,22,13,8,0,22,13,12,18,22,12,18,22,13,12,18,22,13,12,18,22,13,12,18,22,13,8,0,22,13,12,18,22,10,18,17,13,12,14,22,10,10,18,17,13,12,14,22,10,6,0,17,13,12,14,22,3,18,0,13,8,0,22,0,3,18,0,13,8,0,22,0,0,0,0,13,8,0,22,3,18,0,13,8,0,22,0,3,18,0,13,8,0,22,0,0,0,0,13,8,0,22,3,18,0,13,8,0,22,0,3,18,0,13,8,0,22,0,0,0,0,13,8,0,22,3,18,0,13,8,0,22,0,3,18,0,13,8,0,22,0,0,0,0,13,8,0,22,3,17,0,12,8,0,20,0,3,17,0,12,8,0,20,0,0,0,0,12,8,0,20,0,0,0,0,0,0,0,0,0,0,0,0,0,0,0,0,0,0,0,0,0,0,0,17,17,17,17,17,17,17,17,17,17,17,17,17,17,17,17,0,0,8,17,17,17,17,0,1,1,1,0,0,1,1,1,1,0,0,1,1,1,0,0,0,0,0,1,1,1,3,29,29,29,8,0,23,29,29,18,0,13,29,29,28,0,0,0,0,13,29,29,28,3,19,2,14,8,0,23,1,5,18,0,13,9,2,23,0,0,0,0,13,9,2,23,3,18,22,13,8,0,22,13,12,18,0,13,12,18,22,0,0,0,0,13,12,18,22,0,1,22,13,8,0,1,13,12,18,0,0,4,18,22,0,0,0,0,0,4,18,22,5,7,24,13,8,2,7,18,12,18,0,7,10,18,22,0,0,0,0,7,10,18,22,17,25,24,13,8,9,25,25,11,18,0,25,25,15,22,0,0,0,0,25,25,15,22,0,3,3,16,8,0,3,3,7,18,0,1,3,3,23,0,0,0,0,1,3,3,23,3,29,28,29,8,0,23,28,29,18,0,13,29,28,28,0,0,0,0,13,29,28,28,3,18,0,13,8,0,22,0,3,18,0,13,8,0,22,0,0,0,0,13,8,0,22
7,22,5,7,18,22,13,12,18,22,5,7,18,9,13,12,18,22,13,12,18,9,13,18,22,13,12,18,22,13,12,18,22,13,12,18,22,13,12,18,22,13,12,18,22,13,18,22,13,12,18,9,13,10,8,22,13,12,18,22,13,10,8,22,6,7,18,22,13,12,22,9,9,18,0,13,8,0,22,9,9,18,15,13,8,0,22,0,3,18,15,13,0,22,0,3,18,0,13,8,0,22,0,3,18,0,13,8,0,22,0,3,18,0,13,0,14,0,3,18,0,8,5,0,22,0,2,12,0,13,8,0,14,0,3,18,0,8,0,0,0,3,21,5,2,2,5,24,0,0,0,0,13,13,3,3,2,9,18,0,0,17,11,12,11,26,28,13,12,28,26,12,10,9,20,12,27,18,22,13,27,17,20,6,18,22,13,8,0,22,13,12,18,0,13,12,18,22,0,3,18,22,13,8,0,22,13,18,22,13,8,0,22,13,12,18,0,13,12,18,22,0,3,18,22,13,8,0,22,13,5,22,3,2,0,22,8,9,18,0,3,6,18,6,0,3,18,14,13,8,0,6,13,0,22,0,0,0,22,0,3,18,0,0,3,18,0,0,3,18,0,13,8,0,0,13,0,22,0,1,6,11,5,5,9,8,0,3,18,0,5,5,9,8,6,5,6,0,13,0,22,0,3,18,7,13,10,6,22,0,3,18,0,13,10,6,22,4,6,18,0,13,0,22,0,3,18,22,13,12,18,22,0,3,18,0,13,12,18,22,13,12,18,0,13,0,22,0,3,18,22,13,12,18,22,0,3,18,0,13,12,18,22,13,12,18,0,13,0,0,0,0,0,22,0,4,18,0,0,0,0,0,0,4,18,0,13,9,0,0,0,0,0,0,0,0,22,0,3,18,0,0,0,0,0,0,3,18,0,13,8,0,0,0,0,0,0,1,7,22,5,7,18,9,0,0,0,0,5,7,18,9,13,10,7,0,0,0,0,0,3,18,22,13,12,18,22,0,0,0,0,13,12,18,22,13,12,18,0,0,0,13,0,3,18,22,13,12,18,22,0,2,10,0,13,12,18,22,13,12,18,0,7,0,22,0,3,18,22,13,12,18,22,0,3,18,0,13,12,18,22,13,12,18,0,13,0,22,0,3,18,22,13,12,18,22,0,3,18,0,13,12,18,22,13,12,18,0,13
25,1,6,25,10,0,23,19,0,14,25,1,6,25,10,0,23,19,0,14,25,1,6,29,1,6,29,11,0,26,21,0,16,29,1,6,29,11,0,26,21,0,16,29,1,6,29,1,6,29,11,0,26,21,0,16,29,1,6,29,11,0,26,21,0,16,29,1,6,29,1,6,29,11,0,26,21,0,16,29,1,6,29,11,0,26,21,0,16,29,1,6,29,1,6,29,11,0,26,21,0,16,29,1,6,29,11,0,26,21,0,16,29,1,6,29,1,6,29,11,0,26,21,0,16,29,1,6,29,11,0,26,21,0,16,29,1,6,17,1,3,17,6,0,15,12,0,9,17,1,3,17,6,0,15,12,0,9,17,1,3,0,0,0,0,0,0,0,0,0,0,0,0,0,0,0,0,0,0,0,0,0,0,0,12,12,12,12,12,12,12,12,12,12,12,12,12,12,12,12,12,12,12,12,12,12,4,3,3,3,3,3,3,3,3,3,3,3,3,3,3,3,3,3,3,3,3,3,3,1,0,0,0,0,0,0,0,0,0,0,0,0,0,0,0,0,0,0,0,0,0,0,0,19,1,4,19,7,0,17,14,0,11,19,1,4,19,7,0,17,14,0,11,19,1,4,29,1,6,29,11,0,26,21,0,16,29,1,6,29,11,0,26,21,0,16,29,1,6,29,1,6,29,11,0,26,21,0,16,29,1,6,29,11,0,26,21,0,16,29,1,6,29,1,6,29,11,0,26,21,0,16,29,1,6,29,11,0,26,21,0,16,29,1,6,29,1,6,29,11,0,26,21,0,16,29,1,6,29,11,0,26,21,0,16,29,1,6,4,0,1,4,1,0,4,3,0,2,4,0,1,4,1,0,4,3,0,2,4,0,1,0,0,0,0,0,0,0,0,0,0,0,0,0,0,0,0,0,0,0,0,0,0,0,0,0,0,0,0,0,0,0,0,0,0,0,0,0,0,0,0,0,0,0,0,0,0,17,17,17,17,17,17,17,17,17,17,17,17,17,17,17,17,17,17,17,17,17,17,6,0,0,0,0,0,0,0,0,0,0,0,0,0,0,0,0,0,0,0,0,0,0,0,0,0,0,0,0,0,0,0,0,0,0,0,0,0,0,0,0,0,0,0,0,0,0,9,0,2,9,3,0,8,7,0,5,9,0,2,9,3,0,8,7,0,5,9,0,2
3,15,2,10,8,1,0,12,9,0,2,10,8,1,18,1,0,0,22,0,0,1,18,2,19,0,12,9,0,0,12,9,0,0,12,9,0,22,0,0,0,22,0,0,0,22,2,19,21,12,9,0,13,12,11,11,0,12,12,18,22,0,1,11,22,7,5,0,22,2,19,22,12,9,0,22,12,12,19,0,12,12,19,22,0,2,19,22,12,9,0,22,8,19,22,12,13,3,22,12,12,19,4,16,12,19,22,5,4,19,22,12,10,5,24,26,17,19,11,27,19,14,2,3,12,22,26,11,17,20,28,11,12,4,8,9,28,26,8,0,0,0,2,19,0,0,0,0,22,0,0,0,0,12,9,0,0,0,2,19,0,8,0,20,0,2,19,0,11,8,0,22,0,2,17,0,12,9,0,20,0,2,19,0,8,0,22,0,2,19,0,12,9,0,22,0,2,19,0,12,9,0,22,0,2,19,0,8,0,22,0,2,19,22,12,12,19,22,0,2,19,0,12,12,19,22,12,12,19,0,11,14,22,9,10,19,22,12,12,19,22,9,10,19,16,12,12,19,22,12,12,19,16,11,19,22,12,12,19,22,12,12,19,22,12,12,19,22,12,12,19,22,12,12,19,22,11,19,22,12,12,19,3,12,10,2,22,12,12,19,22,12,10,2,22,1,4,19,22,10,9,22,6,7,19,0,12,9,0,22,6,7,19,11,12,9,0,22,0,2,19,11,9,6,22,4,6,19,7,12,10,6,22,4,6,19,7,12,10,6,22,4,6,19,7,11,19,22,12,12,19,22,12,12,19,22,12,12,19,22,12,12,19,22,12,12,19,22,11,19,22,12,12,19,22,2,4,19,22,12,12,19,22,12,12,19,4,12,12,19,22,9,1,4,0,3,19,1,1,1,1,22,0,1,3,1,12,10,1,3,0,3,19,1,10,13,0,8,9,19,15,12,11,13,22,8,6,0,15,12,11,13,22,8,9,19,15,11,19,0,12,12,19,22,12,12,19,22,12,9,0,22,12,12,19,22,12,12,19,22,11,19,0,12,12,19,22,12,12,19,22,12,9,0,22,12,12,19,22,12,12,19,22,11,19,0,12,12,19,22,12,12,19,22,12,9,0,22,12,12,19,22,12,12,19,22,11,19,0,12,12,19,9,12,11,8,22,12,9,0,22,12,11,8,22,5,7,19,22
12,18,22,13,12,18,22,13,12,18,0,13,12,18,22,13,12,18,22,13,12,18,22,12,18,22,13,12,18,22,13,12,18,0,13,12,18,22,13,12,18,22,13,12,18,22,12,18,22,13,12,18,22,13,12,18,0,13,12,18,22,13,12,18,22,13,12,18,22,10,9,22,6,8,18,11,13,10,9,0,6,8,18,11,13,10,9,22,6,8,18,11,14,7,24,0,3,21,7,18,8,0,0,0,3,21,7,18,8,0,23,7,10,18,0,25,25,27,0,3,25,25,27,8,0,0,0,3,25,25,27,8,0,20,25,25,18,0,3,2,22,0,2,3,3,13,8,0,0,0,2,3,3,13,8,1,3,3,5,18,0,29,18,22,0,20,28,28,13,8,0,0,0,20,28,28,13,8,10,28,29,12,18,0,3,18,22,0,0,0,22,13,8,0,0,0,0,0,22,13,8,0,0,13,12,18,0,6,18,22,0,1,6,22,13,8,0,0,0,1,6,22,13,8,0,7,13,12,18,0,12,14,22,0,3,18,17,13,8,0,0,0,3,18,17,13,8,0,22,10,10,18,0,15,9,25,0,3,22,9,19,8,0,0,0,3,22,9,19,8,0,23,9,12,18,0,22,22,22,0,3,22,22,22,6,0,0,0,3,22,22,22,6,0,18,22,22,14,0,0,0,0,0,0,0,0,0,0,0,0,0,0,0,0,0,0,0,0,0,0,0,0,17,17,17,17,17,17,17,17,17,6,0,2,17,17,17,17,17,17,17,17,17,17,17,1,0,3,0,0,3,0,2,1,0,0,0,0,3,0,2,1,0,3,0,0,3,0,8,0,22,0,3,18,0,13,8,0,0,0,3,18,0,13,8,0,22,0,3,18,0,8,0,22,0,3,18,0,13,8,0,0,0,3,18,0,13,8,0,22,0,3,18,0,8,0,22,0,3,18,0,13,8,0,0,0,3,18,0,13,8,0,22,0,3,18,0,8,0,22,0,3,18,0,13,8,0,0,0,3,18,0,13,8,0,22,0,3,18,0,8,0,22,0,3,18,0,13,8,0,0,0,3,18,0,13,8,0,22,0,3,18,0,18,13,25,0,3,24,13,21,8,0,0,0,3,24,13,21,8,0,23,13,16,18,0,22,18,26,0,3,25,18,24,8,0,0,0,3,25,18,24,8,0,23,18,20,18,0
5,7,20,10,12,11,10,21,6,7,20,10,12,11,10,21,6,7,20,10,12,11,6,11,12,20,21,12,12,20,21,12,12,20,21,12,12,20,21,12,12,20,21,12,12,12,11,12,20,21,12,12,20,21,12,12,20,21,12,12,20,21,12,12,20,21,12,12,12,11,11,4,21,3,4,20,5,12,11,4,21,3,4,20,5,12,11,4,21,3,4,12,11,10,0,21,5,6,20,8,12,10,0,21,0,1,20,8,12,11,8,21,0,1,12,11,10,0,21,12,12,20,21,12,10,0,21,0,1,20,21,12,12,20,21,0,1,12,11,10,0,21,12,12,20,21,12,10,0,21,0,1,20,21,12,12,20,21,0,1,12,7,6,0,21,12,12,20,21,12,10,0,13,0,1,20,21,12,12,20,21,0,1,8,0,0,0,21,12,12,20,21,12,10,0,0,0,1,20,21,12,12,20,21,0,0,0,0,0,0,10,12,11,9,21,6,5,0,0,0,0,9,21,6,7,20,10,0,0,0,0,0,0,0,11,10,0,21,0,0,0,0,0,0,0,21,0,1,20,0,0,0,0,0,0,0,0,11,10,0,21,0,0,0,0,0,0,0,21,0,1,20,0,0,0,0,11,10,0,21,12,12,20,21,12,10,0,21,0,1,20,21,12,12,20,21,0,1,12,11,10,0,21,12,12,20,21,12,10,0,21,0,1,20,21,12,12,20,21,0,1,12,11,10,0,21,5,6,20,8,12,10,0,21,0,1,20,8,12,11,7,21,0,1,12,11,10,0,9,6,5,9,10,5,4,0,21,0,0,9,10,5,5,9,9,0,1,12,11,10,0,0,11,10,0,21,0,0,0,21,0,0,0,21,0,1,20,0,0,1,12,11,11,4,0,11,12,12,21,0,0,4,21,3,2,0,21,8,8,20,0,2,4,12,11,12,20,0,11,12,20,21,0,1,20,21,12,10,0,21,12,12,20,0,11,12,12,11,12,20,0,11,12,20,21,0,1,20,21,12,10,0,21,12,12,20,0,11,12,12,6,7,20,19,27,12,20,21,26,11,20,11,12,12,25,28,12,12,28,25,12,11,6,0,0,0,21,7,2,4,5,16,10,0,0,0,1,23,6,2,2,6,23,0,0,0,6,6,0,21,0,1,11,0,11,10,0,12,0,1,20,0,6,6,0,21,0,1,7
1,6,29,11,0,26,21,0,16,29,1,6,29,11,0,26,21,0,16,29,1,6,29,1,6,29,11,0,26,21,0,16,29,1,6,29,11,0,26,21,0,16,29,1,6,29,1,6,29,11,0,26,21,0,16,29,1,6,29,11,0,26,21,0,16,29,1,6,29,1,6,29,11,0,26,21,0,16,29,1,6,29,11,0,26,21,0,16,29,1,6,29,1,3,15,6,0,14,11,0,9,15,1,3,15,6,0,14,11,0,9,15,1,3,15,0,0,0,0,0,0,0,0,0,0,0,0,0,0,0,0,0,0,0,0,0,0,0,0,0,0,0,0,0,0,0,0,0,0,0,0,0,0,0,0,0,0,0,0,0,0,17,17,17,17,17,17,17,17,17,17,17,17,17,17,17,17,17,17,17,17,17,17,17,0,0,0,0,0,0,0,0,0,0,0,0,0,0,0,0,0,0,0,0,0,0,0,1,4,20,8,0,18,15,0,11,20,1,4,20,8,0,18,15,0,11,20,1,4,20,1,6,29,11,0,26,21,0,16,29,1,6,29,11,0,26,21,0,16,29,1,6,29,1,6,29,11,0,26,21,0,16,29,1,6,29,11,0,26,21,0,16,29,1,6,29,1,6,29,11,0,26,21,0,16,29,1,6,29,11,0,26,21,0,16,29,1,6,29,1,6,29,11,0,26,21,0,16,29,1,6,29,11,0,26,21,0,16,29,1,6,29,1,6,29,11,0,26,21,0,16,29,1,6,29,11,0,26,21,0,16,29,1,6,29,1,5,21,8,0,19,16,0,12,21,1,5,21,8,0,19,16,0,12,21,1,5,21,0,0,0,0,0,0,0,0,0,0,0,0,0,0,0,0,0,0,0,0,0,0,0,7,7,7,7,7,7,7,7,7,7,7,7,7,7,7,7,7,7,7,7,7,7,7,8,8,8,8,8,8,8,8,8,8,8,8,8,8,8,8,8,8,8,8,8,8,8,4,0,11,0,1,9,0,6,4,0,0,0,1,9,0,6,4,0,11,0,1,9,0,8,0,22,0,3,18,0,13,8,0,0,0,3,18,0,13,8,0,22,0,3,18,0,8,0,22,0,3,18,0,13,8,0,0,0,3,18,0,13,8,0,22,0,3,18,0,8,0,22,0,3,18,0,13,8,0,0,0,3,18,0,13,8,0,22,0,3,18,0
29,11,0,26,21,0,16,29,1,6,29,11,0,0,0,13,10,7,22,13,12,18,22,25,10,0,23,19,0,14,25,1,6,25,10,0,0,0,13,12,18,22,13,12,18,22,0,0,0,0,0,0,0,0,0,0,0,0,0,0,0,13,12,18,22,6,7,18,9,0,0,0,0,0,0,0,0,0,0,0,0,0,0,0,13,11,12,22,0,3,18,0,17,17,17,17,17,17,17,17,17,17,11,0,0,0,0,13,8,0,22,0,3,18,0,0,0,0,0,0,0,0,0,0,0,0,0,0,0,0,8,5,0,22,0,2,12,0,10,4,0,9,8,0,6,10,0,2,10,4,0,0,0,0,0,0,23,5,2,3,4,29,11,0,26,21,0,16,29,1,6,29,11,0,0,0,6,8,17,21,28,12,18,23,29,11,0,26,21,0,16,29,1,6,29,11,0,0,0,13,12,18,0,13,12,18,22,29,11,0,26,21,0,16,29,1,6,29,11,0,0,0,13,12,18,0,13,12,18,22,29,11,0,26,21,0,16,29,1,6,29,11,0,0,0,13,10,5,0,13,11,12,22,29,11,0,26,21,0,16,29,1,6,29,11,0,0,0,13,8,0,0,13,8,0,22,29,11,0,26,21,0,16,29,1,6,29,11,0,0,0,13,8,0,8,6,5,6,11,1,0,0,1,1,0,1,1,0,0,1,0,0,0,0,13,8,0,22,4,6,18,7,0,0,0,0,0,0,0,0,0,0,0,0,0,0,0,13,8,0,22,13,12,18,22,17,17,17,17,17,17,17,17,17,17,17,17,0,0,0,13,8,0,22,13,12,18,22,17,17,17,17,17,17,17,7,0,0,0,0,0,0,0,0,0,0,0,13,9,0,22,14,14,14,14,14,24,21,6,0,0,0,0,0,0,0,0,0,0,0,13,8,0,22,0,0,0,3,0,18,13,0,0,10,6,0,0,0,0,0,0,0,9,13,10,7,22,12,0,3,18,13,18,14,12,12,13,8,0,0,0,0,0,0,0,22,13,12,18,22,22,0,3,18,16,18,14,15,22,13,8,0,0,0,0,7,5,0,22,13,12,18,22,22,0,3,18,16,18,14,15,22,13,8,0,0,0,0,13,8,0,22,13,12,18,22,1,0,0,3,7,18,14,6,1,0,0,0,0,0,0,13,8,0,22,13,12,18,22
0,0,0,0,0,0,0,0,0,0,0,0,0,0,0,0,0,0,0,0,0,0,0,0,0,0,0,0,0,0,0,0,0,0,0,0,0,0,0,0,0,0,0,0,0,0,7,3,18,0,3,15,4,11,7,0,0,0,3,15,4,11,7,0,18,2,4,15,0,12,18,22,0,3,17,22,13,8,0,0,0,3,17,22,13,8,0,21,13,12,18,0,3,18,22,0,0,0,22,13,8,0,0,0,0,0,22,13,8,0,0,13,12,18,0,14,18,22,0,8,11,25,13,8,0,0,0,8,11,25,13,8,4,11,20,12,18,0,20,13,22,0,14,20,20,13,8,0,0,0,14,20,20,13,8,7,20,20,10,18,0,7,7,24,0,1,7,7,18,8,0,0,0,1,7,7,18,8,0,6,7,10,18,0,26,25,27,0,3,28,25,27,8,0,0,0,3,28,25,27,8,0,23,25,25,18,0,8,0,22,0,3,18,0,13,8,0,0,0,3,18,0,13,8,0,22,0,3,18,0,12,17,22,13,12,18,21,13,12,17,0,13,12,18,21,13,12,17,22,13,12,18,21,12,18,22,13,12,18,22,13,12,18,0,13,12,18,22,13,12,18,22,13,12,18,22,12,18,22,13,12,18,22,13,12,18,0,13,12,18,22,13,12,18,22,13,12,18,22,12,18,22,13,12,18,22,13,12,18,0,13,12,18,22,13,12,18,22,13,12,18,22,8,0,22,0,3,18,0,13,8,0,0,0,3,18,0,13,8,0,22,0,3,18,0,8,0,22,0,3,18,0,13,8,0,0,0,3,18,0,13,8,0,22,0,3,18,0,8,0,22,0,3,18,0,13,8,0,0,0,3,18,0,13,8,0,22,0,3,18,0,8,0,22,0,3,18,0,13,8,0,0,0,3,18,0,13,8,0,22,0,3,18,0,8,0,22,0,3,18,0,13,8,0,0,0,3,18,0,13,8,0,22,0,3,18,0,0,0,2,0,0,1,0,1,0,0,0,0,0,1,0,1,0,0,2,0,0,1,0,17,17,17,17,17,17,17,17,17,6,0,2,17,17,17,17,17,17,17,17,17,17,17,0,0,0,0,0,0,0,0,0,0,0,0,0,0,0,0,0,0,0,0,0,0,0,0,0,0,0,0,0,0,0,0,0,0,0,0,0,0,0,0,0,0,0,0,0,0
5,0,0,0,0,22,0,0,0,0,0,3,18,0,0,0,0,7,14,14,14,14,14,0,0,0,0,0,22,0,0,0,0,0,3,18,0,0,0,0,0,0,0,2,1,0,0,0,0,0,0,22,0,0,0,0,0,3,18,0,0,0,0,0,0,0,13,8,0,0,0,0,0,0,22,0,0,0,0,0,3,18,0,0,0,0,0,0,0,13,8,0,0,0,0,0,0,22,0,0,0,0,0,3,18,0,0,0,0,0,0,0,13,8,0,5,5,0,0,0,22,0,0,26,21,0,3,18,0,0,0,5,5,5,5,6,6,5,12,25,0,0,0,22,0,0,26,21,0,3,18,0,0,3,23,12,14,14,14,14,14,4,22,0,0,0,22,0,0,26,21,0,3,18,0,0,3,18,6,12,12,12,12,12,0,22,0,0,0,22,0,0,26,21,0,3,18,0,0,3,18,0,6,7,7,7,7,0,22,0,0,0,22,0,0,26,21,0,3,18,0,0,3,18,0,7,8,8,8,8,1,22,0,0,0,22,0,0,26,21,0,3,18,0,0,3,18,1,3,3,3,3,3,4,22,0,0,0,22,0,0,26,21,0,3,18,0,0,3,18,6,12,12,12,12,12,0,22,0,0,0,11,0,0,26,21,0,1,9,0,0,3,18,0,0,0,0,0,0,0,22,0,0,0,0,0,0,26,21,0,0,0,0,0,3,18,0,0,0,13,8,0,0,22,0,0,0,0,0,0,26,21,0,0,0,0,0,3,18,0,0,0,13,8,0,0,22,0,0,0,19,0,0,26,21,0,3,16,0,0,3,18,0,0,0,9,6,0,15,26,0,0,0,22,0,0,6,5,0,3,18,0,0,3,24,15,15,15,15,15,15,0,0,0,0,0,22,0,0,0,0,0,3,18,0,0,0,0,0,0,0,0,0,0,0,0,0,0,0,22,0,0,0,0,0,3,18,0,0,0,0,0,0,0,0,0,0,17,17,17,11,0,22,0,0,0,0,0,3,18,0,14,17,17,17,17,17,17,17,17,0,0,0,0,0,22,0,0,0,0,0,3,18,0,0,0,0,0,0,0,0,0,0,0,0,0,0,0,22,0,0,0,0,0,3,18,0,0,0,0,0,0,0,0,12,29,2,8,3,0,0,22,0,0,0,0,0,3,18,0,0,0,0,5,8,0,0,8,21
0,26,21,0,16,29,1,0,0,0,3,17,0,0,23,14,14,14,14,14,14,5,0,0,26,21,0,16,29,1,0,0,0,0,0,2,5,24,0,0,0,5,5,5,5,5,0,19,16,0,12,21,1,0,0,0,0,0,12,29,28,0,0,2,29,29,29,29,29,0,0,0,0,0,0,0,0,0,0,0,0,5,12,12,0,0,1,12,12,12,12,12,0,0,0,1,7,7,7,7,7,7,7,7,7,7,7,7,7,7,7,7,7,7,7,0,0,0,1,8,8,8,8,8,8,8,8,8,8,8,8,8,8,8,8,8,8,8,0,0,0,0,0,0,0,0,7,19,19,19,11,5,25,9,0,0,0,0,0,0,0,0,13,10,0,8,14,0,0,11,29,29,29,17,6,29,11,0,3,14,5,0,13,10,0,26,21,0,16,29,1,0,3,6,29,11,3,6,29,11,0,6,29,11,0,26,21,0,26,21,0,16,29,1,0,22,6,29,11,22,6,29,11,0,6,29,11,0,26,21,0,26,21,0,16,29,1,0,22,6,29,11,22,6,29,11,0,6,29,11,0,26,21,0,26,21,0,16,29,1,0,19,6,29,11,19,6,29,11,0,6,29,11,0,26,21,0,8,7,0,5,9,0,0,3,13,29,16,7,13,29,11,0,2,9,3,0,8,7,0,0,0,0,0,0,0,0,14,29,29,29,29,29,29,11,0,0,0,0,0,0,0,0,0,0,0,0,0,0,0,5,10,10,10,10,10,10,4,0,0,0,0,0,0,0,17,17,17,17,17,17,17,17,17,17,17,17,17,17,17,17,17,17,17,17,17,17,17,0,0,0,0,0,0,0,0,0,0,0,0,0,0,0,0,0,0,0,0,0,0,0,0,0,0,0,0,0,0,0,0,0,0,0,0,0,0,0,0,0,0,0,0,0,0,0,8,6,0,5,8,0,2,8,3,0,8,6,0,0,0,0,0,0,0,0,8,6,0,26,21,0,16,29,1,6,29,11,0,26,21,0,0,0,0,0,0,0,0,26,21,0,26,21,0,16,29,1,6,29,11,0,26,21,0,0,0,0,0,0,0,0,26,21,0,26,21,0,16,29,1,6,29,11,0,26,21,0,0,0,0,0,0,0,0,26,21,0,26,21,0,16,29,1,6,29,11,0,26,21,0,0,0,6,11,0,0,0,26,21
0,0,0,0,22,0,0,0,11,5,3,0,9,6,6,9,0,0,0,4,4,20,16,0,0,0,0,22,0,0,0,22,10,5,0,16,13,12,18,0,0,0,2,6,18,14,0,0,0,0,22,0,0,0,22,10,5,0,16,13,12,18,0,0,3,18,16,18,14,0,0,0,0,22,0,0,0,22,10,5,0,16,13,12,18,0,0,3,18,16,18,14,0,0,0,0,22,0,0,0,22,10,5,0,14,13,12,18,0,0,3,18,14,18,14,0,0,0,0,5,0,0,0,17,1,0,0,0,1,3,9,0,0,0,3,0,18,13,0,0,0,0,0,0,0,0,0,0,4,13,13,13,13,13,13,13,13,13,13,24,21,0,0,0,0,0,0,0,0,0,0,5,18,18,18,18,18,18,18,18,18,18,18,18,17,17,17,17,17,17,17,17,17,17,17,17,17,17,17,17,17,17,17,17,17,17,17,0,0,0,0,0,0,0,0,0,0,0,0,0,0,0,0,0,0,0,0,0,0,0,0,0,0,0,0,0,0,0,0,0,0,0,0,0,0,0,0,0,0,0,0,0,0,0,0,0,9,5,2,27,27,27,27,27,27,13,0,0,21,27,27,27,27,27,27,20,0,0,0,13,8,2,20,20,20,20,20,26,13,0,0,16,20,20,20,20,20,29,21,0,0,0,13,14,7,7,7,7,7,2,18,13,0,0,0,0,0,0,0,0,26,21,0,0,0,13,15,8,8,8,8,8,3,18,21,13,13,13,13,13,13,13,0,26,21,5,0,15,13,8,0,0,0,0,0,0,18,24,18,18,18,18,18,18,18,0,26,21,8,0,22,13,8,2,25,25,25,25,25,28,13,0,0,13,17,17,17,17,17,28,21,8,0,22,13,8,2,22,22,22,22,22,22,10,0,0,22,29,29,29,29,29,29,21,8,0,22,13,8,0,0,0,0,0,0,0,0,0,0,0,0,0,0,0,0,0,0,8,0,22,13,8,0,8,17,17,17,17,17,17,17,17,17,17,17,17,17,17,17,17,8,0,22,13,8,0,0,1,9,9,9,9,9,9,9,0,0,0,0,0,0,0,0,6,0,16,13,8,0,0,1,6,6,6,6,6,6,24,0,0,0,0,1,4,1,0,0,0,0,13,8,0,0,0,0,14,17,23,8,0,22,2,1,0,0,6,29,11,0
3,18,22,0,3,18,22,0,3,18,0,13,12,18,0,13,12,18,0,13,8,0,22,1,8,22,0,3,18,9,0,1,8,0,6,7,18,0,13,10,8,0,6,4,0,9,0,3,23,0,3,20,2,0,0,0,0,0,7,18,0,13,11,1,0,0,0,0,1,0,24,28,0,3,28,20,0,0,0,0,4,28,18,0,13,28,10,0,0,0,0,14,0,0,0,0,0,0,0,0,16,28,1,0,0,0,0,0,0,0,0,0,0,0,0,0,0,0,0,0,0,0,0,16,29,1,0,0,0,0,0,0,0,0,0,0,0,0,0,0,0,0,0,0,0,0,16,29,1,0,0,0,0,0,0,0,0,0,0,0,0,0,0,0,0,0,0,0,0,16,29,1,0,0,0,0,0,0,0,0,0,0,0,0,0,6,7,0,1,7,5,0,14,25,1,1,7,5,0,3,7,2,0,0,0,0,3,0,20,27,0,3,28,17,0,0,0,0,4,25,18,0,13,26,9,0,0,0,0,12,0,0,22,0,3,18,0,0,0,0,0,0,3,18,0,13,8,0,0,0,0,0,0,2,13,22,0,3,18,16,0,2,13,0,10,10,18,0,13,11,13,0,10,6,0,16,3,18,22,0,3,18,22,0,3,18,0,13,12,18,0,13,12,18,0,13,8,0,22,10,18,22,0,3,18,22,9,10,18,16,13,12,18,0,13,12,18,16,13,11,13,22,12,18,22,0,3,18,22,13,12,18,22,13,12,18,0,13,12,18,22,13,12,18,22,12,18,22,0,3,18,22,13,12,18,22,13,12,18,0,13,12,18,22,13,12,18,22,12,18,22,0,3,18,22,13,12,18,22,13,12,18,0,13,12,18,22,13,12,18,22,7,18,8,0,1,6,22,5,6,15,8,13,10,6,0,5,7,18,8,11,8,6,22,7,18,8,6,5,6,22,5,3,0,8,13,10,6,11,5,7,18,8,0,1,6,22,12,18,22,13,12,18,22,13,10,9,22,13,12,18,22,13,12,18,22,6,8,18,22,12,18,22,13,12,18,22,13,12,18,22,13,12,18,22,13,12,18,22,13,12,18,22,4,18,0,13,9,0,22,0,4,18,0,13,9,0,22,0,4,18,0,13,9,0,22,3,18,18,13,12,15,22,0,3,18,0,13,12,15,22,11,11,18,0,13,8,0,22
0,22,0,3,18,0,13,8,0,22,0,3,18,0,13,8,0,22,0,3,18,0,13,12,22,0,3,18,0,13,11,12,22,8,9,18,0,13,8,0,22,8,9,18,0,13,18,22,5,7,18,9,13,12,18,22,13,12,18,9,13,10,7,22,13,12,18,0,13,18,22,13,12,18,22,13,12,18,22,13,12,18,22,13,12,18,22,13,12,18,0,13,8,22,13,12,18,22,13,10,8,22,6,8,18,22,13,12,18,22,6,8,18,0,13,0,22,11,11,18,19,13,8,0,22,0,3,18,19,13,12,15,22,0,3,18,0,13,0,22,0,3,18,0,13,8,0,22,0,3,18,0,13,8,0,22,0,3,18,0,13,18,22,13,12,18,22,13,12,18,22,13,12,18,22,13,12,18,22,13,12,18,0,13,18,22,13,12,18,22,13,12,18,12,13,12,18,22,13,12,18,22,13,11,10,0,7,7,22,5,5,10,9,13,10,7,0,5,7,18,9,7,6,7,22,5,3,0,0,0,6,22,4,2,0,7,13,10,6,18,4,6,18,7,0,1,6,22,4,6,15,0,11,18,22,13,8,0,22,13,12,18,22,13,12,18,22,0,3,18,22,13,12,18,0,13,18,22,13,8,0,22,13,12,18,22,13,12,18,22,0,3,18,22,13,12,18,0,13,18,22,13,8,0,22,13,12,18,22,13,12,18,22,0,3,18,22,13,12,18,0,13,14,22,13,8,0,22,13,12,14,22,10,10,18,22,0,3,18,22,10,10,18,0,13,0,22,13,8,0,22,13,8,0,22,0,3,18,22,0,3,18,22,0,3,18,0,13,0,17,13,8,0,22,10,6,0,18,0,3,14,22,0,3,18,17,0,3,15,0,11,0,0,13,8,0,22,0,0,0,0,0,0,0,22,0,3,18,0,0,0,0,0,0,0,11,26,8,0,23,23,0,0,0,0,0,19,27,0,3,27,16,0,0,0,0,0,0,4,8,2,0,7,8,0,0,0,0,0,7,8,0,1,8,6,0,0,0,10,18,0,0,0,0,0,0,0,0,0,0,0,0,0,0,0,0,0,0,0,0,0,16,29,0,0,0,0,0,0,0,0,0,0,0,0,0,0,0,0,0,0,0,0,0,16,29,0,0,0,0,0,0,0,0,0,0,0,0,0,0,0,0,0,0,0,0,0,16,29
2,0,0,0,0,0,0,8,8,5,3,12,5,3,8,8,8,5,3,12,5,3,8,2,0,0,0,0,0,0,10,10,10,15,29,18,10,10,10,2,4,15,29,18,10,10,7,0,0,0,0,0,1,29,29,29,29,29,29,29,29,29,7,11,29,29,29,29,29,2,0,0,0,0,0,0,7,7,7,7,7,7,7,7,7,2,3,7,7,7,7,7,17,17,17,17,17,17,17,17,17,17,17,17,17,17,17,17,17,17,17,17,17,17,17,2,1,0,0,0,1,2,2,2,2,2,2,2,2,2,2,2,2,2,2,2,2,2,29,17,0,0,0,12,29,29,29,29,29,29,29,29,29,29,29,29,29,29,29,29,29,0,0,0,0,0,0,0,0,0,0,1,0,0,0,0,0,0,0,0,0,0,0,0,0,0,0,0,0,0,0,0,0,3,18,0,0,0,0,0,13,8,0,0,0,0,0,0,0,0,0,0,0,0,0,0,3,18,0,0,0,0,0,13,8,0,0,0,0,0,0,0,0,0,0,0,0,0,0,2,7,0,0,0,0,0,5,3,0,0,0,0,0,29,15,0,0,0,10,29,29,29,29,29,29,29,29,29,29,29,15,0,29,29,29,29,1,1,0,0,0,0,1,1,1,1,1,1,11,14,14,14,14,14,13,14,14,14,14,0,0,0,0,0,0,0,0,0,0,0,0,13,19,19,19,19,19,19,19,19,19,19,0,0,0,0,0,0,0,0,0,0,0,0,0,0,0,0,0,0,0,0,0,0,0,15,15,15,15,15,15,15,15,15,15,15,15,15,15,15,15,15,15,15,15,15,15,15,0,0,0,0,0,0,0,0,0,0,0,0,0,0,0,0,0,0,0,0,0,0,0,10,10,10,0,8,10,10,10,10,10,10,10,10,10,10,10,10,10,10,10,10,10,10,29,29,27,0,22,29,29,29,29,29,29,29,29,29,29,29,29,29,29,29,29,29,29,27,24,7,0,6,20,29,9,7,7,13,29,16,7,7,7,27,24,7,7,7,20,29,27,23,4,0,3,19,29,6,1,2,10,29,14,2,0,4,27,23,4,0,3,19,29,29,29,27,0,22,29,29,29,7,12,29,29,29,17,2,29,29,29,27,0,22,29,29,13,13,13,0,10,13,13,13,3,6,13,13,13,8,1,13,13,13,13,0,10,13,13
17,23,0,9,25,6,0,25,14,0,17,23,0,0,0,0,6,12,22,17,12,14,22,20,27,0,10,29,7,0,29,17,0,20,27,0,0,0,0,7,14,16,17,10,10,22,20,27,0,10,29,7,0,29,17,0,20,27,0,0,0,0,7,14,0,17,6,1,22,20,27,0,10,29,7,0,29,17,0,20,27,0,0,0,0,7,14,0,17,12,14,22,20,27,0,10,29,7,0,29,17,0,20,27,0,0,0,0,7,14,16,17,12,14,22,0,0,0,0,0,0,0,0,0,0,0,0,0,0,0,0,7,14,22,17,12,14,22,0,0,0,0,0,0,0,0,0,0,0,0,0,0,0,0,7,14,22,17,5,1,22,0,0,0,0,0,0,0,0,0,0,0,0,0,0,0,0,7,14,7,17,4,0,22,13,17,17,17,17,17,17,17,17,3,0,0,0,0,0,0,7,14,0,17,4,0,22,0,0,0,0,0,0,0,0,0,0,0,0,0,0,0,0,2,4,0,17,4,0,6,0,0,0,0,0,0,0,0,0,0,0,0,0,0,0,0,0,0,5,17,18,7,11,0,0,0,6,18,5,0,18,11,0,13,17,0,0,0,0,6,12,22,10,20,14,22,0,0,0,10,29,7,0,29,17,0,20,27,0,0,0,0,7,14,22,0,7,14,22,0,0,0,10,29,7,0,29,17,0,20,27,0,0,0,0,7,14,21,0,7,14,22,0,0,0,10,29,7,0,29,17,0,20,27,0,0,0,0,7,14,0,0,7,14,6,0,0,0,10,29,7,0,29,17,0,20,27,0,0,0,0,7,14,0,0,7,14,0,0,0,0,2,5,1,0,5,3,0,4,5,0,0,0,0,7,14,0,12,4,2,16,0,0,0,0,0,0,0,0,0,0,0,0,0,0,0,0,7,14,0,17,10,9,22,6,7,7,7,7,7,7,7,7,1,0,0,0,0,0,0,7,14,0,17,12,14,22,7,8,8,8,8,8,8,8,8,2,0,0,0,0,0,0,5,10,0,12,11,14,16,0,0,0,0,0,0,0,0,0,0,0,0,0,0,0,0,0,0,0,0,7,14,0,20,27,0,10,29,7,0,29,17,0,20,27,0,0,0,0,0,0,0,0,7,14,0,20,27,0,10,29,7,0,29,17,0,20,27,0,0,0,0,0,0,0,13,11,14,16
13,12,18,22,13,10,8,22,0,0,0,0,26,21,0,16,29,1,6,29,11,0,26,11,11,18,19,13,8,0,22,0,0,0,0,26,21,0,16,29,1,6,29,11,0,26,0,3,18,0,13,8,0,22,0,0,0,0,26,21,0,16,29,1,6,29,11,0,26,13,12,18,22,13,12,18,22,0,0,0,0,17,14,0,11,19,1,4,19,7,0,17,13,12,18,22,13,12,18,12,0,0,0,0,0,0,0,0,0,0,0,0,0,0,0,5,5,10,9,13,10,7,0,0,0,0,0,0,0,0,0,0,0,0,0,0,0,0,4,2,0,7,13,10,6,18,0,0,0,0,0,0,6,7,7,7,2,0,0,0,0,13,8,0,22,13,12,18,22,0,0,0,0,0,0,7,8,8,8,3,0,0,0,0,13,8,0,22,13,12,18,22,0,0,0,0,0,0,0,0,0,0,0,0,0,0,0,13,8,0,22,13,12,18,22,0,0,0,0,0,0,0,0,0,0,0,0,0,0,0,13,8,0,22,13,12,14,22,0,0,0,0,26,21,0,16,28,1,6,28,11,0,26,13,8,0,22,13,8,0,22,0,0,0,0,26,21,0,16,29,1,6,29,11,0,26,13,8,0,22,10,6,0,18,0,0,0,0,26,21,0,16,29,1,6,29,11,0,26,13,8,0,22,0,0,0,0,0,0,0,0,26,21,0,16,29,1,6,29,11,0,26,26,8,0,23,23,0,0,0,1,4,1,0,23,19,0,14,25,1,6,25,10,0,23,8,2,0,7,8,0,0,0,6,29,11,0,0,0,0,0,0,0,0,0,0,0,0,0,0,0,0,0,0,0,0,6,29,11,0,0,0,0,0,0,0,0,0,0,0,0,0,0,0,0,0,0,0,0,6,29,11,0,0,0,14,17,17,17,6,0,0,0,0,0,0,0,0,0,0,0,0,6,29,11,0,0,0,0,0,0,0,0,0,0,0,0,0,0,0,0,0,0,0,0,4,19,7,0,9,8,0,6,10,0,2,10,4,0,0,27,8,0,22,27,0,0,0,0,0,0,0,26,21,0,16,29,1,6,29,11,0,0,16,8,0,23,4,0,0,0,0,0,0,0,26,21,0,16,29,1,6,29,11,0,0,13,8,0,22,5,3,0,9,0,0,0,0,26,21,0,16,29,1,6,29,11,0,0
0,0,0,0,9,14,14,14,14,14,14,14,14,14,14,14,8,0,0,0,0,17,4,0,0,7,23,17,17,17,17,17,15,0,0,1,2,0,0,0,0,0,0,0,17,4,0,0,7,14,0,0,6,0,0,0,0,0,7,14,0,0,0,0,0,0,0,17,4,0,0,7,14,0,0,22,0,0,0,0,0,7,14,0,0,0,0,0,0,0,17,4,0,0,7,14,0,0,22,0,0,0,0,0,7,14,0,0,0,0,0,0,0,17,4,0,0,7,14,0,1,7,5,5,5,5,5,6,6,5,5,5,5,0,0,0,17,4,0,0,7,14,2,7,14,14,14,14,14,14,14,14,14,14,13,22,4,0,0,17,4,0,0,7,14,8,23,15,12,12,12,12,12,12,12,12,12,7,17,4,0,0,17,4,0,0,7,14,0,17,4,2,7,7,7,7,7,7,7,7,0,17,4,0,0,17,4,0,0,7,14,0,17,4,2,8,8,8,8,8,8,8,8,0,17,4,0,0,17,4,0,0,7,14,0,17,8,3,3,3,3,3,3,3,3,3,2,17,4,0,0,17,4,0,0,7,14,1,9,14,14,14,12,12,12,12,12,12,12,7,17,4,0,0,17,4,0,0,7,14,9,14,18,22,8,0,0,0,0,0,0,0,0,17,4,0,0,8,2,0,0,7,14,0,12,11,14,0,0,0,0,7,14,0,0,0,17,4,0,0,0,0,0,0,7,14,0,17,12,14,0,0,0,0,7,14,0,0,0,17,4,0,0,0,0,0,0,7,14,0,12,11,14,0,0,0,0,5,10,0,0,0,17,4,0,0,15,4,0,0,7,14,10,15,19,22,15,15,15,15,15,15,15,15,15,24,4,0,0,17,4,0,0,7,21,14,14,14,14,14,13,0,0,0,0,0,0,0,0,0,0,0,17,4,0,0,0,2,2,2,2,2,2,2,0,0,0,0,0,0,0,0,0,0,0,17,4,2,17,17,17,17,17,17,17,17,17,17,17,17,17,17,17,17,17,17,15,0,17,4,0,0,0,0,0,0,0,0,0,0,0,0,0,0,0,0,0,0,0,0,0,17,4,3,23,0,26,29,29,29,3,16,29,29,29,13,0,0,0,0,0,0,0,0,17,4,2,15,0,17,26,29,18,2,10,23,29,21,8,0,0,0,0,8,5,0,0,17,4
0,0,0,0,0,0,0,0,0,22,0,3,18,0,13,8,0,0,0,0,0,0,0,17,17,17,17,17,17,17,11,0,22,0,3,18,0,13,8,2,17,17,17,17,17,17,0,0,0,0,0,0,0,0,0,22,0,3,18,0,13,8,0,0,0,0,0,0,0,17,17,17,17,17,17,17,17,6,22,0,3,18,0,11,19,17,17,17,17,17,17,17,6,0,0,0,0,0,0,0,0,22,0,3,18,8,17,17,19,11,0,0,0,0,0,0,0,0,0,13,8,0,0,0,22,0,3,18,0,4,6,18,0,0,0,0,2,13,0,0,0,0,13,8,0,0,0,22,0,3,18,0,13,12,18,0,0,0,0,3,18,0,0,0,0,9,5,0,0,0,22,0,3,18,0,13,12,18,0,0,0,0,3,18,4,4,4,4,4,4,4,4,4,23,0,3,18,2,5,8,20,4,4,4,4,5,6,14,14,11,11,11,11,11,11,11,11,0,3,20,8,14,14,14,14,14,12,11,11,11,13,9,0,0,0,0,0,0,0,0,0,1,13,13,13,13,13,13,13,0,0,0,0,6,6,6,6,6,6,6,6,6,6,6,6,6,6,6,6,6,6,6,6,6,6,6,9,9,9,9,9,9,9,9,9,9,9,9,9,9,9,9,9,9,9,9,9,9,9,18,18,18,18,18,11,1,18,18,18,17,0,14,18,18,18,5,8,18,18,18,11,0,29,29,29,29,29,17,2,29,29,29,27,0,22,29,29,29,7,12,29,29,29,17,0,0,6,6,29,11,0,4,2,26,21,4,2,0,16,29,3,5,0,6,29,11,6,0,0,22,6,29,11,0,13,8,26,21,13,8,0,16,29,5,18,0,6,29,11,22,0,0,22,6,29,11,0,13,8,26,21,13,8,0,16,29,5,18,0,6,29,11,22,0,8,10,13,29,17,8,9,9,27,24,9,9,8,20,29,10,10,8,13,29,17,6,0,29,29,29,29,29,29,29,29,29,29,29,29,29,29,29,29,29,29,29,29,29,17,0,9,9,9,9,9,9,9,9,9,9,9,9,9,9,9,9,9,9,9,9,9,5,0,0,0,0,0,0,0,0,0,0,0,0,0,0,0,0,0,0,0,0,0,0,0,0,17,17,17,17,17,17,17,17,17,17,17,17,17,17,17,17,17,17,17,17,17,17,17
0,26,21,0,8,29,29,29,29,29,29,7,0,13,10,1,1,1,1,1,1,0,0,0,26,21,0,8,25,6,6,6,6,6,1,0,6,14,14,14,14,14,14,10,0,0,0,26,21,0,8,23,0,0,0,0,0,0,0,0,0,0,0,0,0,0,0,0,0,0,26,21,0,8,23,8,17,17,17,17,17,17,17,17,17,17,17,17,17,17,17,17,0,26,21,0,8,23,0,7,9,9,9,9,9,9,9,9,9,9,9,9,9,9,0,0,26,21,0,8,23,0,21,29,29,29,29,29,29,29,29,29,29,29,29,29,27,0,0,26,21,0,8,23,0,6,8,8,8,27,24,8,8,8,8,8,8,27,24,8,0,0,26,21,0,8,24,3,3,3,1,0,26,21,0,3,3,3,3,0,26,21,0,0,0,26,21,0,8,28,28,28,28,12,0,26,21,0,28,28,28,25,0,26,21,0,0,0,26,21,0,0,0,0,0,0,0,0,26,21,0,0,0,0,0,0,26,21,0,0,0,26,21,0,0,0,0,4,5,5,5,27,23,5,0,4,5,5,5,27,23,5,0,0,5,4,0,0,0,0,21,29,29,29,29,29,27,0,21,29,29,29,29,29,27,0,0,0,0,0,0,0,0,9,12,12,12,12,12,12,0,9,12,12,12,12,12,12,0,7,2,0,1,7,7,7,7,7,7,7,7,7,7,7,7,7,7,7,7,7,7,7,8,3,0,1,8,8,8,8,8,8,8,8,8,8,8,8,8,8,8,8,8,8,8,0,0,0,0,27,27,27,27,27,27,27,27,27,27,27,27,27,27,27,27,27,27,27,0,0,0,0,28,8,4,4,4,4,4,4,4,4,4,4,4,4,4,4,4,4,4,0,0,0,0,28,5,15,15,15,14,0,12,15,15,15,4,6,15,15,15,9,1,15,0,0,0,0,28,6,29,29,29,27,0,22,29,29,29,7,12,29,29,29,17,2,29,0,0,0,0,28,4,2,27,22,2,0,2,18,29,4,0,1,9,29,13,1,0,2,0,0,0,0,28,4,9,27,24,9,9,9,21,29,11,9,9,14,29,17,9,9,9,0,0,0,0,28,6,29,29,29,29,29,29,29,29,29,29,29,29,29,29,29,29,29,0,0,0,0,28,4,8,8,8,8,8,8,8,8,8,8,8,8,8,8,8,8,8
9,5,24,13,12,21,5,13,12,18,0,13,12,18,4,17,12,18,23,5,5,18,22,9,28,26,12,11,26,28,8,6,3,0,2,4,12,23,26,11,16,21,28,11,12,4,3,18,0,0,0,0,22,0,0,0,0,0,0,0,22,0,0,0,0,13,8,0,0,3,18,0,12,8,0,22,0,3,17,0,12,8,0,22,0,3,17,0,13,8,0,20,3,18,0,13,8,0,22,0,3,18,0,13,8,0,22,0,3,18,0,13,8,0,22,12,18,0,13,8,0,22,13,12,18,0,13,12,18,22,0,3,18,0,13,12,18,22,12,18,16,13,11,13,22,13,12,18,0,13,12,18,22,10,10,18,16,13,12,18,22,12,18,22,13,12,18,22,13,12,18,0,13,12,18,22,13,12,18,22,13,12,18,22,5,18,22,13,12,18,22,1,5,18,0,13,9,2,22,13,12,18,22,13,9,2,22,3,18,11,13,10,9,22,0,3,18,0,13,8,0,22,6,8,18,11,13,8,0,22,6,18,7,13,10,6,22,4,6,18,0,13,10,6,22,4,6,18,7,13,10,6,22,12,18,22,13,12,18,22,13,12,18,0,13,12,18,22,13,12,18,22,13,12,18,22,12,18,22,13,12,18,22,13,9,3,0,2,5,18,22,13,12,18,22,13,12,18,4,4,18,1,2,2,1,22,0,1,2,0,1,1,1,22,0,1,3,1,13,9,1,3,9,18,15,0,2,12,22,9,9,18,0,13,11,12,22,9,5,0,15,13,11,12,22,12,18,22,0,3,18,22,13,12,18,0,13,12,18,22,13,8,0,22,13,12,18,22,12,18,22,0,3,18,22,13,12,18,0,13,12,18,22,13,8,0,22,13,12,18,22,12,18,22,0,3,18,22,13,12,18,0,13,12,18,22,13,8,0,22,13,12,18,22,7,18,22,0,3,18,22,6,7,18,0,13,10,8,22,13,8,0,22,13,10,8,22,3,18,22,0,3,18,22,0,3,18,0,13,8,0,22,13,8,0,22,13,8,0,22,1,8,22,0,3,18,9,0,1,8,0,6,4,0,9,13,8,0,22,6,3,0,10,0,3,23,0,3,20,2,0,0,0,0,0,0,0,1,16,8,0,23,3,0,0,0,0,24,28,0,3,28,20,0,8,14,0,0,0,0,14,28,8,0,23,28,0,3,14
8,0,22,12,9,0,22,0,2,19,22,0,2,19,22,0,2,19,0,12,12,19,0,8,0,22,5,4,0,10,0,1,8,22,0,2,19,9,0,1,9,0,5,7,19,0,8,0,22,3,0,0,0,0,0,3,23,0,2,21,2,0,0,0,0,0,6,19,0,8,0,22,28,1,0,0,0,0,23,28,0,2,28,21,0,0,0,0,3,28,19,0,0,0,0,0,0,5,28,12,0,0,0,0,0,0,0,0,0,0,0,0,0,0,0,0,0,0,0,0,5,29,12,0,0,0,0,0,0,0,0,0,0,0,0,0,0,0,0,0,0,0,0,5,29,12,0,0,0,0,0,0,0,0,0,0,0,0,0,0,0,0,0,0,0,0,5,29,12,0,0,0,0,0,0,0,0,0,0,0,0,0,0,0,2,0,6,7,0,5,25,11,0,6,7,0,0,7,5,0,0,0,0,1,7,5,0,8,0,22,25,1,0,0,0,0,20,28,0,2,28,18,0,0,0,0,3,25,19,0,8,0,22,0,0,0,0,0,0,0,22,0,2,19,0,0,0,0,0,0,2,19,0,8,0,22,9,7,0,16,0,2,14,22,0,2,19,16,0,2,14,0,9,10,19,0,8,0,22,12,9,0,22,0,2,19,22,0,2,19,22,0,2,19,0,12,12,19,0,8,0,22,12,12,13,22,9,9,19,22,0,2,19,22,9,9,19,16,12,12,19,0,8,0,22,12,12,19,22,12,12,19,22,0,2,19,22,12,12,19,22,12,12,19,0,8,0,22,12,12,19,22,12,12,19,22,0,2,19,22,12,12,19,22,12,12,19,0,8,0,22,12,12,19,22,12,12,19,22,0,2,19,22,12,12,19,22,12,12,19,0,3,0,8,12,11,7,19,4,6,19,8,0,1,7,22,4,6,16,8,12,11,7,0,4,9,8,12,11,7,0,4,6,19,8,6,6,7,22,4,3,0,8,12,11,7,11,11,19,22,12,12,19,11,12,12,19,22,12,12,19,22,12,11,9,22,12,12,19,22,11,19,22,12,12,19,22,12,12,19,22,12,12,19,22,12,12,19,22,12,12,19,22,3,19,0,12,10,0,22,0,3,19,0,12,10,0,22,0,3,19,0,12,10,0,22,10,19,18,12,9,0,22,0,2,19,18,12,12,15,22,0,2,19,0,12,12,15,22
21,0,16,29,1,0,0,0,0,0,22,0,3,18,0,13,8,0,22,0,3,18,0,8,0,6,11,0,0,2,1,0,0,22,0,3,18,0,13,8,0,22,0,3,18,0,0,0,0,0,0,6,29,11,0,0,22,0,3,18,0,13,8,0,22,0,3,18,0,0,0,0,0,0,6,29,11,0,0,22,0,3,18,0,13,8,0,22,0,3,18,0,0,0,0,0,0,6,29,11,0,0,20,0,3,17,0,12,8,0,20,0,3,17,0,0,0,0,0,0,6,29,11,0,0,0,0,0,0,0,0,0,0,0,0,0,0,0,17,17,11,0,0,6,29,11,0,14,17,17,17,17,17,17,17,17,17,17,17,17,17,0,0,0,0,0,6,29,11,0,0,1,1,1,1,0,0,1,1,1,0,0,1,1,15,0,11,20,1,6,29,11,0,0,23,29,29,18,0,13,29,29,28,0,3,29,29,21,0,16,29,1,6,29,11,0,0,23,5,7,18,0,13,11,7,23,0,3,19,8,21,0,16,29,1,6,29,11,0,0,22,13,12,18,0,13,12,18,22,0,3,18,22,21,0,16,29,1,6,29,11,0,0,1,13,12,18,0,0,4,18,22,0,0,1,22,21,0,16,29,1,6,29,11,0,2,7,18,12,18,0,7,10,18,22,0,5,7,24,21,0,16,29,1,6,29,11,0,9,25,25,11,18,0,25,25,15,22,0,17,25,24,16,0,12,21,1,5,21,8,0,0,3,3,7,18,0,1,3,3,23,0,0,3,3,0,0,0,0,0,0,0,0,0,0,23,28,29,18,0,13,29,28,28,0,3,29,28,7,7,5,0,0,0,0,0,0,0,22,0,3,18,0,13,8,0,22,0,3,18,0,8,8,6,0,0,0,0,0,3,15,22,11,11,18,18,13,12,15,22,11,11,18,18,0,0,0,0,0,0,0,0,3,18,22,13,12,18,22,13,12,18,22,13,12,18,22,10,0,8,14,0,0,0,0,3,18,22,13,12,18,22,13,12,18,22,13,12,18,22,21,0,16,29,1,0,0,0,3,18,22,13,12,18,22,13,12,18,22,13,12,18,22,21,0,16,29,1,0,0,0,0,1,22,1,4,18,2,13,9,1,22,1,4,18,2,21,0,16,29,1,2,8,3,0,0,22,0,3,18,0,13,8,0,22,0,3,18,0
18,18,18,18,18,18,18,18,18,18,18,18,18,18,18,18,18,18,18,18,18,18,18,13,13,13,13,13,13,13,29,16,13,13,13,13,13,13,29,16,13,13,13,13,13,13,0,0,0,0,3,2,0,28,3,0,0,0,3,2,0,28,3,0,0,0,3,2,0,1,1,2,0,13,9,9,28,5,1,2,0,13,9,9,28,5,1,2,0,13,9,9,10,9,18,0,13,9,15,28,14,9,18,0,13,9,15,28,14,9,18,0,13,9,15,10,9,18,0,13,9,15,28,14,9,18,0,13,9,15,28,14,9,18,0,13,9,15,10,5,0,0,13,9,5,28,14,5,0,0,13,9,5,28,14,5,0,0,13,9,5,4,0,0,0,13,8,0,28,8,0,0,0,13,8,0,28,8,0,0,0,13,8,0,27,0,0,0,0,0,0,27,27,0,0,0,0,0,0,27,27,0,0,0,0,0,0,8,8,8,8,8,8,8,8,8,8,8,8,8,8,8,8,8,8,8,8,8,8,8,7,7,7,7,7,7,7,7,7,7,7,7,7,7,7,7,7,7,7,7,7,7,7,0,0,16,20,20,20,5,9,20,20,20,12,2,20,20,20,20,20,20,14,0,0,0,0,0,21,29,29,28,7,12,28,29,28,16,2,27,29,29,27,27,27,19,0,0,0,0,0,0,16,29,1,0,8,6,29,11,8,0,0,26,21,5,3,0,8,0,0,0,0,0,0,16,29,1,0,22,6,29,11,22,0,0,26,21,13,8,0,22,0,22,22,0,0,0,16,29,1,0,22,6,29,11,22,0,0,26,21,13,8,0,22,0,15,25,0,0,8,21,29,12,10,10,15,29,18,10,10,10,28,24,10,10,10,7,0,8,23,0,0,22,29,29,29,29,29,29,29,29,29,29,29,29,29,29,29,29,20,0,8,23,0,0,6,7,7,7,7,7,7,7,7,7,7,7,7,7,7,7,7,5,0,8,23,0,0,0,0,0,0,0,0,0,0,0,0,0,0,0,0,0,0,0,0,0,8,23,17,17,17,17,17,17,17,17,17,17,17,17,17,17,17,17,17,17,17,7,0,8,23,0,0,0,0,0,0,0,0,0,0,0,6,8,8,8,8,8,8,3,4,8,15,25,0,0,0,0,0,0,0,0,0,0,0,15,19,19,19,19,19,19,7,9,19,19,19
0,0,0,0,0,0,0,0,0,0,0,0,0,0,0,0,0,0,0,0,0,0,0,0,0,0,0,0,0,0,0,0,0,0,0,0,0,0,0,0,0,0,0,0,0,0,8,8,8,8,8,8,8,8,8,8,8,8,8,8,8,8,8,8,8,8,8,8,8,7,7,7,7,7,7,7,7,7,7,7,7,7,7,7,7,7,7,7,7,7,7,7,0,15,20,20,20,5,8,20,20,20,12,6,25,10,0,1,1,0,0,6,25,10,8,0,20,29,29,28,7,11,28,29,28,16,6,29,11,0,26,21,0,0,6,29,11,11,1,0,16,29,2,3,0,6,29,11,3,6,29,11,0,26,21,0,0,6,29,11,3,8,0,16,29,5,18,0,6,29,11,22,6,29,11,0,26,21,0,0,6,29,11,22,8,0,16,29,5,18,0,6,29,11,22,6,29,11,0,26,21,0,0,6,29,11,22,7,0,16,29,5,15,0,6,29,11,18,6,29,11,0,26,21,0,0,6,29,11,18,8,8,20,29,10,8,8,13,29,17,8,13,29,11,0,26,21,0,0,6,29,17,8,29,29,29,29,29,29,29,29,29,29,29,29,29,11,0,9,8,0,0,6,29,29,29,9,9,9,9,9,9,9,9,9,9,9,9,9,3,0,0,0,0,0,2,9,9,9,17,17,17,17,17,17,17,17,17,17,17,17,17,17,17,17,17,17,17,17,17,17,17,0,0,0,0,0,0,0,0,0,0,0,0,0,0,0,0,0,0,0,0,0,0,0,6,6,6,6,6,6,6,6,6,6,6,6,6,1,0,0,0,0,0,0,6,6,6,29,29,29,29,29,29,29,29,29,29,29,29,29,7,0,23,19,0,0,1,29,29,29,29,19,11,11,11,11,11,16,29,19,11,11,11,3,0,26,21,0,0,0,11,11,11,29,11,0,0,0,0,0,6,29,11,0,0,0,0,0,26,21,0,0,0,0,0,0,29,11,6,14,14,14,8,6,29,11,6,14,14,3,0,26,21,0,0,1,14,14,8,9,3,4,9,9,9,5,2,9,3,4,9,9,2,0,8,7,0,0,0,9,9,5,0,0,0,0,0,0,0,0,0,0,0,0,0,0,0,0,0,0,0,0,0,0,0,0,0,0,0,0,0,0,0,0,0,0,0,0,0,0,0,0,0,0,0,0,0,0
19,13,12,15,22,11,11,18,19,13,12,15,22,11,11,18,19,13,12,15,22,11,11,0,13,8,0,22,0,3,18,0,13,8,0,22,0,3,18,0,13,8,0,22,0,3,27,28,8,0,23,27,28,18,0,13,28,27,28,0,3,29,27,28,8,0,23,27,28,4,16,8,0,3,4,8,18,0,2,4,4,23,0,0,4,4,16,8,0,3,4,8,23,13,8,8,23,23,11,18,0,23,23,15,22,0,16,23,23,13,8,8,23,23,11,24,13,8,3,8,18,12,18,0,8,11,18,22,0,6,8,24,13,8,3,8,18,12,22,13,8,0,0,13,12,18,0,0,3,18,22,0,0,0,22,13,8,0,0,13,12,22,13,8,0,22,13,12,18,0,13,12,18,22,0,3,18,22,13,8,0,22,13,12,2,13,8,0,22,1,4,18,0,13,9,1,22,0,3,18,2,13,8,0,22,1,4,29,29,8,0,23,29,29,18,0,13,29,29,28,0,3,29,29,29,8,0,23,29,29,2,2,0,0,2,2,2,1,0,1,2,2,2,0,0,2,2,2,0,0,2,2,2,17,17,17,17,17,17,17,17,17,17,17,17,17,17,17,17,17,17,17,17,17,17,17,0,0,0,0,0,0,0,0,0,0,0,0,0,0,0,0,0,0,0,0,0,0,0,0,12,7,0,19,0,3,16,0,12,7,0,19,0,3,16,0,12,7,0,19,0,3,0,13,8,0,22,0,3,18,0,13,8,0,22,0,3,18,0,13,8,0,22,0,3,0,13,8,0,22,0,3,18,0,13,8,0,22,0,3,18,0,13,8,0,22,0,3,0,13,8,0,22,0,3,18,0,13,8,0,22,0,3,18,0,13,8,0,22,0,3,0,13,8,0,22,0,3,18,0,13,8,0,22,0,3,18,0,13,8,0,22,0,3,16,13,11,13,22,10,10,18,16,13,11,13,22,10,10,18,16,13,11,13,22,10,10,22,13,12,18,22,13,12,18,22,13,12,18,22,13,12,18,22,13,12,18,22,13,12,22,13,12,18,22,13,12,18,22,13,12,18,22,13,12,18,22,13,12,18,22,13,12,22,13,12,18,22,13,12,18,22,13,12,18,22,13,12,18,22,13,12,18,22,13,12,3,13,9,3,22,2,5,18,3,13,9,3,22,2,5,18,3,13,9,3,22,2,5
0,1,8,0,6,3,0,9,0,1,8,0,6,3,0,9,0,1,8,0,6,3,0,0,0,1,0,1,0,0,2,0,0,1,0,1,0,0,2,0,0,1,0,1,0,0,17,17,17,17,17,17,17,17,17,17,17,17,17,17,17,17,17,17,17,17,17,17,17,0,0,0,0,0,0,0,0,0,0,0,0,0,0,0,0,0,0,0,0,0,0,0,25,25,15,0,11,25,25,24,0,3,25,25,25,7,0,20,25,25,15,0,11,25,25,7,10,18,0,13,14,7,24,0,3,21,7,18,8,0,23,7,10,18,0,13,14,7,11,11,18,0,13,12,15,22,0,3,18,19,13,8,0,22,11,11,18,0,13,12,15,13,12,18,0,4,6,18,22,0,1,5,22,13,8,0,6,13,12,18,0,4,6,18,14,12,18,0,0,4,18,22,0,0,0,23,13,8,0,0,14,12,18,0,0,4,18,29,12,18,0,29,29,18,22,0,20,29,28,13,8,10,29,29,12,18,0,29,29,18,1,4,18,0,1,1,1,22,0,1,1,1,13,8,0,1,1,4,18,0,1,1,1,26,27,18,0,12,26,26,28,0,3,26,26,28,8,0,21,26,27,18,0,12,26,26,5,9,18,0,13,13,5,24,0,3,21,5,17,8,0,23,5,9,18,0,13,13,5,7,9,18,13,13,11,10,22,7,9,18,13,13,11,10,22,7,9,18,13,13,11,10,13,12,18,22,13,12,18,22,13,12,18,22,13,12,18,22,13,12,18,22,13,12,18,13,12,18,22,13,12,18,22,13,12,18,22,13,12,18,22,13,12,18,22,13,12,18,13,12,18,22,13,12,18,22,13,12,18,22,13,12,18,22,13,12,18,22,13,12,18,4,6,18,7,13,10,6,22,4,6,18,7,13,10,6,22,4,6,18,7,13,10,6,0,3,18,0,13,8,0,22,0,3,18,0,13,8,0,22,0,3,18,0,13,8,0,0,3,18,0,13,8,0,22,0,3,18,0,13,8,0,22,0,3,18,0,13,8,0,0,3,18,0,13,8,0,22,0,3,18,0,13,8,0,22,0,3,18,0,13,8,0,0,3,18,0,13,8,0,22,0,3,18,0,13,8,0,22,0,3,18,0,13,8,0,0,1,8,0,6,4,0,10,0,1,8,0,6,4,0,10,0,1,8,0,6,4,0
0,0,0,0,0,0,0,0,0,0,0,0,0,0,0,0,0,0,0,0,0,0,0,14,14,14,14,14,14,14,14,14,14,14,14,14,14,14,14,14,14,14,14,14,14,14,1,1,1,1,1,1,1,1,1,1,1,1,1,1,1,1,1,1,1,1,1,1,1,8,5,0,0,0,2,12,0,5,3,0,0,0,0,0,0,0,0,1,26,26,26,26,13,8,0,0,0,3,18,0,13,8,2,17,17,17,17,17,10,0,1,21,21,21,21,13,8,0,0,0,3,18,0,13,8,0,0,0,0,0,3,18,0,0,0,0,0,0,13,9,3,0,2,5,18,0,13,18,12,12,12,12,5,3,25,17,17,17,17,17,17,15,12,18,0,13,12,20,2,4,6,6,6,5,3,1,3,18,0,0,0,0,0,0,21,12,18,0,13,12,24,13,13,13,13,13,5,0,0,3,18,0,0,8,8,8,8,13,12,18,0,13,12,18,0,0,0,0,0,0,0,0,3,18,0,1,29,29,29,29,10,10,18,0,13,12,14,0,0,8,17,17,17,17,17,17,11,0,0,9,9,9,9,0,3,18,0,13,8,0,0,0,0,0,0,0,0,0,0,0,0,0,0,0,0,0,17,4,18,0,13,8,14,17,17,17,17,17,17,17,17,17,17,17,17,17,17,17,17,0,3,18,0,13,8,0,0,5,6,6,6,6,6,6,6,6,6,6,6,6,6,6,9,10,18,0,13,11,13,0,21,29,29,29,29,29,29,29,29,29,29,29,29,29,27,13,12,18,0,13,12,18,0,8,22,29,13,11,11,11,11,11,22,29,13,11,11,11,13,12,18,0,13,12,18,0,0,16,29,1,0,0,0,0,0,16,29,1,0,0,0,13,12,18,0,13,12,18,0,0,16,29,1,20,29,29,29,5,16,29,1,7,29,29,13,12,18,0,13,12,18,0,0,16,29,1,1,1,1,1,0,16,29,1,0,1,1,6,8,18,0,13,10,8,0,2,18,29,4,2,2,2,0,2,18,29,4,2,2,2,0,0,4,0,3,2,0,0,21,29,29,29,29,29,27,0,21,29,29,29,29,29,27,0,0,0,0,0,0,0,0,11,15,15,15,15,15,14,0,11,15,15,15,15,15,14,0,0,0,0,0,0,0,0,0,0,0,0,0,0,0,0,0,0,0,0,0,0,0
18,0,6,29,11,0,13,8,0,0,13,8,0,0,0,0,0,0,0,0,0,0,13,18,0,6,29,11,0,13,8,0,0,13,8,2,17,17,17,17,17,17,17,17,0,13,18,0,6,29,11,0,13,8,0,0,13,8,0,0,0,0,0,0,0,0,0,0,13,18,0,6,29,11,0,13,8,0,0,13,8,14,17,17,17,17,17,17,17,17,17,19,15,0,6,29,11,0,11,7,0,0,13,8,0,0,0,0,0,0,0,0,14,20,17,0,0,6,29,11,0,0,0,0,0,13,8,0,0,0,16,0,0,0,0,0,22,5,0,0,6,29,11,0,0,0,0,0,13,8,0,0,0,22,0,0,0,0,0,22,13,10,0,6,29,11,0,7,4,0,0,13,8,0,0,0,22,0,0,0,0,0,22,13,18,0,3,17,6,0,13,8,0,0,13,13,5,5,5,6,5,5,5,5,5,24,6,18,0,0,0,0,0,13,8,0,0,5,10,10,10,10,10,10,10,11,14,14,14,14,18,0,0,0,0,0,13,8,0,0,0,0,0,0,0,0,0,0,2,12,12,12,12,18,0,0,0,0,0,13,8,1,7,7,7,7,7,7,7,7,7,7,7,7,7,7,18,0,0,0,0,0,13,8,1,8,8,8,8,8,8,8,8,8,8,8,8,8,8,18,0,0,0,0,0,13,8,0,0,0,0,0,0,0,0,15,19,19,19,5,8,19,18,0,0,0,0,0,13,8,0,0,0,0,0,0,0,0,22,29,29,29,7,12,29,18,0,0,0,0,0,13,8,0,0,0,16,28,1,0,1,6,16,29,1,0,7,6,18,0,0,0,0,0,13,8,0,0,0,16,29,1,0,3,18,16,29,1,0,22,6,18,0,0,0,0,0,13,8,0,0,0,16,29,1,0,3,18,16,29,1,0,22,6,18,0,0,0,0,0,13,8,0,0,0,16,29,1,0,0,8,21,29,11,9,10,14,18,0,0,0,0,0,13,8,0,0,0,14,25,1,0,0,22,29,29,29,29,29,29,18,0,0,0,0,0,13,8,0,0,0,0,0,0,0,0,6,8,8,8,8,8,8,18,0,0,0,0,0,13,8,0,0,0,0,0,0,0,0,0,0,0,0,0,0,0,18,0,0,0,0,0,13,8,2,17,17,17,17,17,17,17,17,17,17,17,17,17,17
0,12,12,12,12,12,12,12,12,12,12,12,12,12,12,12,12,12,12,12,12,12,0,0,3,3,3,3,3,3,3,3,3,3,3,3,3,3,3,3,3,3,3,3,3,0,0,0,0,0,0,0,0,0,0,0,0,0,0,0,0,0,0,0,0,0,0,0,0,0,6,19,5,0,19,12,0,13,19,0,6,19,5,0,19,12,0,13,19,0,5,0,0,9,29,8,0,29,18,0,19,28,0,9,29,8,0,29,18,0,19,28,0,7,0,0,9,29,8,0,29,18,0,19,28,0,9,29,8,0,29,18,0,19,28,0,7,0,0,9,29,8,0,29,18,0,19,28,0,9,29,8,0,29,18,0,19,28,0,7,0,0,9,29,8,0,29,18,0,19,28,0,9,29,8,0,29,18,0,19,28,0,7,0,0,1,4,1,0,4,3,0,3,4,0,1,4,1,0,4,3,0,3,4,0,1,0,0,0,0,0,0,0,0,0,0,0,0,0,0,0,0,0,0,0,0,0,0,0,0,0,0,0,0,0,0,0,0,0,0,0,0,0,0,0,0,0,0,0,0,0,0,0,0,15,17,17,17,17,17,17,17,17,17,17,17,17,17,17,17,17,17,17,17,15,0,0,0,0,0,0,0,0,0,0,0,0,0,0,0,0,0,0,0,0,0,0,0,0,0,0,0,0,0,0,0,0,0,0,0,0,0,0,0,0,0,0,0,0,0,0,0,0,4,13,4,0,13,8,0,9,13,0,4,13,4,0,13,8,0,9,13,0,3,0,0,9,29,8,0,29,18,0,19,28,0,9,29,8,0,29,18,0,19,28,0,7,0,0,9,29,8,0,29,18,0,19,28,0,9,29,8,0,29,18,0,19,28,0,7,0,0,9,29,8,0,29,18,0,19,28,0,9,29,8,0,29,18,0,19,28,0,7,0,0,9,29,8,0,29,18,0,19,28,0,9,29,8,0,29,18,0,19,28,0,7,0,0,3,10,3,0,10,6,0,7,10,0,3,10,3,0,10,6,0,7,10,0,2,0,0,0,0,0,0,0,0,0,0,0,0,0,0,0,0,0,0,0,0,0,0,0,0,0,2,2,2,2,2,2,2,2,2,2,2,2,2,2,2,2,2,2,2,2,2,0,0,13,13,13,13,13,13,13,13,13,13,13,13,13,13,13,13,13,13,13,13,13,0
13,8,0,0,0,0,0,0,0,28,3,0,6,29,11,0,26,21,0,16,29,1,6,13,8,0,8,21,21,21,21,21,29,3,0,6,29,11,0,26,21,0,16,29,1,6,20,8,0,10,26,26,26,26,26,29,3,0,5,21,8,0,19,16,0,12,21,1,6,4,1,0,0,0,0,0,0,0,28,3,0,0,0,0,0,0,0,0,0,0,0,6,7,7,7,7,7,7,7,7,2,28,3,0,4,20,8,0,18,15,0,11,20,1,6,8,8,8,8,8,8,8,8,3,28,3,0,6,29,11,0,26,21,0,16,29,1,6,19,19,19,19,19,19,19,11,0,28,3,0,6,29,11,0,26,21,0,16,29,1,6,28,28,29,29,28,28,28,17,0,28,3,0,6,29,11,0,26,21,0,16,29,1,6,0,0,26,21,0,0,0,0,0,28,3,0,6,29,11,0,26,21,0,16,29,1,4,12,0,26,21,0,8,13,13,13,29,3,0,6,29,11,0,26,21,0,16,29,1,0,16,0,26,21,0,11,18,18,18,18,2,0,6,29,11,0,26,21,0,16,29,1,5,0,0,26,21,0,0,0,0,0,0,0,0,6,29,11,0,26,21,0,16,29,1,6,1,15,28,26,15,15,15,9,0,0,0,0,6,29,11,0,26,21,0,16,29,1,6,1,29,29,29,29,29,29,17,0,0,0,0,6,29,11,0,26,21,0,16,29,1,6,0,2,2,2,2,2,2,1,0,0,0,0,6,29,11,0,26,21,0,16,29,1,6,17,17,17,17,17,17,17,17,17,17,17,0,6,29,11,0,26,21,0,16,29,1,6,0,0,0,0,0,0,0,0,0,0,0,0,6,29,11,0,26,21,0,16,29,1,6,0,0,0,11,29,29,29,29,29,29,3,0,6,29,11,0,26,21,0,16,29,1,6,18,5,0,7,18,18,18,18,18,29,3,0,6,29,11,0,26,21,0,16,29,1,6,13,10,1,1,1,1,1,1,0,28,3,0,6,29,11,0,26,21,0,16,29,1,6,13,19,14,14,14,14,14,14,5,28,3,0,6,29,11,0,26,21,0,16,29,1,6,13,8,0,0,0,0,0,0,0,28,3,0,6,29,11,0,26,21,0,16,29,1,6,13,8,0,4,11,11,11,11,11,29,3,0,6,29,11,0,26,21,0,16,29,1,6
18,0,0,3,18,0,0,0,5,3,0,0,0,0,13,10,6,0,13,8,0,22,0,18,0,0,2,19,17,17,17,17,17,17,17,17,17,18,18,17,11,13,8,0,16,17,18,0,0,0,0,0,0,0,0,0,0,0,14,17,17,17,17,17,19,6,0,0,0,18,0,0,0,0,0,0,0,0,0,0,0,0,0,0,0,0,0,0,0,0,0,0,18,0,14,17,17,17,17,17,17,17,17,17,17,17,17,17,17,17,17,17,17,17,17,18,0,0,0,0,0,0,0,0,4,9,9,9,5,0,9,9,9,9,0,7,9,9,18,0,0,0,0,0,0,0,0,12,29,29,29,17,2,29,29,29,27,0,22,29,29,18,0,0,0,17,13,0,0,0,3,13,29,17,5,0,8,27,24,8,0,6,20,29,18,0,0,0,26,21,0,0,0,22,6,29,11,0,13,8,26,21,0,3,18,16,29,18,0,0,0,26,21,0,0,0,22,6,29,11,0,13,8,26,21,0,3,18,16,29,18,0,0,0,26,21,0,0,0,8,6,29,11,0,5,3,26,21,0,1,6,16,29,18,0,0,0,26,21,0,0,0,12,29,29,29,29,29,29,29,29,29,29,29,29,29,18,0,0,0,5,4,0,0,0,8,18,18,18,18,18,18,18,18,18,18,18,18,18,18,0,0,0,0,0,0,0,0,0,0,0,0,0,0,0,0,0,0,0,0,0,0,18,0,6,7,7,7,7,7,7,7,7,7,7,7,7,7,7,7,7,7,7,7,7,18,0,7,8,8,8,8,8,8,8,8,8,8,8,8,8,8,8,8,8,8,8,8,18,0,13,27,27,27,27,27,27,27,27,27,27,27,27,27,27,27,27,27,27,27,27,18,0,13,12,4,4,4,4,4,4,20,16,4,4,4,4,4,4,20,16,4,4,4,18,0,13,8,0,0,0,2,10,0,18,13,0,0,0,2,10,0,18,13,0,0,0,18,0,13,9,6,9,0,3,18,15,18,14,6,9,0,3,18,15,18,14,6,9,0,18,0,13,9,15,22,0,3,18,16,18,14,15,22,0,3,18,16,18,14,15,22,0,18,0,13,9,15,16,0,3,18,16,18,14,15,16,0,3,18,16,18,14,15,16,0,18,0,13,9,10,0,0,3,18,1,18,14,10,0,0,3,18,1,18,14,10,0,0
0,0,0,0,0,0,0,0,16,0,0,11,29,3,2,13,0,0,0,11,29,3,2,0,0,0,0,0,0,0,0,0,0,0,15,18,2,0,0,0,0,0,15,18,2,0,17,17,17,17,17,17,17,17,17,17,17,17,17,17,17,17,17,17,17,17,17,17,17,0,0,0,0,0,0,0,0,0,0,0,0,0,0,0,0,0,0,0,0,0,0,0,7,0,19,0,3,15,0,11,7,0,19,0,0,0,0,0,0,0,0,0,0,0,0,8,0,22,0,3,18,0,13,8,0,22,0,0,0,14,25,1,0,0,0,0,0,0,8,0,22,0,3,18,0,13,8,0,22,0,0,0,16,29,1,0,0,0,1,1,1,8,0,22,0,3,18,0,13,8,0,22,0,0,0,16,29,1,0,0,2,29,29,29,8,0,22,0,3,18,0,13,8,0,22,0,0,0,16,29,1,0,0,0,0,19,14,8,0,23,3,7,18,0,13,11,3,23,0,0,0,16,29,1,0,0,0,0,18,13,8,0,23,28,29,18,0,13,29,28,28,0,0,0,0,0,0,0,0,0,0,18,13,9,3,22,2,5,18,3,13,9,3,22,2,1,0,0,0,0,0,0,0,0,18,13,12,18,22,13,12,18,22,13,12,18,22,13,8,0,0,0,0,0,0,0,0,18,13,12,18,22,13,12,18,22,13,12,18,22,13,8,0,0,2,17,17,17,17,5,18,13,9,18,13,13,11,10,22,7,9,18,13,13,8,0,0,0,0,2,17,17,17,25,23,3,18,0,13,9,1,22,0,4,18,0,13,8,0,0,0,0,2,14,14,14,24,21,3,18,0,13,12,18,22,13,12,18,0,13,8,0,0,0,0,0,0,0,1,18,14,3,18,0,13,12,18,22,13,12,18,0,13,8,0,0,0,0,9,8,12,16,18,14,3,18,0,13,12,18,22,13,12,18,0,13,8,0,0,0,0,13,12,18,16,18,14,0,0,0,13,12,18,22,13,12,18,0,0,0,0,0,0,0,13,12,17,16,18,14,0,0,0,11,11,18,18,13,12,15,0,0,0,0,0,0,0,13,8,0,2,18,14,0,0,0,0,3,18,0,13,8,0,0,0,0,0,0,0,0,2,1,0,2,20,16,0,0,0,0,3,18,0,13,8,0,0,0,0,0,0,0,0,0,0,0,17,28,28
0,6,11,0,2,11,4,0,10,8,0,6,11,0,2,11,4,0,10,8,0,6,11,0,0,0,0,0,0,0,0,0,0,0,0,0,0,0,0,0,0,0,0,0,0,0,17,17,17,17,17,17,17,17,17,17,17,17,17,17,17,17,17,17,17,17,17,17,17,0,0,0,0,0,0,0,0,0,0,0,0,0,0,0,0,0,0,0,0,0,0,0,0,19,0,3,15,0,11,7,0,0,0,3,15,0,11,7,0,19,0,3,15,0,11,0,22,0,3,18,0,13,8,0,0,0,3,18,0,13,8,0,22,0,3,18,0,13,0,22,0,3,18,0,13,8,0,0,0,3,18,0,13,8,0,22,0,3,18,0,13,0,22,0,3,18,0,13,8,0,0,0,3,18,0,13,8,0,22,0,3,18,0,13,0,22,0,3,18,0,13,8,0,0,0,3,18,0,13,8,0,22,0,3,18,0,13,3,23,0,3,20,3,16,8,0,0,0,3,20,3,16,8,0,23,3,7,18,0,13,28,28,0,3,29,28,29,8,0,0,0,3,29,28,29,8,0,23,28,29,18,0,13,3,22,2,5,18,3,13,9,3,0,2,5,18,3,13,9,3,22,2,5,18,3,13,18,22,13,12,18,22,13,12,18,0,13,12,18,22,13,12,18,22,13,12,18,22,13,18,22,13,12,18,22,13,12,18,0,13,12,18,22,13,12,18,22,13,12,18,22,13,18,13,13,11,10,22,7,9,18,0,13,11,10,22,7,9,18,13,13,11,10,22,7,18,1,13,9,1,22,0,3,18,0,13,8,0,22,0,4,18,1,13,8,0,22,0,18,22,13,12,18,22,0,3,18,0,13,8,0,22,13,12,18,22,13,8,0,22,0,18,22,13,12,18,22,0,3,18,0,13,8,0,22,13,12,18,22,13,8,0,22,0,18,22,13,12,18,22,0,3,18,0,13,8,0,22,13,12,18,22,13,8,0,22,0,18,22,13,12,18,22,0,0,0,0,0,0,0,22,13,12,18,22,13,8,0,0,0,15,22,11,11,18,18,0,0,0,0,0,0,0,18,13,12,15,22,11,7,0,0,0,0,22,0,3,18,0,0,0,0,0,0,0,0,0,13,8,0,22,0,0,0,0,0,0,22,0,3,18,0,0,0,0,0,0,0,0,0,13,8,0,22,0,0,0,0,0
0,1,20,2,0,17,29,29,29,29,29,27,0,2,29,15,0,22,25,0,12,29,5,2,14,14,1,0,4,6,6,6,6,10,27,0,2,29,15,0,22,25,0,12,29,5,0,0,0,0,0,0,0,0,0,0,4,27,0,2,29,15,0,22,25,0,12,29,5,3,17,17,17,17,17,17,17,17,17,7,27,0,2,29,15,0,22,25,0,12,29,5,1,9,9,9,9,9,9,9,9,3,4,27,0,2,29,15,0,22,25,0,12,29,5,5,29,29,29,29,29,29,29,29,11,4,27,0,2,29,15,0,22,25,0,12,29,5,1,8,8,11,29,20,8,8,8,3,4,27,0,2,29,15,0,22,25,0,12,29,5,0,3,2,2,29,15,0,3,3,3,8,27,0,2,29,15,0,22,25,0,12,29,5,5,28,19,2,29,15,0,23,28,28,28,27,0,2,29,15,0,22,25,0,12,29,5,0,0,0,2,29,15,0,0,0,0,0,0,0,2,29,15,0,1,1,0,0,1,0,1,2,1,8,29,18,5,5,5,2,0,0,0,2,29,15,0,0,0,0,0,0,0,5,11,7,29,29,29,29,29,29,11,0,0,0,0,5,3,0,0,0,0,0,0,0,2,5,3,12,12,12,12,12,12,5,0,0,0,0,0,0,0,0,0,0,0,0,0,1,7,7,7,7,7,7,7,7,7,7,7,6,0,0,5,7,7,7,7,7,7,1,1,8,8,8,8,8,8,8,8,8,8,8,7,0,0,6,8,8,8,8,8,8,1,5,27,27,27,27,27,27,27,27,27,27,27,16,0,0,0,0,0,0,0,0,0,0,0,4,4,4,4,4,4,4,4,4,4,17,17,0,0,0,0,22,25,0,12,29,5,0,10,15,15,15,6,4,15,15,15,11,14,17,0,0,0,0,22,25,0,12,29,5,0,18,29,29,29,11,8,29,29,29,21,14,17,0,0,0,0,22,25,0,12,29,5,0,1,14,29,8,1,0,5,29,17,2,14,17,0,0,0,0,22,25,0,12,29,5,1,9,18,29,13,9,9,11,29,20,7,14,17,0,0,0,0,22,25,0,12,29,5,5,29,29,29,29,29,29,29,29,29,21,14,17,0,0,0,0,22,25,0,12,29,5,1,8,8,8,8,8,8,8,8,8,6,14,17,0,0,0,0,9,10,0,5,11,2
10,9,7,6,8,12,0,2,10,0,7,4,0,12,6,6,10,9,7,4,0,12,0,18,0,13,8,0,22,0,3,18,0,13,8,0,22,0,3,18,0,13,8,0,22,0,18,16,13,11,13,22,10,10,18,0,13,11,13,22,10,10,18,16,13,11,13,22,10,18,22,13,12,18,22,13,12,18,0,13,12,18,22,13,12,18,22,13,12,18,22,13,18,22,13,12,18,22,13,12,18,0,13,12,18,22,13,12,18,22,13,12,18,22,13,3,23,0,3,20,3,16,8,0,0,0,3,20,3,16,8,0,23,3,7,18,0,13,28,28,0,3,29,28,29,8,0,0,0,3,29,28,29,8,0,23,28,29,18,0,13,0,22,0,3,18,0,13,8,0,0,0,3,18,0,13,8,0,22,0,3,18,0,13,0,22,0,3,18,0,13,8,0,0,0,3,18,0,13,8,0,22,0,3,18,0,13,0,22,0,3,18,0,13,8,0,0,0,3,18,0,13,8,0,22,0,3,18,0,13,0,22,0,3,18,0,13,8,0,0,0,3,18,0,13,8,0,22,0,3,18,0,13,0,22,0,3,18,0,13,8,0,0,0,3,18,0,13,8,0,22,0,3,18,0,13,0,15,0,2,12,0,9,5,0,0,0,2,12,0,9,5,0,15,0,2,12,0,9,3,3,3,3,3,3,3,3,3,3,3,3,3,3,3,3,3,3,3,3,3,3,3,12,12,12,12,12,12,12,12,12,12,12,12,12,12,12,12,12,12,12,12,12,12,12,0,0,0,0,0,0,0,0,0,0,0,0,0,0,0,0,0,0,0,0,0,0,0,0,15,26,1,6,26,10,0,24,19,0,15,26,1,6,26,10,0,24,19,0,15,26,0,16,29,1,6,29,11,0,26,21,0,16,29,1,6,29,11,0,26,21,0,16,29,0,16,29,1,6,29,11,0,26,21,0,16,29,1,6,29,11,0,26,21,0,16,29,0,16,29,1,6,29,11,0,26,21,0,16,29,1,6,29,11,0,26,21,0,16,29,0,16,29,1,6,29,11,0,26,21,0,16,29,1,6,29,11,0,26,21,0,16,29,0,16,29,1,6,29,11,0,26,21,0,16,29,1,6,29,11,0,26,21,0,16,29,0,9,15,1,3,15,6,0,14,11,0,9,15,1,3,15,6,0,14,11,0,9,15
0,0,0,0,0,0,16,29,1,0,0,0,0,0,0,0,0,0,0,0,0,0,0,27,0,3,27,19,0,3,5,0,4,27,17,0,13,27,10,0,0,0,0,13,27,8,23,0,3,20,3,0,0,0,0,0,8,18,0,13,12,1,0,0,0,0,2,16,8,22,0,3,18,9,0,1,7,0,5,7,18,0,13,10,7,0,5,3,0,9,13,8,22,0,3,18,22,0,3,18,0,13,12,18,0,13,12,18,0,13,8,0,22,13,8,22,0,3,18,22,5,7,18,8,13,12,18,0,13,12,18,8,13,10,6,22,13,8,22,0,3,18,22,13,12,18,22,13,12,18,0,13,12,18,22,13,12,18,22,13,8,22,0,3,18,22,13,12,18,22,13,12,18,0,13,12,18,22,13,12,18,22,13,8,22,0,3,18,22,13,12,18,22,13,12,18,0,13,12,18,22,13,12,18,22,13,8,16,0,2,13,22,9,10,18,16,13,11,13,0,9,10,18,16,13,11,13,22,9,6,0,2,1,0,22,0,0,3,0,13,9,0,3,0,4,18,0,2,1,0,22,0,0,22,13,12,18,22,13,9,3,22,13,12,18,22,13,12,18,22,2,5,18,22,13,12,22,13,12,18,22,13,12,18,22,13,12,18,22,13,12,18,22,13,12,18,22,13,12,8,13,10,6,22,5,7,18,8,13,10,6,22,5,7,18,8,13,10,6,22,5,7,10,13,10,8,22,0,3,18,0,13,10,8,22,6,8,18,0,13,8,0,22,6,8,22,13,12,18,22,0,4,18,1,13,12,18,22,13,12,18,1,13,9,1,22,13,12,22,13,12,18,22,13,12,18,22,13,12,18,22,13,12,18,22,13,12,18,22,13,12,17,13,12,14,22,13,12,18,22,13,12,14,22,10,10,18,22,13,12,18,22,10,10,0,13,8,0,22,13,12,18,22,13,8,0,22,0,3,18,22,13,12,18,22,0,3,0,13,8,0,22,0,3,18,0,13,8,0,22,0,3,18,0,13,8,0,22,0,3,0,13,8,0,22,0,3,18,0,13,8,0,22,0,3,18,0,13,8,0,22,0,3,0,0,0,0,22,0,0,0,0,13,8,0,0,0,3,18,0,0,0,0,22,0,0,25,11,10,25,28,7,5,3,13,13,27,16,19,12,26,18,13,2,3,10,23,25,11
3,0,0,16,29,1,6,29,11,0,26,21,0,16,29,1,0,5,7,24,13,8,2,3,0,0,16,29,1,6,29,11,0,26,21,0,16,29,1,0,17,25,24,13,8,9,3,0,0,12,21,1,5,21,8,0,19,16,0,3,5,0,0,0,3,3,16,8,0,3,0,0,0,0,0,0,0,0,0,0,0,0,0,0,0,0,3,29,28,29,8,0,3,0,0,11,20,1,4,20,8,0,18,15,0,0,0,0,0,3,18,0,13,8,0,3,0,0,16,29,1,6,29,11,0,26,21,0,0,0,0,11,11,18,18,13,12,15,3,0,0,16,29,1,6,29,11,0,26,21,0,0,0,0,13,12,18,22,13,12,18,3,0,0,16,29,1,6,29,11,0,26,21,0,0,0,0,13,12,18,22,13,12,18,3,0,0,16,29,1,6,29,11,0,26,21,0,0,0,0,13,12,18,22,13,12,18,3,0,0,16,29,1,6,29,11,0,26,21,0,0,0,0,1,4,18,2,13,9,1,2,0,0,16,29,1,6,29,11,0,26,21,0,0,0,0,0,3,18,0,13,8,0,0,0,0,16,29,1,6,29,11,0,26,21,0,3,6,0,0,3,18,0,13,8,0,0,0,0,16,29,1,6,29,11,0,26,21,0,16,29,1,0,3,18,0,13,8,0,0,0,0,16,29,1,6,29,11,0,26,21,0,16,29,1,0,3,18,0,13,8,0,0,0,0,16,29,1,6,29,11,0,26,21,0,16,29,1,0,0,4,0,3,2,0,17,0,0,16,29,1,6,29,11,0,26,21,0,16,29,1,2,17,17,17,17,17,17,0,0,0,16,29,1,6,29,11,0,26,21,0,16,29,1,0,0,0,0,0,0,0,3,0,0,16,29,1,6,29,11,0,26,21,0,16,29,1,0,2,21,21,21,6,0,3,0,0,16,29,1,6,29,11,0,26,21,0,16,29,1,0,3,23,10,19,8,0,3,0,0,16,29,1,6,29,11,0,26,21,0,16,29,1,0,3,18,16,13,8,0,3,0,0,16,29,1,6,29,11,0,26,21,0,16,29,1,0,3,18,22,5,3,0,3,0,0,16,29,1,6,29,11,0,26,21,0,16,29,1,0,3,18,22,0,0,0,3,0,0,16,29,1,6,29,11,0,26,21,0,16,29,1,0,3,18,23,27,25,0
8,20,29,10,2,3,18,22,0,3,18,22,0,3,13,29,17,8,8,8,8,8,13,0,16,29,1,0,3,18,22,0,3,18,22,0,0,6,29,11,1,3,3,3,2,6,5,16,29,1,0,3,18,22,0,3,18,22,0,0,6,29,11,10,28,28,28,15,6,0,16,29,1,0,3,18,22,0,3,18,22,0,0,6,29,11,0,0,0,0,0,6,5,19,29,7,1,1,6,22,0,3,18,8,0,2,11,29,15,5,5,5,1,2,11,29,29,29,29,7,0,0,3,0,0,2,0,0,11,29,29,29,29,29,29,7,11,29,12,12,12,12,3,0,0,0,0,0,0,0,0,5,12,12,12,12,12,12,3,5,12,7,7,7,7,7,7,7,7,7,7,7,7,7,7,7,7,7,7,7,7,7,7,7,8,8,8,8,8,8,8,8,8,8,8,8,8,8,8,8,8,8,8,8,8,8,8,0,0,0,3,0,1,7,0,0,0,0,9,0,0,2,0,0,0,0,0,0,0,0,9,6,0,22,0,3,18,0,0,0,0,22,0,3,18,0,8,9,9,9,9,9,0,6,4,0,22,0,3,18,0,0,0,0,22,0,3,18,0,5,6,6,6,6,24,0,5,5,5,24,0,3,18,0,0,0,0,22,0,3,21,5,5,5,5,4,0,23,17,10,10,10,10,0,3,18,22,0,3,18,22,0,1,10,10,10,10,10,8,0,22,0,14,17,17,17,17,18,18,22,0,3,18,23,17,17,17,17,17,11,0,0,0,22,0,0,0,0,0,0,3,18,22,0,3,18,22,0,0,0,0,0,0,0,0,0,22,0,17,17,17,0,0,3,18,22,0,3,18,22,0,0,2,17,17,17,17,17,17,22,0,0,0,0,0,0,0,0,22,0,3,18,0,0,0,0,0,0,0,0,0,0,0,0,17,17,17,17,17,17,6,22,0,3,18,8,17,17,17,17,17,17,17,17,17,17,17,0,0,0,0,0,0,0,22,0,3,18,0,0,0,0,0,0,0,0,0,0,0,0,29,29,29,29,7,0,0,22,0,3,18,0,0,11,29,29,29,29,29,29,29,29,29,18,25,29,19,5,1,9,22,0,3,18,11,0,7,21,29,23,18,18,18,18,18,21,0,16,29,1,0,3,18,22,0,3,18,22,0,0,6,29,11,0,0,0,0,0,6
0,0,21,0,0,0,0,7,0,0,0,0,1,20,8,0,1,20,0,11,10,0,0,0,0,15,17,17,17,17,17,17,17,17,17,17,19,17,17,3,20,0,8,18,17,7,0,0,0,0,0,0,0,0,0,0,7,17,17,17,17,17,17,16,0,0,0,0,0,0,0,0,0,0,0,0,0,0,0,0,0,0,0,0,0,0,0,0,0,0,0,0,7,17,17,17,17,17,17,17,17,17,17,17,17,17,17,17,17,17,17,17,17,17,7,0,0,0,0,0,0,0,0,9,9,9,9,0,6,9,9,9,3,3,9,9,9,4,0,0,0,0,0,0,0,0,29,29,29,29,0,20,29,29,29,9,10,29,29,29,12,0,0,0,15,15,0,0,0,8,26,25,8,0,6,19,29,11,2,3,12,29,18,3,0,0,0,25,23,0,0,11,10,25,23,0,1,20,14,29,3,0,21,5,29,13,4,0,0,0,25,23,0,0,11,10,25,23,0,1,20,14,29,3,0,21,5,29,13,4,0,0,0,25,23,0,0,4,4,25,23,0,0,7,14,29,3,0,8,5,29,13,1,0,0,0,25,23,0,0,0,29,29,29,29,29,29,29,29,29,29,29,29,29,29,12,0,0,0,4,4,0,0,0,18,18,18,18,18,18,18,18,18,18,18,18,18,18,8,0,0,0,0,0,0,0,0,0,0,0,0,0,0,0,0,0,0,0,0,0,0,0,3,7,7,7,7,7,7,7,7,7,7,7,7,7,7,7,7,7,7,7,7,7,3,3,8,8,8,8,8,8,8,8,8,8,8,8,8,8,8,8,8,8,8,8,8,3,1,27,27,27,27,27,27,27,27,27,27,27,27,27,27,27,27,27,27,27,27,27,12,1,22,4,4,4,4,4,4,10,26,4,4,4,4,4,4,10,26,4,4,4,4,2,1,20,0,0,0,0,11,0,6,25,0,0,0,0,11,0,6,25,0,0,0,0,2,1,20,6,5,4,0,21,9,14,25,6,5,4,0,21,9,14,25,6,5,4,0,4,1,20,16,11,10,0,21,9,14,25,16,11,10,0,21,9,14,25,16,11,10,0,4,1,20,16,8,8,0,21,9,14,25,16,8,8,0,21,9,14,25,16,8,8,0,4,1,20,10,0,0,0,21,1,7,25,10,0,0,0,21,1,7,25,10,0,0,0,4
15,9,8,22,7,9,16,11,15,9,8,22,7,9,16,11,15,9,8,22,7,9,16,15,12,16,22,15,12,16,22,15,12,16,22,15,12,16,22,15,12,16,22,15,12,16,15,12,16,22,15,12,16,22,15,12,16,22,15,12,16,22,15,12,16,22,15,12,16,3,7,16,5,15,8,3,22,3,7,16,5,15,8,3,22,3,7,16,5,15,8,3,0,5,16,0,15,9,6,22,6,8,16,0,15,6,0,22,6,8,16,9,15,6,0,0,5,16,0,15,12,16,22,15,12,16,0,15,6,0,22,15,12,16,22,15,6,0,0,5,16,0,15,12,16,22,15,12,16,0,15,6,0,22,15,12,16,22,15,6,0,0,3,10,0,15,12,16,22,15,12,16,0,10,4,0,22,15,12,16,22,15,6,0,0,0,0,0,15,12,16,22,15,12,16,0,0,0,0,22,15,12,16,22,15,6,0,0,0,0,0,7,9,16,10,15,9,7,0,0,0,0,10,15,9,7,22,7,3,0,0,0,0,0,0,5,16,0,15,6,0,0,0,0,0,0,15,6,0,22,0,0,0,0,0,0,0,0,5,16,0,15,6,0,0,0,0,0,0,15,6,0,22,0,0,0,0,5,16,0,15,12,16,22,15,12,16,0,15,6,0,22,15,12,16,22,15,6,0,0,5,16,0,15,12,16,22,15,12,16,0,15,6,0,22,15,12,16,22,15,6,0,0,5,16,0,15,9,6,22,5,8,16,0,15,6,0,22,5,8,16,8,15,6,0,0,5,16,0,6,5,7,9,7,5,7,0,15,6,0,9,7,5,7,10,6,3,0,0,5,16,0,0,5,16,0,15,6,0,0,15,6,0,0,15,6,0,22,0,0,0,3,7,16,5,0,5,16,13,15,6,0,5,15,8,3,0,15,10,10,22,0,1,3,15,12,16,22,0,5,16,22,15,6,0,22,15,12,16,0,15,12,16,22,0,5,16,15,12,16,22,0,5,16,22,15,6,0,22,15,12,16,0,15,12,16,22,0,5,16,15,9,9,22,13,26,16,22,15,26,14,22,8,9,16,22,28,12,16,25,25,11,16,0,0,0,0,15,12,3,4,3,11,16,0,0,0,0,23,6,2,3,6,19,6,0,0,3,9,0,15,6,0,13,0,5,16,0,9,3,0,22,0,3,9,0,15,6,0
0,0,29,13,0,25,23,0,14,29,3,0,18,12,12,20,21,12,12,20,21,0,0,0,0,7,3,0,25,23,0,14,29,3,0,21,9,9,20,15,12,12,14,21,0,0,0,0,4,2,0,25,23,0,14,29,3,0,21,0,1,20,2,12,11,2,21,0,0,0,0,29,13,0,25,23,0,14,29,3,0,21,0,1,20,21,12,12,20,21,0,0,0,0,29,13,0,25,23,0,14,29,3,0,21,9,10,20,21,12,12,20,21,0,0,0,0,29,13,0,25,23,0,14,29,3,0,21,12,12,20,21,12,12,20,21,0,0,0,0,29,13,0,25,23,0,14,29,3,0,21,12,12,20,2,12,11,2,21,0,0,0,0,29,13,0,25,23,0,14,29,3,0,21,4,5,20,0,11,10,0,21,0,0,0,0,29,13,0,25,23,0,14,29,3,0,21,0,1,20,0,11,10,0,21,0,0,0,0,29,13,0,25,23,0,14,29,3,0,6,0,1,20,0,3,3,0,21,0,0,0,0,29,13,0,25,23,0,14,29,3,0,0,2,4,25,15,6,6,15,26,0,0,0,0,29,13,0,25,23,0,14,29,3,0,18,12,12,17,26,12,12,26,17,0,0,0,0,29,13,0,25,23,0,14,29,3,0,21,12,10,0,21,12,12,20,0,0,0,0,0,29,13,0,25,23,0,14,29,3,0,21,12,10,0,21,12,12,20,0,0,0,0,0,29,13,0,25,23,0,14,29,3,0,21,0,0,0,21,4,5,20,0,0,0,0,0,29,13,0,25,23,0,14,29,3,0,21,0,0,0,21,0,1,20,0,0,0,0,0,29,13,0,25,23,0,14,29,3,0,21,0,1,14,3,8,8,3,15,0,0,0,0,29,13,0,25,23,0,14,29,3,0,21,0,1,20,14,12,12,13,21,0,0,0,0,29,13,0,21,20,0,14,29,3,0,21,0,1,20,21,12,12,20,21,0,0,0,0,29,13,0,0,0,0,14,29,3,0,15,0,1,14,21,9,9,20,15,0,0,0,0,29,13,0,14,13,0,14,29,3,0,0,0,0,0,21,0,1,20,0,0,0,0,0,29,13,0,25,23,0,14,29,3,0,0,0,0,0,21,0,1,20,0,0,0,0,0,29,13,0,25,23,0,8,17,2,0,0,0,1,15,21,9,10,20,16,0,0
1,0,0,0,0,0,0,0,0,0,0,0,0,0,0,0,0,0,0,0,0,0,0,0,0,13,27,9,0,21,27,1,0,0,0,0,22,27,0,2,27,20,0,0,0,0,0,0,2,15,9,0,22,4,0,0,0,0,0,3,24,0,2,21,3,0,0,0,0,3,0,9,12,9,0,22,5,3,0,9,0,1,7,22,0,2,19,9,0,1,7,0,8,0,22,12,9,0,22,12,9,0,22,0,2,19,22,0,2,19,22,0,2,19,0,10,7,22,12,9,0,22,12,11,7,22,4,6,19,22,0,2,19,22,4,6,19,8,11,19,22,12,9,0,22,12,12,19,22,12,12,19,22,0,2,19,22,12,12,19,22,11,19,22,12,9,0,22,12,12,19,22,12,12,19,22,0,2,19,22,12,12,19,22,11,19,22,12,9,0,22,12,12,19,22,12,12,19,22,0,2,19,22,12,12,19,22,11,13,22,9,6,0,16,12,12,13,22,9,9,19,16,0,2,13,22,9,9,19,16,1,0,22,0,0,3,0,12,10,0,3,0,3,19,0,2,1,0,22,0,0,3,0,4,19,22,12,12,19,22,12,12,19,3,12,12,19,22,12,12,19,22,12,10,3,22,11,19,22,12,12,19,22,12,12,19,22,12,12,19,22,12,12,19,22,12,12,19,22,10,7,22,4,6,19,8,12,11,7,22,4,6,19,8,12,11,7,22,4,6,19,8,8,0,22,6,7,19,10,12,9,0,22,0,2,19,10,12,11,9,22,0,2,19,0,9,1,22,12,12,19,22,12,10,1,22,0,3,19,22,12,12,19,22,0,3,19,1,11,19,22,12,12,19,22,12,12,19,22,12,12,19,22,12,12,19,22,12,12,19,22,11,19,22,9,10,19,17,12,12,19,22,12,12,19,17,12,12,15,22,12,12,19,22,11,19,22,0,2,19,0,12,12,19,22,12,12,19,0,12,9,0,22,12,12,19,22,8,0,22,0,2,19,0,12,9,0,22,0,2,19,0,12,9,0,22,0,2,19,0,8,0,22,0,2,19,0,12,9,0,22,0,2,19,0,12,9,0,22,0,2,19,0,0,0,22,0,0,0,0,12,9,0,0,0,2,19,0,0,0,0,22,0,0,0,0,3,11,22,25,11,16,19,27,11,11,3,7,8,28,25,10,10,25,29,7,6,3,13
0,10,9,0,0,11,10,0,0,10,9,0,18,1,0,0,21,0,1,20,0,0,0,21,0,1,20,0,11,10,0,21,0,1,20,0,11,10,0,21,0,1,20,0,11,10,21,12,12,20,0,11,10,0,21,12,12,20,21,12,10,0,21,0,1,20,0,11,10,21,12,12,20,0,11,10,0,21,12,12,20,21,12,10,0,21,0,1,20,0,11,10,8,12,11,7,0,4,4,0,8,12,11,7,21,5,4,0,8,0,0,7,0,4,4,0,11,10,0,0,0,0,0,0,11,10,0,21,0,0,0,0,0,0,0,0,0,0,1,12,11,1,0,0,0,0,1,12,11,1,21,1,0,0,0,0,0,0,0,0,0,21,12,12,20,0,0,0,0,21,12,12,20,21,12,10,0,0,0,0,0,0,11,10,21,12,12,20,0,2,2,0,21,12,12,20,21,12,10,0,5,0,0,4,0,11,10,21,12,12,20,0,11,10,0,21,12,12,20,21,12,10,0,21,0,1,20,0,11,10,21,12,12,20,0,11,10,0,21,12,12,20,21,12,10,0,21,0,1,20,0,11,10,21,10,10,20,0,11,10,0,21,10,10,20,16,12,10,0,21,0,1,20,0,11,10,21,0,1,20,0,11,10,0,21,0,1,20,0,11,10,0,21,0,1,20,0,11,10,21,11,11,20,19,12,12,18,21,11,11,20,19,12,12,18,21,0,1,20,19,12,10,21,12,12,20,21,12,12,20,21,12,12,20,21,12,12,20,21,0,1,20,21,12,10,19,12,12,18,21,11,11,20,19,12,12,18,21,11,11,20,19,0,1,18,21,11,9,0,11,16,7,24,0,1,23,7,16,10,0,21,8,9,20,0,0,0,0,21,8,6,0,11,26,25,28,0,1,28,25,26,10,0,21,25,25,20,0,0,0,0,21,25,19,0,11,10,0,21,0,1,20,0,11,10,0,21,0,1,20,0,0,0,0,21,0,0,0,11,10,0,21,0,1,20,0,11,10,0,21,0,1,20,0,0,0,0,21,0,0,0,11,10,0,21,0,1,20,0,11,10,0,21,0,1,20,0,0,0,0,21,0,0,0,11,10,0,21,0,1,20,0,11,10,0,21,0,1,20,0,0,0,0,21,0,0,0,11,10,0,21,0,1,20,0,11,10,0,21,0,1,20,0,0,0,0,21,0,0
18,0,13,21,17,26,0,3,25,17,23,8,0,23,17,19,18,0,13,21,17,26,0,18,0,6,14,14,25,0,1,14,14,21,8,0,11,14,16,18,0,6,14,14,25,0,18,0,13,13,8,22,0,9,13,13,13,8,5,13,13,8,18,0,13,13,8,22,0,18,0,18,20,18,22,0,13,18,26,13,8,6,18,24,12,18,0,18,20,18,22,0,18,0,0,3,18,22,0,0,0,22,13,8,0,0,13,12,18,0,0,3,18,22,0,18,0,9,9,18,22,0,2,12,22,13,8,0,15,13,12,18,0,9,9,18,22,0,18,0,13,11,13,22,0,3,18,16,13,8,0,22,9,10,18,0,13,11,13,22,0,18,0,13,22,19,26,0,3,26,19,24,8,0,23,19,21,18,0,13,22,19,26,0,8,0,6,12,12,12,0,1,12,12,12,3,0,10,12,12,8,0,6,12,12,12,0,7,7,7,7,7,7,7,7,7,7,7,7,7,7,7,7,7,7,7,7,7,7,7,8,8,8,8,8,8,8,8,8,8,8,8,8,8,8,8,8,8,8,8,8,8,8,10,0,6,4,0,12,0,1,9,0,7,4,0,11,0,2,10,0,6,4,0,12,0,18,0,13,8,0,22,0,3,18,0,13,8,0,22,0,3,18,0,13,8,0,22,0,18,0,13,8,0,22,0,3,18,0,13,8,0,22,0,3,18,0,13,8,0,22,0,18,0,13,8,0,22,0,3,18,0,13,8,0,22,0,3,18,0,13,8,0,22,0,18,0,13,8,0,22,0,3,18,0,13,8,0,22,0,3,18,0,13,8,0,22,0,18,9,13,10,7,22,5,7,18,9,13,10,7,22,5,7,18,9,13,10,7,22,5,18,22,13,12,18,22,13,12,18,22,13,12,18,22,13,12,18,22,13,12,18,22,13,18,22,13,12,18,22,13,12,18,22,13,12,18,22,13,12,18,22,13,12,18,22,13,18,22,13,12,18,22,13,12,18,22,13,12,18,22,13,12,18,22,13,12,18,22,13,18,11,13,10,9,22,6,8,18,11,13,10,9,22,6,8,18,11,13,10,9,22,6,18,0,13,14,7,24,0,3,21,7,18,8,0,23,7,10,18,0,13,14,7,24,0,15,0,13,26,25,24,0,3,28,25,25,7,0,23,25,25,15,0,13,26,25,24,0
15,12,16,22,15,12,16,0,15,12,16,22,15,12,16,22,15,6,0,22,15,12,16,15,12,16,22,15,12,16,0,15,12,16,22,15,12,16,22,15,6,0,22,15,12,16,15,12,16,22,15,12,16,0,15,12,16,22,15,12,16,22,15,6,0,22,15,12,16,1,6,16,2,15,12,16,0,15,12,16,2,15,7,1,22,15,6,0,22,15,7,1,0,5,16,0,15,12,16,0,15,12,16,0,15,6,0,22,15,6,0,22,15,6,0,0,0,2,0,1,6,16,0,15,7,1,0,2,0,0,2,15,6,0,22,1,0,0,0,0,0,0,3,17,16,0,15,17,4,0,0,0,0,7,22,6,0,24,13,0,0,0,0,0,0,4,18,10,0,10,18,5,0,0,0,0,10,18,4,0,16,18,0,0,0,0,0,0,0,0,0,0,0,0,0,0,0,0,0,0,0,0,0,0,0,0,0,0,0,0,0,0,0,0,0,0,0,0,0,0,0,0,0,0,0,0,0,0,0,0,0,0,0,0,0,0,0,0,0,0,0,0,0,0,0,0,0,0,0,0,0,0,0,0,0,0,0,0,0,0,0,0,0,0,0,0,0,0,0,0,0,0,0,0,0,0,0,0,0,0,4,17,10,0,9,17,5,0,0,0,0,10,17,4,0,15,17,0,0,0,0,0,0,3,17,16,0,15,18,4,0,0,0,0,8,22,6,0,24,14,0,0,0,0,1,0,1,6,16,0,15,7,1,0,1,0,0,1,15,6,0,22,1,0,0,0,5,16,0,15,12,16,0,15,12,16,0,15,6,0,22,15,6,0,22,15,6,0,0,6,16,0,15,12,16,0,15,12,16,0,15,7,0,22,15,6,0,22,15,7,0,15,12,16,22,15,12,16,0,15,12,16,22,15,12,16,22,15,6,0,22,15,12,16,15,12,16,22,15,12,16,0,15,12,16,22,15,12,16,22,15,6,0,22,15,12,16,15,12,16,22,15,12,16,0,15,12,16,22,15,12,16,22,15,6,0,22,15,12,16,15,12,16,22,15,12,16,0,15,12,16,22,15,12,16,22,15,6,0,22,15,12,16,0,3,8,0,15,7,0,0,0,6,16,0,7,3,0,22,0,0,0,0,15,7,0,11,4,0,16,15,11,11,19,11,10,16,16,0,4,11,22,11,9,14,16,15,11,11
0,22,0,3,18,0,13,8,0,22,0,3,18,0,13,8,0,22,0,3,18,0,13,12,22,0,3,18,14,13,8,0,22,0,3,18,14,13,11,12,22,0,3,18,0,13,18,22,0,3,18,22,13,10,7,22,5,7,18,22,13,12,18,22,5,7,18,9,13,18,22,0,3,18,22,13,12,18,22,13,12,18,22,13,12,18,22,13,12,18,22,13,8,22,0,3,18,10,13,12,18,22,13,12,18,10,13,10,8,22,13,12,18,22,13,0,22,0,3,18,0,13,12,15,22,11,11,18,0,13,8,0,22,11,11,18,19,13,0,22,0,3,18,0,13,8,0,22,0,3,18,0,13,8,0,22,0,3,18,0,13,18,22,0,3,18,22,13,12,18,22,13,12,18,22,13,12,18,22,13,12,18,22,13,18,12,0,2,10,22,13,12,18,22,13,12,18,22,7,8,18,22,13,12,18,22,13,7,0,0,0,0,9,13,10,7,12,5,7,18,9,0,1,7,22,5,5,10,9,13,6,18,0,3,15,7,13,10,6,0,4,6,18,7,11,8,6,22,4,2,0,7,13,18,22,0,3,18,22,13,12,18,0,13,12,18,22,13,12,18,22,13,8,0,22,13,18,22,0,3,18,22,13,12,18,0,13,12,18,22,13,12,18,22,13,8,0,22,13,18,22,0,3,18,22,13,12,18,0,13,12,18,22,13,12,18,22,13,8,0,22,13,14,22,0,3,18,17,13,12,18,0,13,12,18,17,13,12,14,22,13,8,0,22,13,0,22,0,3,18,0,13,12,18,0,13,12,18,0,13,8,0,22,13,8,0,22,13,0,18,0,3,15,0,10,10,18,0,13,12,14,0,11,7,0,17,13,8,0,22,10,0,0,0,0,0,0,0,3,18,0,13,8,0,0,0,0,0,0,13,8,0,22,0,0,0,0,0,0,0,3,24,18,0,13,25,8,0,0,0,0,11,26,8,0,23,23,4,18,7,0,0,0,1,8,5,0,4,8,3,0,17,13,0,4,8,2,0,7,8,6,29,11,0,0,0,0,0,0,0,0,0,0,0,26,21,0,0,0,0,0,0,0,6,29,11,0,0,0,0,0,0,0,0,0,0,0,26,21,0,0,0,0,0,0,0,6,29,11,0,0,0,0,0,0,0,0,0,0,0,26,21,0,0,0,0,0,0,0
8,0,0,0,16,29,1,6,29,11,0,26,21,0,0,0,8,23,0,5,7,7,7,8,0,0,0,15,27,1,6,27,11,0,25,20,0,0,0,8,23,0,21,29,29,29,8,0,0,0,0,0,0,0,0,0,0,0,0,0,0,0,8,23,0,8,10,10,10,4,0,0,0,8,14,0,3,14,5,0,13,10,0,0,0,8,23,8,17,17,17,17,0,0,0,0,16,29,1,6,29,11,0,26,21,0,0,0,8,23,0,0,0,0,0,0,0,0,0,16,29,1,6,29,11,0,26,21,0,0,0,8,25,5,5,5,5,5,0,22,18,0,16,29,1,6,29,11,0,26,21,0,0,0,8,29,29,29,29,29,29,0,26,21,0,16,29,1,6,29,11,0,26,21,0,0,0,8,26,12,12,12,12,12,0,26,21,0,16,29,1,6,29,11,0,26,21,0,0,0,8,23,0,0,0,0,0,0,26,21,0,16,29,1,6,29,11,0,26,21,0,0,0,8,23,7,13,13,13,13,0,26,21,0,16,29,1,6,29,11,0,26,21,0,0,0,8,23,1,2,2,2,2,0,0,0,0,16,29,1,6,29,11,0,26,21,0,0,0,8,27,17,17,17,17,17,0,0,0,0,16,29,1,6,29,11,0,26,21,0,0,0,8,29,29,29,29,29,29,0,0,0,0,16,29,1,6,29,11,0,26,21,0,0,0,0,0,0,0,0,0,0,0,0,0,0,16,29,1,6,29,11,0,26,21,0,0,2,17,17,17,17,17,17,17,0,0,0,0,16,29,1,6,29,11,0,26,21,0,0,0,0,0,0,0,0,0,0,0,0,0,0,16,29,1,6,29,11,0,26,21,0,0,0,0,0,0,6,7,7,7,0,17,13,0,16,29,1,6,29,11,0,26,21,0,10,18,1,0,0,22,29,29,29,0,26,21,0,16,29,1,6,29,11,0,26,21,0,16,29,1,0,0,8,10,15,29,0,26,21,0,16,29,1,6,29,11,0,26,21,0,16,29,1,0,17,17,11,6,29,0,16,13,0,16,29,1,6,29,11,0,26,21,0,16,29,1,0,14,14,9,6,29,0,0,0,0,16,29,1,6,29,11,0,26,21,0,16,29,1,0,0,4,5,11,29,0,0,0,0,16,29,1,6,29,11,0,26,21,0,3,5,0,0,0,22,29,29,29
12,25,25,25,0,3,25,25,25,7,0,20,25,25,16,0,12,25,25,25,0,3,25,13,14,9,24,0,3,21,10,17,8,0,23,8,11,18,0,13,14,9,24,0,3,21,13,12,18,22,0,3,18,22,13,8,0,22,13,12,18,0,13,12,18,22,0,3,18,3,6,18,22,0,1,5,22,13,8,0,6,13,12,18,0,3,6,18,22,0,1,5,1,5,18,22,0,1,1,23,13,8,0,1,15,12,18,0,1,5,18,22,0,1,1,29,29,18,22,0,20,29,28,13,8,10,29,29,12,18,0,29,29,18,22,0,20,29,0,0,0,22,0,0,0,0,13,8,0,0,0,4,18,0,0,0,0,22,0,0,0,13,27,27,28,0,3,27,27,28,8,0,22,27,28,18,0,13,27,27,28,0,3,27,13,12,4,23,0,3,20,4,16,8,0,23,4,8,18,0,13,12,4,23,0,3,20,13,11,11,22,8,9,18,13,13,11,11,22,8,9,18,13,13,11,11,22,8,9,18,13,12,18,22,13,12,18,22,13,12,18,22,13,12,18,22,13,12,18,22,13,12,18,13,12,18,22,13,12,18,22,13,12,18,22,13,12,18,22,13,12,18,22,13,12,18,13,12,18,22,13,12,18,22,13,12,18,22,13,12,18,22,13,12,18,22,13,12,18,13,10,5,22,4,6,18,6,13,10,5,22,4,6,18,6,13,10,5,22,4,6,18,13,8,0,22,0,3,18,0,13,8,0,22,0,3,18,0,13,8,0,22,0,3,18,13,8,0,22,0,3,18,0,13,8,0,22,0,3,18,0,13,8,0,22,0,3,18,13,8,0,22,0,3,18,0,13,8,0,22,0,3,18,0,13,8,0,22,0,3,18,13,8,0,22,0,3,18,0,13,8,0,22,0,3,18,0,13,8,0,22,0,3,18,6,3,0,9,0,1,8,0,6,3,0,9,0,1,8,0,6,3,0,9,0,1,8,11,11,11,11,11,11,11,11,11,11,11,11,11,11,11,11,11,11,11,11,11,11,11,4,4,4,4,4,4,4,4,4,4,4,4,4,4,4,4,4,4,4,4,4,4,4,7,15,15,15,0,2,15,15,15,4,0,12,15,15,10,0,7,15,15,15,0,2,15,12,19,17,24,0,3,23,17,21,8,0,21,17,18,17,0,12,19,17,24,0,3,23
26,21,0,16,29,1,6,29,11,0,26,21,0,16,29,1,6,29,11,0,26,21,0,26,21,0,16,29,1,6,29,11,0,26,21,0,16,29,1,6,29,11,0,26,21,0,26,21,0,16,29,1,6,29,11,0,26,21,0,16,29,1,6,29,11,0,26,21,0,26,21,0,16,29,1,6,29,11,0,26,21,0,16,29,1,6,29,11,0,26,21,0,14,11,0,9,15,1,3,15,6,0,14,11,0,9,15,1,3,15,6,0,14,11,0,0,0,0,0,0,0,0,0,0,0,0,0,0,0,0,0,0,0,0,0,0,0,0,0,0,0,0,0,0,0,0,0,0,0,0,0,0,0,0,0,0,0,0,0,0,0,17,17,17,17,17,17,17,17,17,17,17,17,17,17,17,17,17,17,17,17,17,17,17,0,0,0,0,0,0,0,0,0,0,0,0,0,0,0,0,0,0,0,0,0,0,0,18,15,0,11,20,1,4,20,8,0,18,15,0,11,20,1,4,20,8,0,18,15,0,26,21,0,16,29,1,6,29,11,0,26,21,0,16,29,1,6,29,11,0,26,21,0,26,21,0,16,29,1,6,29,11,0,26,21,0,16,29,1,6,29,11,0,26,21,0,26,21,0,16,29,1,6,29,11,0,26,21,0,16,29,1,6,29,11,0,26,21,0,26,21,0,16,29,1,6,29,11,0,26,21,0,16,29,1,6,29,11,0,26,21,0,26,21,0,16,29,1,6,29,11,0,26,21,0,16,29,1,6,29,11,0,26,21,0,19,16,0,12,21,1,5,21,8,0,19,16,0,12,21,1,5,21,8,0,19,16,0,0,0,0,0,0,0,0,0,0,0,0,0,0,0,0,0,0,0,0,0,0,0,0,7,7,7,7,7,7,7,7,7,7,7,7,7,7,7,7,7,7,7,7,7,7,7,8,8,8,8,8,8,8,8,8,8,8,8,8,8,8,8,8,8,8,8,8,8,8,6,4,0,11,0,1,9,0,6,4,0,11,0,1,9,0,6,4,0,11,0,1,9,13,8,0,22,0,3,18,0,13,8,0,22,0,3,18,0,13,8,0,22,0,3,18,13,8,0,22,0,3,18,0,13,8,0,22,0,3,18,0,13,8,0,22,0,3,18,13,8,0,22,0,3,18,0,13,8,0,22,0,3,18,0,13,8,0,22,0,3,18
4,1,13,9,4,4,2,3,18,3,4,4,0,22,2,4,4,1,13,9,4,4,2,15,0,13,25,23,23,0,3,27,23,23,7,0,23,23,23,15,0,13,25,23,23,0,18,0,13,15,8,24,0,3,22,8,18,8,0,23,8,11,18,0,13,15,8,24,0,18,10,13,10,8,22,6,8,18,10,13,10,8,22,6,8,18,10,13,10,8,22,6,18,22,13,12,18,22,13,12,18,22,13,12,18,22,13,12,18,22,13,12,18,22,13,18,22,13,12,18,22,13,12,18,22,13,12,18,22,13,12,18,22,13,12,18,22,13,18,22,13,12,18,22,13,12,18,22,13,12,18,22,13,12,18,22,13,12,18,22,13,18,9,13,10,8,22,6,7,18,9,13,10,8,22,6,7,18,9,13,10,8,22,6,18,0,13,8,0,22,0,3,18,0,13,8,0,22,0,3,18,0,13,8,0,22,0,18,0,13,8,0,22,0,3,18,0,13,8,0,22,0,3,18,0,13,8,0,22,0,18,0,13,8,0,22,0,3,18,0,13,8,0,22,0,3,18,0,13,8,0,22,0,18,0,13,8,0,22,0,3,18,0,13,8,0,22,0,3,18,0,13,8,0,22,0,10,0,7,5,0,13,0,2,10,0,7,5,0,13,0,2,10,0,7,5,0,13,0,7,7,7,7,7,7,7,7,7,7,7,7,7,7,7,7,7,7,7,7,7,7,7,8,8,8,8,8,8,8,8,8,8,8,8,8,8,8,8,8,8,8,8,8,8,8,7,0,5,11,11,11,0,1,11,11,11,3,0,9,11,11,7,0,5,11,11,11,0,18,0,13,23,20,27,0,3,26,20,25,8,0,23,20,22,18,0,13,23,20,27,0,18,0,13,11,12,22,0,3,18,15,13,8,0,22,9,9,18,0,13,11,12,22,0,18,0,10,10,18,22,0,2,13,22,13,8,0,16,13,12,18,0,10,10,18,22,0,18,0,0,3,18,22,0,0,0,22,13,8,0,0,13,12,18,0,0,3,18,22,0,18,0,17,19,18,22,0,12,17,26,13,8,6,17,23,12,18,0,17,19,18,22,0,18,0,14,14,9,22,0,10,14,14,13,8,5,14,14,8,18,0,14,14,9,22,0,18,0,6,13,13,25,0,1,13,13,21,8,0,11,13,16,18,0,6,13,13,25,0
21,0,16,29,1,0,0,0,0,0,22,0,3,18,0,13,8,0,22,0,3,18,0,21,0,16,29,1,0,0,0,2,13,22,10,10,18,16,13,11,13,22,10,10,18,16,21,0,16,29,1,0,0,0,3,18,22,13,12,18,22,13,12,18,22,13,12,18,22,21,0,16,29,1,0,0,0,3,18,22,13,12,18,22,13,12,18,22,13,12,18,22,21,0,16,29,1,0,0,0,3,18,22,13,12,18,22,13,12,18,22,13,12,18,22,21,0,16,29,1,0,0,0,0,3,22,2,5,18,3,13,9,3,22,2,5,18,3,21,0,16,29,1,1,6,2,0,0,23,17,19,18,0,13,21,17,26,0,3,25,17,21,0,16,29,1,6,29,11,0,0,23,14,14,9,0,13,19,14,14,0,3,24,14,21,0,16,29,1,6,29,11,0,0,22,6,13,13,3,13,10,13,13,7,3,18,11,21,0,16,29,1,6,29,11,0,0,22,13,22,18,4,13,12,25,18,10,3,18,23,21,0,16,29,1,6,29,11,0,0,22,13,8,0,0,13,12,18,0,0,3,18,22,21,0,16,29,1,6,29,11,0,0,22,13,11,12,0,13,12,18,15,0,3,18,22,21,0,16,29,1,6,29,11,0,0,22,6,7,18,0,13,10,8,22,0,3,18,9,21,0,16,29,1,6,29,11,0,0,23,19,21,18,0,13,22,19,26,0,3,26,19,21,0,16,29,1,6,29,11,0,0,10,12,12,8,0,6,12,12,12,0,1,12,12,21,0,16,29,1,6,29,11,0,6,7,7,7,7,7,7,7,7,7,7,7,7,7,21,0,16,29,1,6,29,11,0,7,8,8,8,8,8,8,8,8,8,8,8,8,8,21,0,16,29,1,6,29,11,0,0,12,0,2,10,0,7,4,0,12,0,2,10,0,21,0,16,29,1,6,29,11,0,0,22,0,3,18,0,13,8,0,22,0,3,18,0,21,0,16,29,1,4,17,7,0,0,22,0,3,18,0,13,8,0,22,0,3,18,0,21,0,16,29,1,0,0,0,0,0,22,0,3,18,0,13,8,0,22,0,3,18,0,21,0,16,29,1,0,0,0,0,0,22,0,3,18,0,13,8,0,22,0,3,18,0,21,0,16,29,1,0,0,0,1,7,22,5,7,18,9,13,10,7,22,5,7,18,9
20,23,23,23,23,23,23,26,17,0,0,1,1,0,0,1,0,0,1,1,0,22,25,7,8,8,8,8,8,8,8,5,0,0,0,0,0,0,0,0,0,0,0,0,22,25,14,17,17,17,17,17,17,17,14,0,0,11,17,17,17,17,17,17,2,0,0,22,25,1,1,1,1,1,0,0,0,0,0,0,0,0,0,0,0,0,0,0,0,0,22,25,25,29,29,29,29,11,0,0,0,0,0,3,4,0,2,4,0,0,4,2,0,22,25,25,23,17,17,17,6,0,0,0,0,0,22,25,0,12,29,5,2,29,15,0,22,25,25,15,0,0,0,0,0,0,0,0,0,22,25,0,12,29,5,2,29,15,0,10,12,25,15,0,14,17,17,17,16,0,0,0,22,25,0,12,29,5,2,29,15,0,0,0,25,15,0,11,14,14,17,27,0,0,0,22,25,0,12,29,5,2,29,15,0,0,0,25,15,0,0,0,0,4,27,0,0,0,22,25,0,12,29,5,2,29,15,0,0,0,25,29,27,27,27,11,4,27,0,0,0,22,25,0,12,29,5,2,29,15,0,0,0,18,20,20,20,20,8,4,27,0,0,0,22,25,0,12,29,5,2,29,15,0,0,0,6,7,7,7,7,7,6,27,0,0,0,22,25,0,12,29,5,2,29,15,0,0,0,7,8,8,8,8,8,6,27,0,0,0,22,25,0,12,29,5,2,29,15,0,0,0,0,0,0,0,0,0,4,27,0,0,0,22,25,0,12,29,5,2,29,15,0,13,14,0,15,25,25,25,25,26,27,0,0,0,22,25,0,12,29,5,2,29,15,0,22,25,0,13,22,22,22,22,24,27,0,0,0,22,25,0,12,29,5,2,29,15,0,22,25,0,0,0,0,0,0,4,27,0,0,0,22,25,0,12,29,5,2,29,15,0,22,25,3,3,3,3,3,3,5,27,0,0,0,22,25,0,12,29,5,2,29,15,0,22,25,11,12,12,12,12,12,7,27,0,0,0,22,25,0,12,29,5,2,29,15,0,22,25,0,4,7,7,7,7,11,27,0,0,0,22,25,0,12,29,5,2,29,15,0,22,25,0,17,29,29,29,29,29,27,0,0,0,22,25,0,12,29,5,2,29,15,0,22,25,0,6,10,10,10,10,10,10,0,0,0,22,25,0,12,29,5,2,29,15,0,22,25
7,7,7,7,7,7,7,7,29,10,7,7,5,0,0,0,0,13,8,0,22,0,0,29,25,25,25,25,25,25,25,29,25,25,25,17,0,0,0,0,13,8,0,22,0,0,28,3,0,0,0,0,0,0,28,3,0,0,0,0,0,0,0,13,8,0,22,0,0,28,3,0,0,0,12,8,3,28,3,0,0,19,0,0,0,0,13,8,0,22,0,0,28,12,7,14,0,13,9,15,28,12,7,14,22,0,0,0,0,13,8,0,22,0,0,28,14,9,18,0,13,9,15,28,14,9,18,22,0,0,0,0,13,8,0,22,0,0,28,14,7,7,0,13,9,11,28,14,7,7,22,0,0,0,0,5,3,0,22,0,0,28,7,1,0,0,13,8,0,28,7,1,0,22,0,0,0,0,0,0,0,9,0,0,28,24,0,0,0,5,3,0,28,24,0,0,8,0,0,0,0,0,0,0,0,0,0,8,8,0,0,0,0,0,0,8,8,0,0,0,0,0,0,0,0,0,0,0,0,0,17,17,17,17,17,17,17,17,17,17,17,17,17,17,17,17,17,17,17,17,17,17,17,0,0,0,0,0,0,0,0,0,0,3,0,0,3,0,2,1,0,3,0,0,3,0,0,0,0,0,0,1,4,1,0,0,22,0,3,18,0,13,8,0,22,0,3,18,0,0,0,0,0,0,6,29,11,0,0,22,0,3,18,0,13,8,0,22,0,3,18,0,11,3,0,0,0,6,29,11,0,0,22,0,3,18,0,13,8,0,22,0,3,18,0,20,5,0,0,0,6,29,11,0,0,22,0,3,18,0,13,8,0,22,0,3,18,0,0,0,0,0,0,6,29,11,0,0,22,0,3,18,0,13,8,0,22,0,3,18,0,0,0,0,0,0,4,19,7,0,0,23,13,16,18,0,13,18,13,25,0,3,24,13,0,0,0,0,0,0,0,0,0,0,23,18,20,18,0,13,22,18,26,0,3,25,18,0,0,0,0,0,0,0,0,1,9,22,6,8,18,11,13,10,9,22,6,8,18,11,1,7,7,7,7,2,0,0,3,18,22,13,12,18,22,13,12,18,22,13,12,18,22,1,8,8,8,8,3,0,0,3,18,22,13,12,18,22,13,12,18,22,13,12,18,22,27,27,27,10,0,0,0,0,3,18,5,13,9,4,22,3,6,18,5,13,9,4,22
0,13,8,0,0,0,16,29,5,18,16,29,5,18,0,0,0,0,16,29,1,6,29,0,13,8,0,0,0,16,29,3,9,16,29,3,9,0,0,0,0,16,29,1,6,29,0,13,8,0,0,0,16,29,1,13,24,29,18,4,0,0,0,0,16,29,1,6,29,0,13,8,0,0,0,16,29,1,21,29,29,29,7,0,0,0,0,1,1,0,0,1,0,13,8,0,0,0,3,6,0,0,0,0,0,0,0,0,0,0,0,0,0,0,0,0,13,8,0,8,17,17,17,17,17,17,17,17,17,17,17,17,17,17,17,17,17,17,0,13,8,0,0,0,0,0,0,0,0,0,0,0,0,0,0,0,0,0,0,0,0,0,13,8,0,0,4,3,0,2,4,0,1,4,1,0,4,3,0,2,4,0,1,4,0,13,8,0,0,26,21,0,16,29,1,6,29,11,0,26,21,0,16,29,1,6,29,0,13,8,0,0,26,21,0,16,29,1,6,29,11,0,26,21,0,16,29,1,6,29,0,13,8,0,0,26,21,0,16,29,1,6,29,11,0,26,21,0,16,29,1,6,29,0,13,8,0,0,26,21,0,16,29,1,6,29,11,0,26,21,0,16,29,1,6,29,0,13,8,0,0,17,14,0,11,19,1,4,19,7,0,17,14,0,11,19,1,4,19,0,13,8,0,0,0,0,0,0,0,0,0,0,0,0,0,0,0,0,0,0,0,0,0,13,8,0,0,0,0,0,0,0,0,0,0,0,0,0,0,0,0,0,0,0,0,0,13,8,0,0,1,7,7,7,7,7,7,7,7,7,7,7,7,7,7,7,7,7,0,13,8,0,0,1,8,8,8,8,8,8,8,8,8,8,8,8,8,8,8,8,8,0,13,8,0,0,0,11,19,19,19,19,19,19,7,0,0,0,0,0,0,0,0,0,0,13,8,0,0,0,16,29,29,28,29,29,29,10,0,0,0,0,0,0,0,0,0,0,0,0,0,0,0,16,29,2,2,16,29,2,2,0,0,0,0,16,28,1,6,28,0,2,10,4,0,0,16,29,5,18,16,29,5,18,0,0,0,0,16,29,1,6,29,1,6,29,11,0,0,16,29,5,18,16,29,5,18,0,0,0,0,16,29,1,6,29,1,6,29,11,0,0,16,29,5,15,16,29,5,15,0,0,0,0,16,29,1,6,29
12,18,22,13,12,18,22,13,12,18,22,13,12,18,22,13,12,18,22,13,12,18,22,12,18,22,13,12,18,22,13,12,18,22,13,12,18,22,13,12,18,22,13,12,18,22,12,18,22,13,12,18,22,13,12,18,22,13,12,18,22,13,12,18,22,13,12,18,22,8,18,11,13,10,9,22,6,8,18,11,13,10,9,22,6,8,18,11,13,10,9,22,10,18,0,13,14,7,24,0,3,21,7,18,8,0,23,7,10,18,0,13,14,7,24,25,18,0,11,25,25,27,0,3,25,25,27,8,0,20,25,25,18,0,11,25,25,27,5,18,0,3,3,2,22,0,2,3,3,13,8,1,3,3,5,18,0,3,3,2,22,12,18,0,28,29,18,22,0,20,28,28,13,8,10,28,29,12,18,0,28,29,18,22,12,18,0,0,3,18,22,0,0,0,22,13,8,0,0,13,12,18,0,0,3,18,22,12,18,0,4,6,18,22,0,1,6,22,13,8,0,7,13,12,18,0,4,6,18,22,10,18,0,13,12,14,22,0,3,18,17,13,8,0,22,10,10,18,0,13,12,14,22,12,18,0,13,15,9,25,0,3,22,9,19,8,0,23,9,12,18,0,13,15,9,25,22,14,0,10,22,22,22,0,3,22,22,22,6,0,18,22,22,14,0,10,22,22,22,0,0,0,0,0,0,0,0,0,0,0,0,0,0,0,0,0,0,0,0,0,0,0,17,17,17,17,17,17,17,17,17,17,17,17,17,17,17,17,17,17,17,17,17,17,17,0,3,0,2,1,0,3,0,0,3,0,2,1,0,3,0,0,3,0,2,1,0,3,3,18,0,13,8,0,22,0,3,18,0,13,8,0,22,0,3,18,0,13,8,0,22,3,18,0,13,8,0,22,0,3,18,0,13,8,0,22,0,3,18,0,13,8,0,22,3,18,0,13,8,0,22,0,3,18,0,13,8,0,22,0,3,18,0,13,8,0,22,3,18,0,13,8,0,22,0,3,18,0,13,8,0,22,0,3,18,0,13,8,0,22,3,18,0,13,8,0,22,0,3,18,0,13,8,0,22,0,3,18,0,13,8,0,22,16,18,0,13,18,13,25,0,3,24,13,21,8,0,23,13,16,18,0,13,18,13,25,20,18,0,13,22,18,26,0,3,25,18,24,8,0,23,18,20,18,0,13,22,18,26
13,15,15,15,15,17,18,22,0,3,18,23,15,15,15,15,15,11,0,0,0,22,0,0,0,0,0,0,4,18,22,0,3,18,23,0,0,0,0,0,0,0,0,0,22,0,11,11,11,0,0,3,18,22,0,3,18,22,0,0,1,11,11,11,11,11,11,25,0,4,4,4,0,0,1,6,22,0,3,18,7,0,0,0,4,4,4,4,4,4,4,0,7,7,7,7,7,7,2,22,0,3,18,3,7,7,7,7,7,7,7,7,7,7,7,8,8,8,8,8,8,3,22,0,3,18,4,8,8,8,8,8,8,8,8,8,8,8,19,19,19,19,5,0,2,22,0,3,18,3,0,7,19,19,19,19,19,19,19,19,19,28,29,29,29,7,3,18,22,0,3,18,22,0,11,29,29,29,28,28,28,28,28,29,0,16,29,1,0,3,18,22,0,3,18,22,0,0,6,29,11,0,0,0,0,0,6,2,16,29,1,0,3,18,22,0,3,18,22,0,0,6,29,11,5,13,13,13,7,6,3,16,29,1,0,3,18,22,0,3,18,22,0,0,6,29,11,6,18,18,18,10,6,0,16,29,1,0,3,18,22,0,3,18,22,0,0,6,29,11,0,0,0,0,0,6,15,23,29,16,4,0,0,18,0,3,15,0,0,6,19,29,21,15,15,15,4,6,19,29,29,29,29,7,0,0,0,0,0,0,0,0,11,29,29,29,29,29,29,7,11,29,2,2,2,2,0,0,0,0,0,0,0,0,0,1,2,2,2,2,2,2,0,1,2,17,17,17,17,17,17,17,17,17,17,17,17,17,17,17,17,17,17,17,17,17,17,17,0,0,0,0,0,0,0,0,0,0,0,0,0,0,0,0,0,0,0,0,0,0,0,0,0,0,10,0,2,13,0,0,0,0,16,0,1,8,0,0,0,0,0,0,0,0,17,11,0,22,0,3,18,0,0,0,0,22,0,3,18,0,14,17,17,17,17,18,0,0,0,0,22,0,3,18,0,0,0,0,22,0,3,18,0,0,0,0,0,0,23,1,15,15,15,26,0,3,18,6,0,1,5,22,0,3,24,15,15,15,15,12,0,23,14,5,6,6,6,5,9,18,22,0,3,18,23,5,6,6,6,6,5,0,0,0,22,0,9,10,10,10,10,13,18,22,0,3,18,23,10,10,10,10,10,7,0,0,0,22,0
0,5,5,5,5,5,17,21,8,8,8,8,8,8,8,1,22,25,0,0,2,29,15,0,28,29,29,29,29,29,17,0,0,17,27,27,27,27,27,29,25,0,0,2,29,15,0,12,12,12,12,12,12,7,0,0,13,20,20,20,20,20,20,18,0,0,2,29,15,0,2,7,7,7,7,7,7,7,7,7,7,7,7,7,7,7,7,7,1,2,29,15,0,3,8,8,8,8,8,8,8,8,8,8,8,8,8,8,8,8,8,1,2,29,15,0,0,0,17,17,17,17,17,17,19,1,0,0,0,0,0,0,0,0,0,2,29,15,0,0,0,0,6,9,9,4,0,19,2,0,0,0,11,12,0,6,14,2,2,29,15,0,0,0,0,4,6,14,12,0,19,8,6,0,0,22,25,0,12,29,5,2,29,15,0,0,0,0,16,0,9,12,0,19,12,12,0,0,22,25,0,12,29,5,2,29,15,0,0,0,0,22,0,9,12,0,19,12,12,0,0,16,19,0,12,29,5,2,29,15,13,25,25,25,22,0,9,12,0,19,3,1,0,0,0,0,0,12,29,5,2,29,15,3,6,6,6,22,0,9,12,0,19,17,15,15,13,0,0,0,4,9,1,2,29,15,0,0,0,0,22,0,9,16,5,6,6,6,3,0,0,0,0,0,0,0,2,29,15,0,0,0,0,0,0,3,10,10,10,10,10,5,0,0,0,0,0,0,0,2,29,15,9,17,17,17,17,17,17,17,17,17,17,17,17,17,17,17,17,17,17,2,2,29,15,0,0,0,0,0,0,0,2,4,0,0,0,0,0,0,0,0,0,0,0,2,29,15,0,0,0,0,0,0,0,12,29,5,17,29,29,29,11,0,0,0,0,0,2,29,15,0,8,4,0,6,7,0,12,29,5,11,23,29,21,7,0,0,3,8,1,2,29,15,2,29,15,0,22,25,0,12,29,5,10,12,29,5,10,0,0,12,29,5,2,29,15,2,29,15,0,22,25,0,12,29,5,22,12,29,5,22,0,0,12,29,5,2,29,15,2,29,15,0,22,25,0,12,29,5,22,12,29,5,22,0,0,12,29,5,2,29,15,2,29,15,0,22,25,0,12,29,5,11,12,29,5,11,0,0,12,29,5,2,29,15,1,15,8,0,12,13,0,12,29,20,17,23,29,20,8,0,0,6,15,3,2,29,15
10,9,22,6,7,19,11,12,11,9,0,6,7,19,11,12,11,9,22,6,7,19,11,11,19,22,12,12,19,22,12,12,19,0,12,12,19,22,12,12,19,22,12,12,19,22,11,19,22,12,12,19,22,12,12,19,0,12,12,19,22,12,12,19,22,12,12,19,22,5,19,5,12,10,4,22,3,5,19,0,12,10,4,22,3,5,19,5,12,10,4,22,2,19,9,12,11,7,22,0,2,19,0,12,9,0,22,5,6,19,9,12,9,0,22,2,19,22,12,12,19,22,0,2,19,0,12,9,0,22,12,12,19,22,12,9,0,22,2,19,22,12,12,19,22,0,2,19,0,12,9,0,22,12,12,19,22,12,9,0,22,2,19,22,12,12,19,22,0,1,12,0,8,6,0,22,12,12,19,22,12,9,0,14,2,19,22,12,12,19,22,0,0,0,0,0,0,0,22,12,12,19,22,12,9,0,0,1,9,22,6,7,19,10,0,0,0,0,0,0,0,10,12,11,9,22,6,4,0,0,0,0,22,0,2,19,0,0,0,0,0,0,0,0,0,12,9,0,22,0,0,0,0,0,0,22,0,2,19,0,0,0,0,0,0,0,0,0,12,9,0,22,0,0,0,0,2,19,22,12,12,19,22,0,2,19,0,12,9,0,22,12,12,19,22,12,9,0,22,2,19,22,12,12,19,22,0,2,19,0,12,9,0,22,12,12,19,22,12,9,0,22,2,19,8,12,11,7,22,0,2,19,0,12,9,0,22,4,6,19,8,12,9,0,22,1,8,10,5,5,9,9,0,2,19,0,12,9,0,9,6,5,8,10,5,4,0,22,0,0,22,0,2,19,0,0,2,19,0,12,9,0,0,12,9,0,22,0,0,0,22,2,0,22,7,9,19,0,3,5,19,0,12,10,4,0,12,11,11,22,0,0,4,22,8,0,22,12,12,19,0,12,12,19,0,12,12,19,0,12,12,19,22,0,2,19,22,8,0,22,12,12,19,0,12,12,19,0,12,12,19,0,12,12,19,22,0,2,19,22,11,25,29,12,12,28,25,12,11,10,0,6,8,19,19,27,12,19,22,25,11,19,12,2,22,6,2,2,6,24,0,0,0,0,0,0,0,22,6,2,3,5,16,9,0,0,2,19,0,7,5,0,22,0,1,11,0,7,5,0,22,0,1,11,0,12,9,0,13
2,19,22,0,2,19,0,12,12,19,0,12,12,19,0,12,9,0,22,0,2,19,22,2,19,22,4,6,19,8,12,12,19,0,12,12,19,8,12,9,0,22,4,6,19,22,2,19,22,12,12,19,22,12,12,19,0,12,12,19,22,12,9,0,22,12,12,19,22,2,19,22,12,12,19,22,12,12,19,0,12,12,19,22,12,9,0,22,12,12,19,22,2,19,22,12,12,19,22,12,12,19,0,12,12,19,22,12,9,0,22,12,12,19,22,2,13,22,9,9,19,16,12,12,13,0,9,9,19,16,12,9,0,22,9,9,19,16,1,0,22,0,0,3,0,12,10,0,3,0,3,19,0,2,1,0,3,0,3,19,0,11,19,22,12,10,3,22,12,12,19,22,12,12,19,22,2,1,0,3,12,12,19,22,11,19,22,12,12,19,22,12,12,19,22,12,12,19,22,12,9,0,22,12,12,19,22,10,7,22,4,6,19,8,12,11,7,22,4,6,19,8,12,9,0,22,4,6,19,8,10,9,22,0,2,19,0,12,11,9,22,6,7,19,0,12,9,0,22,0,2,19,10,11,19,22,0,3,19,1,12,12,19,22,12,12,19,1,12,9,0,22,0,3,19,22,11,19,22,12,12,19,22,12,12,19,22,12,12,19,22,12,9,0,22,12,12,19,22,11,15,22,12,12,19,22,12,12,15,22,9,10,19,22,12,9,0,22,12,12,19,17,8,0,22,12,12,19,22,12,9,0,22,0,2,19,22,12,9,0,22,12,12,19,0,8,0,22,0,2,19,0,12,9,0,22,0,2,19,0,12,9,0,22,0,2,19,0,8,0,22,0,2,19,0,12,9,0,22,0,2,19,0,12,9,0,22,0,2,19,0,0,0,22,0,0,0,0,12,9,0,0,0,2,19,0,0,0,0,0,0,2,19,0,10,25,29,7,6,3,13,12,27,17,19,11,26,19,13,2,1,0,3,7,8,28,25,11,22,6,12,12,19,22,3,9,19,22,12,14,4,22,12,9,0,22,12,10,6,24,11,19,0,12,12,19,22,0,2,19,22,12,9,0,22,12,9,0,22,12,9,0,22,11,19,0,7,9,19,13,0,2,19,22,12,9,0,13,12,9,0,22,7,5,0,22,2,19,0,0,2,19,0,0,2,19,0,12,9,0,0,12,9,0,22,0,0,0,22
13,0,0,0,22,0,0,26,21,0,3,18,0,0,2,10,10,0,0,9,13,7,5,0,0,0,0,22,0,0,26,21,0,3,18,0,0,0,0,0,0,0,0,0,0,0,7,7,5,0,22,0,0,26,21,0,3,18,0,6,7,7,7,7,7,7,7,7,7,8,8,6,0,22,0,0,26,21,0,3,18,0,7,8,8,8,8,8,8,8,8,8,0,0,0,0,22,0,0,26,21,0,3,18,0,0,0,0,0,0,0,0,0,0,0,0,0,0,0,22,0,0,26,21,0,3,18,0,0,0,0,7,17,17,17,17,17,17,0,0,0,0,22,0,0,26,21,0,3,18,0,0,0,0,12,29,29,29,29,29,29,0,0,0,0,22,0,0,26,21,0,3,18,0,0,0,0,0,7,29,12,0,5,3,0,0,0,0,22,0,0,26,21,0,3,18,0,0,0,0,0,6,29,11,0,13,8,0,0,0,0,22,0,0,26,21,0,3,18,0,0,0,0,0,6,29,11,0,13,8,0,0,0,0,22,0,0,26,21,0,3,18,0,0,0,0,3,13,29,16,4,1,8,0,0,0,0,22,0,0,26,21,0,3,18,0,0,0,0,12,29,29,29,17,2,29,0,0,0,0,22,0,0,26,21,0,3,18,0,0,0,0,4,10,10,10,6,1,10,17,17,11,0,22,0,0,26,21,0,3,18,0,14,17,17,17,17,17,17,17,17,17,0,0,0,0,22,0,0,26,21,0,3,18,0,0,0,0,0,0,0,0,0,0,0,0,0,0,0,22,0,0,26,21,0,3,18,0,0,0,0,8,17,17,17,17,17,17,0,0,0,0,22,0,0,26,21,0,3,18,0,0,0,0,0,0,0,0,0,0,0,0,0,0,0,22,0,0,7,5,0,3,18,0,0,0,0,0,0,0,12,7,0,0,0,0,0,0,22,0,0,0,0,0,3,18,0,0,0,0,0,0,0,13,8,0,0,0,0,0,0,22,0,0,0,0,0,3,18,0,0,0,0,0,0,0,13,8,0,0,0,0,0,0,22,0,0,17,14,0,3,18,0,0,0,0,0,0,0,5,3,0,0,23,0,0,0,22,0,0,26,21,0,3,18,0,0,3,22,17,17,17,17,17,17,17,22,0,0,0,22,0,0,26,21,0,3,18,0,0,3,18,8,17,17,17,17,17,17
12,18,0,8,11,18,22,0,6,8,24,13,8,3,8,18,12,18,0,0,0,6,29,12,18,0,0,3,18,22,0,0,0,22,13,8,0,0,13,12,18,0,0,0,6,29,12,18,0,13,12,18,22,0,3,18,22,13,8,0,22,13,12,18,0,0,0,6,29,4,18,0,13,9,1,22,0,3,18,2,13,8,0,22,1,4,18,0,0,0,6,29,29,18,0,13,29,29,28,0,3,29,29,29,8,0,23,29,29,18,0,0,0,6,29,2,1,0,1,2,2,2,0,0,2,2,2,0,0,2,2,2,1,0,0,0,6,29,17,17,17,17,17,17,17,17,17,17,17,17,17,17,17,17,17,17,11,0,0,3,15,0,0,0,0,0,0,0,0,0,0,0,0,0,0,0,0,0,0,0,0,0,0,0,3,15,0,11,7,0,19,0,3,15,0,11,7,0,19,0,3,15,0,0,0,6,26,3,18,0,13,8,0,22,0,3,18,0,13,8,0,22,0,3,18,0,0,0,6,29,3,18,0,13,8,0,22,0,3,18,0,13,8,0,22,0,3,18,0,0,0,6,29,3,18,0,13,8,0,22,0,3,18,0,13,8,0,22,0,3,18,0,0,0,6,29,3,18,0,13,8,0,22,0,3,18,0,13,8,0,22,0,3,18,0,0,0,6,29,7,18,0,13,11,3,23,0,3,20,3,16,8,0,23,3,7,18,0,0,0,6,29,29,18,0,13,29,28,28,0,3,29,28,29,8,0,23,28,29,18,0,0,0,6,29,5,18,3,13,9,3,22,2,5,18,3,13,9,3,22,2,5,18,3,0,0,6,29,12,18,22,13,12,18,22,13,12,18,22,13,12,18,22,13,12,18,22,0,0,6,29,12,18,22,13,12,18,22,13,12,18,22,13,12,18,22,13,12,18,22,0,0,6,29,11,10,22,7,9,18,13,13,11,10,22,7,9,18,13,13,11,10,22,0,0,6,29,9,1,22,0,4,18,0,13,8,0,22,0,4,18,1,13,8,0,22,0,0,6,29,12,18,22,13,12,18,0,13,8,0,22,13,12,18,22,13,8,0,22,0,0,6,29,12,18,22,13,12,18,0,13,8,0,22,13,12,18,22,13,8,0,22,0,0,6,29,12,18,22,13,12,18,0,13,8,0,22,13,12,18,22,13,8,0,22,0,0,6,29
0,23,8,0,23,17,19,18,0,0,0,0,0,0,0,0,0,0,0,0,0,0,0,0,21,8,0,11,14,16,18,0,4,20,8,0,18,15,0,11,20,1,4,20,8,0,0,13,8,5,13,13,8,18,0,6,29,11,0,26,21,0,16,29,1,6,29,11,0,0,13,8,6,18,24,12,18,0,6,29,11,0,26,21,0,16,29,1,6,29,11,0,0,13,8,0,0,13,12,18,0,6,29,11,0,26,21,0,16,29,1,6,29,11,0,0,13,8,0,15,13,12,18,0,6,29,11,0,26,21,0,16,29,1,6,29,11,0,0,13,8,0,22,9,10,18,0,6,29,11,0,26,21,0,16,29,1,6,29,11,0,0,24,8,0,23,19,21,18,0,5,21,8,0,19,16,0,12,21,1,5,21,8,0,0,12,3,0,10,12,12,8,0,0,0,0,0,0,0,0,0,0,0,0,0,0,0,0,7,7,7,7,7,7,7,5,0,0,0,0,0,0,6,7,7,7,7,7,7,0,0,8,8,8,8,8,8,8,6,0,0,0,0,0,0,7,8,8,8,8,8,8,0,0,7,4,0,11,0,2,10,0,0,0,0,0,0,0,0,0,0,0,0,0,0,0,0,13,8,0,22,0,3,18,0,0,0,0,0,13,10,0,8,14,0,3,14,5,0,0,13,8,0,22,0,3,18,0,0,0,0,0,26,21,0,16,29,1,6,29,11,0,0,13,8,0,22,0,3,18,0,0,0,0,0,26,21,0,16,29,1,6,29,11,0,0,13,8,0,22,0,3,18,0,0,0,0,0,26,21,0,16,29,1,6,29,11,0,0,13,10,7,22,5,7,18,9,0,0,0,0,26,21,0,16,29,1,6,29,11,0,0,13,12,18,22,13,12,18,22,0,0,0,0,26,21,0,16,29,1,6,29,11,0,0,13,12,18,22,13,12,18,22,0,0,0,0,26,21,0,16,29,1,6,29,11,0,0,13,12,18,22,13,12,18,22,0,0,0,0,26,21,0,16,29,1,6,29,11,0,0,13,10,9,22,6,8,18,11,0,0,0,0,26,21,0,16,29,1,6,29,11,0,0,18,8,0,23,7,10,18,0,0,0,0,0,26,21,0,16,29,1,6,29,11,0,0,25,7,0,23,25,25,15,0,0,0,0,0,26,21,0,16,29,1,6,29,11,0
18,14,8,5,23,14,12,20,5,14,12,17,0,0,17,29,0,7,29,10,0,27,20,3,9,10,28,25,12,11,26,27,9,6,3,0,0,13,21,0,5,21,8,0,20,15,0,0,4,17,0,0,0,0,22,0,0,0,0,0,0,0,0,0,0,0,0,0,0,17,0,4,17,0,13,7,0,22,0,4,16,0,0,0,0,4,7,7,7,7,7,0,18,0,4,17,0,14,7,0,22,0,4,17,0,0,0,0,4,8,8,8,8,8,0,18,14,12,17,0,14,7,0,22,14,12,17,0,0,0,0,0,0,0,0,0,0,0,18,14,12,17,16,14,11,13,22,14,12,17,0,0,8,14,0,3,14,5,0,13,10,18,14,12,17,22,14,12,17,22,14,12,17,0,0,17,29,0,7,29,10,0,27,20,18,1,6,17,22,14,12,17,22,1,6,17,0,0,17,29,0,7,29,10,0,27,20,18,0,4,17,11,14,10,8,22,0,4,17,0,0,17,29,0,7,29,10,0,27,20,18,4,7,17,7,14,9,5,22,4,7,17,0,0,17,29,0,7,29,10,0,27,20,18,14,12,17,22,14,12,17,22,14,12,17,0,0,17,29,0,2,9,3,0,9,6,3,14,12,17,22,14,12,17,22,14,8,3,0,0,17,29,0,0,0,0,0,0,0,2,0,5,17,1,2,1,1,22,0,1,2,0,0,17,29,0,0,0,0,0,0,0,18,9,10,17,15,0,3,11,22,9,10,17,0,0,17,29,0,3,17,17,17,17,0,18,14,12,17,22,0,4,17,22,14,12,17,0,0,17,29,0,0,0,0,0,0,0,18,14,12,17,22,0,4,17,22,14,12,17,0,0,17,29,0,0,0,0,0,0,0,18,14,12,17,22,0,4,17,22,14,12,17,0,0,17,29,0,2,8,3,0,8,6,18,6,8,17,22,0,4,17,22,6,8,17,0,0,17,29,0,7,29,10,0,27,20,18,0,4,17,22,0,4,17,22,0,4,17,0,0,17,29,0,7,29,10,0,27,20,8,0,2,7,22,0,4,17,9,0,2,8,0,0,17,29,0,7,29,10,0,27,20,0,0,0,3,23,0,4,19,2,0,0,0,0,0,17,29,0,7,29,10,0,27,20,0,0,0,25,27,0,4,28,19,0,0,13,10,0,17,29,0,4,15,5,0,14,11
0,0,6,29,11,0,0,0,13,8,0,0,0,0,0,22,0,0,0,16,29,1,0,0,0,6,29,11,0,0,0,13,8,0,0,0,0,0,22,0,0,0,16,29,1,0,0,0,6,29,11,0,0,0,13,8,0,0,0,0,0,22,0,0,0,16,29,1,0,0,0,6,29,11,0,0,0,13,8,0,0,0,0,0,22,0,0,0,16,29,1,0,0,0,3,15,6,0,0,0,13,8,0,0,0,0,0,22,0,0,0,9,15,1,0,0,0,0,0,0,0,0,0,13,8,0,0,0,0,0,22,0,0,0,0,0,0,0,0,0,0,0,0,0,0,0,13,8,0,0,0,0,0,22,0,0,0,0,0,0,0,17,17,17,17,17,17,17,0,13,8,0,0,0,0,0,22,0,8,17,17,17,17,17,17,17,17,17,17,17,11,0,13,8,0,0,0,0,0,22,0,2,17,17,17,17,17,14,14,14,14,14,16,18,0,13,8,0,0,0,0,0,22,0,3,24,14,14,14,14,2,1,0,0,0,3,18,0,13,8,0,0,0,0,0,22,0,3,18,0,0,0,0,13,8,0,2,0,4,18,0,13,8,0,0,0,0,0,22,0,3,18,1,1,0,0,13,8,0,22,10,9,18,0,13,8,0,0,0,0,0,22,0,3,18,16,13,8,0,13,8,0,22,10,9,18,0,13,8,0,0,0,0,0,22,0,3,18,16,13,8,0,13,8,0,1,10,9,18,0,13,8,0,0,0,0,0,22,0,3,18,16,0,0,0,13,8,0,0,0,7,18,0,13,8,0,0,0,0,0,22,0,3,20,2,0,0,0,0,0,0,0,4,28,18,0,13,8,0,0,0,0,0,22,0,3,28,20,0,0,0,7,7,7,7,7,7,7,0,13,8,0,0,0,0,0,22,0,3,7,7,7,7,7,8,8,8,8,8,8,8,0,13,8,0,0,0,0,0,22,0,4,8,8,8,8,8,19,19,19,11,0,0,0,0,13,8,0,0,0,0,0,22,0,0,0,0,1,19,19,29,29,29,17,0,0,0,0,13,8,0,0,0,0,0,22,0,0,0,0,2,28,29,6,29,11,0,0,0,0,0,13,8,0,0,0,0,0,22,0,0,0,0,0,0,26,6,29,11,0,0,0,0,0,13,8,0,0,0,0,0,22,0,0,0,0,0,0,26
21,12,10,0,21,0,1,20,21,0,1,20,21,0,1,20,0,11,12,20,0,11,10,21,12,11,7,21,5,6,20,21,0,1,20,21,5,6,20,8,12,12,20,0,11,10,21,12,12,20,21,12,12,20,21,0,1,20,21,12,12,20,21,12,12,20,0,11,10,21,12,12,20,21,12,12,20,21,0,1,20,21,12,12,20,21,12,12,20,0,11,10,21,12,12,20,21,12,12,20,21,0,1,20,21,12,12,20,21,12,12,20,0,11,10,15,12,12,14,21,9,9,20,15,0,1,14,21,9,9,20,15,12,12,14,0,8,7,0,12,11,0,3,0,2,20,0,2,1,0,21,1,0,3,0,12,11,0,3,0,0,21,12,12,20,3,12,12,20,21,12,12,20,21,12,11,3,21,12,12,20,21,12,10,21,12,12,20,21,12,12,20,21,12,12,20,21,12,12,20,21,12,12,20,21,12,10,8,12,11,7,21,5,6,20,8,12,11,7,21,5,6,20,8,12,11,7,21,5,4,10,12,10,0,21,0,1,20,10,12,11,9,21,0,1,20,0,11,11,9,21,6,5,21,12,11,1,21,1,2,20,21,12,12,20,21,1,2,20,1,12,12,20,21,12,10,21,12,12,20,21,12,12,20,21,12,12,20,21,12,12,20,21,12,12,20,21,12,10,16,12,12,20,21,12,12,20,16,12,12,16,21,12,12,20,21,12,12,16,21,10,8,0,11,12,20,21,12,12,20,0,11,10,0,21,12,12,20,21,12,10,0,21,0,0,0,11,10,0,21,0,1,20,0,11,10,0,21,0,1,20,0,11,10,0,21,0,0,0,11,10,0,21,0,1,20,0,11,10,0,21,0,1,20,0,11,10,0,21,0,0,0,11,10,0,0,0,1,20,0,0,0,0,21,0,0,0,0,11,10,0,0,0,0,19,27,12,11,3,6,8,28,25,10,10,25,28,7,6,3,12,12,27,18,18,11,19,21,7,4,20,21,12,11,6,23,12,12,23,6,12,12,20,21,3,8,20,21,12,13,21,0,1,20,21,12,10,0,21,12,12,20,0,11,12,20,21,0,1,20,21,12,10,21,0,1,12,21,8,6,0,21,12,12,20,0,7,8,20,13,0,1,20,21,12,10,21,0,0,0,21,0,0,0,21,0,1,20,0,0,1,20,0,0,1,20,0,11,10
0,0,0,0,0,0,28,19,0,0,0,0,0,0,0,0,0,0,0,0,0,0,0,14,27,8,0,0,0,5,3,0,0,25,25,0,5,27,17,0,0,0,0,6,27,15,15,10,1,0,0,0,0,0,0,0,4,23,0,5,19,3,0,0,0,0,1,9,16,15,9,6,0,6,2,0,9,0,2,6,22,0,5,16,9,0,2,6,0,6,8,16,15,12,16,0,15,6,0,22,0,5,16,22,0,5,16,22,0,5,16,0,15,12,16,15,12,16,8,15,6,0,22,5,8,16,22,0,5,16,22,5,8,16,8,15,12,16,15,12,16,22,15,6,0,22,15,12,16,22,0,5,16,22,15,12,16,22,15,12,16,15,12,16,22,15,6,0,22,15,12,16,22,0,5,16,22,15,12,16,22,15,12,16,15,12,16,22,15,6,0,22,15,12,16,22,0,5,16,22,15,12,16,22,15,12,16,11,10,16,16,15,6,0,22,11,10,16,16,0,4,11,22,11,10,16,16,15,11,11,0,6,16,0,2,1,0,3,0,6,16,0,2,1,0,22,0,1,2,0,15,7,0,15,12,16,22,2,1,0,3,15,12,16,22,15,12,16,22,15,7,2,22,15,12,16,15,12,16,22,15,6,0,22,15,12,16,22,15,12,16,22,15,12,16,22,15,12,16,5,8,16,8,15,6,0,22,5,8,16,8,15,9,6,22,5,8,16,8,15,9,6,7,9,16,0,15,6,0,22,0,5,16,10,15,9,7,22,0,5,16,0,15,9,7,15,12,16,1,15,6,0,22,1,6,16,22,15,12,16,22,1,6,16,1,15,12,16,15,12,16,22,15,6,0,22,15,12,16,22,15,12,16,22,15,12,16,22,15,12,16,12,11,16,22,15,6,0,22,15,12,16,17,15,11,13,22,15,12,16,22,15,11,13,0,5,16,22,15,6,0,22,15,12,16,0,15,6,0,22,15,12,16,22,15,6,0,0,5,16,0,15,6,0,22,0,5,16,0,15,6,0,22,0,5,16,0,15,6,0,0,5,16,0,15,6,0,22,0,5,16,0,15,6,0,22,0,5,16,0,15,6,0,0,5,16,0,0,0,0,0,0,5,16,0,0,0,0,22,0,0,0,0,15,6,0,13,26,16,13,2,1,0,3,9,9,28,23,13,11,25,26,9,4,2,13,15,26,14
20,20,0,11,25,4,3,25,12,0,20,20,0,11,25,4,3,25,12,0,0,0,21,23,25,0,13,29,4,3,29,14,0,23,25,0,13,29,4,3,29,14,0,0,0,21,23,25,0,13,29,4,3,29,14,0,23,25,0,13,29,4,3,29,14,0,0,0,21,23,25,0,13,29,4,3,29,14,0,23,25,0,13,29,4,3,29,14,0,0,0,21,23,25,0,13,29,4,3,29,14,0,23,25,0,13,29,4,3,29,14,0,0,0,21,0,0,0,0,0,0,0,0,0,0,0,0,0,0,0,0,0,0,0,0,0,0,21,0,0,0,0,0,0,0,0,0,0,0,0,0,0,0,0,0,0,0,0,0,0,21,0,0,0,0,0,0,0,0,0,0,0,0,0,0,0,0,0,0,0,0,0,0,21,1,17,17,17,17,17,17,17,17,17,17,17,17,17,17,17,17,17,7,0,0,0,21,0,0,0,0,0,0,0,0,0,0,0,9,9,9,9,9,9,8,0,0,0,0,21,0,0,0,0,0,0,0,0,0,0,1,29,29,29,29,29,29,25,0,0,0,0,21,15,15,0,8,18,3,2,18,9,0,0,8,25,26,8,8,25,25,0,0,0,0,6,23,25,0,13,29,4,3,29,14,0,8,9,23,25,8,9,23,25,0,0,0,0,0,23,25,0,13,29,4,3,29,14,0,10,11,23,25,10,11,23,25,0,0,23,25,0,23,25,0,13,29,4,3,29,14,0,10,11,23,25,10,11,23,25,0,0,23,25,0,23,25,0,13,29,4,3,29,14,0,1,1,23,25,1,1,23,25,0,0,23,25,0,4,4,0,2,5,0,0,5,2,0,0,27,29,29,27,0,23,25,0,0,4,4,0,0,0,0,0,0,0,0,0,0,0,0,20,20,20,20,0,21,22,0,0,0,0,0,0,7,7,7,7,7,7,7,7,7,7,7,7,7,7,7,7,7,7,7,7,7,6,0,8,8,8,8,8,8,8,8,8,8,8,8,8,8,8,8,8,8,8,8,8,7,0,0,0,0,0,0,0,0,0,0,0,0,0,0,0,0,0,3,11,11,0,0,0,23,25,0,13,29,4,3,29,14,0,23,25,0,0,0,0,0,9,29,29,1,0,0,23,25,0,13,29,4,3,29,14,0,23,25,0,0,0,0,0,2,6,23,1,0,0
1,6,29,11,0,26,21,0,16,29,1,0,0,13,8,0,0,0,16,29,5,18,16,1,6,29,11,0,26,21,0,16,29,1,0,0,13,8,0,0,0,16,29,3,9,16,1,6,29,11,0,26,21,0,16,29,1,0,0,13,8,0,0,0,16,29,1,13,24,0,0,1,0,0,1,1,0,1,1,0,0,0,13,8,0,0,0,16,29,1,21,29,0,0,0,0,0,0,0,0,0,0,0,0,0,13,8,0,0,0,3,6,0,0,0,17,17,17,17,17,17,17,17,17,17,0,0,0,13,8,0,8,17,17,17,17,17,17,0,0,0,0,0,0,0,0,0,0,0,0,0,13,8,0,0,0,0,0,0,0,0,0,1,4,1,0,4,3,0,2,4,0,0,0,13,8,0,0,0,2,4,0,1,4,1,6,29,11,0,26,21,0,16,29,1,0,0,13,8,0,0,0,16,29,1,6,29,1,6,29,11,0,26,21,0,16,29,1,0,0,13,8,0,0,0,16,29,1,6,29,1,6,29,11,0,26,21,0,16,29,1,0,0,13,8,0,0,0,16,29,1,6,29,1,6,29,11,0,26,21,0,16,29,1,0,0,13,8,0,0,0,16,29,1,6,29,1,4,19,7,0,17,14,0,11,19,1,0,0,13,8,0,0,0,11,19,1,4,19,0,0,0,0,0,0,0,0,0,0,0,0,0,13,8,0,0,0,0,0,0,0,0,0,0,0,0,0,0,0,0,0,0,0,0,0,13,8,0,0,0,0,0,0,0,0,7,7,7,7,7,7,7,7,7,7,0,0,0,13,8,0,0,1,7,7,7,7,7,8,8,8,8,8,8,8,8,8,8,0,0,0,13,8,0,0,1,8,8,8,8,8,0,0,0,0,0,0,0,0,0,0,0,0,0,13,8,0,0,0,11,19,19,19,19,0,0,0,0,0,0,0,0,0,0,0,0,0,13,8,0,0,0,16,29,29,28,29,1,6,28,11,0,26,21,0,16,28,1,0,0,0,0,0,0,0,16,29,2,2,16,1,6,29,11,0,26,21,0,16,29,1,2,10,4,0,9,8,0,16,29,5,18,16,1,6,29,11,0,26,21,0,16,29,1,6,29,11,0,26,21,0,16,29,5,18,16,1,6,29,11,0,26,21,0,16,29,1,6,29,11,0,26,21,0,16,29,5,15,16
0,3,25,18,24,8,0,23,18,20,18,0,13,22,18,26,0,0,0,0,13,22,18,1,5,18,3,13,9,2,22,1,5,18,3,13,9,2,22,1,1,0,3,13,9,2,13,12,18,22,13,12,18,22,13,12,18,22,13,12,18,22,13,8,0,22,13,12,18,13,12,18,22,13,12,18,22,13,12,18,22,13,12,18,22,13,8,0,22,13,12,18,13,12,18,22,13,12,18,22,13,12,18,22,13,12,18,22,13,8,0,22,13,12,18,10,10,18,17,13,12,14,22,10,10,18,17,13,12,14,22,10,6,0,17,13,12,14,0,3,18,0,13,8,0,22,0,3,18,0,13,8,0,22,0,0,0,0,13,8,0,0,3,18,0,13,8,0,22,0,3,18,0,13,8,0,22,0,0,0,0,13,8,0,0,3,18,0,13,8,0,22,0,3,18,0,13,8,0,22,0,0,0,0,13,8,0,0,3,18,0,13,8,0,22,0,3,18,0,13,8,0,22,0,0,0,0,13,8,0,0,3,17,0,12,8,0,20,0,3,17,0,12,8,0,20,0,0,0,0,12,8,0,0,0,0,0,0,0,0,0,0,0,0,0,0,0,0,0,0,0,0,0,0,0,0,17,17,17,17,17,17,17,17,17,17,17,17,17,17,17,17,17,0,0,8,17,17,17,0,0,1,1,1,0,0,1,1,1,1,0,0,1,1,1,0,0,0,0,0,1,1,0,3,29,29,29,8,0,23,29,29,18,0,13,29,29,28,0,0,0,0,13,29,29,0,3,19,2,14,8,0,23,1,5,18,0,13,9,2,23,0,0,0,0,13,9,2,0,3,18,22,13,8,0,22,13,12,18,0,13,12,18,22,0,0,0,0,13,12,18,0,0,1,22,13,8,0,1,13,12,18,0,0,4,18,22,0,0,0,0,0,4,18,0,5,7,24,13,8,2,7,18,12,18,0,7,10,18,22,0,0,0,0,7,10,18,0,17,25,24,13,8,9,25,25,11,18,0,25,25,15,22,0,0,0,0,25,25,15,0,0,3,3,16,8,0,3,3,7,18,0,1,3,3,23,0,0,0,0,1,3,3,0,3,29,28,29,8,0,23,28,29,18,0,13,29,28,28,0,0,0,0,13,29,28,0,3,18,0,13,8,0,22,0,3,18,0,13,8,0,22,0,0,0,0,13,8,0
12,16,9,8,22,9,10,15,12,16,9,8,22,9,10,15,12,16,9,8,22,9,8,0,16,20,17,24,0,6,24,17,24,5,0,25,17,20,15,0,16,20,17,24,0,4,0,16,17,14,24,0,6,22,14,23,5,0,24,14,18,15,0,16,17,14,24,0,4,0,16,5,0,22,0,6,15,0,16,5,0,22,0,6,15,0,16,5,0,22,0,4,0,16,5,0,22,0,6,15,0,16,5,0,22,0,6,15,0,16,5,0,22,0,4,0,16,5,0,22,0,6,15,0,16,5,0,22,0,6,15,0,16,5,0,22,0,4,0,16,5,0,22,0,6,15,0,16,5,0,22,0,6,15,0,16,5,0,22,0,4,0,16,5,0,22,0,6,15,0,16,5,0,22,0,6,15,0,16,5,0,22,0,4,0,3,1,0,4,0,1,3,0,3,1,0,4,0,1,3,0,3,1,0,4,0,0,10,17,17,17,17,17,17,17,17,17,17,17,17,17,17,17,17,17,17,17,17,17,15,0,0,0,0,0,0,0,0,0,0,0,0,0,0,0,0,0,0,0,0,0,0,0,0,12,21,21,19,0,5,21,21,21,4,0,19,21,21,11,0,12,21,21,19,0,3,0,16,14,10,24,0,6,21,10,21,5,0,24,10,15,15,0,16,14,10,24,0,4,0,16,11,11,22,0,6,15,16,16,5,0,22,12,11,15,0,16,11,11,22,0,4,0,6,9,15,22,0,2,6,22,16,5,0,9,16,12,15,0,6,9,15,22,0,1,0,0,6,15,22,0,0,0,22,16,5,0,0,16,12,15,0,0,6,15,22,0,0,3,27,28,15,22,0,22,27,25,16,5,13,27,29,12,15,3,27,28,15,22,0,20,0,4,4,2,22,0,3,4,4,16,5,2,4,4,7,15,0,4,4,2,22,0,3,0,13,23,23,25,0,5,23,23,27,5,0,21,23,25,15,0,13,23,23,25,0,3,0,16,13,8,23,0,6,20,8,20,5,0,24,8,13,15,0,16,13,8,23,0,4,10,16,9,7,22,7,9,15,10,16,9,7,22,7,9,15,10,16,9,7,22,7,7,22,16,12,15,22,16,12,15,22,16,12,15,22,16,12,15,22,16,12,15,22,16,10,22,16,12,15,22,16,12,15,22,16,12,15,22,16,12,15,22,16,12,15,22,16,10
26,21,0,0,13,8,0,22,0,0,26,21,0,0,0,22,0,1,6,22,0,0,0,0,0,0,0,13,8,0,22,0,0,0,0,0,0,0,22,2,17,17,20,17,17,17,0,0,0,0,13,8,0,22,0,0,0,0,0,0,0,18,17,17,17,17,17,17,6,0,0,0,0,13,8,0,22,0,0,0,0,0,0,0,0,0,0,0,0,0,0,0,6,0,0,0,13,8,0,22,0,0,2,17,17,17,17,17,17,17,17,17,17,17,17,0,0,0,0,13,8,0,22,0,0,0,0,0,0,0,0,0,0,0,4,9,9,9,0,0,0,0,13,8,0,22,0,0,0,0,0,0,0,0,0,0,0,14,29,29,29,17,13,0,0,13,8,0,22,0,0,17,13,0,0,0,0,0,0,0,4,8,8,8,26,21,0,0,13,8,0,22,0,0,26,21,0,0,1,11,11,11,3,22,0,3,18,26,21,0,0,13,8,0,22,0,0,26,21,0,0,2,20,26,25,5,22,0,3,18,26,21,0,0,13,8,0,22,0,0,26,21,0,0,0,0,18,13,0,8,0,1,6,26,21,0,0,13,8,0,22,0,0,26,21,0,0,0,0,18,13,0,14,29,29,29,5,4,0,0,13,8,0,22,0,0,5,4,0,0,0,0,18,13,0,9,18,18,18,0,0,0,0,13,8,0,22,0,0,0,0,0,0,0,0,18,13,0,0,0,0,0,2,0,0,0,13,8,0,22,0,0,1,7,7,7,7,2,18,13,0,2,7,7,7,3,0,0,0,13,8,0,22,0,0,1,8,8,8,8,2,18,13,0,2,8,8,8,0,0,0,0,13,8,0,22,0,0,0,0,4,27,27,27,29,28,27,27,27,27,27,26,21,0,0,13,8,0,22,0,0,0,0,0,4,4,4,20,16,4,4,4,4,4,26,21,0,0,13,8,0,22,0,0,0,0,7,4,0,0,18,13,0,12,0,0,0,26,21,0,0,13,8,0,22,0,0,0,0,13,10,8,6,18,14,14,22,0,1,8,26,21,0,0,13,8,0,22,0,0,0,0,13,12,18,16,18,14,15,22,0,3,18,26,21,0,0,13,8,0,16,0,0,0,0,13,11,13,16,18,14,15,22,0,2,13,26,21,0,0,10,6,0,0,0,0,0,0,13,8,0,10,18,14,1,22,0,0,0
0,0,0,0,13,12,14,1,7,13,14,22,0,6,7,23,17,4,0,0,0,0,0,0,0,0,0,11,12,14,4,25,25,12,22,0,20,25,20,17,4,0,0,0,0,0,0,0,0,0,1,10,14,0,2,3,3,23,0,1,3,3,19,4,0,0,0,0,0,0,0,0,0,13,29,14,0,17,29,28,24,0,7,29,28,29,4,0,0,0,0,0,0,0,0,0,0,7,14,0,17,4,0,22,0,7,14,0,17,4,0,0,0,0,0,0,0,0,0,11,11,14,18,17,11,11,22,14,11,14,18,17,11,11,0,0,0,0,0,0,0,0,13,12,14,22,17,12,14,22,17,12,14,22,17,12,14,0,0,0,0,0,0,0,0,13,12,14,22,17,12,14,22,17,12,14,22,17,12,14,0,0,0,0,0,0,0,0,13,12,14,22,17,12,14,22,17,12,14,22,17,12,14,0,0,0,0,0,0,0,0,1,8,14,2,17,5,1,22,1,8,14,2,17,5,1,0,0,0,0,0,0,0,0,0,7,14,0,17,4,0,22,0,7,14,0,17,4,0,0,0,0,0,0,0,0,0,0,7,14,0,17,4,0,22,0,7,14,0,17,4,0,0,0,0,0,0,0,0,0,0,7,14,0,17,4,0,22,0,7,14,0,17,4,0,0,0,0,0,0,0,0,0,0,7,14,0,17,4,0,22,0,7,14,0,17,4,0,0,0,0,0,0,0,0,0,0,1,3,0,4,1,0,5,0,1,3,0,4,1,0,0,0,0,0,0,0,0,0,7,17,17,17,17,17,17,17,17,17,17,17,17,17,3,0,0,0,0,0,0,0,0,0,0,0,0,0,0,0,0,0,0,0,0,0,0,0,0,0,0,0,0,0,0,0,10,21,10,0,13,21,21,18,0,5,21,21,21,3,0,0,0,0,0,0,0,0,0,5,16,14,0,17,14,10,23,0,7,20,10,22,4,0,0,0,0,0,0,0,0,0,10,11,14,0,17,10,10,22,0,7,14,16,17,4,0,0,0,0,0,0,0,0,0,13,8,5,0,17,12,14,9,0,7,14,22,7,1,0,0,0,0,0,0,0,0,0,13,4,0,0,17,12,14,0,0,7,14,22,0,0,0,0,0,0,0,0,0,0,0,13,28,27,2,17,12,28,27,12,7,14,27,27,21,0,0,0,0,0
21,0,0,0,14,29,3,4,29,13,0,25,23,0,14,29,3,0,21,5,29,13,14,10,0,0,0,14,29,3,4,29,13,0,25,23,0,14,29,3,0,21,5,29,13,14,0,0,0,0,14,29,3,4,29,13,0,25,23,0,14,29,3,0,10,5,29,13,7,0,0,0,0,14,29,3,4,29,13,0,25,23,0,14,29,3,0,7,19,29,23,13,0,24,23,0,0,1,0,0,1,0,0,1,1,0,0,1,0,0,12,29,29,29,22,0,25,23,0,0,0,0,0,0,0,0,0,0,0,0,0,0,0,0,0,0,0,0,0,25,23,0,0,0,0,13,17,17,17,17,17,17,17,17,17,17,17,17,17,17,13,0,25,23,0,0,0,0,0,0,0,0,0,0,0,0,0,0,0,17,17,17,3,0,0,21,20,0,2,4,0,0,4,2,0,4,3,0,2,4,0,0,14,14,28,5,0,0,0,0,0,14,29,3,4,29,13,0,25,23,0,14,29,3,0,13,0,26,5,0,0,0,0,0,14,29,3,4,29,13,0,25,23,0,14,29,3,0,21,0,26,5,0,16,0,0,0,14,29,3,4,29,13,0,25,23,0,14,29,3,0,21,0,26,5,0,21,0,0,0,14,29,3,4,29,13,0,25,23,0,14,29,3,0,21,0,26,5,0,21,0,0,0,9,19,2,3,19,9,0,16,15,0,9,19,2,0,21,0,26,5,0,21,0,0,0,0,0,0,0,0,0,0,0,0,0,0,0,0,0,3,3,27,5,0,21,0,0,0,0,0,0,0,0,0,0,0,0,0,0,0,0,0,28,28,28,5,0,21,0,0,0,0,0,0,6,7,7,7,7,7,7,7,7,7,7,7,7,7,7,6,18,0,0,0,0,0,0,6,8,8,8,8,8,8,8,8,8,8,8,8,8,8,6,0,0,0,0,0,0,0,0,0,0,0,0,0,0,0,0,0,0,0,0,0,0,0,10,0,0,0,0,0,0,0,0,0,0,0,0,0,0,0,0,0,0,0,0,0,0,21,0,0,0,14,28,3,4,28,13,0,24,23,0,14,28,3,4,28,13,0,24,22,21,0,0,0,14,29,3,4,29,13,0,25,23,0,14,29,3,4,29,13,0,25,22,21,0,0,0,14,29,3,4,29,13,0,25,23,0,14,29,3,4,29,13,0,25,22
0,26,21,0,16,29,1,0,3,13,29,17,5,6,29,11,0,6,29,11,0,26,21,0,26,21,0,16,29,1,0,18,6,29,11,18,6,29,11,0,6,29,11,0,26,21,0,26,21,0,16,29,1,0,22,6,29,11,22,6,29,11,0,6,29,11,0,26,21,0,26,21,0,16,29,1,0,22,6,29,11,22,6,29,11,0,6,29,11,0,26,21,0,17,14,0,11,19,1,0,3,6,29,11,3,6,29,11,0,4,19,7,0,17,14,0,0,0,0,0,0,0,0,13,28,29,28,27,28,29,11,0,0,0,0,0,0,0,0,0,0,0,0,0,0,0,10,20,20,20,20,20,20,8,0,0,0,0,0,0,0,7,7,7,7,7,7,7,7,7,7,7,7,7,7,7,7,7,7,7,7,7,7,7,8,8,8,8,8,8,8,8,8,8,8,8,8,8,8,8,8,8,8,8,8,8,8,0,0,0,0,0,0,0,0,0,0,0,0,0,0,0,0,0,0,0,0,0,0,0,0,0,0,0,0,0,0,0,0,0,0,0,0,0,0,0,0,0,0,0,0,0,0,0,26,21,0,16,28,1,6,28,11,0,26,21,0,0,0,0,0,0,0,0,26,21,0,26,21,0,16,29,1,6,29,11,0,26,21,0,0,0,0,0,0,0,0,26,21,0,26,21,0,16,29,1,6,29,11,0,26,21,0,0,0,0,0,0,0,0,26,21,0,26,21,0,16,29,1,6,29,11,0,26,21,0,0,0,1,1,0,0,0,26,21,0,23,19,0,14,25,1,6,25,10,0,23,19,0,0,0,16,29,1,0,0,26,21,0,0,0,0,0,0,0,0,0,0,0,0,0,0,0,0,16,29,1,0,0,26,21,0,0,0,0,0,0,0,0,0,0,0,0,0,0,0,0,16,29,1,0,0,26,21,17,17,17,17,17,17,17,17,17,17,17,17,17,6,0,0,16,29,1,0,0,26,21,0,0,0,0,0,0,0,0,0,0,0,4,3,0,0,0,16,29,1,0,0,26,21,0,9,8,0,0,1,29,29,29,27,0,26,21,0,0,0,16,29,1,0,0,26,21,0,26,21,0,0,1,18,28,27,17,0,26,21,0,0,0,16,29,1,0,0,26,21,0,26,21,0,0,6,4,26,21,6,4,26,21,0,0,0,16,29,1,0,0,26,21
0,13,8,0,0,11,7,0,19,0,0,0,22,0,3,18,0,0,3,15,0,11,7,0,13,8,0,22,0,3,18,0,13,8,0,22,0,3,18,0,13,8,0,22,0,3,0,13,8,0,22,13,12,18,22,13,8,0,22,0,3,18,0,13,12,18,22,13,12,0,13,8,0,22,13,12,18,22,13,8,0,22,0,3,18,0,13,12,18,22,13,12,0,5,3,0,8,13,10,6,22,5,3,0,8,0,1,6,0,5,7,18,8,13,10,0,0,0,0,0,13,8,0,22,0,0,0,0,0,0,0,0,0,3,18,0,13,8,0,0,0,0,1,13,9,1,22,0,0,0,0,0,0,0,0,0,4,18,1,13,9,0,0,0,0,22,13,12,18,22,13,8,0,0,0,0,0,0,13,12,18,22,13,12,0,3,2,0,22,13,12,18,22,13,8,0,5,0,0,4,0,13,12,18,22,13,12,0,13,8,0,22,13,12,18,22,13,8,0,22,0,3,18,0,13,12,18,22,13,12,0,13,8,0,22,13,12,18,22,13,8,0,22,0,3,18,0,13,12,18,22,13,12,0,13,8,0,22,10,10,18,17,13,8,0,22,0,3,18,0,13,12,14,22,10,10,0,13,8,0,22,0,3,18,0,13,8,0,22,0,3,18,0,13,8,0,22,0,3,19,13,12,16,22,12,11,18,19,13,12,16,22,0,3,18,19,13,12,16,22,12,11,22,13,12,18,22,13,12,18,22,13,12,18,22,0,3,18,22,13,12,18,22,13,12,22,12,11,18,19,13,12,16,22,12,11,18,19,0,3,16,22,12,11,18,19,13,12,24,0,3,21,7,18,8,0,23,7,10,18,0,0,0,0,23,7,10,18,0,13,14,27,0,3,28,25,27,8,0,23,25,25,18,0,0,0,0,23,25,25,18,0,13,26,22,0,3,18,0,13,8,0,22,0,3,18,0,0,0,0,22,0,3,18,0,13,8,22,0,3,18,0,13,8,0,22,0,3,18,0,0,0,0,22,0,3,18,0,13,8,22,0,3,18,0,13,8,0,22,0,3,18,0,0,0,0,22,0,3,18,0,13,8,22,0,3,18,0,13,8,0,22,0,3,18,0,0,0,0,22,0,3,18,0,13,8,22,0,3,18,0,13,8,0,22,0,3,18,0,0,0,0,22,0,3,18,0,13,8
18,0,13,8,0,0,6,29,11,0,26,21,0,16,29,1,6,29,11,0,0,28,24,18,0,13,8,0,0,6,29,11,0,10,8,0,6,11,0,2,11,4,0,0,8,8,18,0,13,8,0,0,6,29,11,0,0,0,0,0,0,0,0,0,0,0,0,0,0,18,0,13,8,0,0,6,29,11,0,0,0,0,0,0,0,0,0,0,0,0,0,0,17,0,12,8,0,0,6,29,11,0,0,0,0,0,0,0,0,0,0,0,0,0,0,0,0,0,0,0,0,6,29,11,0,0,0,0,0,0,0,0,0,0,0,0,0,0,17,17,17,17,6,0,6,29,11,0,2,17,17,17,17,17,17,11,0,0,14,17,17,1,1,1,0,0,0,1,7,3,0,0,0,0,0,0,0,0,0,0,0,11,17,17,29,29,29,8,0,0,1,4,1,0,18,15,0,11,20,1,4,20,8,0,18,21,14,19,8,14,8,0,0,6,29,11,0,26,21,0,16,29,1,6,29,11,0,18,13,4,18,22,13,8,0,0,6,29,11,0,26,21,0,16,29,1,6,29,11,0,18,13,22,1,22,13,8,0,0,6,29,11,0,26,21,0,16,29,1,6,29,11,0,18,13,9,7,24,13,8,0,0,6,29,11,0,26,21,0,16,29,1,6,29,11,0,18,13,0,25,24,13,8,0,0,6,29,11,0,26,21,0,16,29,1,6,29,11,0,18,13,22,3,3,16,8,0,0,6,29,11,0,19,16,0,12,21,1,5,21,8,0,18,13,14,29,28,29,8,0,0,6,29,11,0,0,0,0,0,0,0,0,0,0,0,18,13,0,18,0,13,8,0,0,6,29,11,0,1,7,7,7,7,7,7,5,0,0,18,13,1,18,18,13,12,15,0,6,29,11,0,1,8,8,8,8,8,8,6,0,0,18,13,1,18,22,13,12,18,0,6,29,11,0,0,0,0,0,0,0,0,0,0,0,18,13,8,18,22,13,12,18,0,6,29,11,0,13,10,0,8,14,0,3,14,5,0,18,13,14,18,22,13,12,18,0,6,29,11,0,26,21,0,16,29,1,6,29,11,0,18,26,23,18,2,13,9,1,0,6,29,11,0,26,21,0,16,29,1,6,29,11,0,18,18,9,18,0,13,8,0,0,6,29,11,0,26,21,0,16,29,1,6,29,11,0,18,13,13
22,0,3,18,0,13,8,0,22,0,3,18,0,0,0,0,22,0,3,18,0,13,8,22,0,3,18,0,13,8,0,22,0,3,18,0,0,0,0,22,0,3,18,0,13,8,27,0,3,27,23,26,8,0,23,23,24,18,0,0,0,0,23,23,24,18,0,13,25,24,0,3,22,8,18,8,0,23,8,11,18,0,0,0,0,23,8,11,18,0,13,15,22,11,11,18,19,13,12,15,22,11,11,18,19,0,3,15,22,11,11,18,19,13,12,22,13,12,18,22,13,12,18,22,13,12,18,22,0,3,18,22,13,12,18,22,13,12,20,13,12,17,22,12,12,18,20,13,12,17,22,0,3,18,20,13,12,17,22,12,12,0,13,8,0,22,0,3,18,0,13,8,0,22,0,3,18,0,13,8,0,22,0,3,0,13,8,0,22,10,10,18,16,13,8,0,22,0,3,18,0,13,11,13,22,10,10,0,13,8,0,22,13,12,18,22,13,8,0,22,0,3,18,0,13,12,18,22,13,12,0,13,8,0,22,13,12,18,22,13,8,0,22,0,3,18,0,13,12,18,22,13,12,0,4,2,0,22,13,12,18,22,13,8,0,6,0,1,5,0,13,12,18,22,13,12,0,0,0,0,22,13,12,18,22,13,8,0,0,0,0,0,0,13,12,18,22,13,12,0,0,0,0,3,13,9,2,22,1,1,0,0,0,0,0,0,1,5,18,3,13,9,0,0,0,0,0,13,8,0,22,0,0,0,0,0,0,0,0,0,3,18,0,13,8,0,4,2,0,7,13,10,6,22,4,2,0,7,0,1,6,0,4,6,18,7,13,10,0,13,8,0,22,13,12,18,22,13,8,0,22,0,3,18,0,13,12,18,22,13,12,0,13,8,0,22,13,12,18,22,13,8,0,22,0,3,18,0,13,12,18,22,13,12,0,13,8,0,22,0,4,18,0,13,8,0,22,0,3,18,0,13,9,0,22,0,4,0,13,8,0,2,11,7,1,18,1,0,0,22,0,3,18,0,1,4,15,2,11,7,0,13,8,0,0,13,8,0,22,0,0,0,22,0,3,18,0,0,3,18,0,13,8,13,13,11,10,0,13,12,17,22,0,2,10,22,0,3,18,13,0,3,18,21,13,8,22,13,12,18,0,13,12,18,22,0,3,18,22,0,3,18,22,0,3,18,22,13,8
22,6,7,18,0,13,10,8,22,0,3,18,9,13,8,0,22,6,7,18,0,13,10,23,19,21,18,0,13,22,19,26,0,3,26,19,24,8,0,23,19,21,18,0,13,22,10,12,12,8,0,6,12,12,12,0,1,12,12,12,3,0,10,12,12,8,0,6,12,7,7,7,7,7,7,7,7,7,7,7,7,7,7,7,7,7,7,7,7,7,7,7,8,8,8,8,8,8,8,8,8,8,8,8,8,8,8,8,8,8,8,8,8,8,8,12,0,2,10,0,7,4,0,12,0,2,10,0,7,4,0,12,0,2,10,0,7,4,22,0,3,18,0,13,8,0,22,0,3,18,0,13,8,0,22,0,3,18,0,13,8,22,0,3,18,0,13,8,0,22,0,3,18,0,13,8,0,22,0,3,18,0,13,8,22,0,3,18,0,13,8,0,22,0,3,18,0,13,8,0,22,0,3,18,0,13,8,22,0,3,18,0,13,8,0,22,0,3,18,0,13,8,0,22,0,3,18,0,13,8,22,5,7,18,9,13,10,7,22,5,7,18,9,13,10,7,22,5,7,18,9,13,10,22,13,12,18,22,13,12,18,22,13,12,18,22,13,12,18,22,13,12,18,22,13,12,22,13,12,18,22,13,12,18,22,13,12,18,22,13,12,18,22,13,12,18,22,13,12,22,13,12,18,22,13,12,18,22,13,12,18,22,13,12,18,22,13,12,18,22,13,12,22,6,8,18,11,13,10,9,22,6,8,18,11,13,10,9,22,6,8,18,11,13,10,23,7,10,18,0,13,14,7,24,0,3,21,7,18,8,0,23,7,10,18,0,13,14,20,25,25,18,0,11,25,25,27,0,3,25,25,27,8,0,20,25,25,18,0,11,25,3,3,5,18,0,3,3,2,22,0,2,3,3,13,8,1,3,3,5,18,0,3,3,28,29,12,18,0,28,29,18,22,0,20,28,28,13,8,10,28,29,12,18,0,28,29,0,13,12,18,0,0,3,18,22,0,0,0,22,13,8,0,0,13,12,18,0,0,3,7,13,12,18,0,4,6,18,22,0,1,6,22,13,8,0,7,13,12,18,0,4,6,22,13,12,18,0,13,12,18,22,0,3,18,22,13,8,0,22,13,12,18,0,13,12,23,10,12,18,0,13,16,10,25,0,3,22,10,19,8,0,23,10,12,18,0,13,16
12,12,12,12,12,12,12,12,12,12,12,12,12,12,12,12,12,12,12,12,12,12,12,3,3,3,3,3,3,3,3,3,3,3,3,3,3,3,3,3,3,3,3,3,3,3,13,0,9,6,0,16,0,2,13,0,9,6,0,16,0,2,13,0,9,6,0,16,0,18,0,13,8,0,22,0,3,18,0,13,8,0,22,0,3,18,0,13,8,0,22,0,18,0,13,8,0,22,0,3,18,0,13,8,0,22,0,3,18,0,13,8,0,22,0,18,0,13,8,0,22,0,3,18,0,13,8,0,22,0,3,18,0,13,8,0,22,0,18,0,13,8,0,22,0,3,18,0,13,8,0,22,0,3,18,0,13,8,0,22,0,18,13,13,11,10,22,7,9,18,13,13,11,10,22,7,9,18,13,13,11,10,22,7,18,22,13,12,18,22,13,12,18,22,13,12,18,22,13,12,18,22,13,12,18,22,13,18,22,13,12,18,22,13,12,18,22,13,12,18,22,13,12,18,22,13,12,18,22,13,18,22,13,12,18,22,13,12,18,22,13,12,18,22,13,12,18,22,13,12,18,22,13,18,7,13,10,6,22,4,6,18,7,13,10,6,22,4,6,18,7,13,10,6,22,4,23,12,20,8,0,23,12,15,18,0,13,18,12,25,0,3,23,12,20,8,0,23,12,19,19,24,8,0,15,19,21,18,0,9,19,19,26,0,2,19,19,24,8,0,15,19,8,8,13,8,3,8,8,6,18,0,8,8,5,22,0,6,8,8,13,8,3,8,8,23,27,13,8,8,23,26,12,18,0,23,24,18,22,0,16,23,27,13,8,8,23,26,0,22,13,8,0,0,13,12,18,0,0,3,18,22,0,0,0,22,13,8,0,0,13,9,22,13,8,0,11,13,12,18,0,6,8,18,22,0,1,9,22,13,8,0,11,13,18,13,13,8,0,22,8,9,18,0,13,11,11,22,0,3,18,13,13,8,0,22,8,24,14,21,8,0,23,14,16,18,0,13,19,14,25,0,3,24,14,21,8,0,23,14,17,17,17,5,0,14,17,17,11,0,8,17,17,17,0,2,17,17,17,5,0,14,17,2,2,2,2,2,2,2,2,2,2,2,2,2,2,2,2,2,2,2,2,2,2,2,13,13,13,13,13,13,13,13,13,13,13,13,13,13,13,13,13,13,13,13,13,13,13
8,8,8,8,8,8,8,8,8,8,8,8,8,8,8,8,8,8,8,8,8,8,8,7,7,7,7,7,7,7,7,7,7,7,7,7,7,7,7,7,7,7,7,7,7,7,0,0,0,0,0,0,0,0,0,0,0,0,0,0,0,0,0,0,0,0,0,0,0,0,0,0,0,0,0,0,0,0,0,0,0,0,0,0,0,0,0,0,0,0,0,0,21,0,16,29,1,6,29,11,0,26,21,0,16,29,1,6,29,11,0,26,21,0,16,21,0,16,29,1,6,29,11,0,26,21,0,16,29,1,6,29,11,0,26,21,0,16,21,0,16,29,1,6,29,11,0,26,21,0,16,29,1,6,29,11,0,26,21,0,16,21,0,16,29,1,6,29,11,0,26,21,0,16,29,1,6,29,11,0,26,21,0,16,18,0,14,25,1,5,25,9,0,22,18,0,14,25,1,5,25,9,0,22,18,0,14,0,0,0,0,0,0,0,0,0,0,0,0,0,0,0,0,0,0,0,0,0,0,0,0,0,0,0,0,0,0,0,0,0,0,0,0,0,0,0,0,0,0,0,0,0,0,17,17,17,17,17,17,17,17,17,17,17,17,17,17,17,17,17,17,17,17,17,17,17,0,0,0,0,0,0,0,0,0,0,0,0,0,0,0,0,0,0,0,0,0,0,0,8,0,6,11,0,2,11,4,0,10,8,0,6,11,0,2,11,4,0,10,8,0,6,21,0,16,29,1,6,29,11,0,26,21,0,16,29,1,6,29,11,0,26,21,0,16,21,0,16,29,1,6,29,11,0,26,21,0,16,29,1,6,29,11,0,26,21,0,16,21,0,16,29,1,6,29,11,0,26,21,0,16,29,1,6,29,11,0,26,21,0,16,21,0,16,29,1,6,29,11,0,26,21,0,16,29,1,6,29,11,0,26,21,0,16,21,0,16,29,1,6,29,11,0,26,21,0,16,29,1,6,29,11,0,26,21,0,16,21,0,16,29,1,6,29,11,0,26,21,0,16,29,1,6,29,11,0,26,21,0,16,0,0,0,0,0,0,0,0,0,0,0,0,0,0,0,0,0,0,0,0,0,0,0,0,0,0,0,0,0,0,0,0,0,0,0,0,0,0,0,0,0,0,0,0,0,0,8,8,8,8,8,8,8,8,8,8,8,8,8,8,8,8,8,8,8,8,8,8,8
0,0,1,1,1,0,15,0,2,12,16,29,1,0,15,6,29,11,15,0,0,26,21,0,2,29,29,29,7,22,0,3,18,16,29,1,0,22,6,29,11,22,0,0,26,21,0,0,0,19,14,0,16,0,2,13,16,29,1,0,16,6,29,11,16,0,0,26,21,0,0,0,18,13,0,9,19,19,19,25,29,20,19,19,22,29,23,19,19,19,28,27,0,0,0,18,13,0,14,28,28,28,28,28,28,28,28,28,28,28,28,28,28,28,28,0,0,0,18,13,0,0,0,0,0,0,0,0,0,0,0,0,0,0,0,0,0,0,0,0,0,18,13,0,0,0,0,0,0,0,0,0,0,0,0,0,0,0,0,0,0,17,17,5,18,13,0,4,17,17,17,17,17,17,17,17,17,17,17,17,17,17,17,17,17,17,17,25,23,17,17,17,17,17,17,17,17,17,17,17,17,17,17,17,17,17,17,14,14,14,24,21,14,14,14,14,14,14,24,21,14,14,14,14,14,14,24,21,14,14,1,0,0,18,13,0,4,0,0,0,0,18,13,0,4,0,0,0,0,18,13,0,4,9,1,1,18,14,9,22,0,0,1,1,18,14,9,22,0,0,1,1,18,14,9,22,12,18,16,18,14,15,22,0,3,18,16,18,14,15,22,0,3,18,16,18,14,15,22,12,18,16,18,14,15,22,0,3,18,16,18,14,15,22,0,3,18,16,18,14,15,22,9,1,16,18,14,6,22,0,0,1,16,18,14,6,22,0,0,1,16,18,14,6,22,8,0,1,20,13,0,22,0,0,0,1,20,13,0,22,0,0,0,1,20,13,0,22,0,0,14,28,13,0,0,0,0,0,14,28,13,0,0,0,0,0,14,28,13,0,0,7,7,7,7,7,7,7,7,7,7,7,7,7,7,7,7,7,7,7,7,7,7,7,8,8,8,8,8,8,8,8,8,8,8,8,8,8,8,8,8,8,8,8,8,8,8,0,6,4,0,0,0,0,0,0,0,0,0,0,0,0,3,19,19,19,19,19,19,11,0,13,8,0,0,0,8,14,0,0,0,0,0,0,0,4,28,28,28,29,29,29,17,0,13,8,0,0,0,16,29,1,0,0,0,0,0,0,4,2,0,7,6,29,11,0,0,13,8,0,0,0,16,29,1,0,0,16,21,21,10,13,8,0,22,6,29,11,0
3,3,1,0,0,0,0,3,18,0,13,10,8,22,6,7,18,0,13,8,0,22,6,28,28,10,0,0,0,0,3,18,4,13,9,3,22,2,5,18,4,13,9,3,22,2,7,7,7,7,2,0,0,3,18,22,13,12,18,22,13,12,18,22,13,12,18,22,13,8,8,8,8,3,0,0,3,18,22,13,12,18,22,13,12,18,22,13,12,18,22,13,0,0,0,0,0,0,0,2,10,22,7,8,18,12,13,11,10,22,7,8,18,12,13,0,0,0,0,0,0,0,0,0,23,17,19,18,0,13,21,17,26,0,3,25,17,23,0,0,26,21,0,0,0,0,0,23,14,16,18,0,13,19,14,25,0,3,24,14,21,0,0,26,21,0,6,10,0,0,22,0,3,18,0,13,8,0,22,0,3,18,0,13,5,0,26,21,0,16,29,1,0,22,0,3,18,0,13,8,0,22,0,3,18,0,13,3,0,26,21,0,16,29,1,0,22,0,3,18,0,13,8,0,22,0,3,18,0,13,0,0,23,19,0,14,25,1,0,22,0,3,18,0,13,8,0,22,0,3,18,0,13,0,0,0,0,0,0,0,0,0,22,0,3,18,0,13,8,0,22,0,3,18,0,13,0,0,0,0,0,0,0,0,0,4,0,0,3,0,2,1,0,4,0,0,3,0,2,17,17,17,17,17,17,17,17,17,17,17,17,17,17,17,17,17,17,17,17,17,17,17,0,0,0,0,0,0,0,0,0,0,0,0,0,0,0,0,0,0,0,0,0,0,0,17,17,17,17,17,17,17,11,0,0,0,0,9,8,0,0,0,0,0,0,0,0,9,0,0,14,17,17,17,17,17,18,5,0,0,26,21,0,0,0,0,0,0,0,0,26,0,0,0,0,0,0,0,0,13,8,0,0,26,21,0,0,0,0,0,0,0,0,26,0,0,0,0,0,22,0,0,13,8,0,0,26,21,0,0,3,2,0,0,0,0,26,0,0,0,0,0,22,0,0,13,8,0,0,26,21,0,0,13,8,0,0,0,0,26,0,0,0,0,0,9,0,0,13,8,0,0,26,21,0,0,13,8,0,0,0,0,26,17,17,17,17,17,17,6,0,13,8,0,0,26,21,0,0,13,8,0,0,0,0,26,17,17,17,17,17,17,21,11,13,8,0,0,26,21,0,0,13,8,0,0,0,0,1
29,9,2,0,0,14,25,1,6,25,10,0,23,19,0,16,29,1,0,3,18,0,0,29,29,7,0,0,0,0,0,0,0,0,0,0,0,0,16,29,1,0,3,18,0,13,10,10,2,0,0,0,0,0,0,0,0,0,0,0,0,16,29,1,0,3,18,0,13,17,17,17,17,17,17,17,17,17,17,17,17,6,0,0,16,29,1,0,3,18,0,13,0,0,0,0,0,0,0,0,0,0,0,0,0,0,0,16,29,1,0,1,6,0,5,0,0,9,8,0,6,10,0,2,10,4,0,9,8,0,16,29,1,0,0,0,0,0,0,0,26,21,0,16,29,1,6,29,11,0,26,21,0,16,29,1,0,0,0,0,0,0,0,26,21,0,16,29,1,6,29,11,0,26,21,0,16,29,1,0,0,0,0,13,0,0,26,21,0,16,29,1,6,29,11,0,26,21,0,16,29,1,0,0,4,0,13,0,0,26,21,0,16,29,1,6,29,11,0,26,21,0,15,27,1,0,3,18,0,13,0,0,26,21,0,16,29,1,6,29,11,0,26,21,0,0,0,0,0,3,18,0,13,0,0,26,21,0,16,29,1,6,29,11,0,26,21,0,8,14,0,0,3,18,0,13,0,0,1,1,0,1,1,0,6,29,11,0,26,21,0,16,29,1,0,3,18,0,13,0,0,0,0,0,0,0,0,6,29,11,0,26,21,0,16,29,1,0,3,18,19,13,17,17,17,17,6,0,0,0,6,29,11,0,26,21,0,16,29,1,0,3,18,22,13,1,0,0,0,0,0,0,0,6,29,11,0,26,21,0,16,29,1,0,3,16,22,12,27,0,0,0,0,2,4,0,6,29,11,0,26,21,0,16,29,1,0,0,0,23,7,15,0,0,0,0,16,29,1,6,29,11,0,26,21,0,16,29,1,0,0,0,23,25,3,3,0,0,0,16,29,1,6,29,11,0,26,21,0,16,29,1,0,0,0,22,0,28,28,5,0,0,16,29,1,6,29,11,0,26,21,0,16,29,1,0,0,0,22,0,0,0,0,0,0,16,29,1,6,29,11,0,26,21,0,16,29,1,0,0,0,22,0,27,0,0,0,0,11,19,1,6,29,11,0,26,21,0,16,29,1,0,0,0,22,0,17,0,0,0,0,0,0,0,6,29,11,0,26,21,0,16,29,1,0,0,0,22,0
12,12,12,12,12,12,12,12,12,12,12,12,12,12,12,12,12,12,12,12,12,12,12,3,3,3,3,3,3,3,3,3,3,3,3,3,3,3,3,3,3,3,3,3,3,3,0,0,0,0,0,0,0,0,0,0,0,0,0,0,0,0,0,0,0,0,0,0,0,29,29,29,29,29,29,29,29,29,29,29,29,29,29,29,29,17,0,0,0,0,0,0,17,17,17,28,26,17,17,17,17,17,17,28,26,17,17,17,10,0,0,0,0,0,0,0,0,0,26,21,0,0,0,0,0,0,26,21,0,0,0,0,0,0,0,0,0,0,8,8,0,26,21,0,8,8,8,8,0,26,21,0,8,8,5,0,0,0,0,0,0,23,22,0,26,21,2,23,23,23,22,0,26,21,2,23,23,14,0,0,0,0,0,0,12,12,12,28,25,12,0,9,12,12,12,28,25,12,12,12,7,0,0,0,0,0,0,29,29,29,29,29,27,0,21,29,29,29,29,29,29,29,29,17,0,0,0,0,0,0,5,5,5,5,5,5,0,4,5,5,5,5,5,5,5,5,3,0,0,0,0,0,0,17,17,17,17,17,17,17,17,17,17,17,17,17,17,17,17,17,17,17,17,17,17,17,4,4,4,4,4,4,4,4,4,4,4,4,4,4,4,4,4,4,0,0,0,0,4,27,27,27,27,27,27,27,27,27,27,27,27,27,27,27,27,27,26,0,0,0,2,27,1,0,0,0,0,0,3,0,0,0,0,0,0,2,0,0,0,0,0,0,0,0,0,8,0,0,0,0,0,22,0,0,0,0,0,3,18,0,0,0,0,0,0,0,0,0,8,0,0,0,0,0,22,0,0,0,0,0,3,18,0,0,0,0,0,0,0,0,0,5,2,2,2,1,0,9,2,2,2,2,2,4,8,2,2,2,2,0,0,0,0,2,29,29,29,29,15,0,29,29,29,29,29,29,29,29,29,29,29,25,0,0,0,0,29,14,14,14,14,14,14,14,14,14,14,14,2,0,0,0,0,0,0,0,0,0,0,0,17,17,17,17,17,17,17,17,17,17,17,3,0,0,0,0,0,0,0,0,0,0,0,2,2,2,2,2,2,2,2,2,2,2,2,2,2,2,2,2,2,2,2,2,2,2,13,13,13,13,13,13,13,13,13,13,13,13,13,13,13,13,13,13,13,13,13,13,13
0,0,0,13,29,4,3,29,14,0,23,25,0,0,0,0,10,11,0,0,0,13,23,0,0,0,13,29,4,3,29,14,0,23,25,0,0,0,0,10,11,0,0,0,13,23,0,0,0,13,29,4,3,29,14,0,23,25,0,0,0,0,10,11,0,0,0,13,23,0,0,0,0,1,0,0,1,0,0,1,1,0,0,0,0,10,11,0,0,0,13,23,0,0,0,0,0,0,0,0,0,0,0,0,0,0,0,0,10,11,0,0,0,3,5,1,17,17,17,17,17,17,17,17,17,17,17,17,2,0,0,10,11,0,6,17,17,13,0,0,0,0,0,0,0,0,0,0,0,0,0,0,0,0,10,11,0,0,0,0,0,0,0,0,2,4,0,0,4,2,0,3,4,0,0,0,0,10,11,0,0,3,4,0,0,0,0,13,29,4,3,29,14,0,23,25,0,0,0,0,10,11,0,0,23,25,0,0,0,0,13,29,4,3,29,14,0,23,25,0,0,0,0,10,11,0,0,23,25,0,0,0,0,13,29,4,3,29,14,0,23,25,0,0,0,0,10,11,0,0,23,25,0,0,0,0,13,29,4,3,29,14,0,23,25,0,0,0,0,10,11,0,0,23,25,0,0,0,0,9,19,3,2,19,9,0,15,16,0,0,0,0,10,11,0,0,15,16,0,0,0,0,0,0,0,0,0,0,0,0,0,0,0,0,0,10,11,0,0,0,0,0,0,0,0,0,0,0,0,0,0,0,0,0,0,0,0,0,10,11,0,0,0,0,0,0,7,7,7,7,7,7,7,7,7,7,7,7,1,0,0,10,11,0,0,0,7,6,0,8,8,8,8,8,8,8,8,8,8,8,8,1,0,0,10,11,0,0,0,8,7,0,0,0,0,0,0,0,0,0,0,0,0,0,0,0,0,10,11,0,0,0,9,15,0,0,0,0,0,0,0,0,0,0,0,0,0,0,0,0,10,11,0,0,0,13,23,0,0,0,13,28,4,3,28,14,0,23,24,0,0,0,0,0,0,0,0,0,13,23,8,9,0,13,29,4,3,29,14,0,23,25,0,5,10,1,1,10,5,0,0,13,23,23,25,0,13,29,4,3,29,14,0,23,25,0,13,29,4,3,29,14,0,0,13,23,23,25,0,13,29,4,3,29,14,0,23,25,0,13,29,4,3,29,14,0,0,13,23
13,22,18,26,0,0,0,0,13,22,18,26,0,3,25,18,24,8,0,23,18,20,18,13,9,2,22,1,1,0,3,13,9,2,22,1,5,18,3,13,9,2,22,1,5,18,13,12,18,22,13,8,0,22,13,12,18,22,13,12,18,22,13,12,18,22,13,12,18,13,12,18,22,13,8,0,22,13,12,18,22,13,12,18,22,13,12,18,22,13,12,18,13,12,18,22,13,8,0,22,13,12,18,22,13,12,18,22,13,12,18,22,13,12,18,13,12,14,22,10,6,0,17,13,12,14,22,10,10,18,17,13,12,14,22,10,10,18,13,8,0,22,0,0,0,0,13,8,0,22,0,3,18,0,13,8,0,22,0,3,18,13,8,0,22,0,0,0,0,13,8,0,22,0,3,18,0,13,8,0,22,0,3,18,13,8,0,22,0,0,0,0,13,8,0,22,0,3,18,0,13,8,0,22,0,3,18,13,8,0,22,0,0,0,0,13,8,0,22,0,3,18,0,13,8,0,22,0,3,18,12,8,0,20,0,0,0,0,12,8,0,20,0,3,17,0,12,8,0,20,0,3,17,0,0,0,0,0,0,0,0,0,0,0,0,0,0,0,0,0,0,0,0,0,0,0,17,17,17,17,17,0,0,8,17,17,17,17,17,17,17,17,17,17,17,17,17,17,17,0,1,1,1,0,0,0,0,0,1,1,1,0,0,1,1,1,0,0,1,1,1,1,13,29,29,28,0,0,0,0,13,29,29,28,0,3,29,29,29,8,0,23,29,29,18,13,9,2,23,0,0,0,0,13,9,2,23,0,3,19,2,14,8,0,23,1,5,18,13,12,18,22,0,0,0,0,13,12,18,22,0,3,18,22,13,8,0,22,13,12,18,0,4,18,22,0,0,0,0,0,4,18,22,0,0,1,22,13,8,0,1,13,12,18,7,10,18,22,0,0,0,0,7,10,18,22,0,5,7,24,13,8,2,7,18,12,18,25,25,15,22,0,0,0,0,25,25,15,22,0,17,25,24,13,8,9,25,25,11,18,1,3,3,23,0,0,0,0,1,3,3,23,0,0,3,3,16,8,0,3,3,7,18,13,29,28,28,0,0,0,0,13,29,28,28,0,3,29,28,29,8,0,23,28,29,18,13,8,0,22,0,0,0,0,13,8,0,22,0,3,18,0,13,8,0,22,0,3,18
0,0,22,0,8,13,0,18,3,0,0,0,1,29,16,0,21,26,0,11,29,6,0,0,0,22,0,8,13,0,18,3,0,0,0,1,29,16,0,21,26,0,11,29,6,0,0,0,22,1,9,13,1,18,4,0,0,0,1,29,16,0,21,26,0,11,29,6,0,8,13,22,18,12,13,22,18,12,13,0,0,1,29,16,0,21,26,0,11,29,6,0,8,13,22,18,12,13,22,18,12,13,0,0,0,5,3,0,4,5,0,2,5,1,0,8,13,22,18,12,13,22,18,12,13,0,0,0,0,0,0,0,0,0,0,0,0,0,7,11,22,15,12,13,19,18,11,11,0,0,0,0,0,2,7,7,7,7,7,7,4,0,0,22,0,8,13,0,18,3,0,0,0,0,0,0,2,8,8,8,8,8,8,4,13,27,23,0,8,28,27,29,3,0,0,0,0,0,0,0,0,0,0,0,0,0,0,2,4,23,0,1,4,4,20,3,0,0,0,1,29,16,0,21,26,0,11,29,6,0,11,11,22,0,20,23,19,18,3,0,0,0,1,29,16,0,21,26,0,11,29,6,0,10,13,22,0,7,8,23,18,3,0,0,0,1,29,16,0,21,26,0,11,29,6,0,8,13,22,0,0,0,22,18,3,0,0,0,1,29,16,0,21,26,0,11,29,6,0,8,13,22,0,8,13,22,18,3,0,0,0,1,29,16,0,21,26,0,11,29,6,0,3,5,22,0,8,13,8,18,3,0,0,0,1,29,16,0,21,26,0,11,29,6,0,14,29,23,0,8,29,29,29,3,0,0,0,0,11,6,0,8,10,0,4,11,2,0,1,2,2,0,0,2,2,2,0,0,0,0,0,0,0,0,0,0,0,0,0,0,0,8,17,17,17,17,17,17,17,17,3,0,0,0,0,0,5,17,17,17,17,17,17,9,0,0,0,0,0,0,0,0,0,0,0,0,0,0,0,0,0,0,0,0,0,0,0,0,0,19,0,7,11,0,16,3,0,0,0,0,0,0,0,0,0,0,0,0,0,0,0,0,22,0,8,13,0,18,3,0,0,0,1,25,14,0,18,22,0,9,25,5,0,0,0,22,0,8,13,0,18,3,0,0,0,1,29,16,0,21,26,0,11,29,6,0,0,0,22,0,8,13,0,18,3,0,0,0,1,29,16,0,21,26,0,11,29,6,0
5,23,9,0,21,17,0,13,23,1,5,23,9,0,7,23,10,1,0,0,5,23,9,0,1,0,0,1,1,0,1,1,0,6,29,11,11,29,29,29,17,0,0,0,1,0,0,0,0,0,0,0,0,0,0,0,5,22,9,6,17,17,17,10,0,0,0,0,0,11,11,11,11,11,11,11,11,11,11,11,11,11,11,11,11,11,11,11,11,11,11,11,4,4,4,4,4,4,4,4,4,4,4,4,4,4,4,4,4,4,4,4,4,4,4,15,15,15,15,15,9,0,0,7,15,14,0,0,0,0,0,0,2,4,0,1,4,1,29,29,29,29,29,17,0,0,13,29,27,0,0,0,0,0,0,16,29,1,6,29,11,2,2,2,2,2,1,0,0,13,11,2,0,0,0,0,0,0,16,29,1,6,29,11,0,0,14,17,17,17,17,17,23,8,0,3,18,0,0,0,0,16,29,1,6,29,11,0,0,0,0,0,0,0,0,13,8,0,3,18,0,0,0,0,16,29,1,6,29,11,13,13,13,13,13,8,0,0,13,8,0,3,18,0,0,0,0,16,29,1,6,29,11,29,29,29,29,29,17,0,0,13,17,11,1,9,0,0,0,0,16,29,1,6,29,11,4,4,4,4,4,2,0,0,13,29,27,0,0,0,0,0,0,4,7,0,1,7,3,0,0,0,0,0,0,0,0,3,6,6,0,0,0,0,0,0,0,0,0,0,0,0,2,17,17,17,17,17,17,17,17,17,17,17,17,17,17,17,17,17,17,11,0,0,0,0,0,0,0,0,0,0,0,0,0,0,0,0,0,0,0,0,0,0,0,0,0,0,0,11,25,25,25,25,25,25,6,11,25,25,25,25,25,25,6,0,0,0,0,0,0,0,9,22,22,22,26,29,23,6,9,22,22,29,28,22,22,6,0,0,0,6,28,11,0,0,0,0,0,16,29,1,0,0,0,0,26,21,0,0,0,0,0,0,6,29,11,17,17,17,11,0,16,29,1,23,27,26,0,26,21,4,27,27,14,0,0,6,29,11,0,0,0,0,0,16,29,1,4,4,4,0,26,21,0,4,4,2,0,0,6,29,11,0,10,23,23,23,27,29,24,23,23,23,23,29,28,23,23,6,0,0,0,6,25,10,0,10,25,25,25,25,25,25,25,25,25,25,25,25,25,25,6,0,0,0,0,0,0
15,6,0,22,0,5,16,0,15,6,0,22,0,5,16,0,15,6,0,22,0,5,16,15,6,0,22,10,10,16,14,15,6,0,22,0,5,16,14,15,10,10,22,0,5,16,15,9,6,22,15,12,16,22,15,9,6,22,6,8,16,22,15,12,16,22,6,8,16,15,12,16,22,15,12,16,22,15,12,16,22,15,12,16,22,15,12,16,22,15,12,16,15,12,16,22,7,9,16,10,15,12,16,22,15,12,16,10,15,9,7,22,15,12,16,15,11,14,22,0,5,16,0,15,11,14,22,13,11,16,0,15,6,0,22,13,11,16,15,6,0,22,0,5,16,0,15,6,0,22,0,5,16,0,15,6,0,22,0,5,16,15,12,16,22,15,12,16,22,15,12,16,22,15,12,16,22,15,12,16,22,15,12,16,15,12,16,22,15,10,9,22,15,12,16,22,15,12,16,22,8,9,16,22,15,12,16,8,6,6,22,6,2,0,9,15,9,6,12,6,8,16,9,0,2,6,22,6,5,9,0,1,5,22,5,7,13,7,15,8,5,0,5,8,16,7,12,7,5,22,5,2,0,0,5,16,22,15,12,16,22,15,12,16,0,15,12,16,22,15,12,16,22,15,6,0,0,5,16,22,15,12,16,22,15,12,16,0,15,12,16,22,15,12,16,22,15,6,0,0,5,16,22,15,12,16,22,15,12,16,0,15,12,16,22,15,12,16,22,15,6,0,0,5,16,22,12,11,16,17,15,12,16,0,15,12,16,17,15,11,13,22,15,6,0,0,5,16,22,0,5,16,0,15,12,16,0,15,12,16,0,15,6,0,22,15,6,0,0,5,16,17,0,4,13,0,12,11,16,0,15,11,13,0,12,5,0,17,15,6,0,0,5,16,0,0,0,0,0,0,5,16,0,15,6,0,0,0,0,0,0,15,6,0,0,5,27,15,0,0,0,0,5,25,16,0,15,25,7,0,0,0,0,13,27,6,0,0,1,8,5,0,0,0,0,2,8,5,0,4,8,2,0,18,12,0,5,8,2,0,0,0,0,0,0,0,0,0,0,0,0,0,0,0,0,0,28,19,0,0,0,0,0,0,0,0,0,0,0,0,0,0,0,0,0,0,0,0,0,28,19,0,0,0,0,0,0,0,0,0,0,0,0,0,0,0,0,0,0,0,0,0,28,19,0,0,0,0,0
0,0,0,0,0,0,0,16,29,1,0,0,13,21,17,26,0,3,25,17,23,8,0,4,20,8,0,18,15,0,16,29,1,0,0,6,14,14,25,0,1,14,14,21,8,0,6,29,11,0,26,21,0,16,29,1,0,0,13,13,8,22,0,9,13,13,13,8,5,6,29,11,0,26,21,0,16,29,1,0,0,18,20,18,22,0,13,18,26,13,8,6,6,29,11,0,26,21,0,16,29,1,0,0,0,3,18,22,0,0,0,22,13,8,0,6,29,11,0,26,21,0,16,29,1,0,0,9,9,18,22,0,2,12,22,13,8,0,6,29,11,0,26,21,0,16,29,1,0,0,13,11,13,22,0,3,18,16,13,8,0,5,21,8,0,19,16,0,16,29,1,0,0,13,22,19,26,0,3,26,19,24,8,0,0,0,0,0,0,0,0,16,29,1,0,0,6,12,12,12,0,1,12,12,12,3,0,7,7,7,7,7,0,0,16,29,1,0,3,7,7,7,7,7,7,7,7,7,7,7,8,8,8,8,8,0,0,16,29,1,0,4,8,8,8,8,8,8,8,8,8,8,8,0,0,0,0,0,0,0,16,29,1,0,0,6,4,0,12,0,1,9,0,7,4,0,3,14,5,0,13,10,0,16,29,1,0,0,13,8,0,22,0,3,18,0,13,8,0,6,29,11,0,26,21,0,16,29,1,0,0,13,8,0,22,0,3,18,0,13,8,0,6,29,11,0,26,21,0,16,29,1,0,0,13,8,0,22,0,3,18,0,13,8,0,6,29,11,0,26,21,0,16,29,1,0,0,13,8,0,22,0,3,18,0,13,8,0,6,29,11,0,26,21,0,16,29,1,0,9,13,10,7,22,5,7,18,9,13,10,7,6,29,11,0,26,21,0,16,29,1,0,22,13,12,18,22,13,12,18,22,13,12,18,6,29,11,0,26,21,0,16,29,1,0,22,13,12,18,22,13,12,18,22,13,12,18,6,29,11,0,26,21,0,16,29,1,0,22,13,12,18,22,13,12,18,22,13,12,18,6,29,11,0,26,21,0,16,29,1,0,11,13,10,9,22,6,8,18,11,13,10,9,6,29,11,0,26,21,0,16,29,1,0,0,13,14,7,24,0,3,21,7,18,8,0,6,29,11,0,26,21,0,16,29,1,0,0,13,26,25,24,0,3,28,25,25,7,0
0,0,0,0,0,0,0,0,0,0,0,5,18,18,17,0,0,0,0,0,0,0,0,17,17,17,17,17,17,17,17,17,17,17,17,17,17,17,17,17,17,17,17,17,17,17,0,0,0,0,0,0,0,0,0,0,0,0,0,0,0,0,0,0,0,0,0,0,0,0,0,0,0,0,0,0,0,0,0,0,0,0,0,0,0,0,0,0,0,0,0,0,3,0,8,6,0,5,8,0,2,8,3,0,8,6,0,5,8,0,2,8,3,0,8,11,0,26,21,0,16,29,1,6,29,11,0,26,21,0,16,29,1,6,29,11,0,26,11,0,26,21,0,16,29,1,6,29,11,0,26,21,0,16,29,1,6,29,11,0,26,11,0,26,21,0,16,29,1,6,29,11,0,26,21,0,16,29,1,6,29,11,0,26,11,0,26,21,0,16,29,1,6,29,11,0,26,21,0,16,29,1,6,29,11,0,26,6,0,14,11,0,9,15,1,3,15,6,0,14,11,0,9,15,1,3,15,6,0,14,0,0,0,0,0,0,0,0,0,0,0,0,0,0,0,0,0,0,0,0,0,0,0,0,0,0,0,0,0,0,0,0,0,0,0,0,0,0,0,0,0,0,0,0,0,0,17,17,17,17,17,17,17,17,17,17,17,17,17,17,17,17,17,17,17,17,17,17,17,0,0,0,0,0,0,0,0,0,17,17,17,4,0,0,0,0,0,0,0,0,0,0,8,0,18,15,0,11,20,1,0,28,16,14,3,0,0,11,20,1,4,20,8,0,18,11,0,26,21,0,16,29,1,0,28,3,13,0,0,0,16,29,1,6,29,11,0,26,11,0,26,21,0,16,29,1,0,28,3,22,0,0,0,16,29,1,6,29,11,0,26,11,0,26,21,0,16,29,1,0,28,3,22,0,0,0,16,29,1,6,29,11,0,26,11,0,26,21,0,16,29,1,0,28,3,22,0,0,0,16,29,1,6,29,11,0,26,11,0,26,21,0,16,29,1,0,28,3,22,0,0,0,16,29,1,6,29,11,0,26,8,0,19,16,0,12,21,1,0,28,7,3,1,0,0,12,21,1,5,21,8,0,19,0,0,0,0,0,0,0,0,0,28,28,28,7,0,0,0,0,0,0,0,0,0,0,7,7,7,7,7,7,7,7,7,7,7,7,7,7,7,7,7,7,7,7,7,7,7
5,17,12,18,23,6,6,18,22,0,0,0,16,29,1,6,29,11,0,26,21,0,16,0,13,12,18,22,0,3,18,22,0,0,0,16,29,1,6,29,11,0,26,21,0,16,0,13,12,18,22,0,2,11,22,0,0,0,16,29,1,6,29,11,0,26,21,0,16,0,13,8,0,22,0,0,0,22,0,0,0,16,29,1,6,29,11,0,26,21,0,16,0,11,7,0,19,0,0,0,22,0,0,0,16,29,1,6,29,11,0,26,21,0,16,22,0,3,18,0,13,8,0,22,0,0,0,6,11,0,2,11,4,0,10,8,0,6,22,13,12,18,22,13,8,0,22,0,0,0,0,0,0,0,0,0,0,0,0,0,0,22,13,12,18,22,13,8,0,22,0,0,0,8,17,17,17,17,17,17,17,17,17,17,8,13,10,6,22,5,3,0,8,0,0,0,0,0,0,0,0,7,7,7,7,7,7,0,13,8,0,22,0,0,0,0,0,0,0,0,0,0,0,0,23,29,25,25,25,25,1,13,9,1,22,0,0,0,0,0,0,0,0,0,9,0,0,0,28,3,0,0,0,22,13,12,18,22,13,8,0,0,0,0,0,0,0,22,2,2,6,28,8,5,15,0,22,13,12,18,22,13,8,0,5,0,0,0,0,0,22,13,9,15,28,14,9,18,0,22,13,12,18,22,13,8,0,22,0,0,0,0,0,22,13,9,15,28,14,9,18,0,22,13,12,18,22,13,8,0,22,0,0,0,0,0,9,5,4,12,28,12,6,9,0,22,10,10,18,17,13,8,0,22,0,0,0,0,0,0,0,0,0,28,3,0,0,0,22,0,3,18,0,13,8,0,22,0,0,0,0,0,11,23,23,23,29,24,23,8,11,22,12,11,18,19,13,12,16,22,0,0,0,0,0,4,8,8,8,29,11,8,3,4,22,13,12,18,22,13,12,18,22,0,0,0,8,17,17,17,17,0,28,3,0,10,17,19,13,12,16,22,12,11,18,19,0,0,0,0,0,0,0,0,0,28,3,0,0,0,7,18,8,0,23,7,10,18,0,0,0,0,0,0,0,0,0,0,28,3,0,6,7,25,27,8,0,23,25,25,18,0,0,0,0,10,18,1,0,0,0,28,3,0,25,29,0,13,8,0,22,0,3,18,0,0,0,0,16,29,1,0,0,0,28,3,0,9,10
0,0,0,0,0,0,0,0,0,0,0,0,0,0,0,0,0,0,0,0,0,0,0,0,0,0,0,0,0,0,0,0,0,0,0,0,0,0,0,0,0,0,0,0,0,0,0,0,0,0,0,0,5,23,9,0,0,0,0,0,0,0,0,0,0,0,0,0,0,17,17,17,17,6,0,6,29,11,0,2,17,17,17,17,17,17,17,17,17,17,17,17,1,0,1,0,0,0,6,29,11,0,0,0,0,0,0,0,0,0,0,0,0,0,5,18,0,13,8,0,0,6,29,11,0,16,13,0,10,17,1,4,17,7,0,0,0,21,18,0,13,8,0,0,6,29,11,0,26,21,0,16,29,1,6,29,11,0,0,0,8,18,0,13,8,0,0,6,29,11,0,26,21,0,16,29,1,6,29,11,0,0,2,13,18,0,13,8,0,0,6,29,11,0,26,21,0,16,29,1,6,29,11,0,0,3,18,18,0,13,8,0,0,6,29,11,0,26,21,0,16,29,1,6,29,11,0,0,3,18,18,22,13,12,18,0,6,29,11,0,26,21,0,16,29,1,6,29,11,0,0,1,5,18,22,13,12,18,0,6,29,11,0,22,18,0,14,25,1,5,25,9,0,0,0,20,18,22,13,12,18,0,6,29,11,0,0,0,0,0,0,0,0,0,0,0,0,0,19,18,21,13,12,17,0,6,29,11,0,0,4,4,4,4,4,4,4,4,4,4,4,4,18,0,13,8,0,0,6,29,11,0,1,11,11,11,11,11,11,11,11,11,11,11,11,28,25,27,8,0,0,6,29,11,0,0,0,0,0,0,0,0,0,0,0,0,0,0,7,7,18,8,0,0,6,29,11,0,10,8,0,6,11,0,2,11,4,0,0,0,16,20,20,13,8,0,0,6,29,11,0,26,21,0,16,29,1,6,29,11,0,0,0,19,11,25,13,8,0,0,6,29,11,0,26,21,0,16,29,1,6,29,11,0,0,0,0,0,22,13,8,0,0,6,29,11,0,26,21,0,16,29,1,6,29,11,0,0,0,0,13,18,11,7,0,0,5,23,9,0,21,17,0,13,23,1,5,23,9,0,0,0,18,0,0,0,0,0,0,0,0,0,0,0,0,0,0,0,0,0,0,0,0,0,0,0,0,0,0,0,0,0,0,0,0,0,0,0,0,0,0,0,0,0,0,0,0,0,0
8,8,8,8,2,0,0,0,0,0,0,0,0,3,8,8,8,8,8,8,8,8,8,29,29,29,29,7,0,0,0,0,0,0,0,0,12,29,29,29,29,29,29,29,29,29,17,9,9,9,2,0,0,0,0,0,0,0,0,4,9,9,9,21,29,11,9,9,9,11,0,9,10,10,10,6,0,0,0,0,8,10,10,10,7,0,16,29,1,15,18,17,11,0,4,5,5,9,18,0,0,0,0,23,5,5,5,4,0,16,29,1,11,13,13,16,6,6,6,1,3,18,0,0,0,0,22,0,3,6,6,6,20,29,8,1,3,6,29,29,29,29,7,3,18,0,0,0,0,22,0,12,29,29,29,29,29,29,7,12,29,11,11,11,11,3,3,18,0,0,0,0,22,0,5,11,11,11,11,11,11,3,5,11,8,8,8,8,8,4,18,0,0,0,0,22,1,8,8,8,8,8,8,8,8,8,8,7,7,7,7,7,4,18,0,0,0,0,22,1,7,7,7,7,7,7,7,7,7,7,0,0,0,0,0,3,18,0,0,0,0,22,0,0,0,0,0,0,0,0,9,20,19,14,18,18,18,18,20,18,0,0,0,0,23,18,18,18,18,18,11,0,0,13,28,26,22,29,29,29,29,29,18,0,0,0,0,23,29,29,29,29,29,17,0,0,13,8,0,0,0,0,0,0,3,18,0,0,0,0,22,0,0,0,0,0,0,0,0,13,8,0,12,12,12,9,0,3,18,0,0,0,0,22,0,0,10,12,12,12,12,12,20,8,0,3,3,3,2,0,3,18,0,0,0,0,22,0,0,3,3,3,3,3,3,16,8,0,13,17,17,17,17,18,18,0,0,0,0,23,17,17,17,17,17,10,0,0,13,20,15,22,29,29,29,29,29,18,0,0,0,0,23,29,29,29,29,29,17,0,0,13,29,27,1,1,1,1,1,1,1,0,0,0,0,1,1,1,1,1,1,1,0,0,0,1,1,17,17,17,17,17,17,17,17,17,17,17,17,17,17,17,17,17,17,17,17,17,17,17,0,0,0,0,0,0,0,0,0,0,0,0,0,0,0,0,0,0,0,0,5,4,0,0,0,0,0,0,0,0,0,0,0,0,0,0,0,0,0,0,0,0,0,26,21,1,1,5,2,0,5,4,0,3,5,0,1,5,2,0,5,4,0,0,0,0,8,7,0
23,9,0,2,17,17,17,17,17,17,17,17,17,17,17,17,17,17,17,17,17,17,17,29,11,0,0,0,0,0,0,0,0,0,0,0,0,0,0,0,0,0,0,0,0,0,29,11,0,0,3,25,25,25,7,0,20,25,25,16,0,12,25,25,25,0,3,25,25,29,11,0,0,3,21,6,17,8,0,23,6,10,18,0,13,13,6,24,0,3,21,6,29,11,0,0,3,18,19,13,8,0,22,12,11,18,0,13,12,16,22,0,3,18,19,29,11,0,0,3,18,22,3,2,0,22,13,10,5,0,13,12,18,6,0,3,18,22,29,11,0,0,3,18,23,1,1,0,22,13,10,1,0,13,12,19,1,1,3,18,23,29,11,0,0,3,18,23,29,26,0,22,13,29,29,6,13,12,29,29,16,3,18,23,29,11,0,0,3,18,0,0,0,0,22,0,0,0,0,13,9,0,0,0,3,18,0,29,11,0,0,3,29,27,27,8,0,23,27,27,17,0,13,28,27,27,0,3,29,27,29,11,0,0,3,20,4,16,8,0,23,4,8,18,0,13,12,4,23,0,3,20,4,29,11,0,8,9,18,13,13,11,11,22,8,9,18,13,13,11,11,22,8,9,18,13,29,11,0,13,12,18,22,13,12,18,22,13,12,18,22,13,12,18,22,13,12,18,22,29,11,0,13,12,18,22,13,12,18,22,13,12,18,22,13,12,18,22,13,12,18,22,29,11,0,13,12,18,22,13,12,18,22,13,12,18,22,13,12,18,22,13,12,18,22,29,11,0,4,6,18,6,13,10,5,22,4,6,18,6,13,10,5,22,4,6,18,6,29,11,0,0,3,18,0,13,8,0,22,0,3,18,0,13,8,0,22,0,3,18,0,29,11,0,0,3,18,0,13,8,0,22,0,3,18,0,13,8,0,22,0,3,18,0,29,11,0,0,3,18,0,13,8,0,22,0,3,18,0,13,8,0,22,0,3,18,0,29,11,0,0,3,18,0,13,8,0,22,0,3,18,0,13,8,0,22,0,3,18,0,29,11,0,0,1,8,0,6,3,0,9,0,1,8,0,6,3,0,9,0,1,8,0,29,11,0,1,11,11,11,11,11,11,11,11,11,11,11,11,11,11,11,11,11,11,11,23,9,0,0,4,4,4,4,4,4,4,4,4,4,4,4,4,4,4,4,4,4,4
12,0,9,9,18,15,13,11,12,0,9,5,0,0,1,7,7,7,7,7,7,7,7,18,0,13,12,18,22,13,12,18,0,13,8,0,0,1,8,8,8,8,8,8,8,8,18,0,13,11,13,22,9,10,18,0,13,8,0,0,0,0,0,0,0,0,0,0,0,18,0,10,7,2,17,1,4,14,0,13,8,0,0,26,21,0,16,29,1,6,29,11,18,0,0,3,18,0,13,8,0,0,13,8,0,0,26,21,0,16,29,1,6,29,11,18,0,0,3,18,6,13,8,0,0,13,8,0,0,26,21,0,16,29,1,6,29,11,18,20,0,3,18,22,13,8,0,20,13,8,0,0,26,21,0,16,29,1,6,29,11,18,22,0,3,18,22,13,8,0,22,13,8,0,0,26,21,0,16,29,1,6,29,11,16,22,7,17,18,22,13,20,10,22,12,7,0,0,26,21,0,16,29,1,6,29,11,0,6,13,20,10,12,7,18,18,6,0,0,0,0,10,8,0,6,11,0,2,11,4,4,0,13,8,0,5,0,3,18,0,3,2,0,0,0,0,0,0,0,0,0,0,0,18,0,13,8,0,22,0,3,18,0,13,8,0,0,0,0,14,17,17,17,17,11,0,18,6,13,8,0,22,0,3,18,6,13,8,0,0,0,0,0,0,0,0,0,0,0,18,22,13,9,1,22,0,4,18,22,13,8,0,0,0,0,0,0,0,0,0,0,0,18,22,13,12,18,22,13,12,18,22,13,8,0,0,22,18,0,14,25,1,5,25,9,18,18,13,12,18,22,13,12,18,18,13,8,0,0,26,21,0,16,29,1,6,29,11,18,0,13,12,18,22,13,12,18,0,13,8,0,0,26,21,0,16,29,1,6,29,11,18,0,13,9,3,22,2,5,18,0,13,8,0,0,26,21,0,16,29,1,6,29,11,18,15,13,11,12,22,9,9,18,15,13,8,0,0,26,21,0,16,29,1,6,29,11,16,22,13,12,18,22,13,12,18,22,12,7,0,0,26,21,0,0,0,0,0,0,0,0,16,13,11,13,19,10,10,18,16,0,0,0,0,26,21,0,0,0,0,0,0,0,8,0,13,8,0,0,0,3,18,0,6,4,0,0,26,21,0,0,0,0,0,0,0,18,22,13,12,18,0,13,12,18,22,13,8,0,0,26,21,0,8,17,17,17,11,0
9,16,8,6,22,16,12,15,22,16,8,6,22,0,6,15,9,16,12,15,22,16,10,22,16,12,15,22,16,12,15,22,16,12,15,22,0,6,15,22,16,12,15,22,16,10,22,16,12,15,22,7,9,15,9,16,12,15,22,0,6,15,22,16,9,6,22,7,7,15,16,10,10,22,0,6,15,0,16,10,10,22,0,6,15,15,16,5,0,22,0,4,0,16,5,0,22,0,6,15,0,16,5,0,22,0,6,15,0,16,5,0,22,0,4,0,10,3,0,22,0,4,10,0,16,5,0,14,0,4,10,0,16,5,0,14,0,4,0,0,0,0,23,5,2,2,5,19,5,0,0,0,0,0,0,16,10,3,3,3,9,20,8,9,14,24,28,12,15,26,26,11,14,11,0,3,7,20,15,27,15,22,16,25,22,16,12,15,0,16,12,15,22,0,6,15,22,0,6,15,22,0,6,15,22,16,5,22,16,12,15,0,16,12,15,22,0,6,15,22,0,6,15,22,0,6,15,22,16,5,6,16,7,4,0,16,10,10,22,0,1,4,22,0,6,15,6,0,6,15,14,16,5,0,16,5,0,0,16,5,0,22,0,0,0,22,0,6,15,0,0,6,15,0,16,5,0,16,5,0,8,8,5,5,11,6,2,0,22,0,6,15,0,6,5,7,8,8,4,0,16,5,0,22,5,8,15,7,16,5,0,22,0,6,15,0,16,8,5,22,5,6,0,16,5,0,22,16,12,15,22,16,5,0,22,0,6,15,0,16,12,15,22,16,10,0,16,5,0,22,16,12,15,22,16,5,0,22,0,6,15,0,16,12,15,22,16,10,0,0,0,0,0,16,6,0,22,0,0,0,0,0,0,0,0,0,7,15,0,16,6,0,0,0,0,0,16,5,0,22,0,0,0,0,0,0,0,0,0,6,15,0,16,5,0,0,0,0,9,16,8,6,22,6,2,0,0,0,0,0,0,6,9,15,9,16,7,0,0,0,0,22,16,12,15,22,16,5,0,0,0,0,0,0,16,12,15,22,16,10,0,9,3,0,22,16,12,15,22,16,5,0,13,0,3,9,0,16,12,15,22,16,10,0,16,5,0,22,16,12,15,22,16,5,0,22,0,6,15,0,16,12,15,22,16,10,0,16,5,0,22,16,12,15,22,16,5,0,22,0,6,15,0,16,12,15,22,16,10
18,0,0,0,0,7,14,14,14,14,14,14,14,14,14,14,14,10,0,0,0,0,2,18,0,0,0,0,0,0,0,2,1,0,0,14,17,17,17,17,17,23,8,0,0,0,18,0,0,0,0,0,0,0,13,8,0,0,0,0,0,6,0,0,13,8,0,0,0,18,0,0,0,0,0,0,0,13,8,0,0,0,0,0,22,0,0,13,8,0,0,0,18,0,0,0,0,0,0,0,13,8,0,0,0,0,0,22,0,0,13,8,0,0,0,18,0,0,0,5,5,5,5,6,6,5,5,5,5,5,7,2,0,13,8,0,4,5,18,0,0,3,23,12,14,14,14,14,14,14,14,14,14,14,8,2,13,8,0,23,11,18,0,0,3,18,6,12,12,12,12,12,12,12,12,12,15,23,9,13,8,0,22,2,18,0,0,3,18,0,6,7,7,7,7,7,7,7,2,3,18,0,13,8,0,22,0,18,0,0,3,18,0,7,8,8,8,8,8,8,8,3,3,18,0,13,8,0,22,0,18,0,0,3,18,1,3,3,3,3,3,3,3,3,3,7,18,0,13,8,0,22,0,18,0,0,3,18,6,12,12,12,12,12,12,12,14,14,14,10,1,13,8,0,22,2,9,0,0,3,18,0,0,0,0,0,0,0,0,7,21,19,14,10,13,8,0,22,0,0,0,0,3,18,0,0,0,13,8,0,0,0,0,13,11,13,0,13,8,0,22,0,0,0,0,3,18,0,0,0,13,8,0,0,0,0,13,12,18,0,13,8,0,22,0,16,0,0,3,18,0,0,0,9,6,0,0,0,0,13,11,13,0,13,8,0,22,0,18,0,0,3,24,15,15,15,15,15,15,15,15,15,22,20,15,11,13,8,0,23,15,18,0,0,0,0,0,0,0,0,0,0,0,12,14,14,14,14,14,21,8,0,0,0,18,0,0,0,0,0,0,0,0,0,0,0,2,2,2,2,2,2,2,0,0,0,0,18,0,14,17,17,17,17,17,17,17,17,17,17,17,17,17,17,17,17,17,17,17,17,18,0,0,0,0,0,0,0,0,0,0,0,0,0,0,0,0,0,0,0,0,0,0,18,0,0,0,0,0,0,0,0,12,29,29,29,17,2,29,29,29,27,0,22,29,29,18,0,0,0,8,6,0,0,0,8,21,29,23,11,1,18,28,27,17,0,14,25,29
0,17,0,3,14,0,10,6,0,0,0,3,14,0,10,6,0,17,0,3,14,0,10,0,22,0,3,18,0,13,8,0,0,0,3,18,0,13,8,0,22,0,3,18,0,13,0,22,0,3,18,0,13,8,0,0,0,3,18,0,13,8,0,22,0,3,18,0,13,0,22,0,3,18,0,13,8,0,0,0,3,18,0,13,8,0,22,0,3,18,0,13,0,22,0,3,18,0,13,8,0,0,0,3,18,0,13,8,0,22,0,3,18,0,13,1,23,0,3,19,1,15,8,0,0,0,3,19,1,15,8,0,23,1,5,18,0,13,29,28,0,3,29,29,29,8,0,0,0,3,29,29,29,8,0,23,29,29,18,0,13,2,23,1,4,19,3,14,9,1,0,1,4,19,3,14,9,1,23,2,5,18,2,13,18,22,13,12,18,22,13,12,18,0,13,12,18,22,13,12,18,22,13,12,18,22,13,18,22,13,12,18,22,13,12,18,0,13,12,18,22,13,12,18,22,13,12,18,22,13,18,14,13,11,12,22,8,9,18,0,13,11,12,22,8,9,18,14,13,11,12,22,8,18,0,13,8,0,22,0,3,18,0,13,8,0,22,0,3,18,0,13,8,0,22,0,18,22,13,12,18,22,0,3,18,0,13,8,0,22,13,12,18,22,13,8,0,22,0,18,22,13,12,18,22,0,3,18,0,13,8,0,22,13,12,18,22,13,8,0,22,0,18,22,13,12,18,22,0,3,18,0,13,8,0,22,13,12,18,22,13,8,0,22,0,18,22,13,12,18,22,0,0,0,0,0,0,0,22,13,12,18,22,13,8,0,0,0,16,22,12,11,18,19,0,0,0,0,0,0,0,19,13,12,16,22,12,7,0,0,0,0,22,0,3,18,0,0,0,0,0,0,0,0,0,13,8,0,22,0,0,0,0,0,0,22,0,3,18,0,0,0,0,0,0,0,0,0,13,8,0,22,0,0,0,0,0,11,22,8,9,18,13,0,2,11,0,8,5,0,13,13,11,11,22,8,5,0,13,0,18,22,13,12,18,22,0,3,18,0,13,8,0,22,13,12,18,22,13,8,0,22,0,18,17,13,12,14,22,0,3,18,0,13,8,0,22,10,10,18,17,13,8,0,22,0,14,0,10,6,0,17,0,3,14,0,10,6,0,17,0,3,14,0,10,6,0,17,0
0,0,0,0,0,0,0,0,6,29,11,0,0,0,0,0,0,0,0,0,0,0,0,0,0,0,0,0,0,0,0,6,29,11,0,0,0,0,0,0,0,0,0,0,0,0,0,0,0,0,0,0,0,0,6,29,11,0,0,0,14,17,17,17,6,0,0,0,0,0,0,0,0,0,0,0,0,6,29,11,0,0,0,0,0,0,0,0,0,0,0,0,7,2,0,6,7,0,0,0,2,9,3,0,18,15,0,11,20,1,4,20,8,0,0,27,8,0,23,25,0,0,0,0,0,0,0,26,21,0,16,29,1,6,29,11,0,0,13,8,0,22,0,0,0,0,0,0,0,0,26,21,0,16,29,1,6,29,11,0,0,13,8,0,22,10,6,0,16,0,0,0,0,26,21,0,16,29,1,6,29,11,0,0,13,8,0,22,13,8,0,22,0,0,0,0,26,21,0,16,29,1,6,29,11,0,0,13,8,0,22,13,11,13,22,0,0,0,0,26,21,0,16,29,1,6,29,11,0,0,13,8,0,22,13,12,18,22,0,0,0,0,19,16,0,12,21,1,5,21,8,0,0,13,8,0,22,13,12,18,22,0,0,0,0,0,0,0,0,0,0,0,0,0,0,0,13,8,0,22,13,12,18,22,0,0,0,0,0,0,6,7,7,7,7,7,7,7,7,5,3,0,8,13,10,6,19,0,0,0,0,0,0,7,8,8,8,8,8,8,8,8,5,5,9,8,13,10,6,0,0,0,0,0,0,0,0,0,0,0,0,0,0,0,0,13,12,18,22,13,12,18,11,0,0,0,0,13,10,0,8,14,0,3,14,5,0,13,13,12,18,22,13,12,18,22,0,0,0,0,26,21,0,16,29,1,6,29,11,0,26,0,4,18,0,13,9,0,22,0,0,0,0,26,21,0,16,29,1,6,29,11,0,26,11,11,18,18,13,8,0,22,0,0,0,0,26,21,0,16,29,1,6,29,11,0,26,13,12,18,22,13,10,7,22,0,0,0,0,26,21,0,16,29,1,6,29,11,0,26,13,12,18,22,13,12,18,22,0,0,0,0,26,21,0,5,9,0,2,9,3,0,8,6,7,18,9,13,12,18,22,0,0,0,0,26,21,0,0,0,0,0,0,0,0,0,0,3,18,0,13,11,12,22,0,0,0,0,26,21,0,0,0,0,0,0,0,0,0
11,0,26,21,0,16,29,1,0,0,0,8,17,17,17,17,17,17,17,17,17,17,17,11,0,26,21,0,16,29,1,0,0,0,0,6,9,9,9,9,9,9,0,0,0,0,11,0,26,21,0,16,29,1,1,4,1,0,18,29,29,29,29,29,27,0,0,0,0,11,0,26,21,0,16,29,1,6,29,11,0,18,18,8,8,8,8,8,0,0,23,17,11,0,26,21,0,16,29,1,6,29,11,0,18,13,10,11,11,11,11,11,11,25,0,11,0,26,21,0,16,29,1,6,29,11,0,18,13,4,4,4,4,4,4,4,23,0,11,0,26,21,0,16,29,1,6,29,11,0,18,13,0,0,0,0,0,0,0,22,0,11,0,26,21,0,16,29,1,6,29,11,0,18,25,21,21,21,21,20,0,0,22,0,11,0,26,21,0,16,29,1,6,29,11,0,18,28,26,26,26,26,25,0,0,23,11,11,0,26,21,0,16,29,1,6,29,11,0,18,13,0,0,0,0,0,0,0,3,4,11,0,26,21,0,16,29,1,6,29,11,0,18,13,6,7,7,7,7,7,7,7,7,11,0,26,21,0,16,29,1,6,29,11,0,18,13,7,8,8,8,8,8,8,8,8,11,0,26,21,0,16,29,1,6,29,11,0,18,13,1,19,19,19,19,19,19,19,19,11,0,26,21,0,16,29,1,6,29,11,0,18,13,1,28,28,28,29,29,29,28,28,11,0,26,21,0,16,29,1,6,29,11,0,18,13,0,0,0,0,6,29,11,0,0,11,0,26,21,0,16,29,1,6,29,11,0,18,21,13,13,13,1,6,29,11,5,13,11,0,19,16,0,12,21,1,6,29,11,0,12,18,18,18,18,1,6,29,11,6,18,11,0,0,0,0,0,0,0,6,29,11,0,0,0,0,0,0,0,6,29,11,0,0,11,0,0,0,0,0,0,0,6,25,10,0,0,0,1,15,15,15,19,29,21,9,1,11,0,0,0,0,0,0,0,0,0,0,0,0,0,1,29,29,29,29,29,29,17,1,11,0,0,0,0,0,0,0,0,0,0,0,0,0,0,2,2,2,2,2,2,1,0,11,0,14,17,17,17,17,17,17,0,0,8,17,17,17,17,17,17,17,17,17,17,17,7,0,0,0,0,0,0,0,0,0,0,2,7,7,7,7,7,7,7,7,7,7,7
0,0,22,0,0,0,0,9,29,8,0,11,3,29,18,0,4,10,19,28,0,0,0,0,0,22,0,0,0,0,9,29,8,0,16,5,29,18,0,6,15,19,28,0,0,0,0,0,22,0,0,0,0,9,29,8,0,11,4,29,18,0,4,11,19,28,0,0,0,0,0,22,0,0,0,0,9,29,8,0,3,19,29,26,19,19,19,26,29,18,0,0,0,0,22,0,0,0,0,5,15,4,0,5,28,28,28,28,28,28,28,28,27,0,0,0,0,22,0,0,0,0,0,0,0,0,0,0,0,0,0,0,0,0,0,0,0,0,0,0,22,0,0,0,0,0,0,0,0,0,0,0,0,0,0,0,0,0,0,0,0,0,0,22,0,10,17,17,17,17,17,17,17,17,17,17,17,17,17,17,17,15,0,0,0,0,22,0,4,17,17,17,17,17,17,17,17,17,17,17,17,17,17,17,16,0,0,0,0,22,0,6,22,14,14,14,14,14,14,20,25,14,14,14,14,14,14,18,0,0,0,0,22,0,6,15,0,0,0,0,4,0,11,20,0,0,0,0,4,0,9,0,0,0,0,22,0,6,15,1,1,0,0,22,7,13,20,1,1,0,0,22,7,11,0,0,0,0,22,0,6,15,16,16,5,0,22,13,14,20,16,16,5,0,22,13,12,0,0,0,0,22,0,6,15,16,16,5,0,22,13,14,20,16,16,5,0,22,13,12,0,0,0,0,22,0,6,15,16,1,0,0,22,5,13,20,16,1,0,0,22,5,11,0,0,0,0,22,0,6,17,2,0,0,0,22,0,11,22,2,0,0,0,22,0,9,0,0,0,0,22,0,6,28,17,0,0,0,0,0,11,28,17,0,0,0,0,0,9,0,0,0,0,22,0,4,7,7,7,7,7,7,7,7,7,7,7,7,7,7,7,7,0,0,0,0,22,0,5,8,8,8,8,8,8,8,8,8,8,8,8,8,8,8,8,0,0,0,0,22,0,0,0,0,3,19,19,19,16,0,17,19,19,19,3,10,19,18,0,0,0,0,22,0,0,0,0,5,28,29,29,24,0,25,29,29,28,4,15,29,27,0,0,0,0,22,0,0,0,0,0,0,29,18,0,2,5,19,28,2,5,0,9,27,0,0,0,0,22,0,0,0,0,0,0,29,18,0,6,15,19,28,6,15,0,9,27,0,0
18,22,13,12,18,22,13,12,18,22,13,12,18,22,13,12,18,22,13,12,18,22,13,8,22,6,7,18,9,13,10,8,22,6,7,18,9,13,10,8,22,6,7,18,9,13,0,22,0,3,18,0,13,8,0,22,0,3,18,0,13,8,0,22,0,3,18,0,13,0,22,0,3,18,0,13,8,0,22,0,3,18,0,13,8,0,22,0,3,18,0,13,0,22,0,3,18,0,13,8,0,22,0,3,18,0,13,8,0,22,0,3,18,0,13,0,22,0,3,18,0,13,8,0,22,0,3,18,0,13,8,0,22,0,3,18,0,13,0,13,0,2,10,0,7,5,0,13,0,2,10,0,7,5,0,13,0,2,10,0,7,7,7,7,7,7,7,7,7,7,7,7,7,7,7,7,7,7,7,7,7,7,7,7,8,8,8,8,8,8,8,8,8,8,8,8,8,8,8,8,8,8,8,8,8,8,8,0,9,11,11,7,0,5,11,11,11,0,1,11,11,11,3,0,9,11,11,7,0,5,0,23,20,22,18,0,13,23,20,27,0,3,26,20,25,8,0,23,20,22,18,0,13,0,22,5,7,18,0,13,10,7,22,0,3,18,9,13,8,0,22,5,7,18,0,13,0,22,13,11,13,0,13,12,18,16,0,3,18,22,10,6,0,22,13,11,13,0,13,0,22,13,8,0,0,13,12,18,0,0,3,18,22,0,0,0,22,13,8,0,0,13,0,22,13,21,17,4,13,12,25,17,10,3,18,23,17,16,0,22,13,21,17,4,13,0,22,6,14,14,3,13,10,14,14,8,3,18,11,14,13,0,22,6,14,14,3,13,0,23,13,13,8,0,13,18,13,13,0,3,24,13,13,4,0,23,13,13,8,0,13,0,23,18,20,18,0,13,22,18,26,0,3,25,18,24,8,0,23,18,20,18,0,13,2,22,1,5,18,3,13,9,2,22,1,5,18,3,13,9,2,22,1,5,18,3,13,18,22,13,12,18,22,13,12,18,22,13,12,18,22,13,12,18,22,13,12,18,22,13,18,22,13,12,18,22,13,12,18,22,13,12,18,22,13,12,18,22,13,12,18,22,13,18,22,13,12,18,22,13,12,18,22,13,12,18,22,13,12,18,22,13,12,18,22,13,14,22,10,10,18,17,13,12,14,22,10,10,18,17,13,12,14,22,10,10,18,17,13
18,19,13,12,15,22,11,11,18,19,13,12,15,22,11,11,18,19,13,12,15,22,11,18,0,13,8,0,22,0,3,18,0,13,8,0,22,0,3,18,0,13,8,0,22,0,18,0,13,28,27,28,0,3,29,27,28,8,0,23,27,28,18,0,13,28,27,28,0,18,0,2,4,4,23,0,0,4,4,16,8,0,3,4,8,18,0,2,4,4,23,0,18,0,23,23,15,22,0,16,23,23,13,8,8,23,23,11,18,0,23,23,15,22,0,18,0,8,11,18,22,0,6,8,24,13,8,3,8,18,12,18,0,8,11,18,22,0,18,0,0,3,18,22,0,0,0,22,13,8,0,0,13,12,18,0,0,3,18,22,0,18,0,13,12,18,22,0,3,18,22,13,8,0,22,13,12,18,0,13,12,18,22,0,18,0,13,9,1,22,0,3,18,2,13,8,0,22,1,4,18,0,13,9,1,22,0,18,0,13,29,29,28,0,3,29,29,29,8,0,23,29,29,18,0,13,29,29,28,0,1,0,1,2,2,2,0,0,2,2,2,0,0,2,2,2,1,0,1,2,2,2,0,17,17,17,17,17,17,17,17,17,17,17,17,17,17,17,17,17,17,17,17,17,17,17,0,0,0,0,0,0,0,0,0,0,0,0,0,0,0,0,0,0,0,0,0,0,0,16,0,12,7,0,19,0,3,16,0,12,7,0,19,0,3,16,0,12,7,0,19,0,18,0,13,8,0,22,0,3,18,0,13,8,0,22,0,3,18,0,13,8,0,22,0,18,0,13,8,0,22,0,3,18,0,13,8,0,22,0,3,18,0,13,8,0,22,0,18,0,13,8,0,22,0,3,18,0,13,8,0,22,0,3,18,0,13,8,0,22,0,18,0,13,8,0,22,0,3,18,0,13,8,0,22,0,3,18,0,13,8,0,22,0,18,16,13,11,13,22,10,10,18,16,13,11,13,22,10,10,18,16,13,11,13,22,10,18,22,13,12,18,22,13,12,18,22,13,12,18,22,13,12,18,22,13,12,18,22,13,18,22,13,12,18,22,13,12,18,22,13,12,18,22,13,12,18,22,13,12,18,22,13,18,22,13,12,18,22,13,12,18,22,13,12,18,22,13,12,18,22,13,12,18,22,13,18,3,13,9,3,22,2,5,18,3,13,9,3,22,2,5,18,3,13,9,3,22,2
2,15,15,15,4,0,12,15,15,10,0,7,15,15,15,0,2,15,15,15,4,0,12,0,6,6,6,2,0,5,6,6,4,0,3,6,6,6,0,0,6,6,6,2,0,5,13,13,13,13,13,13,13,13,13,13,13,13,13,13,13,13,13,13,13,13,13,13,13,2,2,2,2,2,2,2,2,2,2,2,2,2,2,2,2,2,2,2,2,2,2,2,2,13,0,10,6,0,16,0,2,13,0,9,6,0,16,0,2,13,0,10,6,0,16,3,18,0,13,8,0,22,0,3,18,0,13,8,0,22,0,3,18,0,13,8,0,22,3,18,0,13,8,0,22,0,3,18,0,13,8,0,22,0,3,18,0,13,8,0,22,3,18,0,13,8,0,22,0,3,18,0,13,8,0,22,0,3,18,0,13,8,0,22,3,18,0,13,8,0,22,0,3,18,0,13,8,0,22,0,3,18,0,13,8,0,22,9,18,13,13,11,11,22,8,9,18,13,13,11,11,22,8,9,18,13,13,11,11,22,12,18,22,13,12,18,22,13,12,18,22,13,12,18,22,13,12,18,22,13,12,18,22,12,18,22,13,12,18,22,13,12,18,22,13,12,18,22,13,12,18,22,13,12,18,22,12,18,22,13,12,18,22,13,12,18,22,13,12,18,22,13,12,18,22,13,12,18,22,6,18,6,13,10,5,22,4,6,18,6,13,10,5,22,4,6,18,6,13,10,5,22,3,24,13,21,8,0,23,13,16,18,0,13,18,13,25,0,3,24,13,21,8,0,23,3,25,18,18,5,0,23,18,18,12,0,13,22,18,18,0,3,25,18,18,5,0,23,3,18,7,9,8,0,22,4,9,9,2,13,10,9,9,5,3,18,7,9,8,0,22,3,18,23,22,20,0,22,13,25,22,5,13,12,27,22,13,3,18,23,22,20,0,22,3,18,22,0,0,0,22,13,8,0,0,13,12,18,0,0,3,18,22,0,0,0,22,3,18,22,7,4,0,22,13,11,10,0,13,12,18,12,0,3,18,22,7,4,0,22,3,18,13,13,8,0,22,7,9,18,0,13,11,10,22,0,3,18,13,13,8,0,22,3,24,15,22,8,0,23,15,17,18,0,13,20,15,26,0,3,24,15,22,8,0,23,2,17,17,17,5,0,13,17,17,10,0,7,17,17,16,0,2,17,17,17,5,0,13
3,0,0,16,29,1,6,29,11,0,26,21,0,16,29,1,0,3,18,3,4,4,0,3,0,0,16,29,1,6,29,11,0,26,21,0,10,17,1,0,3,27,23,23,7,0,3,0,0,16,29,1,6,29,11,0,26,21,0,0,0,0,0,3,22,8,18,8,0,3,0,0,16,29,1,6,29,11,0,26,21,0,0,0,0,6,8,18,10,13,10,8,3,0,0,16,29,1,6,29,11,0,26,21,0,0,0,0,13,12,18,22,13,12,18,3,0,0,16,29,1,6,29,11,0,26,21,0,0,0,0,13,12,18,22,13,12,18,3,0,0,16,29,1,6,29,11,0,26,21,0,0,0,0,13,12,18,22,13,12,18,3,0,0,16,29,1,6,29,11,0,26,21,0,0,0,0,6,7,18,9,13,10,8,3,0,0,16,29,1,6,29,11,0,26,21,0,0,0,0,0,3,18,0,13,8,0,0,0,0,1,1,0,0,1,0,0,1,1,0,7,12,0,0,3,18,0,13,8,0,0,0,0,0,0,0,0,0,0,0,0,0,0,16,29,1,0,3,18,0,13,8,0,0,0,0,0,0,0,0,0,0,0,0,0,0,16,29,1,0,3,18,0,13,8,0,0,0,0,0,0,0,0,0,0,0,0,0,0,16,29,1,0,2,10,0,7,5,0,7,0,0,3,7,7,7,7,7,7,2,0,0,16,29,1,1,7,7,7,7,7,7,8,0,0,4,8,8,8,8,8,8,3,0,0,16,29,1,1,8,8,8,8,8,8,22,0,0,0,0,0,0,0,0,0,0,0,0,16,29,1,0,1,11,11,11,3,0,23,0,0,16,29,1,6,29,11,0,26,21,0,16,29,1,0,3,26,20,25,8,0,23,0,0,16,29,1,6,29,11,0,26,21,0,16,29,1,0,3,18,15,13,8,0,23,0,0,16,29,1,6,29,11,0,26,21,0,16,29,1,0,2,13,22,13,8,0,23,0,0,16,29,1,6,29,11,0,26,21,0,16,29,1,0,0,0,22,13,8,0,23,0,0,16,29,1,6,29,11,0,26,21,0,16,29,1,0,12,17,26,13,8,6,23,0,0,16,29,1,6,29,11,0,26,21,0,16,29,1,0,10,14,14,13,8,5,23,0,0,6,11,0,2,11,4,0,10,8,0,6,11,0,0,1,13,13,21,8,0
0,11,3,0,20,27,5,9,0,10,29,7,15,0,0,0,0,29,17,0,0,17,4,0,17,4,0,20,27,7,14,0,10,29,7,22,0,0,0,0,29,17,0,0,17,4,0,12,3,0,20,27,5,10,0,10,29,7,16,0,0,0,0,29,17,0,0,17,4,2,19,19,19,26,29,19,19,19,23,29,22,9,0,0,0,0,29,17,0,0,17,4,3,28,28,28,28,28,28,28,28,28,28,28,13,0,0,0,0,15,9,0,0,17,4,0,0,0,0,0,0,0,0,0,0,0,0,0,0,0,0,0,0,0,0,0,17,4,0,0,0,0,0,0,0,0,0,0,0,0,0,0,0,0,0,0,0,0,0,17,4,2,17,17,17,17,17,17,17,17,17,17,17,17,17,17,17,17,17,17,15,0,17,4,2,17,17,17,17,17,17,17,17,17,17,17,17,17,17,17,17,17,17,8,0,17,4,1,14,21,24,14,14,14,14,14,14,21,24,14,14,14,14,14,14,18,14,0,17,4,0,0,12,19,0,3,0,0,0,0,12,19,0,3,0,0,0,0,7,14,0,17,4,0,0,13,19,9,17,4,0,2,0,13,19,9,17,4,0,2,0,8,14,0,17,4,0,14,14,19,16,17,4,0,22,14,14,19,16,17,4,0,22,14,9,14,0,17,4,0,14,14,19,16,17,4,0,22,14,14,19,16,17,4,0,22,14,9,14,0,17,4,0,14,14,19,6,17,4,0,1,14,14,19,6,17,4,0,1,14,9,14,0,17,4,0,1,15,19,0,17,4,0,0,1,15,19,0,17,4,0,0,1,10,14,0,17,4,0,8,28,19,0,0,0,0,0,8,28,19,0,0,0,0,0,8,28,14,0,17,4,1,7,7,7,7,7,7,7,7,7,7,7,7,7,7,7,7,7,7,7,0,17,4,1,8,8,8,8,8,8,8,8,8,8,8,8,8,8,8,8,8,8,8,0,17,4,2,19,19,19,19,15,0,17,19,19,19,2,11,19,19,19,9,0,0,0,0,17,4,3,28,29,29,29,23,0,26,29,29,28,3,16,29,29,29,13,0,0,0,0,17,4,0,5,2,29,17,0,2,4,20,27,2,4,0,10,29,7,0,0,0,0,0,17,4,0,17,5,29,17,0,7,14,20,27,7,14,0,10,29,7,0,0,0,0,0,17,4
0,0,17,17,17,17,17,17,17,11,0,0,7,29,10,0,27,20,0,17,29,0,0,0,0,0,0,0,0,0,0,0,0,0,0,7,29,10,0,27,20,0,17,29,0,0,0,0,21,21,21,21,5,0,0,0,0,0,7,29,10,0,27,20,0,17,29,0,0,0,0,28,26,26,26,6,0,0,0,0,0,7,29,10,0,27,20,0,17,29,0,0,0,0,10,0,0,0,0,0,0,0,0,0,7,29,10,0,27,20,0,17,29,0,0,0,0,10,0,7,7,7,7,6,0,0,0,7,29,10,0,27,20,0,17,29,0,0,0,0,10,0,24,25,25,26,22,0,0,0,7,29,10,0,27,20,0,17,29,0,0,0,0,10,0,0,0,0,9,22,0,0,0,7,29,10,0,27,20,0,17,29,0,0,0,0,22,17,17,17,4,9,22,0,0,0,7,29,10,0,27,20,0,17,29,0,0,0,0,29,29,29,29,6,9,22,0,0,0,4,17,6,0,16,12,0,10,17,0,0,0,0,0,0,0,0,0,9,22,0,0,0,0,0,0,0,0,0,0,0,0,0,0,0,0,17,17,17,17,17,9,22,0,0,0,6,25,9,0,23,17,0,14,25,0,0,0,0,0,0,0,0,0,9,22,0,0,0,7,29,10,0,27,20,0,17,29,0,0,0,0,12,15,15,15,15,20,22,0,0,0,7,29,10,0,27,20,0,17,29,0,0,0,0,22,29,29,29,29,29,22,0,0,0,7,29,10,0,27,20,0,17,29,0,0,0,0,2,2,2,2,2,11,22,0,0,0,7,29,10,0,27,20,0,17,29,0,0,0,0,0,0,0,0,0,9,22,0,0,0,7,29,10,0,27,20,0,17,29,0,0,0,0,17,17,17,17,17,10,22,0,0,0,7,29,10,0,27,20,0,17,29,0,0,0,0,0,0,0,0,0,9,22,0,0,0,7,29,10,0,27,20,0,17,29,0,0,0,0,21,27,27,27,27,28,22,0,0,0,7,29,10,0,27,20,0,17,29,0,0,0,0,16,20,20,20,20,20,16,0,0,0,7,29,10,0,27,20,0,17,29,0,0,0,0,7,7,7,7,7,7,7,5,0,0,7,29,10,0,27,20,0,17,29,0,0,0,0,8,8,8,8,8,8,8,5,0,0,7,29,10,0,27,20,0,17,29,0,0
12,12,12,12,12,12,12,12,12,12,12,12,12,12,12,12,12,12,12,12,12,12,12,3,3,3,3,3,3,3,3,3,3,3,3,3,3,3,3,3,3,3,3,3,3,3,0,13,17,17,10,0,7,17,17,16,0,2,17,17,17,5,0,13,17,17,10,0,7,0,23,15,17,18,0,13,20,15,26,0,3,24,15,22,8,0,23,15,17,18,0,13,0,22,7,9,18,0,13,11,10,22,0,3,18,13,13,8,0,22,7,9,18,0,13,0,22,13,11,10,0,13,12,18,13,0,3,18,22,7,5,0,22,13,11,10,0,13,0,22,13,8,0,0,13,12,18,0,0,3,18,22,0,0,0,22,13,8,0,0,13,0,22,13,25,22,5,13,12,27,22,13,3,18,23,22,20,0,22,13,25,22,5,13,0,22,4,9,9,2,13,10,9,9,5,3,18,7,9,8,0,22,4,9,9,2,13,0,23,18,18,12,0,13,22,18,18,0,3,25,18,18,5,0,23,18,18,12,0,13,0,23,13,16,18,0,13,18,13,25,0,3,24,13,21,8,0,23,13,16,18,0,13,5,22,4,6,18,6,13,10,5,22,4,6,18,6,13,10,5,22,4,6,18,6,13,18,22,13,12,18,22,13,12,18,22,13,12,18,22,13,12,18,22,13,12,18,22,13,18,22,13,12,18,22,13,12,18,22,13,12,18,22,13,12,18,22,13,12,18,22,13,18,22,13,12,18,22,13,12,18,22,13,12,18,22,13,12,18,22,13,12,18,22,13,11,22,8,9,18,13,13,11,11,22,8,9,18,13,13,11,11,22,8,9,18,13,13,0,22,0,3,18,0,13,8,0,22,0,3,18,0,13,8,0,22,0,3,18,0,13,0,22,0,3,18,0,13,8,0,22,0,3,18,0,13,8,0,22,0,3,18,0,13,0,22,0,3,18,0,13,8,0,22,0,3,18,0,13,8,0,22,0,3,18,0,13,0,22,0,3,18,0,13,8,0,22,0,3,18,0,13,8,0,22,0,3,18,0,13,0,16,0,2,13,0,10,6,0,16,0,2,13,0,10,6,0,16,0,2,13,0,10,2,2,2,2,2,2,2,2,2,2,2,2,2,2,2,2,2,2,2,2,2,2,2,13,13,13,13,13,13,13,13,13,13,13,13,13,13,13,13,13,13,13,13,13,13,13
22,0,6,8,24,13,8,3,8,18,12,18,0,8,11,18,22,0,6,8,24,13,8,22,0,0,0,22,13,8,0,0,13,12,18,0,0,3,18,22,0,0,0,22,13,8,22,0,3,18,22,13,8,0,22,13,12,18,0,13,12,18,22,0,3,18,22,13,8,22,0,3,18,2,13,8,0,22,1,4,18,0,13,9,1,22,0,3,18,2,13,8,28,0,3,29,29,29,8,0,23,29,29,18,0,13,29,29,28,0,3,29,29,29,8,2,0,0,2,2,2,0,0,2,2,2,1,0,1,2,2,2,0,0,2,2,2,0,17,17,17,17,17,17,17,17,17,17,17,17,17,17,17,17,17,17,17,17,17,17,17,0,0,0,0,0,0,0,0,0,0,0,0,0,0,0,0,0,0,0,0,0,0,0,19,0,3,15,0,11,7,0,19,0,3,15,0,11,7,0,19,0,3,15,0,11,7,22,0,3,18,0,13,8,0,22,0,3,18,0,13,8,0,22,0,3,18,0,13,8,22,0,3,18,0,13,8,0,22,0,3,18,0,13,8,0,22,0,3,18,0,13,8,22,0,3,18,0,13,8,0,22,0,3,18,0,13,8,0,22,0,3,18,0,13,8,22,0,3,18,0,13,8,0,22,0,3,18,0,13,8,0,22,0,3,18,0,13,8,23,0,3,20,3,16,8,0,23,3,7,18,0,13,11,3,23,0,3,20,3,16,8,28,0,3,29,28,29,8,0,23,28,29,18,0,13,29,28,28,0,3,29,28,29,8,22,2,5,18,3,13,9,3,22,2,5,18,3,13,9,3,22,2,5,18,3,13,9,22,13,12,18,22,13,12,18,22,13,12,18,22,13,12,18,22,13,12,18,22,13,12,22,13,12,18,22,13,12,18,22,13,12,18,22,13,12,18,22,13,12,18,22,13,12,13,13,11,10,22,7,9,18,13,13,11,10,22,7,9,18,13,13,11,10,22,7,9,1,13,9,1,22,0,3,18,0,13,9,1,22,0,4,18,0,13,8,0,22,0,4,22,13,12,18,22,0,3,18,0,13,12,18,22,13,12,18,0,13,8,0,22,13,12,22,13,12,18,22,0,3,18,0,13,12,18,22,13,12,18,0,13,8,0,22,13,12,22,13,12,18,22,0,3,18,0,13,12,18,22,13,12,18,0,13,8,0,22,13,12
12,18,22,13,12,18,0,0,0,0,22,13,12,18,22,13,8,0,0,0,0,6,29,12,18,22,13,12,18,0,12,8,0,22,13,12,18,22,13,8,0,20,0,0,6,29,12,18,22,13,12,18,0,13,8,0,22,13,12,18,22,13,8,0,22,0,0,1,7,12,18,22,13,12,18,0,13,8,0,22,13,12,18,22,13,8,0,22,0,0,1,4,9,1,22,1,4,18,0,13,8,0,22,1,4,18,2,13,8,0,22,0,0,6,29,11,10,22,7,8,18,12,13,11,10,22,7,8,18,12,13,11,10,22,0,0,6,29,12,18,22,13,12,18,22,13,12,18,22,13,12,18,22,13,12,18,22,0,0,6,29,12,18,22,13,12,18,22,13,12,18,22,13,12,18,22,13,12,18,22,0,0,6,29,5,18,4,13,9,3,22,2,5,18,4,13,9,3,22,2,5,18,4,0,0,6,29,28,18,0,13,28,27,28,0,3,29,27,28,8,0,23,27,28,18,0,0,0,6,29,8,18,0,13,12,4,23,0,3,20,4,16,8,0,23,4,8,18,0,0,0,6,29,3,18,0,13,8,0,22,0,3,18,0,13,8,0,22,0,3,18,0,0,0,6,29,3,18,0,13,8,0,22,0,3,18,0,13,8,0,22,0,3,18,0,0,0,6,29,3,18,0,13,8,0,22,0,3,18,0,13,8,0,22,0,3,18,0,0,0,6,29,3,18,0,13,8,0,22,0,3,18,0,13,8,0,22,0,3,18,0,0,0,6,29,3,16,0,12,7,0,19,0,3,16,0,12,7,0,19,0,3,16,0,0,0,6,29,0,0,0,0,0,0,0,0,0,0,0,0,0,0,0,0,0,0,0,0,0,6,29,17,17,17,17,17,17,17,17,17,17,17,17,17,17,17,17,17,17,11,0,0,6,29,1,1,0,0,1,1,1,0,0,1,1,1,0,0,1,1,1,1,0,0,0,6,29,29,18,0,13,29,29,28,0,3,29,29,29,8,0,23,29,29,18,0,0,0,6,29,5,18,0,13,9,2,23,0,3,19,2,14,8,0,23,1,5,18,0,0,0,6,29,12,18,0,13,12,18,22,0,3,18,22,13,8,0,22,13,12,18,0,0,0,6,29,12,18,0,0,4,18,22,0,0,1,22,13,8,0,1,13,12,18,0,0,0,6,29
21,0,16,29,1,6,29,11,0,26,21,0,16,29,1,6,29,11,0,26,21,0,16,21,0,16,29,1,6,29,11,0,26,21,0,16,29,1,6,29,11,0,26,21,0,16,21,0,16,29,1,6,29,11,0,26,21,0,16,29,1,6,29,11,0,26,21,0,16,21,0,16,29,1,6,29,11,0,26,21,0,16,29,1,6,29,11,0,26,21,0,16,21,0,9,15,1,3,15,6,0,14,11,0,9,15,1,3,15,6,0,14,11,0,9,21,0,0,0,0,0,0,0,0,0,0,0,0,0,0,0,0,0,0,0,0,0,0,21,0,0,0,0,0,0,0,0,0,0,0,0,0,0,0,0,0,0,0,0,0,0,21,0,0,0,0,14,17,17,17,17,17,17,17,17,17,17,17,17,17,17,17,17,17,21,0,0,0,0,0,0,0,0,0,0,0,0,0,0,0,0,0,0,0,0,0,0,21,0,11,20,1,4,20,8,0,18,15,0,11,20,1,4,20,8,0,18,15,0,11,21,0,16,29,1,6,29,11,0,26,21,0,16,29,1,6,29,11,0,26,21,0,16,21,0,16,29,1,6,29,11,0,26,21,0,16,29,1,6,29,11,0,26,21,0,16,21,0,16,29,1,6,29,11,0,26,21,0,16,29,1,6,29,11,0,26,21,0,16,21,0,16,29,1,6,29,11,0,26,21,0,16,29,1,6,29,11,0,26,21,0,16,21,0,16,29,1,6,29,11,0,26,21,0,16,29,1,6,29,11,0,26,21,0,16,4,0,12,21,1,5,21,8,0,19,16,0,12,21,1,5,21,8,0,19,16,0,12,5,0,0,0,0,0,0,0,0,0,0,0,0,0,0,0,0,0,0,0,0,0,0,21,0,0,0,0,6,7,7,7,7,7,7,7,7,7,7,7,7,7,7,7,7,7,21,0,0,0,0,7,8,8,8,8,8,8,8,8,8,8,8,8,8,8,8,8,8,21,0,0,0,0,0,0,6,4,0,11,0,1,9,0,6,4,0,11,0,1,9,0,21,0,8,14,0,0,0,13,8,0,22,0,3,18,0,13,8,0,22,0,3,18,0,21,0,16,29,1,0,0,13,8,0,22,0,3,18,0,13,8,0,22,0,3,18,0,21,0,16,29,1,0,0,13,8,0,22,0,3,18,0,13,8,0,22,0,3,18,0
8,0,0,0,0,0,8,17,17,17,17,17,17,17,17,17,17,17,17,17,17,17,17,8,0,0,0,0,0,0,0,0,0,0,0,0,0,0,0,0,0,0,0,0,0,0,8,0,0,0,0,0,0,0,0,0,0,0,0,0,0,0,0,0,0,0,0,0,0,8,0,0,0,10,18,1,4,18,7,0,17,13,0,10,18,1,4,18,7,0,17,13,8,0,0,0,16,29,1,6,29,11,0,26,21,0,16,29,1,6,29,11,0,26,21,8,0,0,0,16,29,1,6,29,11,0,26,21,0,16,29,1,6,29,11,0,26,21,8,0,0,0,16,29,1,6,29,11,0,26,21,0,16,29,1,6,29,11,0,26,21,8,0,0,0,16,29,1,6,29,11,0,26,21,0,16,29,1,6,29,11,0,26,21,4,0,0,0,3,5,0,1,5,2,0,5,4,0,3,5,0,1,5,2,0,5,4,0,0,0,0,0,0,0,0,0,0,0,0,0,0,0,0,0,0,0,0,0,0,0,7,0,0,0,0,0,3,7,7,7,7,7,7,7,7,7,7,7,7,7,7,7,7,8,0,0,0,0,0,4,8,8,8,8,8,8,8,8,8,8,8,8,8,8,8,8,8,0,0,0,0,0,0,0,0,0,0,0,0,0,0,0,0,1,19,19,19,18,0,8,0,0,0,16,29,1,6,29,11,0,26,21,0,0,0,0,1,28,29,29,27,0,8,0,0,0,16,29,1,6,29,11,0,26,21,0,0,0,0,1,1,26,21,1,1,8,0,0,0,16,29,1,6,29,11,0,26,21,0,0,0,0,13,8,26,21,13,8,7,0,0,0,16,29,1,6,29,11,0,26,21,0,0,0,0,13,8,26,21,13,8,0,0,0,0,16,29,1,6,29,11,0,26,21,0,0,0,0,11,7,26,21,11,7,0,0,0,0,16,29,1,6,29,11,0,26,21,0,0,0,0,1,7,27,24,7,7,0,17,13,0,6,11,0,2,11,4,0,10,8,0,0,0,0,4,29,29,29,29,29,0,26,21,0,0,0,0,0,0,0,0,0,0,0,0,0,0,1,10,10,10,10,10,0,26,21,0,0,0,8,17,17,17,17,17,17,17,17,17,17,17,17,17,17,17,17,0,26,21,0,0,0,0,0,0,0,0,0,0,0,0,0,0,6,7,7,3,0,0
6,11,0,13,3,0,17,0,6,11,0,13,3,0,17,0,6,11,0,13,3,0,17,7,14,0,17,4,0,22,0,7,14,0,17,4,0,22,0,7,14,0,17,4,0,22,7,14,0,17,4,0,22,0,7,14,0,17,4,0,22,0,7,14,0,17,4,0,22,7,14,0,17,4,0,22,0,7,14,0,17,4,0,22,0,7,14,0,17,4,0,22,7,14,0,17,4,0,22,0,7,14,0,17,4,0,22,0,7,14,0,17,4,0,22,9,14,0,17,6,1,23,0,7,15,1,18,4,0,23,1,9,14,0,17,6,1,23,23,14,0,17,29,29,25,0,7,29,29,29,4,0,27,29,29,14,0,17,29,29,25,8,14,2,17,6,2,23,1,8,15,3,18,5,1,23,2,9,14,2,17,6,2,23,7,14,22,17,12,14,22,17,12,14,22,17,12,14,22,17,12,14,22,17,12,14,22,7,14,22,17,12,14,22,17,12,14,22,17,12,14,22,17,12,14,22,17,12,14,22,5,9,22,11,11,14,14,17,10,9,22,11,11,14,14,17,10,9,22,11,11,14,14,0,0,22,0,7,14,0,17,4,0,22,0,7,14,0,17,4,0,22,0,7,14,0,7,14,22,17,12,14,0,17,4,0,22,17,12,14,22,17,4,0,22,0,7,14,22,7,14,22,17,12,14,0,17,4,0,22,17,12,14,22,17,4,0,22,0,7,14,22,7,14,22,17,12,14,0,17,4,0,22,17,12,14,22,17,4,0,22,0,7,14,22,7,14,22,17,12,14,0,0,0,0,22,17,12,14,22,17,4,0,0,0,7,14,22,7,14,19,17,11,12,0,0,0,0,19,17,11,12,22,15,4,0,0,0,6,12,22,7,14,0,17,4,0,0,0,0,0,0,17,4,0,22,0,0,0,0,0,0,0,22,7,14,0,17,4,0,0,0,0,0,0,17,4,0,22,0,0,0,0,0,0,0,22,7,14,13,17,9,8,0,10,2,0,13,17,9,8,22,10,2,0,13,0,4,8,22,7,14,22,17,12,14,0,17,4,0,22,17,12,14,22,17,4,0,22,0,7,14,22,6,11,22,13,11,14,0,17,4,0,22,13,11,14,17,17,4,0,22,0,7,14,17,0,0,17,0,6,11,0,13,3,0,17,0,6,11,0,13,3,0,17,0,6,11,0
11,11,11,11,11,11,7,0,22,0,0,0,0,13,8,1,11,11,11,11,11,11,7,29,29,29,29,29,29,17,0,22,0,0,0,0,13,8,2,29,29,29,29,29,29,17,6,27,23,6,6,6,4,0,22,0,0,0,0,13,8,0,6,6,6,12,29,16,4,0,26,21,0,2,5,5,5,24,0,0,0,0,13,13,5,5,5,0,6,29,11,6,0,26,21,0,5,10,10,10,10,0,0,0,0,5,10,10,10,10,0,6,29,11,9,9,27,24,9,9,9,5,0,0,0,0,0,0,0,0,0,9,9,9,14,29,17,9,29,29,29,29,29,29,17,0,0,0,0,0,0,0,0,2,29,29,29,29,29,29,29,8,8,8,8,8,8,5,0,0,0,0,0,0,0,0,0,8,8,8,8,8,8,8,0,0,0,0,0,0,0,0,0,0,0,0,0,0,0,0,0,0,0,0,0,0,0,17,17,17,17,17,17,17,17,17,17,17,17,17,17,17,17,17,17,17,17,17,17,17,0,0,0,0,0,0,0,0,0,0,0,0,0,0,0,0,0,0,0,0,0,0,0,0,0,0,0,0,6,4,0,16,0,0,0,0,10,6,0,10,0,0,0,0,0,0,17,17,17,17,0,13,8,0,22,0,0,0,0,13,8,0,22,0,8,17,17,17,17,0,0,0,0,0,13,8,0,22,0,0,0,0,13,8,0,22,0,0,0,0,0,0,9,15,15,15,15,22,8,0,22,4,2,0,6,13,8,0,23,15,15,15,15,15,1,0,0,3,6,6,6,6,5,24,13,8,0,22,13,13,5,6,6,6,6,1,0,0,0,0,5,10,10,10,10,10,25,13,8,0,22,13,16,10,10,10,10,10,0,0,0,1,1,1,1,1,0,0,0,22,13,8,0,22,13,8,0,0,1,1,1,1,1,1,14,14,14,14,14,5,0,0,15,13,8,0,22,9,5,0,0,12,14,14,14,14,14,0,0,0,0,0,0,0,0,0,13,8,0,22,0,0,0,0,0,0,0,0,0,0,17,17,17,17,17,17,17,17,11,13,8,0,22,2,17,17,17,17,17,17,17,17,17,9,9,9,9,9,9,5,0,0,13,8,0,22,0,0,0,9,9,9,9,9,9,9,29,29,29,29,29,29,17,0,18,13,8,0,22,11,7,1,29,29,29,29,29,29,29
0,0,0,9,29,8,0,0,0,0,0,0,0,0,0,0,0,0,0,0,0,0,0,25,26,0,1,5,1,0,26,24,0,6,27,16,0,0,0,0,7,27,14,0,15,26,23,4,0,0,0,0,0,4,23,0,6,18,2,0,0,0,0,1,10,15,0,16,9,22,6,2,0,9,0,2,6,22,0,6,15,9,0,2,6,0,6,9,15,0,16,7,22,16,5,0,22,0,6,15,22,0,6,15,22,0,6,15,0,16,12,15,0,16,10,22,16,8,5,22,6,9,15,22,0,6,15,22,6,9,15,8,16,12,15,0,16,10,22,16,12,15,22,16,12,15,22,0,6,15,22,16,12,15,22,16,12,15,0,16,10,22,16,12,15,22,16,12,15,22,0,6,15,22,16,12,15,22,16,12,15,0,16,10,22,16,12,15,22,16,12,15,22,0,6,15,22,16,12,15,22,16,12,15,0,16,10,16,16,10,11,22,11,11,15,16,0,4,11,22,11,11,15,16,16,10,11,0,11,9,0,16,6,0,3,0,7,15,0,2,1,0,22,0,1,2,0,16,6,0,3,0,5,22,16,12,15,3,16,12,15,22,16,12,15,22,16,7,2,22,16,12,15,22,16,10,22,16,12,15,22,16,12,15,22,16,12,15,22,16,12,15,22,16,12,15,22,16,10,8,16,8,5,22,6,9,15,8,16,8,5,22,6,9,15,8,16,8,5,22,6,7,10,16,5,0,22,0,6,15,10,16,9,7,22,0,6,15,0,16,9,7,22,7,7,22,16,6,1,22,1,7,15,22,16,12,15,22,1,7,15,1,16,12,15,22,16,10,22,16,12,15,22,16,12,15,22,16,12,15,22,16,12,15,22,16,12,15,22,16,10,17,16,12,15,22,16,12,15,17,16,11,12,22,16,12,15,22,16,11,12,22,13,9,0,16,12,15,22,16,12,15,0,16,5,0,22,16,12,15,22,16,5,0,22,0,4,0,16,5,0,22,0,6,15,0,16,5,0,22,0,6,15,0,16,5,0,22,0,4,0,16,5,0,22,0,6,15,0,16,5,0,22,0,6,15,0,16,5,0,22,0,4,0,16,5,0,0,0,6,15,0,0,0,0,22,0,0,0,0,16,5,0,0,0,4,23,28,9,9,3,9,10,28,22,14,11,25,25,9,4,2,13,16,26,13,19,14,24
0,13,8,0,22,0,3,18,0,13,8,0,22,0,3,18,0,13,8,0,22,0,3,0,13,8,0,22,0,3,18,0,13,8,0,22,0,3,18,0,13,8,0,22,0,3,0,13,8,0,22,0,3,18,0,13,8,0,22,0,3,18,0,13,8,0,22,0,3,0,13,8,0,22,0,3,18,0,13,8,0,22,0,3,18,0,13,8,0,22,0,3,0,7,4,0,12,0,2,10,0,7,4,0,12,0,2,10,0,7,4,0,12,0,2,7,7,7,7,7,7,7,7,7,7,7,7,7,7,7,7,7,7,7,7,7,7,7,8,8,8,8,8,8,8,8,8,8,8,8,8,8,8,8,8,8,8,8,8,8,8,0,0,0,0,0,0,0,0,0,0,0,0,0,0,0,0,0,0,0,0,0,0,0,16,29,1,6,29,11,0,26,21,0,16,29,1,6,29,11,0,26,21,0,16,29,1,16,29,1,6,29,11,0,26,21,0,16,29,1,6,29,11,0,26,21,0,16,29,1,16,29,1,6,29,11,0,26,21,0,16,29,1,6,29,11,0,26,21,0,16,29,1,16,29,1,6,29,11,0,26,21,0,16,29,1,6,29,11,0,26,21,0,16,29,1,16,29,1,6,29,11,0,26,21,0,16,29,1,6,29,11,0,26,21,0,16,29,1,16,29,1,6,29,11,0,26,21,0,16,29,1,6,29,11,0,26,21,0,16,29,1,6,11,0,2,11,4,0,10,8,0,6,11,0,2,11,4,0,10,8,0,6,11,0,0,0,0,0,0,0,0,0,0,0,0,0,0,0,0,0,0,0,0,0,0,0,0,17,17,17,17,17,17,17,17,17,17,17,17,17,17,17,17,17,17,17,17,17,17,17,0,0,0,0,0,0,0,0,0,0,0,0,0,0,0,0,0,0,0,0,0,0,0,0,0,0,0,0,0,0,0,0,0,0,0,0,0,0,0,0,0,0,0,0,0,0,14,25,1,5,25,9,0,22,18,0,14,25,1,5,25,9,0,22,18,0,14,25,1,16,29,1,6,29,11,0,26,21,0,16,29,1,6,29,11,0,26,21,0,16,29,1,16,29,1,6,29,11,0,26,21,0,16,29,1,6,29,11,0,26,21,0,16,29,1,16,29,1,6,29,11,0,26,21,0,16,29,1,6,29,11,0,26,21,0,16,29,1
8,0,22,13,8,0,0,26,21,0,25,25,25,21,0,26,21,0,14,25,25,25,29,8,0,22,13,8,0,0,26,21,0,0,0,0,0,0,26,21,0,0,0,0,0,28,8,0,22,7,4,1,17,28,26,17,17,17,17,17,17,28,26,17,17,17,10,0,28,8,0,22,0,0,1,29,29,29,29,29,29,29,29,29,29,29,29,29,29,17,0,28,8,0,22,0,0,0,0,0,0,0,0,0,0,0,0,0,0,0,0,0,0,0,28,8,0,22,2,17,17,17,17,17,17,17,17,17,17,17,17,17,17,17,17,17,6,28,8,0,22,0,0,0,0,0,0,0,0,0,0,0,0,0,0,0,0,0,0,0,28,8,0,22,13,8,0,0,14,17,17,17,17,17,20,7,0,6,15,15,15,15,15,29,8,0,22,13,8,0,0,0,0,0,0,0,0,13,8,0,11,29,29,29,29,29,29,8,0,22,13,20,17,17,17,17,17,0,0,0,13,8,0,1,2,2,2,2,2,29,8,0,22,13,8,0,7,9,9,9,9,9,0,13,8,0,0,0,0,0,0,0,28,0,0,0,13,8,0,23,6,6,6,6,6,0,13,20,17,17,17,17,17,17,6,28,0,0,0,13,8,0,22,0,2,5,5,5,5,17,8,0,0,0,0,0,0,0,28,0,0,0,13,8,0,22,0,5,10,10,10,10,10,3,0,11,27,27,27,27,27,29,0,0,0,6,4,0,3,0,0,0,0,0,0,0,0,0,8,20,20,20,20,20,20,7,7,7,7,7,7,7,7,7,7,7,7,7,7,7,7,7,7,7,7,7,7,7,8,8,8,8,8,8,8,8,8,8,8,8,8,8,8,8,8,8,8,8,8,8,8,0,0,0,0,0,0,11,11,11,11,11,11,7,0,11,11,11,11,11,11,7,0,0,0,0,2,0,0,1,29,29,29,29,29,29,17,1,29,29,29,29,29,29,17,0,0,8,0,22,13,8,0,6,27,23,6,6,6,4,0,6,27,23,6,6,6,4,0,0,8,0,22,13,8,0,0,26,21,0,0,0,0,0,0,26,21,0,0,0,0,0,0,8,0,22,13,8,0,0,26,21,0,27,27,27,24,0,26,21,0,16,27,27,27,27,8,0,22,13,8,0,0,26,21,0,4,4,4,4,0,26,21,0,2,4,4,4,29
7,14,0,17,4,0,22,17,4,0,22,17,4,0,22,0,7,14,22,0,7,14,22,3,6,0,8,2,0,9,17,4,0,22,7,2,0,10,0,3,6,22,0,7,14,9,3,0,0,0,0,0,2,19,4,0,23,3,0,0,0,0,0,3,23,0,7,17,2,23,6,0,0,0,0,18,28,4,0,27,26,0,0,0,0,0,28,24,0,7,28,16,0,0,0,0,0,0,0,0,0,0,0,0,0,10,28,7,0,0,0,0,0,0,0,0,0,0,0,0,0,0,0,0,0,0,0,0,10,29,7,0,0,0,0,0,0,0,0,0,0,0,0,0,0,0,0,0,0,0,0,10,29,7,0,0,0,0,0,0,0,0,0,0,0,0,0,0,0,0,0,0,0,0,10,29,7,0,0,0,0,0,0,0,6,1,0,0,0,0,5,7,1,0,7,7,0,9,25,6,0,7,6,0,2,7,4,20,5,0,0,0,0,15,27,4,0,27,22,0,0,0,0,0,24,24,0,7,27,14,0,0,0,0,0,0,0,17,4,0,22,0,0,0,0,0,0,0,22,0,7,14,0,5,10,0,13,3,0,16,17,4,0,22,13,3,0,16,0,5,10,22,0,7,14,16,7,14,0,17,4,0,22,17,4,0,22,17,4,0,22,0,7,14,22,0,7,14,22,7,14,16,17,10,10,22,17,4,0,22,17,10,10,22,12,11,14,22,0,7,14,22,7,14,22,17,12,14,22,17,4,0,22,17,12,14,22,17,12,14,22,0,7,14,22,7,14,22,17,12,14,22,17,4,0,22,17,12,14,22,17,12,14,22,0,7,14,22,7,14,22,17,12,14,22,17,4,0,22,17,12,14,22,17,12,14,22,0,7,14,22,7,14,8,14,7,5,22,6,1,0,8,17,7,5,19,6,9,14,8,0,2,5,22,7,14,8,0,2,5,22,6,5,7,8,17,7,5,0,6,9,14,8,8,5,5,22,7,14,22,8,10,14,22,17,12,14,22,17,12,14,11,17,12,14,22,17,12,14,22,7,14,22,17,12,14,22,17,12,14,22,17,12,14,22,17,12,14,22,17,12,14,22,7,14,0,17,5,0,22,0,8,14,0,17,5,0,22,0,8,14,0,17,5,0,22,7,14,0,17,4,0,22,14,11,14,18,17,4,0,22,0,7,14,18,17,11,11,22
22,0,6,15,0,16,5,0,22,0,6,15,0,16,5,0,22,0,6,15,0,16,5,14,0,4,10,0,16,5,0,14,0,6,15,0,10,3,0,22,0,4,10,0,16,5,0,0,0,0,0,16,10,3,3,3,11,15,0,0,0,0,23,5,2,2,5,19,5,11,0,3,7,20,15,27,15,22,16,27,14,20,8,9,14,24,28,12,15,26,26,9,22,0,6,15,22,0,6,15,22,16,5,0,22,16,12,15,0,16,12,15,22,0,4,22,0,6,15,22,0,6,15,22,16,5,0,22,16,12,15,0,16,12,15,22,0,4,22,0,6,15,6,0,6,15,14,16,5,0,6,16,7,4,0,16,10,10,22,0,1,22,0,6,15,0,0,6,15,0,16,5,0,0,16,5,0,0,16,5,0,22,0,0,22,0,6,15,0,6,5,7,8,8,5,5,0,16,5,0,8,8,5,5,11,6,2,22,0,6,15,0,16,8,5,22,5,8,15,0,16,5,0,22,5,8,15,7,16,5,22,0,6,15,0,16,12,15,22,16,12,15,0,16,5,0,22,16,12,15,22,16,5,22,0,6,15,0,16,12,15,22,16,12,15,0,16,5,0,22,16,12,15,22,16,5,0,0,0,0,0,0,7,15,0,16,6,0,0,0,0,0,0,16,6,0,22,0,0,0,0,0,0,0,0,6,15,0,16,5,0,0,0,0,0,0,16,5,0,22,0,0,0,0,0,0,0,6,9,15,9,16,8,6,0,0,0,0,9,16,8,6,22,6,2,0,0,0,0,0,16,12,15,22,16,12,15,0,0,0,0,22,16,12,15,22,16,5,13,0,3,9,0,16,12,15,22,16,12,15,0,9,3,0,22,16,12,15,22,16,5,22,0,6,15,0,16,12,15,22,16,12,15,0,16,5,0,22,16,12,15,22,16,5,22,0,6,15,0,16,12,15,22,16,12,15,0,16,5,0,22,16,12,15,22,16,5,22,0,6,15,0,16,9,6,22,7,9,15,0,16,5,0,22,7,9,15,9,16,5,22,0,6,15,4,16,7,3,22,3,8,15,4,16,7,3,22,3,8,15,4,16,6,22,0,6,15,22,16,12,15,22,16,12,15,22,16,12,15,22,16,12,15,22,16,10,22,0,6,15,22,16,12,15,22,16,12,15,22,16,12,15,22,16,12,15,22,16,10
5,6,4,3,5,0,4,2,0,6,4,3,5,6,4,2,0,6,0,1,5,6,4,18,9,13,10,7,0,5,3,0,9,13,10,7,22,5,3,0,9,0,1,7,22,5,18,0,13,8,0,0,0,0,0,0,13,8,0,22,0,0,0,0,0,0,0,22,0,18,0,13,9,0,0,0,0,0,0,13,9,0,22,0,0,0,0,0,0,0,22,0,18,22,13,12,18,0,0,0,0,22,13,12,18,22,13,8,0,0,0,3,18,22,13,18,22,13,12,18,0,2,1,0,22,13,12,18,22,13,8,0,4,0,3,18,22,13,18,22,13,12,18,0,13,8,0,22,13,12,18,22,13,8,0,22,0,3,18,22,13,18,22,13,12,18,0,13,8,0,22,13,12,18,22,13,8,0,22,0,3,18,22,13,15,22,11,11,18,0,13,8,0,22,11,11,18,18,13,8,0,22,0,3,18,18,13,0,22,0,3,18,0,13,8,0,22,0,3,18,0,13,8,0,22,0,3,18,0,13,15,22,11,11,18,19,13,12,15,22,11,11,18,19,13,12,15,22,11,11,18,19,13,18,22,13,12,18,22,13,12,18,22,13,12,18,22,13,12,18,22,13,12,18,22,13,18,20,13,12,17,22,12,12,18,20,13,12,17,22,12,12,18,20,13,12,17,22,12,18,0,13,13,6,24,0,3,21,6,17,8,0,23,6,10,18,0,13,13,6,24,0,18,0,13,27,25,28,0,3,28,25,27,8,0,23,25,26,18,0,13,27,25,28,0,18,0,13,8,0,22,0,3,18,0,13,8,0,22,0,3,18,0,13,8,0,22,0,18,0,13,8,0,22,0,3,18,0,13,8,0,22,0,3,18,0,13,8,0,22,0,18,0,13,8,0,22,0,3,18,0,13,8,0,22,0,3,18,0,13,8,0,22,0,18,0,13,8,0,22,0,3,18,0,13,8,0,22,0,3,18,0,13,8,0,22,0,18,0,13,8,0,22,0,3,18,0,13,8,0,22,0,3,18,0,13,8,0,22,0,10,0,7,5,0,13,0,2,10,0,7,5,0,13,0,2,10,0,7,5,0,13,0,6,6,6,6,6,6,6,6,6,6,6,6,6,6,6,6,6,6,6,6,6,6,6,9,9,9,9,9,9,9,9,9,9,9,9,9,9,9,9,9,9,9,9,9,9,9
22,13,12,18,22,13,12,18,22,13,12,18,22,13,12,18,22,13,12,18,22,13,12,9,13,10,8,22,6,7,18,9,13,10,8,22,6,7,18,9,13,10,8,22,6,7,0,13,8,0,22,0,3,18,0,13,8,0,22,0,3,18,0,13,8,0,22,0,3,0,13,8,0,22,0,3,18,0,13,8,0,22,0,3,18,0,13,8,0,22,0,3,0,13,8,0,22,0,3,18,0,13,8,0,22,0,3,18,0,13,8,0,22,0,3,0,13,8,0,22,0,3,18,0,13,8,0,22,0,3,18,0,13,8,0,22,0,3,0,7,5,0,13,0,2,10,0,7,5,0,13,0,2,10,0,7,5,0,13,0,2,7,7,7,7,7,7,7,7,7,7,7,7,7,7,7,7,7,7,7,7,7,7,7,8,8,8,8,8,8,8,8,8,8,8,8,8,8,8,8,8,8,8,8,8,8,8,11,11,3,0,9,11,11,7,0,5,11,11,11,0,1,11,11,11,3,0,9,11,11,20,25,8,0,23,20,22,18,0,13,23,20,27,0,3,26,20,25,8,0,23,20,22,9,13,8,0,22,5,7,18,0,13,10,7,22,0,3,18,9,13,8,0,22,5,7,22,10,6,0,22,13,11,13,0,13,12,18,16,0,3,18,22,10,6,0,22,13,11,22,0,0,0,22,13,8,0,0,13,12,18,0,0,3,18,22,0,0,0,22,13,8,23,17,16,0,22,13,21,17,4,13,12,25,17,10,3,18,23,17,16,0,22,13,21,11,14,13,0,22,6,14,14,3,13,10,14,14,8,3,18,11,14,13,0,22,6,14,13,13,4,0,23,13,13,8,0,13,18,13,13,0,3,24,13,13,4,0,23,13,13,18,24,8,0,23,18,20,18,0,13,22,18,26,0,3,25,18,24,8,0,23,18,20,3,13,9,2,22,1,5,18,3,13,9,2,22,1,5,18,3,13,9,2,22,1,5,22,13,12,18,22,13,12,18,22,13,12,18,22,13,12,18,22,13,12,18,22,13,12,22,13,12,18,22,13,12,18,22,13,12,18,22,13,12,18,22,13,12,18,22,13,12,22,13,12,18,22,13,12,18,22,13,12,18,22,13,12,18,22,13,12,18,22,13,12,17,13,12,14,22,10,10,18,17,13,12,14,22,10,10,18,17,13,12,14,22,10,10
3,15,2,0,2,19,0,1,3,15,2,10,8,1,0,12,9,0,22,0,0,1,18,2,19,0,0,2,19,0,0,2,19,0,12,9,0,0,12,9,0,22,0,0,0,22,11,19,0,7,8,19,13,0,2,19,21,12,9,0,13,12,9,0,22,7,5,0,22,11,19,0,12,12,19,22,0,2,19,22,12,9,0,22,12,9,0,22,12,9,0,22,11,21,5,12,12,19,22,2,8,19,22,12,13,3,22,12,9,0,22,12,10,5,24,10,26,29,8,6,3,14,12,27,17,19,11,27,19,14,2,1,0,4,8,9,28,26,0,0,22,0,0,0,0,12,9,0,0,0,2,19,0,0,0,0,0,0,2,19,0,8,0,22,0,2,17,0,12,9,0,20,0,2,19,0,11,8,0,20,0,2,19,0,8,0,22,0,2,19,0,12,9,0,22,0,2,19,0,12,9,0,22,0,2,19,0,8,0,22,12,12,19,22,12,9,0,22,0,2,19,22,12,9,0,22,12,12,19,0,11,14,22,12,12,19,22,12,12,14,22,9,10,19,22,12,9,0,22,12,12,19,16,11,19,22,12,12,19,22,12,12,19,22,12,12,19,22,12,9,0,22,12,12,19,22,11,19,22,1,4,19,3,12,12,19,22,12,12,19,3,12,9,0,22,1,4,19,22,10,9,22,0,2,19,0,12,11,9,22,6,7,19,0,12,9,0,22,0,2,19,11,9,6,22,4,6,19,7,12,10,6,22,4,6,19,7,12,9,0,22,4,6,19,7,11,19,22,12,12,19,22,12,12,19,22,12,12,19,22,12,9,0,22,12,12,19,22,11,19,22,12,10,3,22,12,12,19,22,12,12,19,22,2,1,0,4,12,12,19,22,1,1,22,0,1,2,1,12,10,1,4,0,3,19,1,1,1,0,3,0,3,19,1,1,13,22,8,9,19,15,12,11,13,0,8,9,19,15,12,9,0,22,8,9,19,15,2,19,22,12,12,19,22,12,12,19,0,12,12,19,22,12,9,0,22,12,12,19,22,2,19,22,12,12,19,22,12,12,19,0,12,12,19,22,12,9,0,22,12,12,19,22,2,19,22,12,12,19,22,12,12,19,0,12,12,19,22,12,9,0,22,12,12,19,22,2,19,22,5,7,19,9,12,12,19,0,12,12,19,9,12,9,0,22,5,7,19,22
18,0,13,8,0,22,6,7,18,9,13,8,0,22,0,3,18,9,13,10,8,22,0,18,4,13,9,3,22,2,5,18,4,13,9,3,22,2,5,18,4,13,9,3,22,2,18,22,13,12,18,22,13,12,18,22,13,12,18,22,13,12,18,22,13,12,18,22,13,18,22,13,12,18,22,13,12,18,22,13,12,18,22,13,12,18,22,13,12,18,22,13,10,22,7,8,18,12,13,11,10,22,7,8,18,12,13,11,10,22,7,8,18,12,13,17,26,0,3,25,17,23,8,0,23,17,19,18,0,13,21,17,26,0,3,25,17,23,14,25,0,3,24,14,21,8,0,23,14,16,18,0,13,19,14,25,0,3,24,14,21,0,22,0,3,18,0,13,8,0,22,0,3,18,0,13,8,0,22,0,3,18,0,13,0,22,0,3,18,0,13,8,0,22,0,3,18,0,13,8,0,22,0,3,18,0,13,0,22,0,3,18,0,13,8,0,22,0,3,18,0,13,8,0,22,0,3,18,0,13,0,22,0,3,18,0,13,8,0,22,0,3,18,0,13,8,0,22,0,3,18,0,13,0,22,0,3,18,0,13,8,0,22,0,3,18,0,13,8,0,22,0,3,18,0,13,0,4,0,0,3,0,2,1,0,4,0,0,3,0,2,1,0,4,0,0,3,0,2,17,17,17,17,17,17,17,17,17,17,17,17,17,17,17,17,17,17,17,17,17,17,17,0,0,0,0,0,0,0,0,0,0,0,0,0,0,0,0,0,0,0,0,0,0,0,2,10,4,0,9,8,0,6,10,0,2,10,4,0,9,8,0,6,10,0,2,10,4,6,29,11,0,26,21,0,16,29,1,6,29,11,0,26,21,0,16,29,1,6,29,11,6,29,11,0,26,21,0,16,29,1,6,29,11,0,26,21,0,16,29,1,6,29,11,6,29,11,0,26,21,0,16,29,1,6,29,11,0,26,21,0,16,29,1,6,29,11,6,29,11,0,26,21,0,16,29,1,6,29,11,0,26,21,0,16,29,1,6,29,11,6,29,11,0,26,21,0,16,29,1,6,29,11,0,26,21,0,16,29,1,6,29,11,6,29,11,0,26,21,0,16,29,1,6,29,11,0,26,21,0,16,29,1,6,29,11,0,1,0,0,1,1,0,1,1,0,0,1,0,0,1,1,0,1,1,0,6,29,11
3,12,12,12,12,12,12,12,12,12,12,12,12,12,12,12,12,12,12,12,12,12,3,1,3,3,3,3,3,3,3,3,3,3,3,3,3,3,3,3,3,3,3,3,3,1,0,0,0,0,14,17,17,17,17,17,14,0,14,17,17,17,17,17,14,0,0,0,0,0,0,0,0,25,29,29,29,29,29,25,0,25,29,29,29,29,29,25,0,3,3,2,0,0,0,0,1,1,1,1,29,19,1,0,1,1,1,1,29,19,1,0,16,12,7,0,1,2,2,2,2,0,0,29,18,0,2,2,2,2,0,29,18,0,0,16,12,7,0,11,29,29,29,29,9,0,29,18,3,29,29,29,22,0,29,18,0,0,16,12,7,0,11,20,0,0,0,0,0,29,18,0,0,0,0,0,0,29,18,0,0,16,12,7,0,11,20,0,10,12,12,12,29,23,12,12,12,12,12,12,29,23,10,0,11,11,7,0,11,20,0,25,29,29,29,29,29,29,29,29,29,29,29,29,29,25,0,0,6,7,0,11,20,0,4,5,5,5,5,5,5,5,5,5,5,5,5,5,4,0,0,6,7,0,11,20,10,17,17,17,17,17,17,17,17,17,17,17,17,17,17,17,17,15,6,7,0,11,20,0,0,0,0,0,0,0,0,0,0,0,0,0,0,0,0,0,0,6,7,0,11,24,10,10,10,10,10,1,0,10,17,17,17,17,17,17,10,0,0,13,11,7,0,11,29,29,29,29,29,29,4,0,16,5,0,0,0,0,0,0,0,0,16,12,7,0,11,23,7,7,7,7,7,1,0,16,5,0,0,3,14,14,14,14,14,23,12,7,0,11,20,0,0,0,0,0,0,0,16,5,1,4,5,6,6,6,4,1,17,12,7,0,11,20,11,17,17,17,17,17,17,24,5,3,11,11,11,11,16,15,0,16,7,1,0,11,20,0,0,0,0,0,0,0,16,6,0,0,0,0,0,6,15,0,16,5,0,0,11,27,22,22,22,22,22,3,0,9,15,15,15,15,15,4,6,15,0,16,5,0,0,10,25,25,25,25,25,25,4,0,0,0,0,0,0,0,0,2,5,0,10,3,0,0,2,2,2,2,2,2,2,2,2,2,2,2,2,2,2,2,2,2,2,2,2,0,3,13,13,13,13,13,13,13,13,13,13,13,13,13,13,13,13,13,13,13,13,13,3
18,11,13,10,9,22,6,8,18,11,13,10,9,22,6,8,18,11,13,10,9,22,6,18,22,13,12,18,22,13,12,18,22,13,12,18,22,13,12,18,22,13,12,18,22,13,18,22,13,12,18,22,13,12,18,22,13,12,18,22,13,12,18,22,13,12,18,22,13,4,22,3,6,18,5,13,9,4,22,3,6,18,5,13,9,4,22,3,6,18,5,13,0,22,5,7,18,9,13,8,0,22,0,3,18,9,13,10,7,22,0,3,18,0,13,0,22,13,12,18,22,13,8,0,22,0,3,18,22,13,12,18,22,0,3,18,0,13,0,22,13,12,18,22,13,8,0,22,0,3,18,22,13,12,18,22,0,3,18,0,13,0,22,13,12,18,22,13,8,0,14,0,3,18,22,13,12,18,22,0,2,12,0,13,0,22,13,12,18,22,13,8,0,0,0,3,18,22,13,12,18,22,0,0,0,0,13,0,10,13,10,8,22,6,4,0,0,0,1,8,22,6,8,18,10,0,0,0,0,6,0,0,13,8,0,22,0,0,0,0,0,0,0,22,0,3,18,0,0,0,0,0,0,0,0,13,8,0,22,0,0,0,0,0,0,0,22,0,3,18,0,0,0,0,0,0,0,22,13,12,18,22,13,8,0,22,0,3,18,22,13,12,18,22,0,3,18,0,13,0,22,13,12,18,22,13,8,0,22,0,3,18,22,13,12,18,22,0,3,18,0,13,0,22,5,7,18,8,13,8,0,22,0,3,18,8,13,10,6,22,0,3,18,0,13,0,9,6,5,8,10,6,3,0,22,0,1,8,10,6,5,8,9,0,3,18,0,6,0,0,13,8,0,22,0,0,0,22,0,0,0,22,0,3,18,0,0,3,18,0,0,4,0,13,11,11,22,0,0,4,22,3,2,0,22,8,9,18,0,3,6,18,5,0,18,0,13,12,18,22,0,3,18,22,13,8,0,22,13,12,18,0,13,12,18,22,0,18,0,13,12,18,22,0,3,18,22,13,8,0,22,13,12,18,0,13,12,18,22,0,18,20,27,12,18,23,25,11,18,12,13,12,25,28,13,12,28,25,13,10,10,22,12,0,23,6,2,3,5,17,8,0,0,0,3,21,6,2,2,6,24,0,0,0,0,13,0,22,0,2,10,0,13,8,0,13,0,3,18,0,7,5,0,22,0,2,10,0,13
7,15,25,4,13,8,0,22,6,29,11,0,13,8,26,21,13,8,0,16,29,1,0,17,22,22,10,13,8,0,22,6,29,11,0,13,8,26,21,13,8,0,16,29,1,0,0,0,0,0,5,3,0,8,6,29,11,0,5,3,26,21,5,3,0,16,29,1,0,0,0,0,0,4,27,27,27,28,29,28,16,2,27,29,29,26,0,21,29,29,28,7,0,0,0,0,3,20,20,20,20,20,20,12,2,20,20,20,19,0,16,20,20,20,5,7,7,7,7,7,7,7,7,7,7,7,7,7,7,7,7,7,7,7,7,7,7,7,8,8,8,8,8,8,8,8,8,8,8,8,8,8,8,8,8,8,8,8,8,8,8,11,11,11,11,11,0,0,0,0,0,9,11,11,11,11,11,11,11,11,11,11,11,4,4,4,4,4,4,0,0,0,4,9,14,14,14,14,14,11,4,4,4,4,4,4,1,0,12,0,0,0,0,0,0,13,13,6,6,6,6,6,4,0,0,7,4,0,0,0,0,22,0,0,0,0,0,0,13,8,0,2,12,0,0,0,0,0,13,8,0,0,0,0,22,0,0,0,0,0,0,13,8,0,3,18,0,0,0,0,0,13,8,0,0,0,0,16,0,0,0,0,0,0,13,8,0,2,13,0,0,0,0,0,10,6,0,0,0,15,15,15,15,15,15,10,0,13,8,0,7,15,15,15,15,15,15,15,15,15,15,15,14,14,14,14,14,5,18,0,13,8,11,14,14,14,14,14,14,14,14,14,14,14,6,2,2,2,2,2,4,18,0,13,8,2,23,2,2,2,2,2,2,2,2,2,2,1,17,17,17,17,6,3,18,0,13,8,0,22,0,8,17,17,17,17,17,17,17,11,0,0,0,0,0,0,3,18,0,13,8,0,22,0,0,0,0,0,0,0,0,0,0,0,13,13,13,13,13,4,18,0,13,8,0,23,13,13,13,13,13,13,13,13,13,13,5,2,2,2,2,2,4,18,0,13,8,9,14,14,14,7,2,2,2,2,2,2,2,1,0,16,0,0,0,3,18,0,13,8,4,5,16,12,1,0,0,0,5,3,0,0,0,0,22,0,0,0,3,18,0,13,8,0,22,13,8,0,0,0,0,13,8,0,0,0,0,22,0,0,0,3,18,0,13,8,0,22,13,8,0,0,0,0,13,8,0,0,0
21,0,16,29,1,6,29,11,0,26,21,0,16,29,1,6,29,11,0,0,22,13,8,21,0,16,29,1,6,29,11,0,26,21,0,16,29,1,6,29,11,0,0,22,13,8,21,0,16,29,1,6,29,11,0,26,21,0,16,29,1,0,1,0,0,0,9,13,8,21,0,11,19,1,4,19,7,0,26,21,0,11,19,1,0,0,0,5,5,5,17,8,21,0,0,0,0,0,0,0,0,26,21,0,0,0,0,0,0,1,10,10,10,10,3,21,0,0,0,0,0,0,0,0,26,21,0,0,0,0,0,0,0,0,14,17,17,17,21,0,0,6,7,7,7,2,0,26,21,0,3,7,7,7,7,7,7,7,7,7,7,21,0,0,7,8,8,8,3,0,26,21,0,4,8,8,8,8,8,8,8,8,8,8,21,0,0,0,0,0,0,0,0,26,21,0,0,0,0,0,0,14,19,19,19,5,14,21,0,0,0,0,0,0,0,0,26,21,0,0,0,0,0,0,21,29,29,29,7,16,21,0,16,28,1,6,28,11,0,26,21,0,16,28,1,0,0,2,16,29,2,2,16,21,0,16,29,1,6,29,11,0,26,21,0,16,29,1,0,3,18,16,29,5,18,16,21,0,16,29,1,6,29,11,0,26,21,0,16,29,1,0,3,18,16,29,5,18,16,21,0,16,29,1,6,29,11,0,26,21,0,16,29,1,0,3,15,16,29,5,15,16,21,0,14,25,1,6,25,10,0,26,21,0,14,25,1,0,0,6,20,29,9,7,20,21,0,0,0,0,0,0,0,0,10,8,0,0,0,0,0,0,25,29,29,29,29,29,21,0,0,0,0,0,0,0,0,0,0,0,0,0,0,0,0,9,10,10,10,10,10,21,0,0,14,17,17,17,6,0,26,21,0,8,17,17,17,17,17,17,17,17,17,17,21,0,0,0,0,0,0,0,0,26,21,0,0,0,0,0,0,0,0,0,0,0,0,21,0,6,10,0,2,10,4,0,26,21,0,0,0,14,29,29,29,29,29,29,11,0,21,0,16,29,1,6,29,11,0,26,21,0,0,0,9,21,29,23,18,21,29,11,0,21,0,16,29,1,6,29,11,0,26,21,0,0,0,10,6,29,11,10,6,29,11,0,21,0,16,29,1,6,29,11,0,26,21,0,0,0,22,6,29,11,22,6,29,11,0
13,12,18,22,13,12,18,22,13,12,18,22,13,12,18,22,13,12,18,22,0,0,25,6,7,18,9,13,10,8,22,6,7,18,9,13,10,8,22,6,7,18,9,0,0,0,0,3,18,0,13,8,0,22,0,3,18,0,13,8,0,22,0,3,18,0,0,0,13,0,3,18,0,13,8,0,22,0,3,18,0,13,8,0,22,0,3,18,0,0,0,26,0,3,18,0,13,8,0,22,0,3,18,0,13,8,0,22,0,3,18,0,0,0,26,0,3,18,0,13,8,0,22,0,3,18,0,13,8,0,22,0,3,18,0,0,0,26,0,2,10,0,7,5,0,13,0,2,10,0,7,5,0,13,0,2,10,0,0,0,26,7,7,7,7,7,7,7,7,7,7,7,7,7,7,7,7,7,7,7,5,0,0,26,8,8,8,8,8,8,8,8,8,8,8,8,8,8,8,8,8,8,8,6,0,0,26,11,11,7,0,5,11,11,11,0,1,11,11,11,3,0,9,11,11,7,0,0,0,26,20,22,18,0,13,23,20,27,0,3,26,20,25,8,0,23,20,22,18,0,0,0,26,5,7,18,0,13,10,7,22,0,3,18,9,13,8,0,22,5,7,18,0,0,0,26,13,11,13,0,13,12,18,16,0,3,18,22,10,6,0,22,13,11,13,0,0,0,26,13,8,0,0,13,12,18,0,0,3,18,22,0,0,0,22,13,8,0,0,0,0,26,13,21,17,4,13,12,25,17,10,3,18,23,17,16,0,22,13,21,17,4,0,0,26,6,14,14,3,13,10,14,14,8,3,18,11,14,13,0,22,6,14,14,3,0,0,26,13,13,8,0,13,18,13,13,0,3,24,13,13,4,0,23,13,13,8,0,0,0,26,18,20,18,0,13,22,18,26,0,3,25,18,24,8,0,23,18,20,18,0,0,0,26,1,5,18,3,13,9,2,22,1,5,18,3,13,9,2,22,1,5,18,3,0,0,26,13,12,18,22,13,12,18,22,13,12,18,22,13,12,18,22,13,12,18,22,0,0,26,13,12,18,22,13,12,18,22,13,12,18,22,13,12,18,22,13,12,18,22,0,0,26,13,12,18,22,13,12,18,22,13,12,18,22,13,12,18,22,13,12,18,22,0,0,26,10,10,18,17,13,12,14,22,10,10,18,17,13,12,14,22,10,10,18,17,0,0,26
3,17,17,17,17,17,17,17,17,17,17,17,14,0,0,0,0,22,25,0,12,29,5,0,0,0,0,0,0,0,0,0,0,0,0,0,0,0,0,0,22,25,0,12,29,5,4,8,5,21,21,21,21,21,21,8,0,0,0,1,10,5,0,22,25,0,12,29,5,5,10,7,27,29,28,26,26,26,10,0,0,0,2,29,15,0,22,25,0,12,29,5,0,0,0,2,29,15,0,0,0,0,0,0,0,2,29,15,0,22,25,0,12,29,5,1,7,5,2,29,15,0,6,7,7,7,7,0,2,29,15,0,22,25,0,12,29,5,4,25,16,2,29,15,0,20,25,25,25,27,0,2,29,15,0,22,25,0,12,29,5,0,0,0,2,29,15,0,0,0,0,4,27,0,2,29,15,0,22,25,0,12,29,5,3,17,17,19,29,24,17,17,17,7,4,27,0,2,29,15,0,22,25,0,12,29,5,5,29,29,29,29,29,29,29,29,11,4,27,0,2,29,15,0,13,15,0,7,17,3,0,0,0,0,0,0,0,0,0,0,4,27,0,2,29,15,0,0,0,0,0,0,0,3,17,17,17,17,17,17,17,17,17,7,27,0,2,29,15,0,19,21,0,10,25,4,0,0,0,0,0,0,0,0,0,0,4,27,0,2,29,15,0,22,25,0,12,29,5,3,17,21,2,0,9,15,15,15,15,18,27,0,2,29,15,0,22,25,0,12,29,5,0,0,19,2,0,17,29,29,29,29,29,27,0,2,29,15,0,22,25,0,12,29,5,0,0,19,2,0,1,2,2,2,2,7,27,0,2,29,15,0,22,25,0,12,29,5,0,0,19,2,0,0,0,0,0,0,4,27,0,2,29,15,0,22,25,0,12,29,5,0,0,19,18,17,17,17,17,17,17,8,27,0,2,29,15,0,22,25,0,12,29,5,1,5,21,2,0,0,0,0,0,0,4,27,0,1,19,10,0,22,25,0,12,29,5,2,10,10,1,0,16,27,27,27,27,28,27,0,0,0,0,0,22,25,0,12,29,5,0,0,0,0,0,12,20,20,20,20,20,19,0,0,0,0,0,22,25,0,12,29,5,1,7,7,7,7,7,7,7,7,7,7,7,6,0,0,0,0,22,25,0,12,29,5,1,8,8,8,8,8,8,8,8,8,8,8,7,0,0,0,0,22,25,0,12,29,5
0,15,6,29,11,0,9,5,26,21,9,5,0,16,29,4,12,0,6,29,11,15,0,0,22,6,29,11,0,13,8,26,21,13,8,0,16,29,5,18,0,6,29,11,22,0,0,16,6,29,11,0,9,6,26,21,9,6,0,16,29,4,13,0,6,29,11,16,0,19,19,22,29,23,19,19,19,28,27,19,19,19,25,29,20,19,19,22,29,23,11,0,28,28,28,28,28,28,28,28,28,28,28,28,28,28,28,28,28,28,28,28,28,17,0,0,0,0,0,0,0,0,0,0,0,0,0,0,0,0,0,0,0,0,0,0,0,0,0,0,0,0,0,0,0,0,0,0,0,0,0,0,0,0,0,0,0,0,0,0,0,17,17,17,17,17,17,17,17,17,17,17,17,17,17,17,17,17,17,17,17,17,17,17,17,17,17,17,17,17,17,17,17,17,17,17,17,17,17,17,17,17,17,17,17,17,17,14,14,14,19,26,14,14,14,14,14,14,19,26,14,14,14,14,14,14,19,26,14,14,0,0,0,8,23,0,2,1,0,0,0,8,23,0,2,1,0,0,0,8,23,0,2,0,2,0,9,23,9,13,8,0,2,0,9,23,9,13,8,0,2,0,9,23,9,13,0,22,10,14,23,16,13,8,0,22,10,14,23,16,13,8,0,22,10,14,23,16,13,0,22,10,14,23,16,13,8,0,22,10,14,23,16,13,8,0,22,10,14,23,16,13,0,1,10,14,23,6,13,8,0,1,10,14,23,6,13,8,0,1,10,14,23,6,13,0,0,0,11,23,0,13,8,0,0,0,11,23,0,13,8,0,0,0,11,23,0,13,0,0,4,28,23,0,0,0,0,0,4,28,23,0,0,0,0,0,4,28,23,0,0,7,7,7,7,7,7,7,7,7,7,7,7,7,7,7,7,7,7,7,7,7,7,7,8,8,8,8,8,8,8,8,8,8,8,8,8,8,8,8,8,8,8,8,8,8,8,0,0,0,0,0,0,0,0,16,19,19,19,19,19,18,0,15,19,19,19,5,8,19,5,0,0,0,0,0,0,0,24,28,28,28,29,29,27,0,22,29,29,29,7,12,29,11,0,0,0,0,0,0,1,6,0,4,2,26,21,0,1,6,16,29,3,6,0,6,11,0,0,9,21,21,17,3,18,0,13,8,26,21,0,3,18,16,29,5,18,0,6
12,18,22,13,12,18,0,13,12,18,22,13,8,0,16,29,1,0,0,0,0,0,0,12,18,22,13,12,18,0,13,12,18,22,13,8,0,16,29,1,0,8,17,17,17,17,2,9,0,13,9,0,0,0,4,18,0,6,4,0,16,29,1,0,0,0,0,0,0,6,0,16,13,11,13,19,9,10,18,16,0,0,0,16,29,1,0,0,0,0,0,0,12,15,22,13,12,18,22,13,12,18,22,11,7,0,16,29,1,2,8,3,0,8,6,10,18,16,13,11,13,22,9,10,18,16,13,8,0,16,29,1,6,29,11,0,26,21,3,18,0,13,9,2,22,1,5,18,0,13,8,0,16,29,1,6,29,11,0,26,21,3,18,0,13,12,18,22,13,12,18,0,13,8,0,16,29,1,6,29,11,0,26,21,10,18,16,13,12,18,22,13,12,18,16,13,8,0,16,29,1,6,29,11,0,26,21,12,18,22,13,12,18,22,13,12,18,22,13,8,0,9,15,1,3,15,6,0,14,11,12,18,22,13,9,1,22,1,4,18,22,13,8,0,0,0,0,0,0,0,0,0,0,6,18,7,13,8,0,22,0,3,18,7,13,8,0,0,0,0,0,0,0,0,0,0,3,18,0,13,8,0,22,0,3,18,0,13,8,0,0,0,0,14,17,17,17,17,17,1,5,0,13,8,0,6,0,3,18,0,4,2,0,0,0,0,0,0,0,0,0,0,2,0,5,13,20,10,11,7,17,18,5,0,0,0,11,20,1,4,20,8,0,18,15,12,15,22,7,18,18,22,13,20,10,22,11,7,0,16,29,1,6,29,11,0,26,21,12,18,22,0,3,18,22,13,8,0,22,13,8,0,16,29,1,6,29,11,0,26,21,12,18,21,0,3,18,22,13,8,0,21,13,8,0,16,29,1,6,29,11,0,26,21,3,18,0,0,3,18,6,13,8,0,0,13,8,0,16,29,1,6,29,11,0,26,21,3,18,0,0,3,18,0,13,8,0,0,13,8,0,16,29,1,6,29,11,0,26,21,3,18,0,9,6,3,16,2,4,13,0,13,8,0,12,21,1,5,21,8,0,19,16,3,18,0,13,11,12,22,9,9,18,0,13,8,0,0,0,0,0,0,0,0,0,0,3,18,0,13,12,18,22,13,12,18,0,13,8,0,0,1,7,7,7,7,7,7,7
0,0,0,0,0,0,0,0,19,12,0,0,0,0,0,0,0,0,0,0,0,0,0,0,0,17,17,17,17,17,0,19,12,0,0,14,17,17,17,17,17,17,0,0,0,0,0,0,0,0,0,0,0,0,19,12,0,0,0,0,0,0,0,0,0,0,0,0,0,0,0,21,21,21,21,21,10,19,12,0,0,0,0,0,0,0,0,0,0,0,0,0,0,0,13,14,14,14,14,9,21,12,0,0,6,25,9,0,23,17,0,14,25,0,0,0,0,21,28,28,28,28,28,29,12,0,0,7,29,10,0,27,20,0,17,29,0,0,0,0,0,0,0,0,5,3,19,12,0,0,7,29,10,0,27,20,0,17,29,0,0,0,0,0,0,0,0,14,7,19,12,0,0,7,29,10,0,27,20,0,17,29,0,0,0,0,0,0,0,0,14,7,19,12,0,0,7,29,10,0,27,20,0,17,29,0,0,0,0,1,1,1,1,2,2,20,12,0,0,0,0,0,0,0,0,0,0,0,0,0,0,0,29,29,29,29,29,29,29,12,0,0,0,0,0,0,0,0,0,0,0,0,0,0,0,0,0,0,0,0,0,0,0,0,0,0,0,0,0,0,0,0,0,0,0,0,0,0,17,17,17,17,17,17,17,11,0,0,14,17,17,17,17,17,17,0,0,0,0,0,0,9,9,9,9,9,5,0,0,0,0,0,0,0,0,0,0,0,0,0,0,0,0,0,29,29,29,29,29,16,0,0,0,0,0,0,0,0,0,0,0,0,0,0,0,0,0,28,23,8,8,8,5,0,11,18,0,5,18,6,0,17,13,0,11,18,0,0,0,0,27,20,3,27,27,15,0,17,29,0,7,29,10,0,27,20,0,17,29,0,0,0,0,27,20,0,4,4,2,0,17,29,0,7,29,10,0,27,20,0,17,29,0,0,0,0,27,20,0,0,0,0,0,17,29,0,7,29,10,0,27,20,0,17,29,0,0,0,0,29,27,21,21,21,12,0,17,29,0,7,29,10,0,27,20,0,17,29,0,0,0,0,26,26,26,26,26,15,0,3,5,0,1,5,2,0,5,4,0,3,5,0,0,0,0,0,0,0,0,0,0,0,0,0,0,0,0,0,0,0,0,0,0,0,0,0,0,0,7,7,7,7,7,7,7,7,7,7,7,7,7,7,7,7,7,0,0,0,0
18,12,18,0,7,10,18,22,0,5,7,24,13,8,2,7,18,12,18,0,7,10,18,25,11,18,0,25,25,15,22,0,17,25,24,13,8,9,25,25,11,18,0,25,25,15,3,7,18,0,1,3,3,23,0,0,3,3,16,8,0,3,3,7,18,0,1,3,3,28,29,18,0,13,29,28,28,0,3,29,28,29,8,0,23,28,29,18,0,13,29,28,0,3,18,0,13,8,0,22,0,3,18,0,13,8,0,22,0,3,18,0,13,8,0,11,11,18,18,13,12,15,22,11,11,18,18,13,12,15,22,11,11,18,18,13,12,15,13,12,18,22,13,12,18,22,13,12,18,22,13,12,18,22,13,12,18,22,13,12,18,13,12,18,22,13,12,18,22,13,12,18,22,13,12,18,22,13,12,18,22,13,12,18,13,12,18,22,13,12,18,22,13,12,18,22,13,12,18,22,13,12,18,22,13,12,18,1,4,18,2,13,9,1,22,1,4,18,2,13,9,1,22,1,4,18,2,13,9,1,0,3,18,0,13,8,0,22,0,3,18,0,13,8,0,22,0,3,18,0,13,8,0,0,3,18,0,13,8,0,22,0,3,18,0,13,8,0,22,0,3,18,0,13,8,0,0,3,18,0,13,8,0,22,0,3,18,0,13,8,0,22,0,3,18,0,13,8,0,0,3,18,0,13,8,0,22,0,3,18,0,13,8,0,22,0,3,18,0,13,8,0,0,0,4,0,3,2,0,5,0,0,4,0,3,2,0,5,0,0,4,0,3,2,0,17,17,17,17,17,17,17,17,17,17,17,17,17,17,17,17,17,17,17,17,17,17,17,0,0,0,0,0,0,0,0,0,0,0,0,0,0,0,0,0,0,0,0,0,0,0,21,21,13,0,10,21,21,21,0,2,21,21,21,6,0,17,21,21,13,0,10,21,21,10,13,18,0,13,16,10,25,0,3,23,10,19,8,0,23,10,13,18,0,13,16,10,10,10,18,0,13,11,13,22,0,3,18,16,13,8,0,22,10,10,18,0,13,11,13,13,10,7,0,13,12,18,9,0,3,18,22,5,3,0,22,13,10,7,0,13,12,18,13,8,0,0,13,12,18,0,0,3,18,22,0,0,0,22,13,8,0,0,13,12,18,13,28,27,6,13,12,29,27,15,3,18,23,27,25,0,22,13,28,27,6,13,12,29
0,0,25,25,25,25,25,25,28,12,0,0,2,10,4,0,10,7,0,6,10,0,0,0,0,0,0,0,0,0,0,19,12,0,0,7,29,10,0,27,20,0,17,29,0,0,0,0,6,12,25,25,25,14,19,12,0,0,7,29,10,0,27,20,0,17,29,0,0,0,0,5,10,24,29,25,13,19,12,0,0,7,29,10,0,27,20,0,17,29,0,0,0,0,0,0,7,29,10,0,19,12,0,0,7,29,10,0,27,20,0,17,29,0,0,0,0,19,19,22,29,23,11,19,12,0,0,7,29,10,0,27,20,0,17,29,0,0,0,0,28,28,28,28,28,16,19,12,0,0,7,29,10,0,27,20,0,17,29,0,0,0,0,0,0,0,0,0,0,19,12,0,0,0,1,0,0,1,1,0,1,1,0,0,0,0,0,0,0,0,0,0,19,12,0,0,0,0,0,0,0,0,0,0,0,0,0,0,0,17,17,17,17,17,0,19,12,0,0,14,17,17,17,17,17,17,0,0,0,0,0,0,1,1,1,1,1,0,19,12,0,0,0,0,0,0,0,0,0,0,0,0,0,0,0,29,29,29,29,29,14,19,12,0,0,1,4,1,0,4,3,0,2,4,0,0,0,0,11,14,14,14,14,14,24,12,0,0,7,29,10,0,27,20,0,17,29,0,0,0,0,13,18,18,18,18,18,26,12,0,0,7,29,10,0,27,20,0,17,29,0,0,0,0,0,0,0,0,10,5,19,12,0,0,7,29,10,0,27,20,0,17,29,0,0,0,0,0,0,0,0,14,7,19,12,0,0,7,29,10,0,27,20,0,17,29,0,0,0,0,0,0,0,0,10,5,19,12,0,0,5,19,7,0,18,13,0,11,19,0,0,0,0,11,11,11,11,11,11,23,12,0,0,0,0,0,0,0,0,0,0,0,0,0,0,0,20,20,20,20,20,20,20,9,0,0,0,0,0,0,0,0,0,0,0,0,0,0,0,7,7,7,7,7,7,7,5,0,0,6,7,7,7,7,7,7,0,0,0,0,0,0,8,8,8,8,8,8,8,5,0,0,7,8,8,8,8,8,8,0,0,0,0,0,0,19,19,19,19,19,11,0,0,0,0,0,0,0,0,0,0,0,0,0,0,0,0,0,29,29,28,28,28,16,0,0,0,0,0,0,0,0,0,0,0,0,0,0,0
1,6,29,11,0,26,21,0,16,29,1,6,29,11,0,26,21,0,0,0,28,3,21,1,6,29,11,0,26,21,0,16,29,1,6,29,11,0,26,21,0,0,0,28,3,22,1,6,29,11,0,26,21,0,16,29,1,6,29,11,0,26,21,0,0,0,28,3,22,1,6,29,11,0,26,21,0,16,29,1,6,29,11,0,26,21,0,0,0,28,3,22,1,6,29,11,0,26,21,0,16,29,1,6,29,11,0,26,21,0,0,0,28,3,14,0,2,11,4,0,10,8,0,6,11,0,2,11,4,0,10,8,0,0,0,28,16,13,0,0,0,0,0,0,0,0,0,0,0,0,0,0,0,0,0,0,0,0,18,18,18,17,17,17,17,17,17,17,17,17,17,17,17,17,17,17,17,17,17,17,17,17,17,17,0,0,0,0,0,0,0,0,0,0,0,0,0,0,7,7,7,7,7,7,7,7,7,0,0,0,0,0,0,0,0,0,0,0,0,0,0,24,25,25,25,25,25,25,25,25,0,0,0,0,0,0,0,0,0,0,0,5,3,0,0,0,0,0,3,0,0,0,0,3,16,0,0,0,0,0,12,7,0,0,13,9,12,0,4,5,14,22,0,0,0,19,3,18,0,0,0,0,0,13,8,0,0,13,9,15,0,10,9,18,22,0,0,0,22,3,18,0,0,0,0,0,13,8,0,0,13,9,15,0,10,9,18,22,0,0,0,22,3,18,0,0,0,0,0,13,8,0,0,13,9,15,0,10,9,18,22,0,0,0,11,3,18,0,0,0,0,0,13,8,0,0,12,9,14,0,10,9,17,20,0,0,0,0,3,18,0,0,0,0,0,13,8,0,0,0,0,0,0,0,0,0,0,0,0,0,18,3,18,0,0,0,0,0,13,8,0,0,0,0,0,0,0,0,0,0,0,0,0,6,3,18,0,0,0,0,0,13,8,2,17,17,17,17,17,17,17,17,17,17,17,17,17,3,18,0,0,0,0,0,13,8,0,0,0,0,0,0,0,0,0,0,0,0,0,0,3,18,0,0,0,0,0,13,8,0,0,0,0,6,7,7,7,7,7,7,7,7,7,3,18,0,0,0,0,0,13,8,0,0,0,0,22,29,29,29,29,29,29,29,29,29,3,18,0,0,0,0,0,13,8,0,0,0,0,8,21,29,12,10,10,15,29,18,10
0,12,9,0,22,0,2,19,0,12,9,0,22,0,2,19,0,12,9,0,22,0,0,0,12,9,0,22,0,2,19,0,12,9,0,22,0,2,19,0,12,9,0,22,0,0,0,12,9,0,22,0,2,19,0,12,9,0,22,0,2,19,0,12,9,0,22,0,0,0,12,9,0,22,0,2,19,0,12,9,0,22,0,2,19,0,12,9,0,22,0,0,3,12,11,7,22,5,6,19,9,12,11,7,22,5,6,19,9,12,11,7,22,5,3,8,12,12,19,22,12,12,19,22,12,12,19,22,12,12,19,22,12,12,19,22,12,9,8,12,12,19,22,12,12,19,22,12,12,19,22,12,12,19,22,12,12,19,22,12,9,8,12,12,19,22,12,12,19,22,12,12,19,22,12,12,19,22,12,12,19,22,12,9,4,12,11,9,22,6,7,19,11,12,11,9,22,6,7,19,11,12,11,9,22,6,4,0,12,15,7,24,0,2,22,7,17,9,0,22,7,10,19,0,12,15,7,24,0,0,0,10,25,25,28,0,2,25,25,27,9,0,19,25,25,19,0,10,25,25,28,0,0,0,3,3,2,22,0,2,3,3,12,9,1,3,3,4,19,0,3,3,2,22,0,0,0,28,29,19,22,0,19,28,29,12,9,9,28,29,12,19,0,28,29,19,22,0,0,0,0,2,19,22,0,0,0,22,12,9,0,0,12,12,19,0,0,2,19,22,0,0,0,4,6,19,22,0,0,6,22,12,9,0,7,12,12,19,0,4,6,19,22,0,0,0,12,12,15,22,0,2,19,17,12,9,0,22,9,10,19,0,12,12,15,22,0,0,0,12,16,9,25,0,2,23,9,18,9,0,22,9,11,19,0,12,16,9,25,0,0,0,9,22,22,22,0,2,22,22,22,7,0,17,22,22,15,0,9,22,22,22,0,0,0,0,0,0,0,0,0,0,0,0,0,0,0,0,0,0,0,0,0,0,0,0,0,5,17,17,17,17,17,17,17,17,17,17,17,17,17,17,17,17,17,17,17,17,17,1,0,2,1,0,4,0,0,3,0,2,1,0,4,0,0,3,0,2,1,0,4,0,0,0,12,9,0,22,0,2,19,0,12,9,0,22,0,2,19,0,12,9,0,22,0,0,0,12,9,0,22,0,2,19,0,12,9,0,22,0,2,19,0,12,9,0,22,0,0
3,18,0,13,8,0,22,0,3,18,0,13,8,0,22,0,3,18,0,13,8,0,22,3,18,0,13,8,0,22,0,3,18,0,13,8,0,22,0,3,18,0,13,8,0,22,3,18,0,13,8,0,22,0,3,18,0,13,8,0,22,0,3,18,0,13,8,0,22,3,18,0,13,8,0,22,0,3,18,0,13,8,0,22,0,3,18,0,13,8,0,22,3,17,0,12,8,0,20,0,3,17,0,12,8,0,20,0,3,17,0,12,8,0,20,0,0,0,0,0,0,0,0,0,0,0,0,0,0,0,0,0,0,0,0,0,0,0,17,17,17,17,17,17,17,17,17,17,17,17,17,17,17,17,17,17,17,17,17,17,17,1,1,0,0,1,1,1,0,0,1,1,1,0,0,1,1,1,1,0,0,1,1,1,29,18,0,13,29,29,28,0,3,29,29,29,8,0,23,29,29,18,0,13,29,29,28,7,18,0,13,11,7,23,0,3,19,8,14,8,0,23,5,7,18,0,13,11,7,23,12,18,0,13,12,18,22,0,3,18,22,13,8,0,22,13,12,18,0,13,12,18,22,12,18,0,0,4,18,22,0,0,1,22,13,8,0,1,13,12,18,0,0,4,18,22,12,18,0,7,10,18,22,0,5,7,24,13,8,2,7,18,12,18,0,7,10,18,22,11,18,0,25,25,15,22,0,17,25,24,13,8,9,25,25,11,18,0,25,25,15,22,7,18,0,1,3,3,23,0,0,3,3,16,8,0,3,3,7,18,0,1,3,3,23,29,18,0,13,29,28,28,0,3,29,28,29,8,0,23,28,29,18,0,13,29,28,28,3,18,0,13,8,0,22,0,3,18,0,13,8,0,22,0,3,18,0,13,8,0,22,11,18,18,13,12,15,22,11,11,18,18,13,12,15,22,11,11,18,18,13,12,15,22,12,18,22,13,12,18,22,13,12,18,22,13,12,18,22,13,12,18,22,13,12,18,22,12,18,22,13,12,18,22,13,12,18,22,13,12,18,22,13,12,18,22,13,12,18,22,12,18,22,13,12,18,22,13,12,18,22,13,12,18,22,13,12,18,22,13,12,18,22,4,18,2,13,9,1,22,1,4,18,2,13,9,1,22,1,4,18,2,13,9,1,22,3,18,0,13,8,0,22,0,3,18,0,13,8,0,22,0,3,18,0,13,8,0,22
8,8,8,8,22,17,5,5,5,5,5,0,13,12,18,0,13,12,18,0,4,5,5,27,16,0,0,18,29,29,29,29,29,27,0,13,12,18,0,13,12,18,0,22,29,29,20,12,0,0,8,12,12,12,12,12,12,0,13,12,18,0,13,12,18,0,9,12,12,7,7,7,7,7,7,7,7,7,7,2,0,13,12,18,0,13,12,18,0,1,7,7,8,8,8,8,8,8,8,8,8,8,3,0,13,12,18,0,13,12,18,0,1,8,8,0,2,18,17,17,17,17,17,17,0,0,0,13,12,18,0,13,12,18,0,0,0,14,0,3,18,0,4,9,9,6,0,0,0,0,13,10,6,0,5,7,18,0,0,0,0,7,8,18,0,13,13,6,4,0,0,0,0,13,9,1,0,1,4,18,0,0,0,0,13,12,18,0,13,8,0,16,0,0,0,0,13,12,18,0,13,12,18,0,0,0,0,13,12,18,0,13,8,0,22,0,0,0,0,13,12,18,0,13,12,18,0,0,0,0,1,4,18,0,13,8,0,23,25,25,25,25,27,12,15,0,11,11,28,25,25,25,25,15,17,18,0,13,8,0,23,6,6,6,6,6,2,0,0,0,0,6,6,6,6,6,6,6,6,5,17,8,0,22,0,0,0,0,0,0,0,0,0,0,0,0,0,0,0,10,10,10,10,10,3,0,0,0,0,0,0,0,0,0,0,0,0,0,0,0,0,0,17,17,17,17,17,17,17,17,17,17,17,17,17,17,17,17,17,17,17,17,17,17,17,0,0,1,4,1,0,0,0,0,0,0,0,0,0,0,0,0,0,0,0,0,0,0,29,17,6,29,11,0,0,0,0,0,0,0,0,0,0,0,0,0,0,0,0,0,0,23,11,6,29,11,0,0,0,8,6,0,5,8,0,2,8,3,0,8,6,0,5,8,11,10,6,29,11,0,0,0,26,21,0,16,29,1,6,29,11,0,26,21,0,16,29,11,22,6,29,11,0,0,0,26,21,0,16,29,1,6,29,11,0,26,21,0,16,29,11,22,6,29,11,0,0,0,26,21,0,16,29,1,6,29,11,0,26,21,0,16,29,11,11,6,29,11,0,0,0,26,21,0,16,29,1,6,29,11,0,26,21,0,16,29,22,17,20,29,11,0,0,0,14,11,0,9,15,1,3,15,6,0,14,11,0,9,15
0,0,0,0,0,0,0,0,26,21,0,0,0,0,0,0,0,0,0,0,0,0,0,0,0,0,0,0,0,0,0,26,21,0,0,0,0,0,0,0,0,0,0,0,0,0,0,0,0,0,0,0,0,0,26,21,0,0,0,0,0,0,0,0,0,0,0,0,0,0,0,0,0,0,0,0,0,26,21,0,0,0,0,0,0,0,0,0,0,0,0,0,6,7,0,1,7,5,0,0,8,7,0,0,0,3,7,2,0,6,7,0,0,0,0,20,27,0,3,28,17,0,0,0,0,0,0,0,12,27,8,0,23,25,0,0,0,0,0,22,0,3,18,0,0,0,0,0,0,0,0,0,13,8,0,22,0,0,0,0,0,13,22,0,3,18,16,0,2,13,0,10,6,0,16,13,8,0,22,10,6,0,16,0,18,22,0,3,18,22,0,3,18,0,13,8,0,22,13,8,0,22,13,8,0,22,0,18,22,0,3,18,22,9,10,18,0,13,11,13,22,13,8,0,22,13,11,13,22,9,18,22,0,3,18,22,13,12,18,0,13,12,18,22,13,8,0,22,13,12,18,22,13,18,22,0,3,18,22,13,12,18,0,13,12,18,22,13,8,0,22,13,12,18,22,13,18,22,0,3,18,22,13,12,18,0,13,12,18,22,13,8,0,22,13,12,18,22,13,18,8,0,1,6,22,5,6,15,0,11,8,6,22,5,3,0,8,13,10,6,19,5,18,8,6,5,6,22,5,3,0,0,0,1,6,22,5,5,9,8,13,10,6,0,5,18,22,13,12,18,22,13,10,9,0,6,8,18,22,13,12,18,22,13,12,18,11,13,18,22,13,12,18,22,13,12,18,0,13,12,18,22,13,12,18,22,13,12,18,22,13,18,0,13,9,0,22,0,4,18,0,13,9,0,22,0,4,18,0,13,9,0,22,0,18,18,13,12,15,22,0,3,18,0,13,8,0,22,11,11,18,18,13,8,0,22,0,18,22,13,12,18,22,5,7,18,0,13,10,7,22,13,12,18,22,13,10,7,22,5,18,22,13,12,18,22,13,12,18,0,13,12,18,22,13,12,18,22,13,12,18,22,13,18,9,13,10,8,22,13,12,18,0,13,12,18,22,6,7,18,9,13,12,18,22,13,18,0,13,8,0,22,9,9,18,0,13,11,12,22,0,3,18,0,13,11,12,22,9
18,3,4,4,0,22,2,4,4,1,13,9,4,4,2,3,18,3,4,4,0,0,0,27,23,23,7,0,23,23,23,15,0,13,25,23,23,0,3,27,23,23,7,0,0,0,22,8,18,8,0,23,8,11,18,0,13,15,8,24,0,3,22,8,18,8,0,0,0,18,10,13,10,8,22,6,8,18,10,13,10,8,22,6,8,18,10,13,10,8,0,6,18,22,13,12,18,22,13,12,18,22,13,12,18,22,13,12,18,22,13,12,18,0,13,18,22,13,12,18,22,13,12,18,22,13,12,18,22,13,12,18,22,13,12,18,0,13,18,22,13,12,18,22,13,12,18,22,13,12,18,22,13,12,18,22,13,12,18,0,13,18,9,13,10,8,22,6,7,18,9,13,10,8,22,6,7,18,9,13,10,8,0,6,18,0,13,8,0,22,0,3,18,0,13,8,0,22,0,3,18,0,13,8,0,0,0,18,0,13,8,0,22,0,3,18,0,13,8,0,22,0,3,18,0,13,8,0,0,0,18,0,13,8,0,22,0,3,18,0,13,8,0,22,0,3,18,0,13,8,0,0,0,18,0,13,8,0,22,0,3,18,0,13,8,0,22,0,3,18,0,13,8,0,0,0,10,0,7,5,0,13,0,2,10,0,7,5,0,13,0,2,10,0,7,5,0,0,0,7,7,7,7,7,7,7,7,7,7,7,7,7,7,7,7,7,7,7,7,2,0,1,8,8,8,8,8,8,8,8,8,8,8,8,8,8,8,8,8,8,8,8,3,0,1,11,11,11,3,0,9,11,11,7,0,5,11,11,11,0,1,11,11,11,3,0,0,0,26,20,25,8,0,23,20,22,18,0,13,23,20,27,0,3,26,20,25,8,0,0,0,18,15,13,8,0,22,9,9,18,0,13,11,12,22,0,3,18,15,13,8,0,0,0,13,22,13,8,0,16,13,12,18,0,10,10,18,22,0,2,13,22,13,8,0,0,0,0,22,13,8,0,0,13,12,18,0,0,3,18,22,0,0,0,22,13,8,0,0,0,17,26,13,8,6,17,23,12,18,0,17,19,18,22,0,12,17,26,13,8,0,0,0,14,14,13,8,5,14,14,8,18,0,14,14,9,22,0,10,14,14,13,8,0,0,0,13,13,21,8,0,11,13,16,18,0,6,13,13,25,0,1,13,13,21,8,0,0,0
0,0,7,15,15,15,15,15,26,13,8,0,22,13,20,15,15,15,15,15,0,0,0,0,0,0,0,0,0,0,0,23,13,8,0,22,13,9,0,0,0,0,0,0,0,0,11,11,11,11,11,4,0,0,22,13,8,0,22,13,8,0,0,9,11,11,11,11,11,4,4,4,4,4,1,0,0,7,13,8,0,22,4,2,0,0,4,4,4,4,4,4,7,7,7,7,7,7,7,7,5,13,8,0,22,1,7,7,7,7,7,7,7,7,7,8,8,8,8,8,8,8,8,6,13,8,0,22,1,8,8,8,8,8,8,8,8,8,19,19,19,19,19,19,11,0,3,13,8,0,22,1,1,1,19,19,19,19,19,19,19,28,28,28,29,29,29,17,0,22,13,8,0,22,13,8,1,28,29,29,28,28,28,28,0,0,0,6,29,11,0,0,22,13,8,0,22,13,8,0,0,26,21,0,0,0,0,13,13,7,6,29,11,0,0,22,13,8,0,22,13,8,0,0,26,21,0,13,13,13,18,18,10,6,29,11,0,0,22,13,8,0,22,13,8,0,0,26,21,0,18,18,18,0,0,0,6,29,11,0,0,22,13,8,0,22,13,8,0,0,26,21,0,0,0,0,15,15,15,19,29,21,9,0,0,11,7,0,18,0,0,1,15,28,26,15,15,15,9,29,29,29,29,29,29,17,0,0,0,0,0,0,0,0,1,29,29,29,29,29,29,17,2,2,2,2,2,2,1,0,0,0,0,0,0,0,0,0,2,2,2,2,2,2,1,17,17,17,17,17,17,17,17,17,17,17,17,17,17,17,17,17,17,17,17,17,17,17,0,0,0,0,0,0,0,0,0,0,0,0,0,0,0,0,0,0,0,0,0,0,0,0,0,0,0,0,6,4,0,16,0,0,0,0,10,6,0,10,0,0,0,0,0,0,17,17,17,17,0,13,8,0,22,0,0,0,0,13,8,0,22,0,8,17,17,17,17,0,0,0,0,0,13,8,0,22,0,0,0,0,13,8,0,22,0,0,0,0,0,0,9,15,15,15,15,22,8,0,22,4,2,0,6,13,8,0,23,15,15,15,15,15,1,0,0,3,6,6,6,6,5,24,13,8,0,22,13,13,5,6,6,6,6,1,0,0,0,0,5,10,10,10,10,10,25,13,8,0,22,13,16,10,10,10,10,10,0,0,0
0,16,5,0,22,0,6,15,0,16,5,0,22,0,6,15,0,16,5,0,22,0,4,0,16,5,0,22,0,6,15,0,16,5,0,22,0,6,15,0,16,5,0,22,0,4,0,16,5,0,22,0,6,15,0,16,5,0,22,0,6,15,0,16,5,0,22,0,4,0,3,1,0,5,0,1,3,0,3,1,0,5,0,1,3,0,3,1,0,5,0,1,10,17,17,17,17,17,17,17,17,17,17,17,17,17,17,17,17,17,17,17,17,17,15,0,0,0,0,0,0,0,0,0,0,0,0,0,0,0,0,0,0,0,0,0,0,0,0,12,21,21,19,0,5,21,21,21,4,0,19,21,21,11,0,12,21,21,19,0,3,0,16,14,10,24,0,6,21,10,21,5,0,24,10,15,15,0,16,14,10,24,0,4,0,16,11,11,22,0,6,15,16,16,5,0,22,12,11,15,0,16,11,11,22,0,4,0,6,9,15,22,0,2,6,22,16,5,0,9,16,12,15,0,6,9,15,22,0,1,0,0,6,15,22,0,0,0,22,16,5,0,0,16,12,15,0,0,6,15,22,0,0,3,27,28,15,22,0,22,27,25,16,5,13,27,29,12,15,3,27,28,15,22,0,20,0,4,4,2,22,0,3,4,4,16,5,2,4,4,7,15,0,4,4,2,22,0,3,0,13,23,23,25,0,5,23,23,27,5,0,21,23,25,15,0,13,23,23,25,0,3,0,16,13,8,23,0,6,20,8,20,5,0,24,8,13,15,0,16,13,8,23,0,4,10,16,9,7,22,7,9,15,10,16,9,7,22,7,9,15,10,16,9,7,22,7,7,22,16,12,15,22,16,12,15,22,16,12,15,22,16,12,15,22,16,12,15,22,16,10,22,16,12,15,22,16,12,15,22,16,12,15,22,16,12,15,22,16,12,15,22,16,10,22,16,12,15,22,16,12,15,22,16,12,15,22,16,12,15,22,16,12,15,22,16,10,9,16,9,6,22,7,9,15,9,16,9,6,22,7,9,15,9,16,9,6,22,7,7,0,16,5,0,22,0,6,15,0,16,5,0,22,0,6,15,0,16,5,0,22,0,4,0,16,5,0,22,0,6,15,0,16,5,0,22,0,6,15,0,16,5,0,22,0,4,0,16,5,0,22,0,6,15,0,16,5,0,22,0,6,15,0,16,5,0,22,0,4
0,22,0,0,0,22,0,0,26,21,0,3,18,0,0,3,18,0,0,0,0,0,0,0,22,0,0,0,22,0,0,26,21,0,3,18,0,0,3,18,0,14,17,17,17,17,0,22,0,0,0,22,0,0,26,21,0,3,18,0,0,3,18,0,0,0,0,0,0,6,22,0,0,0,22,0,0,26,21,0,3,18,0,0,3,18,8,17,17,17,17,17,0,22,0,0,0,19,0,0,26,21,0,3,15,0,0,3,18,0,0,0,0,0,0,0,22,0,0,0,0,0,0,26,21,0,0,0,0,0,3,18,0,0,0,10,6,0,0,22,0,0,0,0,0,0,26,21,0,0,0,0,0,3,18,0,0,0,13,8,0,0,22,0,0,0,12,0,0,26,21,0,2,10,0,0,3,18,0,0,0,13,8,0,5,24,0,0,0,22,0,0,15,12,0,3,18,0,0,3,21,5,5,5,6,6,5,10,10,0,0,0,22,0,0,0,0,0,3,18,0,0,1,10,10,10,10,10,10,10,0,0,0,0,0,22,0,0,0,0,0,3,18,0,0,0,0,0,0,0,0,0,0,7,7,7,5,0,22,0,0,0,0,0,3,18,0,6,7,7,7,7,7,7,7,7,8,8,8,6,0,22,0,0,0,0,0,3,18,0,7,8,8,8,8,8,8,8,8,0,0,0,0,0,22,0,0,0,0,0,3,18,0,0,0,0,0,0,0,0,8,19,0,0,0,0,0,22,0,0,0,0,0,3,18,0,0,0,0,0,0,0,0,12,29,6,28,11,0,0,22,0,0,0,0,0,3,18,0,0,0,0,16,28,1,0,7,6,6,29,11,0,0,22,0,0,0,0,0,3,18,0,0,0,0,16,29,1,0,22,6,6,29,11,0,0,22,0,0,0,0,0,3,18,0,0,0,0,16,29,1,0,22,6,6,29,11,0,0,22,0,0,0,0,0,3,18,0,0,0,0,16,29,1,0,5,14,6,25,10,0,0,22,0,0,0,0,0,3,18,0,0,0,0,14,25,1,0,12,29,0,0,0,0,0,22,0,0,0,0,0,3,18,0,0,0,0,0,0,0,0,3,8,0,0,0,0,0,22,0,0,0,0,0,3,18,0,0,0,0,0,0,0,0,0,0,17,17,17,11,0,22,0,0,0,0,0,3,18,0,14,17,17,17,17,17,17,17,17
0,0,0,0,0,13,17,17,17,4,13,22,1,0,0,0,0,0,0,0,0,0,0,0,0,0,0,0,21,29,29,29,7,16,29,1,0,0,0,0,0,0,0,0,0,0,19,0,0,0,0,1,17,29,3,1,16,29,1,0,0,6,26,10,0,24,19,0,15,21,0,0,0,3,18,16,29,5,18,16,29,1,0,0,6,29,11,0,26,21,0,16,21,0,0,0,3,18,16,29,5,18,16,29,1,0,0,6,29,11,0,26,21,0,16,21,0,0,0,3,17,16,29,5,17,16,29,1,0,0,6,29,11,0,26,21,0,16,20,0,0,0,0,4,19,29,7,5,19,29,1,0,0,6,27,11,0,25,20,0,15,0,0,0,0,0,25,29,29,29,29,29,29,1,0,0,0,0,0,0,0,0,0,0,0,0,0,0,0,10,12,12,12,12,12,12,0,0,0,0,0,0,0,0,0,0,0,7,15,15,15,15,15,15,15,15,15,15,15,11,2,15,15,15,15,15,15,15,15,15,0,0,0,0,0,0,0,0,0,0,0,0,0,0,0,0,0,0,0,0,0,0,0,0,0,13,27,27,27,27,27,27,11,0,0,0,0,0,0,0,0,0,8,6,0,5,0,0,10,23,29,24,20,23,29,11,0,0,0,0,0,0,0,0,0,26,21,0,16,0,0,9,6,29,11,9,6,29,11,0,0,0,0,0,0,0,0,0,26,21,0,16,0,0,22,6,29,11,22,6,29,11,0,0,0,2,1,0,0,0,0,26,21,0,16,0,0,22,6,29,11,22,6,29,11,0,0,0,13,8,0,0,0,0,26,21,0,16,0,0,13,6,29,11,13,6,29,11,0,0,0,13,8,0,0,0,0,26,21,0,16,0,0,6,19,29,21,9,6,29,11,0,0,0,13,8,0,0,0,0,26,21,0,16,0,0,11,29,29,29,17,6,29,11,0,0,0,13,8,0,0,0,0,3,2,0,2,0,0,1,2,2,2,1,2,8,3,0,0,0,13,8,0,0,0,0,0,0,0,0,17,17,17,17,17,17,17,17,17,17,17,6,0,13,8,0,8,17,17,17,17,17,17,0,0,0,0,0,0,0,0,0,0,0,0,0,13,8,0,0,0,0,0,0,0,0,0,0,0,0,0,0,0,0,0,0,0,0,0,10,6,0,0,0,0,0,0,0,0
7,7,7,7,7,7,7,7,7,7,7,7,7,5,0,16,29,1,0,3,15,22,11,8,8,8,8,8,8,8,8,8,8,8,8,8,6,0,16,29,1,0,0,0,22,0,0,0,0,0,0,0,0,0,0,0,0,0,0,0,0,16,29,1,0,0,0,23,27,25,25,6,0,0,8,14,0,3,14,5,0,13,10,0,16,29,1,0,0,0,3,4,22,22,6,0,0,16,29,1,6,29,11,0,26,21,0,16,29,1,0,0,8,23,23,0,0,0,0,0,16,29,1,6,29,11,0,26,21,0,16,29,1,0,0,3,8,18,3,3,1,0,0,16,29,1,6,29,11,0,26,21,0,16,29,1,0,0,0,0,13,28,28,7,0,0,16,29,1,6,29,11,0,26,21,0,16,29,1,0,0,0,22,13,7,7,2,0,0,5,9,0,2,9,3,0,8,7,0,16,29,1,0,0,0,22,1,29,29,7,0,0,0,0,0,0,0,0,0,0,0,0,16,29,1,0,0,0,23,29,10,10,2,0,0,0,0,0,0,0,0,0,0,0,0,16,29,1,0,0,0,2,2,17,17,17,17,6,0,2,17,17,17,17,17,17,11,0,16,29,1,0,0,14,17,17,0,0,0,0,0,0,0,0,0,0,0,0,0,0,0,16,29,1,0,0,0,0,0,29,29,29,29,3,0,0,0,0,0,0,0,0,0,0,16,29,1,0,0,0,19,0,2,2,2,29,3,0,0,0,2,8,3,0,8,6,0,16,29,1,0,0,0,22,0,0,22,0,28,3,0,0,0,6,29,11,0,26,21,0,16,29,1,0,0,0,22,0,0,22,0,28,3,0,0,0,6,29,11,0,26,21,0,14,25,1,0,0,0,22,0,0,9,0,28,3,0,0,0,6,29,11,0,26,21,0,0,0,0,0,0,0,22,0,27,27,27,29,3,0,0,0,6,29,11,0,26,21,0,9,17,1,0,2,13,22,10,14,14,6,29,3,0,0,0,3,15,6,0,14,11,0,16,29,1,0,3,18,22,13,22,22,4,28,3,0,0,0,0,0,0,0,0,0,0,16,29,1,0,3,18,22,13,0,0,0,28,3,0,0,0,0,0,0,0,0,0,0,16,29,1,0,3,18,22,13,17,11,0,28,3,0,2,17,17,17,17,17,17,11,0,16,29,1,0,0,3,22,2
29,1,0,22,0,0,26,21,0,0,0,0,9,5,26,21,0,2,12,16,29,1,0,29,1,0,22,0,0,26,21,0,0,0,0,13,8,26,21,0,3,18,16,29,1,0,29,1,0,22,0,0,26,21,0,0,0,0,9,6,26,21,0,2,13,16,29,1,0,29,1,0,22,0,0,26,21,0,0,0,0,1,19,28,27,19,19,19,25,29,20,19,29,1,0,22,0,0,14,11,0,0,0,0,2,28,28,28,28,28,28,28,28,28,28,29,1,0,22,0,0,0,0,0,0,0,0,0,0,0,0,0,0,0,0,0,0,0,29,1,0,22,0,0,0,0,0,0,0,0,0,0,0,0,0,0,0,0,0,0,0,29,1,0,22,0,8,17,17,17,17,17,17,17,17,17,17,17,17,17,17,17,17,17,29,1,0,22,0,2,17,17,17,17,17,17,17,17,17,17,17,17,17,17,17,17,17,29,1,0,22,0,3,24,14,14,14,14,14,14,19,26,14,14,14,14,14,14,19,26,29,1,0,22,0,3,18,0,0,0,0,4,0,8,23,0,0,0,0,4,0,8,23,29,1,0,22,0,3,18,1,1,0,0,22,6,12,23,1,1,0,0,22,6,12,23,29,1,0,22,0,3,18,16,13,8,0,22,10,14,23,16,13,8,0,22,10,14,23,29,1,0,22,0,3,18,16,13,8,0,22,10,14,23,16,13,8,0,22,10,14,23,29,1,0,22,0,3,18,16,0,0,0,22,4,11,23,16,0,0,0,22,4,11,23,29,1,0,22,0,3,20,2,0,0,0,22,0,8,24,2,0,0,0,22,0,8,24,29,1,0,22,0,3,28,20,0,0,0,0,0,8,28,20,0,0,0,0,0,8,28,29,1,0,22,0,3,7,7,7,7,7,7,7,7,7,7,7,7,7,7,7,7,7,29,1,0,22,0,4,8,8,8,8,8,8,8,8,8,8,8,8,8,8,8,8,8,29,1,0,22,0,0,0,0,1,19,19,19,18,0,15,19,19,19,5,8,19,19,19,29,1,0,22,0,0,0,0,2,28,29,29,27,0,22,29,29,29,7,12,29,29,29,29,1,0,22,0,0,0,0,0,0,26,21,0,1,6,16,29,3,6,0,6,29,11,19,1,0,22,0,0,0,0,0,0,26,21,0,3,18,16,29,5,18,0,6,29,11
0,0,0,0,0,0,0,0,0,0,0,0,0,0,0,0,0,0,0,0,0,0,0,0,0,0,10,14,14,14,14,14,14,14,14,14,14,14,14,14,14,14,14,14,14,6,0,0,0,1,1,1,1,1,1,1,1,1,1,1,1,1,1,1,1,1,1,1,0,0,0,0,0,23,26,26,26,26,26,18,0,0,0,0,0,0,0,0,0,7,0,0,2,5,0,0,25,23,21,21,21,21,15,0,0,17,17,17,17,17,13,0,20,1,0,13,29,4,0,25,6,0,0,0,0,0,0,0,21,0,0,0,0,0,0,20,1,0,13,29,4,0,25,9,17,17,17,17,17,17,17,21,0,10,12,12,12,12,24,1,0,13,29,4,0,25,6,0,0,0,0,0,0,0,21,0,3,3,6,6,6,6,3,1,13,29,4,0,25,13,8,8,8,8,6,0,0,21,0,0,0,10,13,13,13,13,6,13,29,4,0,25,29,29,29,29,29,20,0,0,21,0,0,0,0,0,0,0,0,0,13,29,4,0,25,14,9,9,9,9,6,0,0,17,17,17,17,17,17,17,2,0,0,13,29,4,0,25,6,0,0,0,0,0,0,0,0,0,0,0,0,0,0,0,0,0,13,29,4,0,25,8,17,17,17,17,17,17,17,17,17,17,17,17,17,17,17,17,7,13,29,4,0,25,6,2,6,6,6,6,6,6,6,6,6,6,6,6,6,6,2,0,13,29,4,0,25,6,8,29,29,29,29,29,29,29,29,29,29,29,29,29,29,10,0,13,29,4,0,25,6,3,11,11,11,20,29,14,11,11,11,11,11,20,29,14,4,0,13,29,4,0,25,7,0,0,0,0,13,29,4,0,0,0,0,0,13,29,4,0,0,13,29,4,0,25,29,29,29,25,0,13,29,4,17,29,29,29,8,13,29,4,0,0,13,29,4,0,1,1,1,1,1,0,13,29,4,1,1,1,1,0,13,29,4,0,0,13,29,4,0,0,0,0,2,2,2,15,29,7,1,0,2,2,2,15,29,7,1,0,11,25,4,0,0,0,8,29,29,29,29,29,29,10,8,29,29,29,29,29,29,10,0,0,0,0,0,0,0,4,15,15,15,15,15,15,5,4,15,15,15,15,15,15,5,0,0,0,0,0,0,0,0,0,0,0,0,0,0,0,0,0,0,0,0,0,0,0,0
0,1,5,2,0,5,4,0,3,5,0,1,5,2,0,5,4,0,3,5,0,1,5,1,6,29,11,0,26,21,0,16,29,1,6,29,11,0,26,21,0,16,29,1,6,29,1,6,29,11,0,26,21,0,16,29,1,6,29,11,0,26,21,0,16,29,1,6,29,1,6,29,11,0,26,21,0,16,29,1,6,29,11,0,26,21,0,16,29,1,6,29,1,6,29,11,0,26,21,0,16,29,1,6,29,11,0,26,21,0,16,29,1,6,29,1,6,29,11,0,26,21,0,16,29,1,6,29,11,0,26,21,0,16,29,1,6,29,1,6,29,11,0,26,21,0,16,29,1,6,29,11,0,26,21,0,16,29,1,6,29,0,1,6,2,0,6,5,0,3,6,0,1,6,2,0,6,5,0,3,6,0,1,6,0,0,0,0,0,0,0,0,0,0,0,0,0,0,0,0,0,0,0,0,0,0,0,17,17,17,17,17,17,17,17,17,17,17,17,17,17,17,17,17,17,17,17,17,17,17,0,0,0,0,0,0,0,0,0,0,0,0,0,0,0,0,0,0,0,0,0,0,0,3,18,0,13,8,0,22,0,3,18,0,13,8,0,22,0,3,18,0,13,8,0,22,3,18,0,13,8,0,22,0,3,18,0,13,8,0,22,0,3,18,0,13,8,0,22,3,18,0,13,8,0,22,0,3,18,0,13,8,0,22,0,3,18,0,13,8,0,22,3,18,0,13,8,0,22,0,3,18,0,13,8,0,22,0,3,18,0,13,8,0,22,3,18,0,13,8,0,22,0,3,18,0,13,8,0,22,0,3,18,0,13,8,0,22,3,22,8,18,8,0,23,8,11,18,0,13,15,8,24,0,3,22,8,18,8,0,23,3,27,23,26,8,0,23,23,24,18,0,13,25,23,27,0,3,27,23,26,8,0,23,6,18,7,13,10,6,22,4,6,18,7,13,10,6,22,4,6,18,7,13,10,6,22,12,18,22,13,12,18,22,13,12,18,22,13,12,18,22,13,12,18,22,13,12,18,22,12,18,22,13,12,18,22,13,12,18,22,13,12,18,22,13,12,18,22,13,12,18,22,10,7,22,5,7,18,9,13,10,7,22,5,7,18,9,13,10,7,22,5,7,18,9,1,0,4,0,0,3,0,2,1,0,4,0,0,3,0,2,1,0,4,0,0,3,0
18,0,0,0,0,0,13,8,0,0,0,0,12,14,14,14,14,14,14,14,14,14,14,18,0,0,0,0,0,13,8,0,0,0,0,0,0,0,4,0,0,2,17,17,17,17,18,0,0,0,0,0,13,8,0,0,0,0,0,0,0,22,0,0,0,0,0,1,5,18,0,0,0,0,0,13,8,0,0,0,0,0,0,0,22,0,0,0,0,0,3,18,18,0,0,0,0,0,13,8,0,0,0,0,0,0,0,22,0,0,0,0,0,3,18,18,0,6,29,11,0,13,8,0,0,2,5,5,5,5,7,5,5,5,5,5,6,7,18,0,6,29,11,0,13,8,0,0,13,16,14,14,14,14,14,14,14,14,14,14,14,18,0,6,29,11,0,13,8,0,0,13,8,10,12,12,12,12,12,12,12,12,12,20,18,0,6,29,11,0,13,8,0,0,13,8,1,7,7,7,7,7,7,7,7,0,13,18,0,6,29,11,0,13,8,0,0,13,8,1,8,8,8,8,8,8,8,8,0,13,18,0,6,29,11,0,13,8,0,0,13,8,3,3,3,3,3,3,3,3,3,3,16,18,0,6,29,11,0,13,8,0,0,13,8,10,12,12,12,12,12,12,12,14,14,14,9,0,6,29,11,0,6,4,0,0,13,8,0,0,0,1,0,0,0,0,12,26,14,0,0,6,29,11,0,0,0,0,0,13,8,0,0,0,22,0,0,0,0,0,22,9,0,0,6,29,11,0,0,0,0,0,13,8,0,0,0,22,0,0,0,0,0,22,13,16,0,6,29,11,0,12,7,0,0,13,8,0,0,0,16,0,0,0,0,0,22,9,18,0,1,6,2,0,13,8,0,0,13,20,15,15,15,15,15,15,15,15,15,26,15,18,0,0,0,0,0,13,8,0,0,0,0,0,0,0,0,0,0,3,14,14,14,14,18,0,0,0,0,0,13,8,0,0,0,0,0,0,0,0,0,0,0,2,2,2,2,18,0,0,0,0,0,13,8,2,17,17,17,17,17,17,17,17,17,17,17,17,17,17,18,0,0,0,0,0,13,8,0,0,0,0,0,0,0,0,0,0,0,0,0,0,0,18,0,0,0,0,0,13,8,0,0,0,0,0,0,0,0,22,29,29,29,7,12,29,18,0,0,0,0,0,13,8,0,0,0,5,8,0,0,0,14,25,29,19,5,8,21
0,0,29,18,16,5,29,18,16,5,0,0,9,29,8,0,29,18,0,19,28,0,7,0,0,29,18,8,2,29,18,8,2,0,0,9,29,8,0,29,18,0,19,28,0,7,0,0,29,18,2,17,29,25,14,0,0,0,9,29,8,0,29,18,0,19,28,0,7,0,0,29,18,4,29,29,29,25,0,0,0,0,1,0,0,1,1,0,1,1,0,4,0,0,6,4,0,0,0,0,0,0,0,0,0,0,0,0,0,0,0,0,0,0,0,15,17,17,17,17,17,17,17,17,17,17,17,17,17,17,17,17,17,17,17,4,0,6,0,0,0,0,0,0,0,0,0,0,0,0,0,0,0,0,0,0,0,0,0,0,7,0,0,1,4,1,0,4,3,0,3,4,0,1,4,1,0,4,3,0,3,4,0,7,0,0,9,29,8,0,29,18,0,19,28,0,9,29,8,0,29,18,0,19,28,0,7,0,0,9,29,8,0,29,18,0,19,28,0,9,29,8,0,29,18,0,19,28,0,7,0,0,9,29,8,0,29,18,0,19,28,0,9,29,8,0,29,18,0,19,28,0,7,0,0,9,29,8,0,29,18,0,19,28,0,9,29,8,0,29,18,0,19,28,0,7,0,0,6,19,5,0,19,12,0,13,19,0,6,19,5,0,19,12,0,13,19,0,7,0,0,0,0,0,0,0,0,0,0,0,0,0,0,0,0,0,0,0,0,0,0,7,0,0,0,0,0,0,0,0,0,0,0,0,0,0,0,0,0,0,0,0,0,0,7,0,4,7,7,7,7,7,7,7,7,7,7,7,7,7,7,7,7,7,0,0,0,7,0,5,8,8,8,8,8,8,8,8,8,8,8,8,8,8,8,8,8,0,0,0,7,0,0,19,19,19,19,19,19,18,0,0,0,0,0,0,0,0,0,0,0,0,0,7,0,0,29,29,28,28,29,29,27,0,0,0,0,0,0,0,0,0,0,0,0,0,7,0,0,29,18,2,0,29,18,2,0,0,0,9,28,8,0,28,18,0,19,28,0,7,0,0,29,18,16,5,29,18,16,5,0,0,9,29,8,0,29,18,0,19,28,0,7,0,0,29,18,16,5,29,18,16,5,0,0,9,29,8,0,29,18,0,19,28,0,7,0,0,29,18,14,4,29,18,14,4,0,0,9,29,8,0,29,18,0,19,28,0,7
23,5,8,15,22,16,7,5,23,16,12,18,5,16,12,15,22,3,11,15,22,16,10,24,28,10,10,4,10,10,28,23,14,11,26,25,10,5,3,14,16,27,14,19,15,25,0,16,5,0,0,0,6,15,0,0,0,0,22,0,0,0,0,16,5,0,0,0,4,0,16,5,0,20,0,6,15,0,15,5,0,22,0,6,14,0,16,5,0,20,0,4,0,16,5,0,22,0,6,15,0,16,5,0,22,0,6,15,0,16,5,0,22,0,4,0,16,12,15,22,16,12,15,0,16,5,0,22,16,12,15,22,16,5,0,22,0,4,16,16,12,15,22,16,12,15,16,16,11,11,22,16,12,15,22,16,11,11,22,12,9,22,16,12,15,22,16,12,15,22,16,12,15,22,16,12,15,22,16,12,15,22,16,10,22,16,6,2,22,2,7,15,22,16,12,15,22,2,7,15,3,16,12,15,22,16,10,11,16,5,0,22,0,6,15,11,16,9,7,22,0,6,15,0,16,9,7,22,8,7,7,16,8,5,22,5,8,15,7,16,8,5,22,5,8,15,7,16,8,5,22,5,6,22,16,12,15,22,16,12,15,22,16,12,15,22,16,12,15,22,16,12,15,22,16,10,22,16,12,15,4,16,12,15,22,16,12,15,22,16,7,3,22,16,12,15,22,16,10,1,16,6,1,3,1,7,15,1,3,1,1,22,1,1,2,1,16,6,1,4,1,5,15,16,10,10,22,11,10,15,15,0,4,10,22,11,10,15,15,16,10,10,0,11,8,22,16,12,15,22,16,12,15,22,0,6,15,22,16,12,15,22,16,12,15,0,16,10,22,16,12,15,22,16,12,15,22,0,6,15,22,16,12,15,22,16,12,15,0,16,10,22,16,12,15,22,16,12,15,22,0,6,15,22,16,12,15,22,16,12,15,0,16,10,22,16,9,6,22,7,9,15,22,0,6,15,22,7,9,15,9,16,12,15,0,16,10,22,16,5,0,22,0,6,15,22,0,6,15,22,0,6,15,0,16,12,15,0,16,10,22,7,2,0,10,0,3,6,22,0,6,15,9,0,3,7,0,7,9,15,0,16,8,23,3,0,0,0,0,0,3,23,0,6,17,2,0,0,0,0,1,10,15,0,16,8,26,27,0,4,14,4,0,27,25,0,6,28,17,0,0,0,0,7,28,15,0,16,27
10,8,0,0,0,0,0,0,0,0,0,0,9,6,0,6,24,13,0,16,0,0,0,0,0,0,0,0,0,0,0,0,0,0,0,0,0,0,9,18,8,0,0,0,0,0,17,17,17,17,17,17,17,17,17,17,17,17,17,17,17,17,17,17,17,17,17,17,17,0,0,0,0,0,0,0,0,0,0,0,0,0,0,0,0,0,0,0,0,0,0,0,0,19,0,3,15,0,11,7,0,19,0,3,15,0,11,7,0,0,0,0,0,0,0,0,22,0,3,18,0,13,8,0,22,0,3,18,0,13,8,0,0,0,0,22,18,0,0,22,0,3,18,0,13,8,0,22,0,3,18,0,13,8,0,0,0,0,26,21,0,0,22,0,3,18,0,13,8,0,22,0,3,18,0,13,8,0,0,0,0,26,21,0,0,22,0,3,18,0,13,8,0,22,0,3,18,0,13,8,0,0,0,0,26,21,0,0,23,3,7,18,0,13,11,3,23,0,3,20,3,16,8,0,0,0,0,26,21,0,0,23,28,29,18,0,13,29,28,28,0,3,29,28,29,8,0,0,0,0,0,0,0,3,22,2,5,18,3,13,9,3,22,2,5,18,3,13,9,3,0,0,0,0,0,0,18,22,13,12,18,22,13,12,18,22,13,12,18,22,13,12,18,0,0,0,0,0,0,18,22,13,12,18,22,13,12,18,22,13,12,18,22,13,12,18,0,0,0,14,17,17,18,13,13,11,10,22,7,9,18,13,13,11,10,22,7,9,18,0,0,0,0,0,14,18,1,13,8,0,22,0,3,18,1,13,9,1,22,0,3,18,0,0,0,0,0,12,18,22,13,8,0,22,0,3,18,22,13,12,18,22,0,3,18,0,0,0,0,0,0,18,22,13,8,0,22,0,3,18,22,13,12,18,22,0,3,18,0,0,0,0,2,12,18,22,13,8,0,22,0,3,18,22,13,12,18,22,0,3,18,0,0,0,0,3,18,18,22,13,8,0,0,0,3,18,22,13,12,18,22,0,0,0,0,0,0,0,3,18,15,22,11,7,0,0,0,3,15,22,11,11,18,18,0,0,0,0,0,0,0,3,18,0,22,0,0,0,0,0,0,0,22,0,3,18,0,0,0,0,0,0,0,0,0,3,0,22,0,0,0,0,0,0,0,22,0,3,18,0,0,0,0,0,0,0,0,0,0
0,22,5,3,0,22,0,0,0,0,0,0,0,22,0,3,18,0,0,0,26,21,0,17,20,17,17,6,22,0,0,0,0,0,0,0,22,0,3,18,0,0,0,0,0,0,17,17,17,17,17,21,0,0,0,0,0,0,0,22,0,3,18,0,0,0,0,0,0,0,0,0,0,0,0,0,0,0,0,0,0,0,22,0,3,18,0,0,0,0,0,0,17,17,17,17,17,17,17,17,17,17,6,0,0,22,0,3,18,0,0,0,2,17,17,9,6,0,0,0,0,0,0,0,0,0,0,0,22,0,3,18,0,0,0,0,0,0,29,20,0,0,0,0,0,0,0,0,0,0,0,22,0,3,18,0,0,0,0,0,0,8,6,0,0,0,0,0,0,0,0,0,0,0,22,0,3,18,0,0,0,17,13,0,0,22,1,11,11,11,3,0,0,0,0,0,0,22,0,3,18,0,0,0,26,21,0,0,22,2,23,28,20,5,0,0,0,0,0,0,22,0,3,18,0,0,0,26,21,0,0,8,0,8,23,0,0,0,0,0,0,0,0,22,0,3,18,0,0,0,26,21,0,29,20,0,8,23,0,0,0,0,0,0,0,0,22,0,3,18,0,0,0,26,21,0,18,13,0,8,23,0,0,0,0,0,0,0,0,22,0,3,18,0,0,0,5,4,0,0,0,0,8,23,0,0,0,0,0,0,0,0,22,0,3,18,0,0,0,0,0,0,7,3,0,8,23,1,7,7,7,7,2,0,0,22,0,3,18,0,0,0,1,7,7,8,3,0,8,23,1,8,8,8,8,3,0,0,22,0,3,18,0,0,0,1,8,8,27,27,27,28,29,27,27,27,10,0,0,0,0,22,0,3,18,0,0,0,0,0,0,4,4,4,12,24,4,4,4,1,0,0,0,0,22,0,3,18,0,0,0,26,21,0,0,12,0,8,23,0,0,2,10,0,0,0,0,22,0,3,18,0,0,0,26,21,0,0,22,9,14,23,6,6,7,18,0,0,0,0,22,0,3,18,0,0,0,26,21,0,0,22,10,14,23,16,13,12,18,0,0,0,0,22,0,3,18,0,0,0,26,21,0,0,22,10,14,23,16,10,10,18,0,0,0,0,16,0,3,18,0,0,0,26,21,0,0,22,0,9,23,10,0,3,18,0,0,0,0,0,0,3,14,0,0,0,26,21,0
0,6,0,1,5,6,4,3,5,6,0,1,5,0,4,3,5,6,4,3,5,0,4,0,9,0,1,7,22,5,7,18,9,0,1,7,0,5,7,18,9,13,10,7,0,5,0,0,0,0,0,22,0,3,18,0,0,0,0,0,0,3,18,0,13,8,0,0,0,0,0,0,0,0,22,0,4,18,0,0,0,0,0,0,4,18,0,13,9,0,0,0,0,0,0,3,18,22,13,12,18,22,0,0,0,0,13,12,18,22,13,12,18,0,0,0,4,0,3,18,22,13,12,18,22,0,0,3,0,13,12,18,22,13,12,18,0,2,0,22,0,3,18,22,13,12,18,22,0,3,18,0,13,12,18,22,13,12,18,0,13,0,22,0,3,18,22,13,12,18,22,0,3,18,0,13,12,18,22,13,12,18,0,13,0,22,0,3,18,18,13,12,15,22,0,3,18,0,13,12,15,22,11,11,18,0,13,0,22,0,3,18,0,13,8,0,22,0,3,18,0,13,8,0,22,0,3,18,0,13,15,22,11,11,18,19,13,12,15,22,11,11,18,19,13,12,15,22,11,11,18,19,13,18,22,13,12,18,22,13,12,18,22,13,12,18,22,13,12,18,22,13,12,18,22,13,18,20,13,12,17,22,12,12,18,20,13,12,17,22,12,12,18,20,13,12,17,22,12,18,0,13,13,6,24,0,3,21,6,17,8,0,23,6,10,18,0,13,13,6,24,0,18,0,13,27,25,28,0,3,28,25,27,8,0,23,25,26,18,0,13,27,25,28,0,18,0,13,8,0,22,0,3,18,0,13,8,0,22,0,3,18,0,13,8,0,22,0,18,0,13,8,0,22,0,3,18,0,13,8,0,22,0,3,18,0,13,8,0,22,0,18,0,13,8,0,22,0,3,18,0,13,8,0,22,0,3,18,0,13,8,0,22,0,18,0,13,8,0,22,0,3,18,0,13,8,0,22,0,3,18,0,13,8,0,22,0,18,0,13,8,0,22,0,3,18,0,13,8,0,22,0,3,18,0,13,8,0,22,0,10,0,7,5,0,13,0,2,10,0,7,5,0,13,0,2,10,0,7,5,0,13,0,6,6,6,6,6,6,6,6,6,6,6,6,6,6,6,6,6,6,6,6,6,6,6,9,9,9,9,9,9,9,9,9,9,9,9,9,9,9,9,9,9,9,9,9,9,9
3,5,22,7,9,14,0,17,4,0,22,7,9,14,9,17,4,0,22,0,7,14,9,7,14,22,17,12,14,0,17,4,0,22,17,12,14,22,17,4,0,22,0,7,14,22,7,14,22,17,12,14,0,17,4,0,22,17,12,14,22,17,4,0,22,0,7,14,22,7,14,22,17,12,14,0,11,3,0,22,17,12,14,22,17,4,0,14,0,7,14,22,7,14,22,17,12,14,0,0,0,0,22,17,12,14,22,17,4,0,0,0,7,14,22,7,14,10,17,8,6,0,0,0,0,10,17,8,6,22,8,2,0,0,0,3,6,22,7,14,0,17,4,0,0,0,0,0,0,17,4,0,22,0,0,0,0,0,0,0,22,7,14,0,17,4,0,0,0,0,0,0,17,4,0,22,0,0,0,0,0,0,0,22,7,14,22,17,12,14,0,17,4,0,22,17,12,14,22,17,4,0,22,0,7,14,22,7,14,22,17,12,14,0,17,4,0,22,17,12,14,22,17,4,0,22,0,7,14,22,2,5,22,6,9,14,0,17,4,0,22,6,9,14,8,17,4,0,22,0,7,14,8,3,6,9,8,5,6,0,17,4,0,9,8,5,6,10,7,2,0,22,0,3,6,10,7,14,0,17,4,0,0,17,4,0,0,17,4,0,22,0,0,0,22,0,0,0,22,7,14,13,17,4,0,5,17,6,3,0,17,9,8,22,0,1,3,22,4,1,0,22,7,14,22,17,4,0,22,17,12,14,0,17,12,14,22,0,7,14,22,17,4,0,22,7,14,22,17,4,0,22,17,12,14,0,17,12,14,22,0,7,14,22,17,4,0,22,21,14,22,17,26,12,22,9,10,14,24,28,12,14,27,25,12,14,12,17,11,25,24,5,3,4,4,13,14,0,0,0,0,24,6,2,2,6,20,4,0,0,0,7,18,5,0,0,13,0,7,14,0,10,2,0,22,0,4,8,0,17,4,0,13,0,7,14,0,0,0,22,0,7,14,0,17,4,0,22,0,7,14,0,17,4,0,22,0,7,14,0,0,0,22,0,7,14,14,17,10,9,22,0,7,14,0,17,10,9,22,11,11,14,0,3,5,22,7,9,14,22,17,12,14,22,7,9,14,9,17,12,14,22,17,12,14,9,7,14,22,17,12,14,22,17,12,14,22,17,12,14,22,17,12,14,22,17,12,14,22
26,0,3,25,17,23,8,0,23,17,19,18,0,13,21,17,26,0,3,25,17,23,8,25,0,1,14,14,21,8,0,11,14,16,18,0,6,14,14,25,0,1,14,14,21,8,22,0,9,13,13,13,8,5,13,13,8,18,0,13,13,8,22,0,9,13,13,13,8,22,0,13,18,26,13,8,6,18,24,12,18,0,18,20,18,22,0,13,18,26,13,8,22,0,0,0,22,13,8,0,0,13,12,18,0,0,3,18,22,0,0,0,22,13,8,22,0,2,12,22,13,8,0,15,13,12,18,0,9,9,18,22,0,2,12,22,13,8,22,0,3,18,16,13,8,0,22,9,10,18,0,13,11,13,22,0,3,18,16,13,8,26,0,3,26,19,24,8,0,23,19,21,18,0,13,22,19,26,0,3,26,19,24,8,12,0,1,12,12,12,3,0,10,12,12,8,0,6,12,12,12,0,1,12,12,12,3,7,7,7,7,7,7,7,7,7,7,7,7,7,7,7,7,7,7,7,7,7,7,7,8,8,8,8,8,8,8,8,8,8,8,8,8,8,8,8,8,8,8,8,8,8,8,12,0,1,9,0,7,4,0,11,0,2,10,0,6,4,0,12,0,1,9,0,7,4,22,0,3,18,0,13,8,0,22,0,3,18,0,13,8,0,22,0,3,18,0,13,8,22,0,3,18,0,13,8,0,22,0,3,18,0,13,8,0,22,0,3,18,0,13,8,22,0,3,18,0,13,8,0,22,0,3,18,0,13,8,0,22,0,3,18,0,13,8,22,0,3,18,0,13,8,0,22,0,3,18,0,13,8,0,22,0,3,18,0,13,8,22,5,7,18,9,13,10,7,22,5,7,18,9,13,10,7,22,5,7,18,9,13,10,22,13,12,18,22,13,12,18,22,13,12,18,22,13,12,18,22,13,12,18,22,13,12,22,13,12,18,22,13,12,18,22,13,12,18,22,13,12,18,22,13,12,18,22,13,12,22,13,12,18,22,13,12,18,22,13,12,18,22,13,12,18,22,13,12,18,22,13,12,22,6,8,18,11,13,10,9,22,6,8,18,11,13,10,9,22,6,8,18,11,13,10,24,0,3,21,7,18,8,0,23,7,10,18,0,13,14,7,24,0,3,21,7,18,8,24,0,3,28,25,25,7,0,23,25,25,15,0,13,26,25,24,0,3,28,25,25,7
7,7,7,21,18,7,7,7,7,7,7,7,7,7,7,7,7,7,7,7,7,7,7,25,25,25,28,27,25,25,25,25,25,25,28,27,25,25,25,25,25,25,28,27,25,25,0,0,0,18,13,0,0,0,0,0,0,18,13,0,0,0,0,0,0,18,13,0,0,7,0,0,18,14,3,19,0,0,0,0,18,14,3,19,0,0,0,0,18,14,3,19,12,14,12,18,14,15,22,0,3,14,12,18,14,15,22,0,3,14,12,18,14,15,22,12,18,16,18,14,15,22,0,3,18,16,18,14,15,22,0,3,18,16,18,14,15,22,10,7,16,18,14,11,22,0,1,7,16,18,14,11,22,0,1,7,16,18,14,11,22,8,0,5,18,13,0,22,0,0,0,5,18,13,0,22,0,0,0,5,18,13,0,22,3,0,11,27,13,0,8,0,0,0,11,27,13,0,8,0,0,0,11,27,13,0,8,0,0,4,8,4,0,0,0,0,0,4,8,4,0,0,0,0,0,4,8,4,0,0,17,17,17,17,17,17,17,17,17,17,17,17,17,17,17,17,17,17,17,17,17,17,17,0,2,1,0,0,0,0,0,0,0,0,0,0,0,0,1,9,9,9,9,9,9,5,0,13,8,0,0,0,2,4,0,0,0,0,0,0,0,4,29,29,29,29,29,29,17,0,13,8,0,0,0,16,29,1,0,0,0,0,0,0,1,8,8,8,13,29,17,5,0,13,8,0,0,0,16,29,1,0,0,9,11,11,5,13,8,0,22,6,29,11,0,0,13,8,0,0,0,16,29,1,0,0,16,23,28,9,13,8,0,22,6,29,11,0,0,13,8,0,0,0,16,29,1,0,0,0,8,23,0,5,3,0,8,6,29,11,0,13,21,8,0,0,0,11,19,1,0,0,0,8,23,0,4,29,29,29,29,29,29,29,18,24,8,0,0,0,0,0,0,0,0,0,8,23,0,3,18,18,18,18,18,18,18,11,13,10,9,0,0,0,0,0,0,0,0,8,23,0,0,0,0,0,0,0,0,0,22,13,12,18,0,0,0,6,7,7,7,5,8,23,0,0,7,7,7,7,7,7,7,22,13,12,18,0,0,0,7,8,8,8,5,8,23,0,0,8,8,8,8,8,8,8,22,3,6,18,0,0,0,0,0,23,27,27,28,29,27,27,0,23,27,27,27,27,27
3,18,0,13,8,0,22,0,3,18,0,13,8,0,22,0,3,18,0,13,8,0,22,3,18,0,13,8,0,22,0,3,18,0,13,8,0,22,0,3,18,0,13,8,0,22,3,18,0,13,8,0,22,0,3,18,0,13,8,0,22,0,3,18,0,13,8,0,22,3,18,0,13,8,0,22,0,3,18,0,13,8,0,22,0,3,18,0,13,8,0,22,3,17,0,12,8,0,20,0,3,17,0,12,8,0,20,0,3,17,0,12,8,0,20,0,0,0,0,0,0,0,0,0,0,0,0,0,0,0,0,0,0,0,0,0,0,0,17,17,17,17,17,17,17,17,17,17,17,17,17,17,17,17,17,17,17,17,17,17,17,1,1,0,0,1,1,1,0,0,1,1,1,0,0,1,1,1,1,0,0,1,1,1,29,18,0,13,29,29,28,0,3,29,29,29,8,0,23,29,29,18,0,13,29,29,28,7,18,0,13,11,7,23,0,3,19,8,14,8,0,23,5,7,18,0,13,11,7,23,12,18,0,13,12,18,22,0,3,18,22,13,8,0,22,13,12,18,0,13,12,18,22,12,18,0,0,4,18,22,0,0,1,22,13,8,0,1,13,12,18,0,0,4,18,22,12,18,0,7,10,18,22,0,5,7,24,13,8,2,7,18,12,18,0,7,10,18,22,11,18,0,25,25,15,22,0,17,25,24,13,8,9,25,25,11,18,0,25,25,15,22,7,18,0,1,3,3,23,0,0,3,3,16,8,0,3,3,7,18,0,1,3,3,23,29,18,0,13,29,28,28,0,3,29,28,29,8,0,23,28,29,18,0,13,29,28,28,3,18,0,13,8,0,22,0,3,18,0,13,8,0,22,0,3,18,0,13,8,0,22,11,18,18,13,12,15,22,11,11,18,18,13,12,15,22,11,11,18,18,13,12,15,22,12,18,22,13,12,18,22,13,12,18,22,13,12,18,22,13,12,18,22,13,12,18,22,12,18,22,13,12,18,22,13,12,18,22,13,12,18,22,13,12,18,22,13,12,18,22,12,18,22,13,12,18,22,13,12,18,22,13,12,18,22,13,12,18,22,13,12,18,22,4,18,2,13,9,1,22,1,4,18,2,13,9,1,22,1,4,18,2,13,9,1,22,3,18,0,13,8,0,22,0,3,18,0,13,8,0,22,0,3,18,0,13,8,0,22
17,17,17,17,17,17,17,17,17,17,17,17,17,17,17,6,0,0,16,29,1,6,29,0,0,0,0,0,0,0,0,9,9,9,9,9,9,4,0,0,0,16,29,1,6,29,0,0,0,0,0,0,0,1,29,29,29,29,29,29,13,0,0,0,16,29,1,6,29,17,17,17,17,18,18,0,0,8,8,8,8,8,22,13,0,0,0,16,29,1,6,29,0,0,0,0,3,23,11,11,11,11,11,11,8,18,13,0,0,0,16,29,1,6,29,17,17,17,7,3,20,4,4,4,4,4,4,3,18,13,0,0,0,16,29,1,6,29,15,5,0,0,3,18,0,0,0,0,0,0,0,18,13,0,0,0,16,29,1,6,29,0,0,0,0,3,18,0,1,21,21,21,21,21,27,13,0,0,0,16,29,1,6,29,11,11,11,11,14,18,0,1,26,26,26,26,26,28,13,0,0,0,16,29,1,6,29,4,4,4,4,4,3,0,0,0,0,0,0,0,18,13,0,0,0,16,29,1,6,29,7,7,7,7,7,7,7,7,7,7,7,7,5,18,13,0,0,0,16,29,1,6,29,8,8,8,8,8,8,8,8,8,8,8,8,6,18,13,0,0,0,16,29,1,6,29,19,19,19,19,19,19,19,19,19,19,19,18,0,18,13,0,0,0,16,29,1,6,29,29,28,28,28,28,28,29,29,29,28,28,27,0,18,13,0,0,0,16,29,1,6,29,1,0,0,0,0,0,16,29,1,0,0,0,0,18,13,0,0,0,16,29,1,6,29,1,9,13,13,13,2,16,29,1,3,13,13,13,24,13,0,0,0,16,29,1,6,29,1,13,18,18,18,3,16,29,1,5,18,18,18,18,8,0,0,0,12,21,1,5,21,1,0,0,0,0,0,16,29,1,0,0,0,0,0,0,0,0,0,0,0,0,0,0,16,15,15,14,0,11,23,29,16,15,15,14,0,0,0,0,0,0,0,0,0,0,0,29,29,29,27,0,21,29,29,29,29,29,27,0,0,0,0,0,0,0,0,0,0,0,2,2,2,2,0,2,2,2,2,2,2,2,0,0,0,0,0,0,0,0,0,0,0,17,17,17,17,17,17,17,17,17,17,17,17,17,17,17,6,0,2,17,17,17,17,17,7,7,7,7,7,7,7,7,7,7,7,7,7,7,7,1,0,0,0,0,0,0,0
20,25,25,16,0,12,25,25,25,0,3,25,25,25,7,0,8,14,0,3,14,5,0,23,8,11,18,0,13,14,9,24,0,3,21,10,17,8,0,16,29,1,6,29,11,0,22,13,12,18,0,13,12,18,22,0,3,18,22,13,8,0,16,29,1,6,29,11,0,6,13,12,18,0,3,6,18,22,0,1,5,22,13,8,0,16,29,1,6,29,11,0,1,15,12,18,0,1,5,18,22,0,1,1,23,13,8,0,16,29,1,6,29,11,0,29,29,12,18,0,29,29,18,22,0,20,29,28,13,8,0,16,29,1,6,29,11,0,0,0,4,18,0,0,0,0,22,0,0,0,0,13,8,0,15,27,1,6,27,11,0,22,27,28,18,0,13,27,27,28,0,3,27,27,28,8,0,0,0,0,0,0,0,0,23,4,8,18,0,13,12,4,23,0,3,20,4,16,8,0,0,0,0,0,0,0,1,22,8,9,18,13,13,11,11,22,8,9,18,13,13,11,11,0,0,0,0,0,2,14,22,13,12,18,22,13,12,18,22,13,12,18,22,13,12,18,0,0,0,0,0,0,0,22,13,12,18,22,13,12,18,22,13,12,18,22,13,12,18,0,0,0,2,8,3,0,22,13,12,18,22,13,12,18,22,13,12,18,22,13,12,18,0,0,0,6,29,11,0,22,4,6,18,6,13,10,5,22,4,6,18,6,13,10,5,0,0,0,6,29,11,0,22,0,3,18,0,13,8,0,22,0,3,18,0,13,8,0,0,0,0,6,29,11,0,22,0,3,18,0,13,8,0,22,0,3,18,0,13,8,0,0,0,0,6,29,11,0,22,0,3,18,0,13,8,0,22,0,3,18,0,13,8,0,0,0,0,3,15,6,0,22,0,3,18,0,13,8,0,22,0,3,18,0,13,8,0,0,0,0,0,0,0,0,9,0,1,8,0,6,3,0,9,0,1,8,0,6,3,0,0,0,0,0,0,0,0,11,11,11,11,11,11,11,11,11,11,11,11,11,11,11,4,0,0,0,0,0,1,11,4,4,4,4,4,4,4,4,4,4,4,4,4,4,4,1,0,0,0,0,0,0,4,12,15,15,10,0,7,15,15,15,0,2,15,15,15,4,0,0,0,0,0,0,0,0,21,17,18,17,0,12,19,17,24,0,3,23,17,21,8,0,0,0,0,0,0,0,0
0,1,5,2,0,5,4,0,3,5,0,1,5,2,0,5,4,0,3,5,0,1,5,1,6,29,11,0,26,21,0,16,29,1,6,29,11,0,26,21,0,16,29,1,6,29,1,6,29,11,0,26,21,0,16,29,1,6,29,11,0,26,21,0,16,29,1,6,29,1,6,29,11,0,26,21,0,16,29,1,6,29,11,0,26,21,0,16,29,1,6,29,1,6,29,11,0,26,21,0,16,29,1,6,29,11,0,26,21,0,16,29,1,6,29,1,6,29,11,0,26,21,0,16,29,1,6,29,11,0,26,21,0,16,29,1,6,29,1,6,29,11,0,26,21,0,16,29,1,6,29,11,0,26,21,0,16,29,1,6,29,0,1,6,2,0,6,5,0,3,6,0,1,6,2,0,6,5,0,3,6,0,1,6,0,0,0,0,0,0,0,0,0,0,0,0,0,0,0,0,0,0,0,0,0,0,0,17,17,17,17,17,17,17,17,17,17,17,17,17,17,17,17,17,17,17,17,17,17,17,0,0,0,0,0,0,0,0,0,0,0,0,0,0,0,0,0,0,0,0,0,0,0,8,0,22,0,3,18,0,13,8,0,0,0,3,18,0,13,8,0,22,0,3,18,0,8,0,22,0,3,18,0,13,8,0,0,0,3,18,0,13,8,0,22,0,3,18,0,8,0,22,0,3,18,0,13,8,0,0,0,3,18,0,13,8,0,22,0,3,18,0,8,0,22,0,3,18,0,13,8,0,0,0,3,18,0,13,8,0,22,0,3,18,0,8,0,22,0,3,18,0,13,8,0,0,0,3,18,0,13,8,0,22,0,3,18,0,15,8,24,0,3,22,8,18,8,0,0,0,3,22,8,18,8,0,23,8,11,18,0,25,23,27,0,3,27,23,26,8,0,0,0,3,27,23,26,8,0,23,23,24,18,0,10,6,22,4,6,18,7,13,10,6,0,4,6,18,7,13,10,6,22,4,6,18,7,12,18,22,13,12,18,22,13,12,18,0,13,12,18,22,13,12,18,22,13,12,18,22,12,18,22,13,12,18,22,13,12,18,0,13,12,18,22,13,12,18,22,13,12,18,22,7,18,9,13,10,7,22,5,7,18,0,13,10,7,22,5,7,18,9,13,10,7,22,0,3,0,2,1,0,4,0,0,3,0,2,1,0,4,0,0,3,0,2,1,0,4
1,0,0,6,29,11,3,13,29,17,5,0,0,0,0,26,21,0,16,29,1,6,29,1,0,0,6,29,11,18,6,29,11,18,0,0,0,0,26,21,0,16,29,1,6,29,1,0,0,6,29,11,22,6,29,11,22,0,0,0,0,26,21,0,16,29,1,6,29,1,0,0,6,29,11,22,6,29,11,22,0,0,0,0,26,21,0,16,29,1,6,29,1,0,0,6,29,11,3,6,29,11,3,0,0,0,0,17,14,0,11,19,1,4,19,0,0,0,6,29,28,27,28,29,28,19,0,0,0,0,0,0,0,0,0,0,0,0,0,0,0,4,20,20,20,20,20,20,14,0,0,0,0,0,0,0,0,0,0,0,0,7,7,7,7,7,7,7,7,7,7,7,7,7,7,7,7,7,7,7,7,7,7,7,8,8,8,8,8,8,8,8,8,8,8,8,8,8,8,8,8,8,8,8,8,8,8,0,0,0,0,0,0,0,0,0,0,0,0,0,0,0,0,0,0,0,0,0,0,0,0,0,0,0,0,0,0,0,0,0,0,0,0,0,0,0,0,0,0,0,0,0,0,0,0,0,0,0,26,21,0,16,28,1,6,28,11,0,26,21,0,16,28,1,6,28,0,0,0,0,0,26,21,0,16,29,1,6,29,11,0,26,21,0,16,29,1,6,29,0,0,0,0,0,26,21,0,16,29,1,6,29,11,0,26,21,0,16,29,1,6,29,0,1,1,0,0,26,21,0,16,29,1,6,29,11,0,26,21,0,16,29,1,6,29,0,26,21,0,0,23,19,0,14,25,1,6,25,10,0,23,19,0,14,25,1,6,25,0,26,21,0,0,0,0,0,0,0,0,0,0,0,0,0,0,0,0,0,0,0,0,0,26,21,0,0,0,0,0,0,0,0,0,0,0,0,0,0,0,0,0,0,0,0,0,26,21,0,0,2,17,17,17,17,17,17,17,17,17,17,17,17,17,17,17,17,17,0,26,21,0,0,0,2,4,0,0,0,0,0,0,0,0,0,0,0,0,0,0,0,0,26,21,0,0,0,16,29,1,21,29,29,29,7,0,0,0,0,6,10,0,2,10,0,26,21,0,0,0,16,29,1,13,25,29,19,5,0,0,0,0,16,29,1,6,29,0,26,21,0,0,0,16,29,3,8,16,29,3,8,0,0,0,0,16,29,1,6,29
21,0,16,29,1,0,0,13,21,17,26,0,3,25,17,23,8,0,23,17,19,18,0,21,0,16,29,1,0,0,6,14,14,25,0,1,14,14,21,8,0,11,14,16,18,0,21,0,16,29,1,0,0,13,13,8,22,0,9,13,13,13,8,5,13,13,8,18,0,21,0,16,29,1,0,0,18,20,18,22,0,13,18,26,13,8,6,18,24,12,18,0,21,0,16,29,1,0,0,0,3,18,22,0,0,0,22,13,8,0,0,13,12,18,0,21,0,16,29,1,0,0,9,9,18,22,0,2,12,22,13,8,0,15,13,12,18,0,21,0,16,29,1,0,0,13,11,13,22,0,3,18,16,13,8,0,22,9,10,18,0,21,0,16,29,1,0,0,13,22,19,26,0,3,26,19,24,8,0,23,19,21,18,0,21,0,16,29,1,0,0,6,12,12,12,0,1,12,12,12,3,0,10,12,12,8,0,21,0,16,29,1,0,3,7,7,7,7,7,7,7,7,7,7,7,7,7,7,7,7,21,0,16,29,1,0,4,8,8,8,8,8,8,8,8,8,8,8,8,8,8,8,8,21,0,16,29,1,0,0,6,4,0,12,0,1,9,0,7,4,0,11,0,2,10,0,21,0,16,29,1,0,0,13,8,0,22,0,3,18,0,13,8,0,22,0,3,18,0,21,0,16,29,1,0,0,13,8,0,22,0,3,18,0,13,8,0,22,0,3,18,0,21,0,16,29,1,0,0,13,8,0,22,0,3,18,0,13,8,0,22,0,3,18,0,21,0,16,29,1,0,0,13,8,0,22,0,3,18,0,13,8,0,22,0,3,18,0,21,0,16,29,1,0,9,13,10,7,22,5,7,18,9,13,10,7,22,5,7,18,9,21,0,16,29,1,0,22,13,12,18,22,13,12,18,22,13,12,18,22,13,12,18,22,21,0,16,29,1,0,22,13,12,18,22,13,12,18,22,13,12,18,22,13,12,18,22,21,0,16,29,1,0,22,13,12,18,22,13,12,18,22,13,12,18,22,13,12,18,22,21,0,16,29,1,0,11,13,10,9,22,6,8,18,11,13,10,9,22,6,8,18,11,21,0,16,29,1,0,0,13,14,7,24,0,3,21,7,18,8,0,23,7,10,18,0,21,0,16,29,1,0,0,13,26,25,24,0,3,28,25,25,7,0,23,25,25,15,0
22,0,3,18,0,13,8,0,22,0,3,18,0,13,8,0,22,0,3,18,0,13,8,22,0,3,18,0,13,8,0,22,0,3,18,0,13,8,0,22,0,3,18,0,13,8,22,0,3,18,0,13,8,0,22,0,3,18,0,13,8,0,22,0,3,18,0,13,8,22,0,3,18,0,13,8,0,22,0,3,18,0,13,8,0,22,0,3,18,0,13,8,12,0,2,10,0,7,4,0,12,0,2,10,0,7,4,0,12,0,2,10,0,7,4,7,7,7,7,7,7,7,7,7,7,7,7,7,7,7,7,7,7,7,7,7,7,7,8,8,8,8,8,8,8,8,8,8,8,8,8,8,8,8,8,8,8,8,8,8,8,0,0,0,0,0,0,0,0,0,0,0,0,0,0,0,0,0,0,0,0,0,0,0,29,11,0,26,21,0,16,29,1,6,29,11,0,26,21,0,16,29,1,6,29,11,0,29,11,0,26,21,0,16,29,1,6,29,11,0,26,21,0,16,29,1,6,29,11,0,29,11,0,26,21,0,16,29,1,6,29,11,0,26,21,0,16,29,1,6,29,11,0,29,11,0,26,21,0,16,29,1,6,29,11,0,26,21,0,16,29,1,6,29,11,0,29,11,0,26,21,0,16,29,1,6,29,11,0,26,21,0,16,29,1,6,29,11,0,29,11,0,26,21,0,16,29,1,6,29,11,0,26,21,0,16,29,1,6,29,11,0,11,4,0,10,8,0,6,11,0,2,11,4,0,10,8,0,6,11,0,2,11,4,0,0,0,0,0,0,0,0,0,0,0,0,0,0,0,0,0,0,0,0,0,0,0,0,17,17,17,17,17,17,17,17,17,17,17,17,17,17,17,17,17,17,17,17,17,17,17,0,0,0,0,0,0,0,0,0,0,0,0,0,0,0,0,0,0,0,0,0,0,0,0,0,0,0,0,0,0,0,0,0,0,0,0,0,0,0,0,0,0,0,0,0,0,25,9,0,22,18,0,14,25,1,5,25,9,0,22,18,0,14,25,1,5,25,9,0,29,11,0,26,21,0,16,29,1,6,29,11,0,26,21,0,16,29,1,6,29,11,0,29,11,0,26,21,0,16,29,1,6,29,11,0,26,21,0,16,29,1,6,29,11,0,29,11,0,26,21,0,16,29,1,6,29,11,0,26,21,0,16,29,1,6,29,11,0
22,0,6,15,0,16,12,15,0,16,12,15,0,16,5,0,22,16,5,0,22,16,5,22,0,6,15,8,16,12,15,0,16,12,15,8,16,8,5,22,16,5,0,22,16,7,22,0,6,15,22,16,12,15,0,16,12,15,22,16,12,15,22,16,5,0,22,16,10,22,0,6,15,22,16,12,15,0,16,12,15,22,16,12,15,22,16,5,0,22,16,10,22,0,6,15,22,16,12,15,0,16,12,15,22,16,12,15,22,16,5,0,22,16,10,22,0,6,15,16,16,10,11,0,11,11,15,16,16,10,11,22,11,4,0,16,16,9,3,0,1,2,0,16,6,0,3,0,7,15,0,2,1,0,22,0,1,2,0,16,6,3,0,1,2,22,16,12,15,22,16,12,15,22,2,7,15,22,16,12,15,22,16,10,22,0,6,15,22,16,12,15,22,16,12,15,22,16,12,15,22,16,12,15,22,16,10,22,0,6,15,8,16,8,5,22,6,9,15,8,16,8,5,22,6,9,15,8,16,7,22,0,6,15,0,16,9,7,22,7,9,15,0,16,5,0,22,7,9,15,10,16,5,22,0,6,15,1,16,12,15,22,16,12,15,1,16,6,1,22,16,12,15,22,16,6,22,0,6,15,22,16,12,15,22,16,12,15,22,16,12,15,22,16,12,15,22,16,10,22,0,6,15,22,16,11,12,22,13,11,15,22,16,12,15,22,13,11,15,17,16,10,22,0,6,15,22,16,5,0,22,0,6,15,22,16,12,15,22,0,6,15,0,16,10,22,0,6,15,0,16,5,0,22,0,6,15,0,16,5,0,22,0,6,15,0,16,5,22,0,6,15,0,16,5,0,22,0,6,15,0,16,5,0,22,0,6,15,0,16,5,0,0,0,0,0,16,5,0,0,0,6,15,0,0,0,0,22,0,0,0,0,16,5,3,0,1,2,13,16,26,13,19,14,26,15,13,2,4,9,26,25,11,13,23,28,8,22,0,6,15,22,3,12,15,22,16,11,3,22,16,12,15,6,20,12,15,23,6,6,22,0,6,15,22,0,6,15,22,16,5,0,22,16,12,15,0,16,12,15,22,0,4,22,0,6,15,13,0,6,15,22,16,5,0,13,16,10,9,0,16,12,15,22,0,2,22,0,6,15,0,0,6,15,0,16,5,0,0,16,5,0,0,16,5,0,22,0,0
23,19,0,14,25,1,6,25,10,0,23,19,0,14,25,1,6,25,10,0,23,19,0,26,21,0,16,29,1,6,29,11,0,26,21,0,16,29,1,6,29,11,0,26,21,0,26,21,0,16,29,1,6,29,11,0,26,21,0,16,29,1,6,29,11,0,26,21,0,26,21,0,16,29,1,6,29,11,0,26,21,0,16,29,1,6,29,11,0,26,21,0,26,21,0,16,29,1,6,29,11,0,26,21,0,16,29,1,6,29,11,0,26,21,0,26,21,0,16,29,1,6,29,11,0,26,21,0,16,29,1,6,29,11,0,26,21,0,15,12,0,9,17,1,3,17,6,0,15,12,0,9,17,1,3,17,6,0,15,12,0,0,0,0,0,0,0,0,0,0,0,0,0,0,0,0,0,0,0,0,0,0,0,0,12,12,12,12,12,12,12,12,12,12,12,12,12,12,12,12,12,12,12,12,12,12,12,3,3,3,3,3,3,3,3,3,3,3,3,3,3,3,3,3,3,3,3,3,3,3,0,0,0,0,0,0,0,0,0,0,0,0,0,0,0,0,0,0,0,0,0,0,0,17,14,0,11,19,1,4,19,7,0,17,14,0,11,19,1,4,19,7,0,17,14,0,26,21,0,16,29,1,6,29,11,0,26,21,0,16,29,1,6,29,11,0,26,21,0,26,21,0,16,29,1,6,29,11,0,26,21,0,16,29,1,6,29,11,0,26,21,0,26,21,0,16,29,1,6,29,11,0,26,21,0,16,29,1,6,29,11,0,26,21,0,26,21,0,16,29,1,6,29,11,0,26,21,0,16,29,1,6,29,11,0,26,21,0,4,3,0,2,4,0,1,4,1,0,4,3,0,2,4,0,1,4,1,0,4,3,0,0,0,0,0,0,0,0,0,0,0,0,0,0,0,0,0,0,0,0,0,0,0,0,0,0,0,0,0,0,0,0,0,0,0,0,0,0,0,0,0,0,0,0,0,0,0,17,17,17,17,17,17,17,17,17,17,17,17,17,17,17,17,17,17,17,17,17,17,17,0,0,0,0,0,0,0,0,0,0,0,0,0,0,0,0,0,0,0,0,0,0,0,0,0,0,0,0,0,0,0,0,0,0,0,0,0,0,0,0,0,0,0,0,0,0,8,7,0,5,9,0,2,9,3,0,8,7,0,5,9,0,2,9,3,0,8,7,0
22,0,3,18,0,13,8,0,22,0,3,18,0,13,8,0,22,0,3,18,0,13,8,22,0,3,18,0,13,8,0,22,0,3,18,0,13,8,0,22,0,3,18,0,13,8,22,0,4,18,1,13,9,1,22,0,4,18,1,13,9,1,22,0,4,18,1,13,9,22,13,12,18,22,13,12,18,22,13,12,18,22,13,12,18,22,13,12,18,22,13,12,22,13,12,18,22,13,12,18,22,13,12,18,22,13,12,18,22,13,12,18,22,13,12,22,13,12,18,22,13,12,18,22,13,12,18,22,13,12,18,22,13,12,18,22,13,12,22,11,11,18,19,13,12,15,22,11,11,18,19,13,12,15,22,11,11,18,19,13,12,22,0,3,18,0,13,8,0,22,0,3,18,0,13,8,0,22,0,3,18,0,13,8,28,0,3,29,27,28,8,0,23,27,28,18,0,13,28,27,28,0,3,29,27,28,8,23,0,0,4,4,16,8,0,3,4,8,18,0,2,4,4,23,0,0,4,4,16,8,22,0,16,23,23,13,8,8,23,23,11,18,0,23,23,15,22,0,16,23,23,13,8,22,0,6,8,24,13,8,3,8,18,12,18,0,8,11,18,22,0,6,8,24,13,8,22,0,0,0,22,13,8,0,0,13,12,18,0,0,3,18,22,0,0,0,22,13,8,22,0,3,18,22,13,8,0,22,13,12,18,0,13,12,18,22,0,3,18,22,13,8,22,0,3,18,8,13,8,0,22,5,7,18,0,13,10,6,22,0,3,18,8,13,8,28,0,3,29,29,29,8,0,23,29,29,18,0,13,29,29,28,0,3,29,29,29,8,2,0,0,2,2,2,0,0,2,2,2,1,0,1,2,2,2,0,0,2,2,2,0,17,17,17,17,17,17,17,17,17,17,17,17,17,17,17,17,17,17,17,17,17,17,17,0,0,0,0,0,0,0,0,0,0,0,0,0,0,0,0,0,0,0,0,0,0,0,19,0,3,15,0,12,7,0,19,0,3,16,0,11,7,0,19,0,3,15,0,12,7,22,0,3,18,0,13,8,0,22,0,3,18,0,13,8,0,22,0,3,18,0,13,8,22,0,3,18,0,13,8,0,22,0,3,18,0,13,8,0,22,0,3,18,0,13,8,22,0,3,18,0,13,8,0,22,0,3,18,0,13,8,0,22,0,3,18,0,13,8
12,12,12,12,12,12,12,12,12,12,12,12,12,12,12,12,12,12,12,12,12,12,12,3,3,3,3,3,3,3,3,3,3,3,3,3,3,3,3,3,3,3,3,3,3,3,0,0,0,0,0,0,0,0,0,0,0,0,0,0,0,0,0,0,0,0,0,0,0,0,0,6,4,2,22,22,22,22,22,22,10,0,0,17,22,22,22,22,22,22,16,0,0,0,13,8,2,25,25,25,25,25,28,13,0,0,19,25,25,25,25,25,29,21,0,0,0,13,11,2,2,2,2,2,1,18,13,0,0,0,0,0,0,0,0,26,21,0,0,0,13,18,13,13,13,13,13,5,18,18,8,8,8,8,8,8,8,0,26,21,0,0,11,13,8,0,0,0,0,0,0,18,26,23,23,23,23,23,23,23,0,26,21,0,0,22,13,8,2,20,20,20,20,20,26,13,0,0,9,12,12,12,12,12,28,21,0,0,22,13,8,2,27,27,27,27,27,27,13,0,0,22,29,29,29,29,29,29,21,0,0,22,13,8,0,0,0,0,0,0,0,0,0,0,4,5,5,5,5,5,5,4,0,0,22,13,8,0,8,17,17,17,17,17,17,17,17,17,17,17,17,17,17,17,17,17,0,22,13,8,0,0,0,4,4,4,4,4,4,4,0,0,0,0,0,0,0,0,0,0,19,13,8,0,0,1,11,11,11,11,11,11,25,0,0,0,0,0,0,0,0,0,0,0,13,8,0,0,0,0,14,17,20,7,0,22,0,0,0,0,0,16,29,1,6,0,13,13,8,0,0,0,0,3,0,13,8,0,22,13,8,0,0,0,16,29,1,6,0,22,13,8,0,0,0,3,18,0,13,8,0,22,13,8,0,0,0,16,29,1,6,0,22,13,16,10,10,10,13,18,0,13,8,0,22,8,5,0,0,0,16,29,1,6,0,7,10,21,21,21,21,23,18,0,13,8,0,23,0,0,0,0,0,14,25,1,5,0,0,0,0,0,0,0,3,18,0,13,8,0,12,15,15,15,11,0,0,0,0,0,0,0,0,0,0,0,0,2,10,0,12,19,17,17,17,17,6,0,0,0,0,0,0,2,2,2,2,2,2,2,2,2,2,2,2,2,2,2,2,2,2,2,2,2,2,2,13,13,13,13,13,13,13,13,13,13,13,13,13,13,13,13,13,13,13,13,13,13,13
10,8,22,6,7,18,0,13,8,0,22,6,7,18,9,13,8,0,22,0,3,18,9,9,3,22,2,5,18,4,13,9,3,22,2,5,18,4,13,9,3,22,2,5,18,4,12,18,22,13,12,18,22,13,12,18,22,13,12,18,22,13,12,18,22,13,12,18,22,12,18,22,13,12,18,22,13,12,18,22,13,12,18,22,13,12,18,22,13,12,18,22,8,18,12,13,11,10,22,7,8,18,12,13,11,10,22,7,8,18,12,13,11,10,22,19,18,0,13,21,17,26,0,3,25,17,23,8,0,23,17,19,18,0,13,21,17,26,16,18,0,13,19,14,25,0,3,24,14,21,8,0,23,14,16,18,0,13,19,14,25,3,18,0,13,8,0,22,0,3,18,0,13,8,0,22,0,3,18,0,13,8,0,22,3,18,0,13,8,0,22,0,3,18,0,13,8,0,22,0,3,18,0,13,8,0,22,3,18,0,13,8,0,22,0,3,18,0,13,8,0,22,0,3,18,0,13,8,0,22,3,18,0,13,8,0,22,0,3,18,0,13,8,0,22,0,3,18,0,13,8,0,22,3,18,0,13,8,0,22,0,3,18,0,13,8,0,22,0,3,18,0,13,8,0,22,0,3,0,2,1,0,4,0,0,3,0,2,1,0,4,0,0,3,0,2,1,0,4,17,17,17,17,17,17,17,17,17,17,17,17,17,17,17,17,17,17,17,17,17,17,17,0,0,0,0,0,0,0,0,0,0,0,0,0,0,0,0,0,0,0,0,0,0,0,0,0,0,0,0,0,0,0,0,9,8,0,6,10,0,2,10,4,0,9,8,0,6,0,0,0,0,0,0,0,0,0,26,21,0,16,29,1,6,29,11,0,26,21,0,16,0,0,0,0,0,0,0,0,0,26,21,0,16,29,1,6,29,11,0,26,21,0,16,0,0,0,0,0,3,2,0,0,26,21,0,16,29,1,6,29,11,0,26,21,0,16,0,0,0,0,0,13,8,0,0,26,21,0,16,29,1,6,29,11,0,26,21,0,16,0,0,0,0,0,13,8,0,0,26,21,0,16,29,1,6,29,11,0,26,21,0,16,0,0,0,0,0,13,8,0,0,26,21,0,16,29,1,6,29,11,0,26,21,0,16,0,0,0,0,0,13,8,0,0,26,21,0,1,1,0,0,1,0,0,1,1,0,1
0,4,14,0,0,4,17,0,0,4,14,0,12,6,0,0,14,7,0,0,7,29,10,10,7,0,22,0,4,17,0,14,7,0,22,0,4,17,0,14,7,0,0,7,29,10,10,12,17,22,0,4,17,0,14,12,17,22,14,12,17,0,14,7,0,0,7,29,10,10,12,17,22,0,4,17,0,14,12,17,22,14,12,17,0,14,7,0,0,7,29,10,4,7,17,8,0,1,6,0,5,7,17,8,14,9,6,0,5,2,0,0,7,29,10,0,4,17,0,0,0,0,0,0,4,17,0,14,7,0,0,0,0,0,0,7,29,10,0,5,17,1,0,0,0,0,0,5,17,1,14,8,1,0,0,0,0,0,7,29,10,10,12,17,22,0,0,0,0,14,12,17,22,14,12,17,0,0,0,0,0,7,29,10,10,12,17,22,0,1,4,0,14,12,17,22,14,12,17,0,3,1,0,0,7,29,10,10,12,17,22,0,4,17,0,14,12,17,22,14,12,17,0,14,7,0,0,7,29,10,10,12,17,22,0,4,17,0,14,12,17,22,14,12,17,0,14,7,0,0,7,29,10,10,11,13,22,0,4,17,0,14,11,13,22,11,11,17,0,14,7,0,0,7,29,10,10,7,0,22,0,4,17,0,14,7,0,22,0,4,17,0,14,7,0,0,4,17,6,10,12,15,22,12,11,17,19,14,12,15,22,12,11,17,19,14,7,0,0,0,0,0,10,12,17,22,14,12,17,22,14,12,17,22,14,12,17,22,14,7,0,0,6,25,9,9,11,17,19,14,12,15,22,12,11,17,19,14,12,15,22,12,6,0,0,7,29,10,0,4,21,7,18,7,0,23,7,11,17,0,14,13,7,24,0,0,0,0,7,29,10,0,4,27,25,27,7,0,24,25,25,17,0,14,26,25,27,0,0,0,0,7,29,10,0,4,17,0,14,7,0,22,0,4,17,0,14,7,0,22,0,0,0,0,7,29,10,0,4,17,0,14,7,0,22,0,4,17,0,14,7,0,22,0,0,0,0,7,29,10,0,4,17,0,14,7,0,22,0,4,17,0,14,7,0,22,0,0,0,0,7,29,10,0,4,17,0,14,7,0,22,0,4,17,0,14,7,0,22,0,0,0,0,7,29,10,0,4,17,0,14,7,0,22,0,4,17,0,14,7,0,22,0,0,0,0,7,29,10
14,14,14,14,14,14,10,0,0,0,0,2,14,14,14,14,14,14,14,14,14,14,14,0,14,17,17,17,17,17,23,8,0,0,0,0,0,0,3,0,0,8,17,17,17,17,0,0,0,0,6,0,0,13,8,0,0,0,0,0,3,18,0,0,0,0,0,4,2,0,0,0,0,22,0,0,13,8,0,0,0,0,0,3,18,0,0,0,0,0,13,8,0,0,0,0,22,0,0,13,8,0,0,0,0,0,3,18,0,0,0,0,0,13,8,5,5,5,5,7,2,0,13,8,0,4,5,5,5,6,7,5,5,5,5,5,6,4,14,14,14,14,14,8,2,13,8,0,23,11,14,14,14,14,14,14,14,14,14,14,11,12,12,12,12,15,23,9,13,8,0,22,2,12,12,12,12,12,12,12,12,12,12,26,7,7,7,2,3,18,0,13,8,0,22,0,3,7,7,7,7,7,7,7,5,0,22,8,8,8,3,3,18,0,13,8,0,22,0,4,8,8,8,8,8,8,8,6,0,22,3,3,3,3,7,18,0,13,8,0,22,0,3,3,3,3,3,3,3,3,3,3,23,12,12,14,14,14,10,1,13,8,0,22,2,12,12,12,12,12,12,12,13,14,14,14,0,0,7,21,19,14,10,13,8,0,22,0,0,0,1,7,0,0,0,2,16,24,14,0,0,0,13,11,13,0,13,8,0,22,0,0,0,3,18,0,0,0,0,3,18,16,0,0,0,13,12,18,0,13,8,0,22,0,0,0,3,18,0,0,0,0,3,18,22,0,0,0,13,11,13,0,13,8,0,22,0,0,0,1,5,0,0,0,0,3,18,16,15,15,15,22,20,15,11,13,8,0,23,15,15,15,15,15,15,15,15,15,17,24,15,0,12,14,14,14,14,14,21,8,0,0,0,0,0,0,0,0,0,7,14,14,14,14,0,2,2,2,2,2,2,2,0,0,0,0,0,0,0,0,0,0,1,2,2,2,2,17,17,17,17,17,17,17,17,17,17,17,17,17,17,17,17,17,17,17,17,17,17,17,0,0,0,0,0,0,0,0,0,0,0,0,0,0,0,0,0,0,0,0,0,0,0,29,29,17,2,29,29,29,27,0,22,29,29,29,7,12,29,29,29,29,29,29,10,0,29,23,11,1,18,28,27,17,0,14,25,29,19,5,8,21,29,23,18,18,18,6,0
2,19,0,12,9,0,22,0,2,19,0,12,9,0,22,0,2,19,0,12,9,0,22,2,19,0,8,6,0,22,0,1,12,0,8,6,0,22,0,1,12,0,12,9,0,14,2,21,5,2,2,5,24,0,0,0,0,0,0,0,22,5,2,3,4,16,9,0,0,10,26,29,12,12,28,26,11,10,9,0,6,7,17,20,28,12,19,22,26,11,17,11,8,0,22,12,12,19,0,12,12,19,0,12,12,19,0,12,12,19,22,0,2,19,22,8,0,22,12,12,19,0,12,12,19,0,12,12,19,0,12,12,19,22,0,2,19,22,2,0,22,8,9,19,0,3,5,19,0,12,10,5,0,12,11,12,22,0,0,5,22,0,0,22,0,2,19,0,0,2,19,0,12,9,0,0,12,9,0,22,0,0,0,22,1,7,11,4,5,9,8,0,2,19,0,12,9,0,8,6,6,7,11,4,3,0,22,2,19,7,12,10,6,22,0,2,19,0,12,9,0,22,4,6,19,7,12,9,0,22,2,19,22,12,12,19,22,0,2,19,0,12,9,0,22,12,12,19,22,12,9,0,22,2,19,22,12,12,19,22,0,2,19,0,12,9,0,22,12,12,19,22,12,9,0,22,0,0,22,0,3,19,0,0,0,0,0,0,0,0,0,12,10,0,22,0,0,0,0,0,0,22,0,2,19,0,0,0,0,0,0,0,0,0,12,9,0,22,0,0,0,0,1,7,22,5,6,19,9,0,0,0,0,0,0,0,9,12,11,7,22,5,3,0,0,2,19,22,12,12,19,22,0,0,0,0,0,0,0,22,12,12,19,22,12,9,0,0,2,19,22,12,12,19,22,0,1,11,0,7,5,0,22,12,12,19,22,12,9,0,13,2,19,22,12,12,19,22,0,2,19,0,12,9,0,22,12,12,19,22,12,9,0,22,2,19,22,12,12,19,22,0,2,19,0,12,9,0,22,12,12,19,22,12,9,0,22,2,19,9,12,11,8,22,0,2,19,0,12,9,0,22,5,7,19,9,12,9,0,22,4,19,4,12,10,3,22,2,4,19,0,12,10,3,22,2,4,19,4,12,10,3,22,11,19,22,12,12,19,22,12,12,19,0,12,12,19,22,12,12,19,22,12,12,19,22,11,19,22,12,12,19,22,12,12,19,0,12,12,19,22,12,12,19,22,12,12,19,22
6,29,11,0,26,21,0,16,29,1,6,29,11,0,26,21,0,16,29,1,6,29,11,6,25,10,0,23,19,0,14,25,1,6,25,10,0,23,19,0,14,25,1,6,25,10,0,0,0,0,0,0,0,0,0,0,0,0,0,0,0,0,0,0,0,0,0,0,0,0,0,0,0,0,0,0,0,0,0,0,0,0,0,0,0,0,0,0,0,0,0,0,17,17,17,17,17,17,17,17,17,17,17,17,17,17,17,17,17,17,17,17,17,17,17,0,0,0,0,0,0,0,0,0,0,0,0,0,0,0,0,0,0,0,0,0,0,0,2,10,4,0,9,8,0,6,10,0,2,10,4,0,9,8,0,6,10,0,2,10,4,6,29,11,0,26,21,0,16,29,1,6,29,11,0,26,21,0,16,29,1,6,29,11,6,29,11,0,26,21,0,16,29,1,6,29,11,0,26,21,0,16,29,1,6,29,11,6,29,11,0,26,21,0,16,29,1,6,29,11,0,26,21,0,16,29,1,6,29,11,6,29,11,0,26,21,0,16,29,1,6,29,11,0,26,21,0,16,29,1,6,29,11,6,29,11,0,26,21,0,16,29,1,6,29,11,0,26,21,0,16,29,1,6,29,11,6,29,11,0,26,21,0,16,29,1,6,29,11,0,26,21,0,16,29,1,6,29,11,0,1,0,0,1,1,0,1,1,0,0,1,0,0,1,1,0,1,1,0,0,1,0,0,0,0,0,0,0,0,0,0,0,0,0,0,0,0,0,0,0,0,0,0,0,0,17,17,17,17,17,17,17,17,17,17,17,17,17,17,17,17,17,17,17,17,17,17,17,0,0,0,0,0,0,0,0,0,0,0,0,0,0,0,0,0,0,11,17,17,17,17,0,0,0,0,0,0,0,0,0,0,0,0,0,0,0,0,0,0,9,14,14,14,14,1,16,0,0,0,4,0,0,0,0,0,0,3,0,0,2,13,1,0,0,0,2,6,15,22,0,0,0,22,0,0,0,0,0,3,18,0,0,3,18,16,0,0,12,22,13,15,22,0,0,0,22,0,0,0,0,0,3,18,0,0,3,18,16,0,0,15,22,13,15,22,0,0,0,22,0,0,0,0,0,3,18,0,0,3,18,16,0,0,15,22,13,15,22,0,0,0,22,0,0,0,0,0,3,18,0,0,3,18,16,0,0,15,22,13
22,2,10,15,22,16,9,2,22,16,12,15,4,18,12,15,22,4,7,15,22,16,6,15,16,28,14,20,15,28,15,15,3,6,10,26,27,11,14,25,29,10,10,5,11,8,0,16,5,0,0,0,6,15,0,0,0,0,22,0,0,0,0,16,5,0,0,0,4,0,16,5,0,19,0,6,15,0,14,5,0,22,0,6,13,0,16,5,0,19,0,4,0,16,5,0,22,0,6,15,0,16,5,0,22,0,6,15,0,16,5,0,22,0,4,21,16,5,0,22,0,6,15,21,16,12,14,22,0,6,15,0,16,12,14,22,15,10,22,16,10,11,22,11,11,15,22,16,12,15,22,11,11,15,16,16,12,15,22,16,10,22,16,12,15,22,16,12,15,22,16,12,15,22,16,12,15,22,16,12,15,22,16,10,3,16,12,15,22,16,12,15,3,16,7,2,22,16,12,15,22,16,7,2,22,2,5,0,16,9,8,22,9,10,15,0,16,5,0,22,9,10,15,12,16,5,0,22,0,4,6,16,8,4,22,5,8,15,6,16,8,4,22,5,8,15,6,16,8,4,22,5,6,22,16,12,15,22,16,12,15,22,16,12,15,22,16,12,15,22,16,12,15,22,16,10,22,16,12,15,22,16,12,15,22,3,8,15,22,16,12,15,22,16,12,15,5,16,10,2,16,6,1,5,1,7,15,2,1,1,1,22,1,2,3,2,16,6,1,2,1,5,14,16,10,10,0,10,10,15,14,16,10,10,22,10,3,0,14,16,10,10,22,10,8,22,16,12,15,0,16,12,15,22,16,12,15,22,16,5,0,22,16,12,15,22,16,10,22,16,12,15,0,16,12,15,22,16,12,15,22,16,5,0,22,16,12,15,22,16,10,22,16,12,15,0,16,12,15,22,16,12,15,22,16,5,0,22,16,12,15,22,16,10,10,16,12,15,0,16,12,15,10,16,9,7,22,16,5,0,22,16,9,7,22,7,7,0,16,12,15,0,16,12,15,0,16,5,0,22,16,5,0,22,16,5,0,22,0,4,0,7,9,15,0,16,9,7,0,8,2,0,10,16,5,0,22,7,2,0,11,0,2,0,0,9,15,0,16,8,0,0,0,0,0,1,18,5,0,23,2,0,0,0,0,0,0,7,29,15,0,16,29,7,0,0,0,0,17,29,5,0,26,27,0,0,0,0,0
0,2,25,25,29,3,0,0,0,0,0,0,16,29,1,0,0,0,0,0,0,0,0,0,0,6,0,28,3,0,0,0,22,18,0,16,29,1,5,25,9,0,22,18,0,14,0,0,22,0,28,3,0,0,0,26,21,0,16,29,1,6,29,11,0,26,21,0,16,0,0,22,0,28,3,0,0,0,26,21,0,16,29,1,6,29,11,0,26,21,0,16,0,0,22,0,28,3,0,0,0,26,21,0,16,29,1,6,29,11,0,26,21,0,16,0,0,22,0,28,3,0,0,0,26,21,0,16,29,1,6,29,11,0,26,21,0,16,0,0,6,0,28,3,0,0,0,0,0,0,0,0,0,0,0,0,0,0,0,0,0,0,2,23,23,29,3,0,0,0,0,0,0,0,0,0,0,0,0,0,0,0,0,0,0,0,8,8,8,1,0,0,0,0,0,0,0,0,0,0,0,0,0,0,0,0,0,17,17,17,17,17,17,17,17,17,17,17,17,17,17,17,17,17,17,17,17,17,17,17,0,0,0,0,0,0,0,0,0,0,0,0,0,0,0,0,0,0,0,0,0,0,0,0,0,0,0,0,0,0,0,0,0,0,0,0,0,0,0,0,0,0,0,0,0,0,13,0,10,18,1,4,18,7,0,17,13,0,10,18,1,4,18,7,0,17,13,0,10,21,0,16,29,1,6,29,11,0,26,21,0,16,29,1,6,29,11,0,26,21,0,16,21,0,16,29,1,6,29,11,0,26,21,0,16,29,1,6,29,11,0,26,21,0,16,21,0,16,29,1,6,29,11,0,26,21,0,16,29,1,6,29,11,0,26,21,0,16,21,0,16,29,1,6,29,11,0,26,21,0,16,29,1,6,29,11,0,26,21,0,16,4,0,3,5,0,1,5,2,0,5,4,0,3,5,0,1,5,2,0,5,4,0,3,0,0,0,0,0,0,0,0,0,0,0,0,0,0,0,0,0,0,0,0,0,0,0,7,7,7,7,7,7,7,7,7,7,7,7,7,7,7,7,7,7,7,7,7,7,7,8,8,8,8,8,8,8,8,8,8,8,8,8,8,8,8,8,8,8,8,8,8,8,0,0,0,0,12,27,27,22,0,0,0,0,0,0,0,0,0,0,0,0,0,0,0,21,0,0,0,2,4,12,23,0,0,0,0,16,29,1,6,29,11,0,26,21,0,16
12,12,12,12,12,12,12,12,12,12,12,12,12,12,12,12,12,12,12,12,12,12,12,3,3,3,3,3,3,3,3,3,3,3,3,3,3,3,3,3,3,3,3,3,3,3,17,17,17,17,4,0,0,0,0,0,0,0,0,6,17,17,17,17,17,17,4,6,17,29,29,29,29,7,0,4,6,0,1,5,5,0,11,29,29,29,29,29,29,7,11,29,1,17,29,3,0,3,18,22,0,3,18,22,0,0,8,29,13,1,1,1,0,0,8,0,16,29,1,0,3,18,22,0,3,18,22,0,0,6,29,11,1,2,2,2,1,6,5,16,29,1,0,3,18,22,0,3,18,22,0,0,6,29,11,10,29,29,29,15,6,0,16,29,1,0,3,18,22,0,3,18,22,0,0,6,29,11,0,0,0,0,0,6,12,22,29,14,3,2,13,22,0,3,18,16,0,5,16,29,19,12,12,12,12,12,16,29,29,29,29,7,0,0,22,0,3,18,0,0,11,29,29,29,29,29,29,29,29,29,5,5,5,5,1,0,0,22,0,3,18,0,0,2,5,5,5,5,5,5,5,5,5,17,17,17,17,17,17,6,22,0,3,18,8,17,17,17,17,17,17,17,17,17,17,17,0,0,0,0,0,0,0,22,0,3,18,0,0,0,0,0,0,0,0,0,0,0,0,17,17,17,0,0,3,15,22,0,3,18,18,0,0,2,17,17,17,17,17,17,17,0,0,0,0,0,0,3,18,22,0,3,18,22,0,0,0,0,0,0,0,0,0,22,0,12,14,14,14,14,16,18,22,0,3,18,23,14,14,14,14,14,10,0,0,0,22,0,6,6,6,6,1,5,18,22,0,3,18,23,1,2,6,6,6,6,4,3,0,22,0,11,11,11,25,0,3,18,3,0,0,3,22,0,3,23,11,11,11,11,9,0,23,17,0,0,0,22,0,3,18,0,0,0,0,22,0,3,18,0,0,0,0,0,0,23,0,15,11,0,22,0,3,18,0,0,0,0,22,0,3,18,0,13,15,15,15,15,15,0,0,0,0,7,0,2,12,0,0,0,0,14,0,1,6,0,0,0,0,0,0,0,0,2,2,2,2,2,2,2,2,2,2,2,2,2,2,2,2,2,2,2,2,2,2,2,13,13,13,13,13,13,13,13,13,13,13,13,13,13,13,13,13,13,13,13,13,13,13
0,0,0,0,17,29,0,7,29,10,0,27,20,0,17,29,0,7,29,10,0,0,0,0,0,0,0,0,0,0,0,0,0,0,0,0,0,0,0,0,0,0,0,0,0,0,0,0,0,0,0,0,0,0,0,0,0,0,0,0,0,0,0,0,0,0,0,0,0,0,0,0,0,0,0,0,0,0,0,0,0,0,0,0,0,0,0,0,0,0,0,0,0,0,0,6,17,17,17,17,17,17,17,17,17,17,17,17,17,17,11,0,0,0,0,0,0,0,0,0,0,0,0,0,0,0,0,0,0,0,0,0,0,0,0,0,0,0,0,0,0,0,0,0,0,0,0,0,0,0,0,0,0,0,0,0,0,0,0,0,0,0,0,0,0,11,18,0,5,18,6,0,17,13,0,11,18,0,5,18,6,0,0,0,0,0,0,0,17,29,0,7,29,10,0,27,20,0,17,29,0,7,29,10,0,0,0,0,0,0,0,17,29,0,7,29,10,0,27,20,0,17,29,0,7,29,10,0,0,0,0,0,0,0,17,29,0,7,29,10,0,27,20,0,17,29,0,7,29,10,0,0,0,0,0,0,0,17,29,0,7,29,10,0,27,20,0,17,29,0,7,29,10,0,0,0,0,0,0,0,3,5,0,1,5,2,0,5,4,0,3,5,0,1,5,2,0,0,0,0,0,0,0,0,0,0,0,0,0,0,0,0,0,0,0,0,0,0,0,0,0,0,0,0,0,2,7,7,7,7,7,7,7,7,7,7,7,7,7,7,5,0,0,0,0,0,0,0,3,8,8,8,8,8,8,8,8,8,8,8,8,8,8,5,0,0,0,0,0,0,0,0,0,0,0,0,0,0,0,0,0,0,0,0,0,0,0,0,0,0,0,0,0,0,0,17,29,0,7,29,10,0,27,20,0,17,29,0,7,29,10,0,0,0,0,0,0,0,17,29,0,7,29,10,0,27,20,0,17,29,0,7,29,10,0,0,0,0,0,0,0,17,29,0,7,29,10,0,27,20,0,17,29,0,7,29,10,0,0,0,0,0,0,0,17,29,0,7,29,10,0,27,20,0,17,29,0,7,29,10,0,0,0,0,0,0,0,17,29,0,7,29,10,0,27,20,0,17,29,0,7,29,10,0,0,0,0,0,0,0,17,29,0,7,29,10,0,27,20,0,17,29,0,7,29,10,0,0,0
0,0,0,0,22,0,0,0,0,0,0,26,21,0,3,18,16,29,5,18,0,6,29,0,0,0,0,22,0,0,0,0,0,9,27,24,9,10,10,21,29,11,10,9,14,29,0,0,0,0,22,0,0,0,0,2,29,29,29,29,29,29,29,29,29,29,29,29,29,0,0,0,0,22,0,0,0,0,0,8,8,8,8,8,8,8,8,8,8,8,8,8,0,0,0,0,22,0,0,0,0,0,0,0,0,0,0,0,0,0,0,0,0,0,0,0,0,0,0,22,0,8,17,17,17,17,17,17,17,17,17,17,17,17,17,17,17,17,0,0,0,0,22,0,0,0,0,0,0,0,0,0,0,0,0,0,0,7,7,7,7,0,0,0,0,22,0,0,0,0,0,0,0,0,0,0,0,0,0,2,25,25,28,27,0,0,0,0,22,0,0,0,19,9,5,0,14,11,10,15,0,0,0,0,0,18,13,0,0,0,0,22,0,0,0,22,10,5,0,16,13,12,18,0,0,1,8,12,18,14,0,0,0,0,22,0,0,0,22,10,5,0,16,13,12,18,0,0,3,18,16,18,14,0,0,0,0,22,0,0,0,22,10,5,0,16,13,12,18,0,0,3,18,16,18,14,0,0,0,0,20,0,0,0,22,8,4,0,8,11,11,18,0,0,3,16,8,18,14,0,0,0,0,0,0,0,0,9,0,0,0,0,0,0,3,0,0,0,0,0,18,13,0,0,0,0,0,0,0,0,0,0,7,23,23,23,23,23,23,23,23,23,23,27,26,0,0,0,0,0,0,0,0,0,0,2,8,8,8,8,8,8,8,8,8,8,8,8,17,17,17,17,17,17,17,17,17,17,17,17,17,17,17,17,17,17,17,17,17,17,17,0,0,0,0,0,0,0,0,0,0,0,0,0,0,0,0,0,0,0,0,0,0,0,0,0,0,0,0,0,7,7,7,7,7,7,3,0,0,6,7,7,7,7,7,7,5,0,0,0,13,8,2,29,29,29,29,29,29,13,0,0,22,29,29,29,29,29,29,21,0,0,0,13,8,1,10,10,10,10,10,23,13,0,0,8,10,10,10,10,10,28,21,0,0,0,13,20,17,17,17,17,17,6,18,13,0,0,0,0,0,0,0,0,26,21,0,0,0,13,8,0,0,0,0,0,0,18,26,23,23,23,23,23,23,23,0,26,21
22,13,12,18,22,13,12,18,22,13,12,18,22,13,12,18,22,13,12,18,22,13,12,22,6,7,18,9,13,10,8,22,6,7,18,9,13,10,8,22,6,7,18,9,13,10,22,0,3,18,0,13,8,0,22,0,3,18,0,13,8,0,22,0,3,18,0,13,8,22,0,3,18,0,13,8,0,22,0,3,18,0,13,8,0,22,0,3,18,0,13,8,22,0,3,18,0,13,8,0,22,0,3,18,0,13,8,0,22,0,3,18,0,13,8,22,0,3,18,0,13,8,0,22,0,3,18,0,13,8,0,22,0,3,18,0,13,8,13,0,2,10,0,7,5,0,13,0,2,10,0,7,5,0,13,0,2,10,0,7,5,7,7,7,7,7,7,7,7,7,7,7,7,7,7,7,7,7,7,7,7,7,7,7,8,8,8,8,8,8,8,8,8,8,8,8,8,8,8,8,8,8,8,8,8,8,8,11,0,1,11,11,11,3,0,9,11,11,7,0,5,11,11,11,0,1,11,11,11,3,27,0,3,26,20,25,8,0,23,20,22,18,0,13,23,20,27,0,3,26,20,25,8,22,0,3,18,9,13,8,0,22,5,7,18,0,13,10,7,22,0,3,18,9,13,8,16,0,3,18,22,10,6,0,22,13,11,13,0,13,12,18,16,0,3,18,22,10,6,0,0,3,18,22,0,0,0,22,13,8,0,0,13,12,18,0,0,3,18,22,0,0,17,10,3,18,23,17,16,0,22,13,21,17,4,13,12,25,17,10,3,18,23,17,16,14,8,3,18,11,14,13,0,22,6,14,14,3,13,10,14,14,8,3,18,11,14,13,13,0,3,24,13,13,4,0,23,13,13,8,0,13,18,13,13,0,3,24,13,13,4,26,0,3,25,18,24,8,0,23,18,20,18,0,13,22,18,26,0,3,25,18,24,8,22,1,5,18,3,13,9,2,22,1,5,18,3,13,9,2,22,1,5,18,3,13,9,22,13,12,18,22,13,12,18,22,13,12,18,22,13,12,18,22,13,12,18,22,13,12,22,13,12,18,22,13,12,18,22,13,12,18,22,13,12,18,22,13,12,18,22,13,12,22,13,12,18,22,13,12,18,22,13,12,18,22,13,12,18,22,13,12,18,22,13,12,22,10,10,18,17,13,12,14,22,10,10,18,17,13,12,14,22,10,10,18,17,13,12
8,0,16,29,1,0,0,13,8,0,8,13,8,0,0,0,0,0,0,0,0,0,22,8,0,0,0,0,0,0,13,8,14,17,18,18,17,17,17,17,17,17,17,17,17,19,8,0,0,0,0,0,0,10,18,17,17,17,17,17,11,0,0,0,0,0,0,0,0,8,0,0,0,0,0,0,0,0,0,0,0,0,0,0,0,0,0,0,0,0,0,0,8,0,0,14,17,17,17,17,17,17,17,17,17,17,17,17,17,17,17,17,17,17,17,8,0,0,0,0,0,0,0,0,0,0,1,9,9,9,9,9,9,5,0,9,9,9,8,0,0,0,0,0,0,0,0,0,0,4,29,29,29,29,29,29,17,2,29,29,29,8,0,10,18,1,0,0,0,0,0,0,1,8,8,8,13,29,17,5,0,8,27,24,8,0,16,29,1,0,0,9,11,11,7,13,8,0,22,6,29,11,0,13,8,26,21,8,0,16,29,1,0,0,16,23,28,12,13,8,0,22,6,29,11,0,13,8,26,21,8,0,16,29,1,0,0,0,8,23,0,5,3,0,8,6,29,11,0,5,3,26,21,8,0,16,29,1,0,0,0,8,23,0,4,29,29,29,29,29,29,29,29,29,29,29,8,0,3,5,0,0,0,0,8,23,0,3,18,18,18,18,18,18,18,18,18,18,18,8,0,0,0,0,0,0,0,8,23,0,0,0,0,0,0,0,0,0,0,0,0,0,8,0,0,6,7,7,7,5,8,23,0,0,7,7,7,7,7,7,7,7,7,7,7,8,0,0,7,8,8,8,5,8,23,0,0,8,8,8,8,8,8,8,8,8,8,8,8,0,0,0,0,23,27,27,28,29,27,27,27,27,27,27,27,27,27,27,27,27,27,8,0,0,0,0,4,4,4,12,24,4,4,4,4,4,4,12,24,4,4,4,4,4,8,0,0,0,2,10,0,0,8,23,0,7,4,0,0,0,8,23,0,7,4,0,0,8,0,0,0,3,18,9,4,11,23,15,13,8,0,9,4,11,23,15,13,8,0,9,8,0,0,0,3,18,22,10,14,23,16,13,8,0,22,10,14,23,16,13,8,0,22,6,0,0,0,3,18,16,10,14,23,16,13,8,0,16,10,14,23,16,13,8,0,16,0,0,0,0,3,18,0,6,12,23,1,13,8,0,0,6,12,23,1,13,8,0,0
0,1,20,0,11,10,0,21,0,1,20,0,11,10,0,21,0,1,20,0,11,10,0,0,1,20,0,11,10,0,21,0,1,20,0,11,10,0,21,0,1,20,0,11,10,0,0,1,20,0,11,10,0,21,0,1,20,0,11,10,0,21,0,1,20,0,11,10,0,0,1,20,0,11,10,0,21,0,1,20,0,11,10,0,21,0,1,20,0,11,10,0,0,1,18,0,10,9,0,19,0,1,18,0,10,9,0,19,0,1,18,0,10,9,0,0,0,0,0,0,0,0,0,0,0,0,0,0,0,0,0,0,0,0,0,0,0,0,1,17,17,17,17,17,17,17,17,17,17,17,17,17,17,17,17,17,17,17,17,17,7,0,0,1,1,1,0,0,1,1,1,1,0,0,1,1,1,0,0,1,1,1,0,0,0,1,29,29,29,10,0,21,29,29,20,0,11,29,29,29,0,1,29,29,29,10,0,0,1,21,8,12,10,0,21,5,6,20,0,11,12,7,22,0,1,21,8,12,10,0,0,1,20,21,12,10,0,21,12,12,20,0,11,12,20,21,0,1,20,21,12,10,0,0,0,1,21,12,10,0,1,12,12,20,0,0,2,20,21,0,0,1,21,12,10,0,0,5,7,24,12,10,2,7,16,12,20,0,7,9,20,21,0,5,7,24,12,10,0,0,15,25,25,12,10,7,25,25,11,20,0,24,25,17,21,0,15,25,25,12,10,0,0,0,3,3,14,10,0,2,3,5,20,0,1,3,3,23,0,0,3,3,14,10,0,0,1,29,28,29,10,0,21,29,29,20,0,11,29,28,29,0,1,29,28,29,10,0,0,1,20,0,11,10,0,21,0,1,20,0,11,10,0,21,0,1,20,0,11,10,0,9,10,20,17,12,12,16,21,10,10,20,17,12,12,16,21,10,10,20,17,12,12,10,11,12,20,21,12,12,20,21,12,12,20,21,12,12,20,21,12,12,20,21,12,12,12,11,12,20,21,12,12,20,21,12,12,20,21,12,12,20,21,12,12,20,21,12,12,12,11,12,20,21,12,12,20,21,12,12,20,21,12,12,20,21,12,12,20,21,12,12,12,1,3,20,2,12,11,2,21,2,3,20,2,12,11,2,21,2,3,20,2,12,11,1,0,1,20,0,11,10,0,21,0,1,20,0,11,10,0,21,0,1,20,0,11,10,0
0,0,0,0,0,0,0,0,0,0,0,0,0,0,0,0,0,0,0,0,0,0,0,0,0,0,0,0,0,0,0,0,0,0,0,0,0,0,0,0,0,0,0,0,0,0,0,0,0,0,0,0,0,0,0,0,0,0,0,0,0,0,0,0,0,0,0,0,0,0,0,0,0,0,0,0,0,0,0,0,0,0,0,0,0,0,0,0,0,0,0,0,0,0,0,0,0,0,0,0,0,0,0,0,0,0,0,0,0,0,0,0,0,0,0,0,0,0,0,0,0,0,0,0,0,0,0,0,0,0,0,0,0,0,0,0,0,0,8,8,8,8,8,8,8,8,8,8,8,8,8,8,8,8,8,8,8,8,8,8,8,7,7,7,7,7,7,7,7,7,7,7,7,7,7,7,7,7,7,7,7,7,7,7,10,0,0,0,0,0,6,25,10,8,20,20,20,12,1,20,20,20,19,0,15,20,20,11,0,0,0,0,0,6,29,11,11,28,29,28,16,1,27,29,29,26,0,20,29,29,11,0,0,0,0,0,6,29,11,3,6,29,11,0,2,1,26,21,0,0,3,16,29,11,0,0,0,0,0,6,29,11,22,6,29,11,0,13,8,26,21,0,3,18,16,29,11,0,0,0,0,0,6,29,11,22,6,29,11,0,13,8,26,21,0,3,18,16,29,11,0,0,0,0,0,6,29,11,18,6,29,11,0,11,7,26,21,0,3,15,16,29,11,0,0,0,0,0,6,29,17,8,13,29,17,8,8,8,27,24,8,8,8,20,29,11,0,0,0,0,0,6,29,29,29,29,29,29,29,29,29,29,29,29,29,29,29,29,3,0,0,0,0,0,2,9,9,9,9,9,9,9,9,9,9,9,9,9,9,9,9,0,0,0,0,0,0,0,0,0,0,0,0,0,0,0,0,0,0,0,0,0,0,0,0,0,0,0,0,0,0,0,0,0,0,0,0,0,0,0,0,0,0,0,0,0,0,0,0,0,0,0,0,0,0,0,0,0,0,0,0,0,0,0,0,0,0,0,0,0,0,0,0,0,0,0,0,0,0,0,0,0,0,0,0,0,0,0,0,0,0,0,0,0,0,0,0,0,0,0,0,0,0,0,0,0,0,0,0,0,0,0,0,0,0,0,0,0,0,0,0,0,0,0,0,0,0,0,0,0,0,0,0,0,0,0,0,0,0
18,22,13,12,18,22,13,12,18,0,13,12,18,22,13,12,18,22,13,12,18,22,13,18,22,13,12,18,22,13,12,18,0,13,12,18,22,13,12,18,22,13,12,18,22,13,18,22,13,12,18,22,13,12,18,0,13,12,18,22,13,12,18,22,13,12,18,22,13,9,22,6,8,18,11,13,10,9,0,6,8,18,11,13,10,9,22,6,8,18,11,13,7,24,0,3,21,7,18,8,0,0,0,3,21,7,18,8,0,23,7,10,18,0,13,25,27,0,3,25,25,27,8,0,0,0,3,25,25,27,8,0,20,25,25,18,0,11,2,22,0,2,3,3,13,8,0,0,0,2,3,3,13,8,1,3,3,5,18,0,3,18,22,0,20,28,28,13,8,0,0,0,20,28,28,13,8,10,28,29,12,18,0,28,18,22,0,0,0,22,13,8,0,0,0,0,0,22,13,8,0,0,13,12,18,0,0,18,22,0,1,6,22,13,8,0,0,0,1,6,22,13,8,0,7,13,12,18,0,4,14,22,0,3,18,17,13,8,0,0,0,3,18,17,13,8,0,22,10,10,18,0,13,9,25,0,3,22,9,19,8,0,0,0,3,22,9,19,8,0,23,9,12,18,0,13,22,22,0,3,22,22,22,6,0,0,0,3,22,22,22,6,0,18,22,22,14,0,10,0,0,0,0,0,0,0,0,0,0,0,0,0,0,0,0,0,0,0,0,0,0,0,17,17,17,17,17,17,17,17,6,0,2,17,17,17,17,17,17,17,17,17,17,17,17,0,3,0,0,3,0,2,1,0,0,0,0,3,0,2,1,0,3,0,0,3,0,2,0,22,0,3,18,0,13,8,0,0,0,3,18,0,13,8,0,22,0,3,18,0,13,0,22,0,3,18,0,13,8,0,0,0,3,18,0,13,8,0,22,0,3,18,0,13,0,22,0,3,18,0,13,8,0,0,0,3,18,0,13,8,0,22,0,3,18,0,13,0,22,0,3,18,0,13,8,0,0,0,3,18,0,13,8,0,22,0,3,18,0,13,0,22,0,3,18,0,13,8,0,0,0,3,18,0,13,8,0,22,0,3,18,0,13,13,25,0,3,24,13,21,8,0,0,0,3,24,13,21,8,0,23,13,16,18,0,13,18,26,0,3,25,18,24,8,0,0,0,3,25,18,24,8,0,23,18,20,18,0,13
11,0,26,21,0,0,0,3,18,22,13,12,18,22,13,12,18,22,13,12,18,22,13,11,0,25,20,0,0,0,3,18,22,13,12,18,22,13,12,18,22,13,12,18,22,13,0,0,0,0,0,0,0,3,18,22,13,12,18,22,13,12,18,22,13,12,18,22,13,5,0,13,10,0,0,0,1,9,22,6,8,18,11,13,10,9,22,6,8,18,11,13,11,0,26,21,0,0,0,0,0,23,7,10,18,0,13,14,7,24,0,3,21,7,18,11,0,26,21,0,0,0,0,0,20,25,25,18,0,11,25,25,27,0,3,25,25,27,11,0,26,21,0,0,0,0,1,3,3,5,18,0,3,3,2,22,0,2,3,3,13,11,0,26,21,0,0,0,0,10,28,29,12,18,0,28,29,18,22,0,20,28,28,13,11,0,26,21,0,0,0,0,0,0,13,12,18,0,0,3,18,22,0,0,0,22,13,11,0,26,21,0,0,0,0,0,7,13,12,18,0,4,6,18,22,0,1,6,22,13,11,0,26,21,0,0,0,0,0,22,10,10,18,0,13,12,14,22,0,3,18,17,13,11,0,26,21,0,0,0,0,0,23,9,12,18,0,13,15,9,25,0,3,22,9,19,11,0,26,21,0,0,0,0,0,18,22,22,14,0,10,22,22,22,0,3,22,22,22,11,0,26,21,0,0,0,0,0,0,0,0,0,0,0,0,0,0,0,0,0,0,0,11,0,26,21,0,0,0,0,14,17,17,17,17,17,17,17,17,17,17,17,17,17,17,11,0,26,21,0,0,0,0,0,3,0,0,3,0,2,1,0,3,0,0,3,0,2,11,0,26,21,0,0,0,0,0,22,0,3,18,0,13,8,0,22,0,3,18,0,13,11,0,26,21,0,10,18,1,0,22,0,3,18,0,13,8,0,22,0,3,18,0,13,11,0,26,21,0,16,29,1,0,22,0,3,18,0,13,8,0,22,0,3,18,0,13,11,0,26,21,0,16,29,1,0,22,0,3,18,0,13,8,0,22,0,3,18,0,13,11,0,26,21,0,10,17,1,0,22,0,3,18,0,13,8,0,22,0,3,18,0,13,11,0,26,21,0,0,0,0,0,23,13,16,18,0,13,18,13,25,0,3,24,13,21,11,0,26,21,0,0,0,0,0,23,18,20,18,0,13,22,18,26,0,3,25,18,24
15,15,15,15,17,18,22,0,3,18,23,15,15,15,15,15,11,0,0,0,22,0,0,0,0,0,0,4,18,22,0,3,18,23,0,0,0,0,0,0,0,0,0,22,0,0,11,11,0,0,3,18,22,0,3,18,22,0,0,1,11,11,11,11,11,11,25,0,0,4,4,0,0,1,6,22,0,3,18,7,0,0,0,4,4,4,4,4,4,4,0,0,7,7,7,7,7,2,22,0,3,18,3,7,7,7,7,7,7,7,7,7,7,7,7,8,8,8,8,8,3,22,0,3,18,4,8,8,8,8,8,8,8,8,8,8,8,8,19,19,19,5,0,2,22,0,3,18,3,0,7,19,19,19,19,19,19,19,19,19,19,29,29,29,7,3,18,22,0,3,18,22,0,11,29,29,29,28,28,28,28,28,29,29,16,29,1,0,3,18,22,0,3,18,22,0,0,6,29,11,0,0,0,0,0,6,29,16,29,1,0,3,18,22,0,3,18,22,0,0,6,29,11,5,13,13,13,7,6,29,16,29,1,0,3,18,22,0,3,18,22,0,0,6,29,11,6,18,18,18,10,6,29,16,29,1,0,3,18,22,0,3,18,22,0,0,6,29,11,0,0,0,0,0,6,29,23,29,16,4,0,0,18,0,3,15,0,0,6,19,29,21,15,15,15,4,6,19,29,29,29,29,7,0,0,0,0,0,0,0,0,11,29,29,29,29,29,29,7,11,29,29,2,2,2,0,0,0,0,0,0,0,0,0,1,2,2,2,2,2,2,0,1,2,2,17,17,17,17,17,17,17,17,17,17,17,17,17,17,17,17,17,17,17,17,17,17,17,0,0,0,0,0,0,0,0,0,0,0,0,0,0,0,0,0,0,0,0,0,0,0,0,0,10,0,2,13,0,0,0,0,16,0,1,8,0,0,0,0,0,0,0,0,0,11,0,22,0,3,18,0,0,0,0,22,0,3,18,0,14,17,17,17,17,18,0,0,0,0,22,0,3,18,0,0,0,0,22,0,3,18,0,0,0,0,0,0,23,1,1,15,15,26,0,3,18,6,0,1,5,22,0,3,24,15,15,15,15,12,0,23,14,14,6,6,6,5,9,18,22,0,3,18,23,5,6,6,6,6,5,0,0,0,22,0,0,10,10,10,10,13,18,22,0,3,18,23,10,10,10,10,10,7,0,0,0,22,0,0
8,2,0,0,0,0,0,0,8,8,5,3,12,5,3,8,8,8,5,3,12,5,3,10,2,0,0,0,0,0,0,10,10,10,15,29,18,10,10,10,2,4,15,29,18,10,29,7,0,0,0,0,0,1,29,29,29,29,29,29,29,29,29,7,11,29,29,29,29,7,2,0,0,0,0,0,0,7,7,7,7,7,7,7,7,7,2,3,7,7,7,7,17,17,17,17,17,17,17,17,17,17,17,17,17,17,17,17,17,17,17,17,17,17,17,2,2,1,0,0,0,1,2,2,2,2,2,2,2,2,2,2,2,2,2,2,2,2,29,29,17,0,0,0,12,29,29,29,29,29,29,29,29,29,29,29,29,29,29,29,29,0,0,0,0,0,0,0,0,0,0,0,1,0,0,0,0,0,0,0,0,0,0,0,0,0,0,0,0,0,0,0,0,0,3,18,0,0,0,0,0,13,8,0,0,0,0,0,0,0,0,0,0,0,0,0,0,3,18,0,0,0,0,0,13,8,0,0,0,0,0,0,0,0,0,0,0,0,0,0,2,7,0,0,0,0,0,5,3,0,0,0,0,29,29,15,0,0,0,10,29,29,29,29,29,29,29,29,29,29,29,15,0,29,29,29,1,1,1,0,0,0,0,1,1,1,1,1,1,11,14,14,14,14,14,13,14,14,14,0,0,0,0,0,0,0,0,0,0,0,0,0,13,19,19,19,19,19,19,19,19,19,0,0,0,0,0,0,0,0,0,0,0,0,0,0,0,0,0,0,0,0,0,0,0,15,15,15,15,15,15,15,15,15,15,15,15,15,15,15,15,15,15,15,15,15,15,15,0,0,0,0,0,0,0,0,0,0,0,0,0,0,0,0,0,0,0,0,0,0,0,10,10,10,10,0,8,10,10,10,10,10,10,10,10,10,10,10,10,10,10,10,10,10,29,29,29,27,0,22,29,29,29,29,29,29,29,29,29,29,29,29,29,29,29,29,29,7,27,24,7,0,6,20,29,9,7,7,13,29,16,7,7,7,27,24,7,7,7,20,4,27,23,4,0,3,19,29,6,1,2,10,29,14,2,0,4,27,23,4,0,3,19,29,29,29,27,0,22,29,29,29,7,12,29,29,29,17,2,29,29,29,27,0,22,29,13,13,13,13,0,10,13,13,13,3,6,13,13,13,8,1,13,13,13,13,0,10,13
0,0,0,0,0,0,0,0,0,0,0,0,0,0,0,0,0,0,0,0,0,0,0,0,0,0,0,0,0,0,0,0,0,0,0,0,0,0,0,0,0,0,0,0,0,0,0,0,0,0,0,0,0,0,0,0,0,0,0,0,0,0,0,0,0,0,0,0,0,0,0,0,0,0,0,0,0,0,0,0,0,0,0,0,0,0,0,0,0,0,0,0,0,0,0,0,0,0,0,0,0,0,0,0,0,0,0,0,0,0,0,0,0,0,0,0,0,0,0,0,0,0,0,0,0,0,0,0,0,0,0,0,0,0,0,0,0,0,8,8,8,8,8,8,8,8,8,8,8,8,8,8,8,8,8,8,8,8,8,8,8,7,7,7,7,7,7,7,7,7,7,7,7,7,7,7,7,7,7,7,7,7,7,7,25,10,0,0,0,0,0,6,25,10,8,20,20,20,12,1,20,20,20,19,0,15,20,29,11,0,0,0,0,0,6,29,11,11,28,29,28,16,1,27,29,29,26,0,20,29,29,11,0,0,0,0,0,6,29,11,3,6,29,11,0,2,1,26,21,0,0,3,16,29,11,0,0,0,0,0,6,29,11,22,6,29,11,0,13,8,26,21,0,3,18,16,29,11,0,0,0,0,0,6,29,11,22,6,29,11,0,13,8,26,21,0,3,18,16,29,11,0,0,0,0,0,6,29,11,18,6,29,11,0,11,7,26,21,0,3,15,16,29,11,0,0,0,0,0,6,29,17,8,13,29,17,8,8,8,27,24,8,8,8,20,29,11,0,0,0,0,0,6,29,29,29,29,29,29,29,29,29,29,29,29,29,29,29,9,3,0,0,0,0,0,2,9,9,9,9,9,9,9,9,9,9,9,9,9,9,9,0,0,0,0,0,0,0,0,0,0,0,0,0,0,0,0,0,0,0,0,0,0,0,0,0,0,0,0,0,0,0,0,0,0,0,0,0,0,0,0,0,0,0,0,0,0,0,0,0,0,0,0,0,0,0,0,0,0,0,0,0,0,0,0,0,0,0,0,0,0,0,0,0,0,0,0,0,0,0,0,0,0,0,0,0,0,0,0,0,0,0,0,0,0,0,0,0,0,0,0,0,0,0,0,0,0,0,0,0,0,0,0,0,0,0,0,0,0,0,0,0,0,0,0,0,0,0,0,0,0,0,0,0,0,0,0,0,0
2,0,3,3,3,20,16,3,3,0,0,0,13,7,5,9,0,6,5,10,0,0,3,20,4,28,28,28,28,28,28,28,0,0,0,0,0,0,0,0,0,0,0,0,0,3,2,7,7,7,7,7,7,7,7,7,7,7,7,7,7,7,7,7,7,7,7,2,3,2,8,8,8,8,8,8,8,8,8,8,8,8,8,8,8,8,8,8,8,8,3,3,0,0,0,0,0,0,0,0,0,0,0,0,0,0,0,0,0,0,0,0,0,0,3,8,17,17,17,17,17,17,17,17,17,17,17,17,17,17,17,17,16,0,0,0,0,3,14,29,29,29,29,29,29,29,29,29,29,29,29,29,29,29,29,27,0,0,0,0,3,8,0,2,7,17,29,2,0,8,7,29,12,8,0,0,27,22,0,0,0,0,0,3,22,0,3,18,16,29,1,0,22,6,29,11,22,0,0,26,21,0,0,0,0,0,3,22,0,3,18,16,29,1,0,22,6,29,11,22,0,0,26,21,0,0,0,0,0,3,4,7,8,8,20,29,9,2,4,13,29,16,5,0,7,27,24,7,0,0,0,0,3,14,29,29,29,29,29,29,7,12,29,29,29,17,2,29,29,29,27,0,0,0,0,3,5,10,10,10,10,10,10,2,4,10,10,10,6,1,10,10,10,10,0,0,0,0,3,17,17,17,17,17,17,17,17,17,17,17,17,17,17,17,17,17,17,17,17,17,6,3,0,0,0,0,0,0,0,0,0,0,0,0,0,0,0,0,0,0,0,0,0,0,3,11,0,0,0,0,2,17,17,17,17,17,17,17,17,17,17,17,17,0,0,0,0,3,0,0,0,0,15,17,17,17,17,17,17,6,0,0,0,0,0,0,0,0,0,0,3,0,0,0,0,22,0,0,0,0,0,0,0,0,0,19,0,0,0,0,0,0,0,3,0,0,0,0,22,0,0,13,8,0,0,0,0,0,22,0,0,0,0,0,0,0,3,0,0,0,0,22,0,0,13,8,0,0,0,0,0,22,0,0,0,0,0,0,0,3,0,0,0,0,22,0,0,5,3,0,0,0,0,0,9,0,0,0,0,0,0,0,3,17,21,7,0,22,0,0,14,17,17,17,17,17,17,17,17,17,17,18,16,0,0,3,11,13,8,0,22,2,17,21,17,17,17,17,17,17,17,17,17,17,4,18,0,0,3
1,0,0,0,2,12,16,29,1,0,15,6,29,11,0,9,5,26,21,9,5,0,16,1,0,0,0,3,18,16,29,1,0,22,6,29,11,0,13,8,26,21,13,8,0,16,1,0,0,0,2,13,16,29,1,0,16,6,29,11,0,9,6,26,21,9,6,0,16,1,0,0,0,0,15,25,29,20,19,19,22,29,23,19,19,19,28,27,19,19,19,25,1,0,0,0,0,22,28,28,28,28,28,28,28,28,28,28,28,28,28,28,28,28,28,0,0,0,0,0,0,0,0,0,0,0,0,0,0,0,0,0,0,0,0,0,0,0,0,0,0,0,0,0,0,0,0,0,0,0,0,0,0,0,0,0,0,0,0,0,0,17,17,17,17,17,17,17,17,17,17,17,17,17,17,17,17,17,17,17,17,17,17,17,17,17,17,17,17,17,17,17,17,17,17,17,17,17,17,17,17,17,17,17,17,17,17,14,14,14,14,14,14,29,16,14,14,14,14,14,14,29,16,14,14,14,14,14,14,29,0,0,0,2,1,0,28,3,0,0,0,2,1,0,28,3,0,0,0,2,1,0,28,0,1,0,13,9,9,28,4,0,1,0,13,9,9,28,4,0,1,0,13,9,9,28,9,18,0,13,9,15,28,14,9,18,0,13,9,15,28,14,9,18,0,13,9,15,28,9,18,0,13,9,15,28,14,9,18,0,13,9,15,28,14,9,18,0,13,9,15,28,6,1,0,13,9,6,28,14,6,1,0,13,9,6,28,14,6,1,0,13,9,6,28,0,0,0,13,8,0,28,7,0,0,0,13,8,0,28,7,0,0,0,13,8,0,28,0,0,0,0,0,0,28,28,0,0,0,0,0,0,28,28,0,0,0,0,0,0,28,7,7,7,7,7,7,7,7,7,7,7,7,7,7,7,7,7,7,7,7,7,7,7,8,8,8,8,8,8,8,8,8,8,8,8,8,8,8,8,8,8,8,8,8,8,8,0,15,19,19,19,5,8,19,19,19,11,1,19,19,19,19,19,19,13,0,0,0,0,0,22,29,29,29,7,12,29,29,29,17,2,28,29,29,28,28,28,20,0,0,0,0,0,0,16,29,1,0,7,6,29,11,7,0,0,26,21,4,2,0,7,0,0,0,0,0,0,16,29,1,0,22,6,29,11,22,0,0,26,21,13,8,0,22,0,21,21,21
12,18,22,13,12,18,22,13,12,18,22,13,12,18,22,13,12,18,22,0,0,6,29,12,18,22,13,12,18,22,13,12,18,22,13,12,18,22,13,12,18,22,0,0,6,29,12,18,22,13,12,18,22,13,12,18,22,13,12,18,22,13,12,18,22,0,0,6,29,8,18,11,13,10,9,22,6,8,18,11,13,10,9,22,6,8,18,11,0,0,6,29,10,18,0,13,14,7,24,0,3,21,7,18,8,0,23,7,10,18,0,0,0,6,29,25,18,0,11,25,25,27,0,3,25,25,27,8,0,20,25,25,18,0,0,0,6,29,5,18,0,3,3,2,22,0,2,3,3,13,8,1,3,3,5,18,0,0,0,6,29,12,18,0,28,29,18,22,0,20,28,28,13,8,10,28,29,12,18,0,0,0,6,29,12,18,0,0,3,18,22,0,0,0,22,13,8,0,0,13,12,18,0,0,0,6,29,12,18,0,4,6,18,22,0,1,6,22,13,8,0,7,13,12,18,0,0,0,6,29,10,18,0,13,12,14,22,0,3,18,17,13,8,0,22,10,10,18,0,0,0,6,29,12,18,0,13,15,9,25,0,3,22,9,19,8,0,23,9,12,18,0,0,0,6,29,22,14,0,10,22,22,22,0,3,22,22,22,6,0,18,22,22,14,0,0,0,6,29,0,0,0,0,0,0,0,0,0,0,0,0,0,0,0,0,0,0,0,0,0,6,29,17,17,17,17,17,17,17,17,17,17,17,17,17,17,17,17,17,17,11,0,0,1,5,0,3,0,2,1,0,3,0,0,3,0,2,1,0,3,0,0,3,0,0,0,1,6,3,18,0,13,8,0,22,0,3,18,0,13,8,0,22,0,3,18,0,0,0,6,29,3,18,0,13,8,0,22,0,3,18,0,13,8,0,22,0,3,18,0,0,0,6,29,3,18,0,13,8,0,22,0,3,18,0,13,8,0,22,0,3,18,0,0,0,6,29,3,18,0,13,8,0,22,0,3,18,0,13,8,0,22,0,3,18,0,0,0,6,29,3,18,0,13,8,0,22,0,3,18,0,13,8,0,22,0,3,18,0,0,0,6,29,16,18,0,13,18,13,25,0,3,24,13,21,8,0,23,13,16,18,0,0,0,6,29,20,18,0,13,22,18,26,0,3,25,18,24,8,0,23,18,20,18,0,0,0,6,29
0,0,26,21,0,0,1,1,1,1,9,5,0,15,6,29,11,0,9,5,26,21,9,0,0,26,21,0,0,22,29,29,17,13,8,0,22,6,29,11,0,13,8,26,21,13,0,0,26,21,0,0,0,9,24,0,9,6,0,16,6,29,11,0,9,6,26,21,9,0,0,26,21,0,0,0,8,23,0,3,19,19,19,22,29,23,19,19,19,28,27,19,0,0,14,11,0,0,0,8,23,0,4,28,28,28,28,28,28,28,28,28,28,28,28,0,0,0,0,0,0,0,8,23,0,0,0,0,0,0,0,0,0,0,0,0,0,0,0,0,0,0,0,0,0,8,23,0,0,0,0,0,0,0,0,0,0,0,0,0,0,0,0,14,17,17,17,11,8,23,0,0,15,17,17,17,17,17,17,17,17,17,17,17,0,0,0,0,14,17,17,21,27,17,17,17,17,17,17,17,17,17,17,17,17,17,17,0,0,0,0,12,14,14,19,26,14,14,14,14,14,14,19,26,14,14,14,14,14,14,0,0,0,0,3,0,0,8,23,0,2,1,0,0,0,8,23,0,2,1,0,0,0,0,0,0,3,18,2,0,9,23,9,13,8,0,2,0,9,23,9,13,8,0,2,0,0,0,0,3,18,22,10,14,23,16,13,8,0,22,10,14,23,16,13,8,0,22,10,0,0,0,3,18,22,10,14,23,16,13,8,0,22,10,14,23,16,13,8,0,22,10,0,0,0,3,18,1,10,14,23,6,13,8,0,1,10,14,23,6,13,8,0,1,10,0,0,0,3,18,0,0,11,23,0,13,8,0,0,0,11,23,0,13,8,0,0,0,0,0,0,0,0,0,4,28,23,0,0,0,0,0,4,28,23,0,0,0,0,0,4,7,7,7,7,7,7,7,7,7,7,7,7,7,7,7,7,7,7,7,7,7,7,7,8,8,8,8,8,8,8,8,8,8,8,8,8,8,8,8,8,8,8,8,8,8,8,6,4,0,11,0,1,9,0,0,0,0,0,0,0,0,0,0,0,0,0,16,19,19,13,8,0,22,0,3,18,0,3,14,5,0,13,10,0,0,0,0,0,0,24,28,28,13,8,0,22,0,3,18,0,6,29,11,0,26,21,0,0,0,0,0,1,6,0,4,13,8,0,22,0,3,18,0,6,29,11,0,26,21,0,9,21,21,17,3,18,0,13
21,0,16,29,1,0,0,0,3,18,22,13,12,18,22,13,12,18,22,13,12,18,22,20,0,15,27,1,0,0,0,3,18,22,13,12,18,22,13,12,18,22,13,12,18,22,0,0,0,0,0,0,0,0,3,18,22,13,12,18,22,13,12,18,22,13,12,18,22,10,0,8,14,0,0,0,0,1,9,22,6,8,18,11,13,10,9,22,6,8,18,11,21,0,16,29,1,0,0,0,0,0,23,7,10,18,0,13,14,7,24,0,3,21,7,21,0,16,29,1,0,0,0,0,0,20,25,25,18,0,11,25,25,27,0,3,25,25,21,0,16,29,1,5,25,9,0,1,3,3,5,18,0,3,3,2,22,0,2,3,3,21,0,16,29,1,6,29,11,0,10,28,29,12,18,0,28,29,18,22,0,20,28,28,21,0,16,29,1,6,29,11,0,0,0,13,12,18,0,0,3,18,22,0,0,0,22,21,0,16,29,1,6,29,11,0,0,7,13,12,18,0,4,6,18,22,0,1,6,22,21,0,16,29,1,6,29,11,0,0,22,10,10,18,0,13,12,14,22,0,3,18,17,21,0,16,29,1,6,29,11,0,0,23,9,12,18,0,13,15,9,25,0,3,22,9,21,0,16,29,1,6,29,11,0,0,18,22,22,14,0,10,22,22,22,0,3,22,22,21,0,16,29,1,6,29,11,0,0,0,0,0,0,0,0,0,0,0,0,0,0,0,21,0,16,29,1,6,29,11,0,14,17,17,17,17,17,17,17,17,17,17,17,17,17,21,0,16,29,1,6,29,11,0,0,3,0,0,3,0,2,1,0,3,0,0,3,0,21,0,16,29,1,6,29,11,0,0,22,0,3,18,0,13,8,0,22,0,3,18,0,21,0,16,29,1,6,29,11,0,0,22,0,3,18,0,13,8,0,22,0,3,18,0,21,0,16,29,1,6,29,11,0,0,22,0,3,18,0,13,8,0,22,0,3,18,0,21,0,16,29,1,6,29,11,0,0,22,0,3,18,0,13,8,0,22,0,3,18,0,21,0,16,29,1,4,17,7,0,0,22,0,3,18,0,13,8,0,22,0,3,18,0,21,0,16,29,1,0,0,0,0,0,23,13,16,18,0,13,18,13,25,0,3,24,13,21,0,16,29,1,0,0,0,0,0,23,18,20,18,0,13,22,18,26,0,3,25,18
0,0,0,0,0,0,0,0,0,0,0,0,0,0,0,0,0,0,0,0,0,0,0,0,0,0,0,0,0,0,0,0,0,0,0,0,0,0,0,0,0,0,0,0,0,0,0,0,0,0,0,0,0,0,0,0,0,0,0,0,0,0,0,0,0,0,0,0,0,0,0,0,0,0,0,0,0,0,0,0,0,0,0,0,0,0,0,0,0,0,0,0,0,0,0,0,0,0,0,0,0,0,0,0,0,0,0,0,0,0,0,0,0,0,0,0,0,0,0,0,0,0,0,0,0,0,0,0,0,0,0,0,0,0,0,0,0,0,8,8,8,8,8,8,8,8,8,8,8,8,8,8,8,8,8,8,8,8,8,8,8,7,7,7,7,7,7,7,7,7,7,7,7,7,7,7,7,7,7,7,7,7,7,7,1,0,0,14,25,1,15,20,20,20,5,8,20,20,20,12,1,20,20,20,19,0,0,29,1,0,16,29,1,20,29,29,28,7,11,28,29,28,16,1,27,29,29,26,0,0,29,1,0,16,29,2,3,16,29,1,0,3,6,29,11,0,2,1,26,21,2,1,0,29,1,0,16,29,5,18,16,29,1,0,22,6,29,11,0,13,8,26,21,13,8,0,29,1,0,16,29,5,18,16,29,1,0,22,6,29,11,0,13,8,26,21,13,8,0,29,1,0,16,29,5,15,16,29,1,0,18,6,29,11,0,11,7,26,21,11,7,0,29,1,0,16,29,10,8,20,29,10,8,8,13,29,17,8,8,8,27,24,8,0,0,10,0,0,16,29,29,29,29,29,29,29,29,29,29,29,29,29,29,29,29,29,0,0,0,0,0,5,9,9,9,9,9,9,9,9,9,9,9,9,9,9,9,9,9,0,0,0,0,0,0,0,0,0,0,0,0,0,0,0,0,0,0,0,0,0,0,0,0,0,0,0,0,0,0,0,0,0,0,0,0,0,0,0,0,0,0,0,0,0,0,0,0,0,0,0,0,0,0,0,0,0,0,0,0,0,0,0,0,0,0,0,0,0,0,0,0,0,0,0,0,0,0,0,0,0,0,0,0,0,0,0,0,0,0,0,0,0,0,0,0,0,0,0,0,0,0,0,0,0,0,0,0,0,0,0,0,0,0,0,0,0,0,0,0,0,0,0,0,0,0,0,0,0,0,0,0,0,0,0,0,0,0,0,0
17,17,17,17,17,17,17,17,17,17,17,17,17,17,17,17,17,5,0,0,0,0,7,15,15,15,15,15,15,15,15,15,15,15,15,15,15,15,15,15,4,0,0,0,0,7,17,17,17,17,17,17,17,17,17,17,17,17,17,17,17,17,17,17,17,17,17,17,17,0,0,0,0,0,0,0,0,0,0,0,0,0,0,0,0,0,0,0,0,0,0,0,9,25,25,25,25,25,25,6,9,25,25,25,25,25,25,6,0,0,0,0,0,0,0,9,23,23,23,27,29,24,6,9,23,23,23,27,29,24,6,1,9,12,0,2,10,11,0,0,0,0,16,29,1,0,0,0,0,0,16,29,1,0,3,18,22,0,3,18,22,10,10,8,0,16,29,1,7,10,10,10,2,16,29,1,0,3,18,22,0,3,18,22,21,21,16,0,16,29,1,15,21,21,21,4,16,29,1,0,3,18,22,0,3,18,22,0,0,0,0,16,29,1,0,0,0,0,0,16,29,1,0,3,18,22,0,3,18,22,8,20,20,20,26,29,21,20,20,20,20,20,26,29,21,5,1,8,22,0,3,18,9,11,27,27,27,27,27,27,27,27,27,27,27,27,27,27,7,0,0,22,0,3,18,0,0,0,0,0,0,0,0,0,0,0,0,0,0,0,0,0,0,0,22,0,3,18,0,15,15,15,15,15,15,15,15,15,15,15,15,15,15,15,15,15,5,22,0,3,18,7,0,0,0,0,0,0,0,0,0,0,0,0,0,0,0,0,0,1,22,0,3,18,1,18,18,18,18,11,0,3,23,17,17,17,17,17,17,0,0,3,18,22,0,3,18,22,29,29,29,29,17,0,3,18,0,0,0,0,0,0,0,0,3,18,22,0,3,18,22,0,0,0,0,0,0,3,18,0,0,0,14,17,17,17,17,18,18,22,0,3,18,23,0,0,0,0,0,0,3,18,0,11,12,12,12,12,12,0,3,18,20,0,3,17,22,17,17,17,17,17,17,18,18,0,3,3,3,3,3,23,0,3,18,0,0,0,0,22,0,0,0,0,0,0,3,22,8,8,8,8,6,0,22,0,3,18,0,0,0,0,22,29,29,29,29,17,0,1,7,7,7,7,7,5,0,22,0,3,18,0,0,0,0,22,17,17,17,17,10,0,0,0,0,0,0,0,0,0,1,0,1,6,0,0,0,0,8
4,12,11,10,22,6,8,19,12,12,11,10,22,6,8,19,12,12,11,10,22,6,5,0,12,21,17,27,0,2,25,17,23,9,0,22,17,19,19,0,12,21,17,27,0,0,0,12,19,14,26,0,2,24,14,21,9,0,22,14,16,19,0,12,19,14,26,0,0,0,12,9,0,22,0,2,19,0,12,9,0,22,0,2,19,0,12,9,0,22,0,0,0,12,9,0,22,0,2,19,0,12,9,0,22,0,2,19,0,12,9,0,22,0,0,0,12,9,0,22,0,2,19,0,12,9,0,22,0,2,19,0,12,9,0,22,0,0,0,12,9,0,22,0,2,19,0,12,9,0,22,0,2,19,0,12,9,0,22,0,0,0,12,9,0,22,0,2,19,0,12,9,0,22,0,2,19,0,12,9,0,22,0,0,0,2,1,0,4,0,0,3,0,2,1,0,4,0,0,3,0,2,1,0,4,0,0,5,17,17,17,17,17,17,17,17,17,17,17,17,17,17,17,17,17,17,17,17,17,1,0,0,0,0,0,0,0,0,0,0,0,0,0,0,0,0,0,0,0,0,0,0,0,0,9,21,21,21,0,2,21,21,21,7,0,16,21,21,14,0,9,21,21,21,0,0,0,12,17,10,25,0,2,23,10,19,9,0,22,10,12,19,0,12,17,10,25,0,0,0,12,12,14,22,0,2,19,16,12,9,0,22,9,10,19,0,12,12,14,22,0,0,0,5,6,19,22,0,1,7,22,12,9,0,9,12,12,19,0,5,6,19,22,0,0,0,0,2,19,22,0,0,0,22,12,9,0,0,12,12,19,0,0,2,19,22,0,0,0,27,28,19,22,0,18,27,29,12,9,9,27,28,12,19,0,27,28,19,22,0,0,0,4,4,3,22,0,3,4,4,12,9,1,4,4,4,19,0,4,4,3,22,0,0,0,10,23,23,28,0,2,23,23,26,9,0,18,23,24,19,0,10,23,23,28,0,0,0,12,15,8,25,0,2,22,8,18,9,0,22,8,11,19,0,12,15,8,25,0,0,4,12,11,9,22,6,7,19,10,12,11,9,22,6,7,19,10,12,11,9,22,6,4,8,12,12,19,22,12,12,19,22,12,12,19,22,12,12,19,22,12,12,19,22,12,9,8,12,12,19,22,12,12,19,22,12,12,19,22,12,12,19,22,12,12,19,22,12,9
0,17,0,3,14,0,10,6,0,17,0,3,14,0,10,6,0,17,0,3,14,0,10,0,22,0,3,18,0,13,8,0,22,0,3,18,0,13,8,0,22,0,3,18,0,13,0,22,0,3,18,0,13,8,0,22,0,3,18,0,13,8,0,22,0,3,18,0,13,0,22,0,3,18,0,13,8,0,22,0,3,18,0,13,8,0,22,0,3,18,0,13,0,22,0,3,18,0,13,8,0,22,0,3,18,0,13,8,0,22,0,3,18,0,13,0,23,1,5,18,0,13,10,1,23,0,3,19,1,15,8,0,23,1,5,18,0,13,0,23,29,29,18,0,13,29,29,28,0,3,29,29,29,8,0,23,29,29,18,0,13,1,23,2,5,18,2,13,10,2,23,1,4,19,3,14,9,1,23,2,5,18,2,13,18,22,13,12,18,22,13,12,18,22,13,12,18,22,13,12,18,22,13,12,18,22,13,18,22,13,12,18,22,13,12,18,22,13,12,18,22,13,12,18,22,13,12,18,22,13,18,14,13,11,12,22,8,9,18,14,13,11,12,22,8,9,18,14,13,11,12,22,8,18,0,13,8,0,22,0,3,18,0,13,8,0,22,0,3,18,0,13,8,0,22,0,18,0,13,12,18,22,13,12,18,0,13,8,0,22,13,12,18,22,13,8,0,22,0,18,0,13,12,18,22,13,12,18,0,13,8,0,22,13,12,18,22,13,8,0,22,0,18,0,13,12,18,22,13,12,18,0,13,8,0,22,13,12,18,22,13,8,0,22,0,0,0,13,12,18,22,13,12,18,0,0,0,0,22,13,12,18,22,13,8,0,0,0,0,0,12,11,18,19,13,12,16,0,0,0,0,19,13,12,16,22,12,7,0,0,0,0,0,0,3,18,0,13,8,0,0,0,0,0,0,13,8,0,22,0,0,0,0,0,0,0,0,3,18,0,13,8,0,0,0,0,0,0,13,8,0,22,0,0,0,0,0,11,0,8,9,18,13,13,11,11,0,8,5,0,13,13,11,11,22,8,5,0,13,0,18,0,13,12,18,22,13,12,18,0,13,8,0,22,13,12,18,22,13,8,0,22,0,18,0,13,12,14,22,10,10,18,0,13,8,0,22,10,10,18,17,13,8,0,22,0,14,0,10,6,0,17,0,3,14,0,10,6,0,17,0,3,14,0,10,6,0,17,0
0,7,2,0,9,0,3,6,0,7,2,0,9,0,3,6,0,7,2,0,9,0,2,0,1,0,0,2,0,0,1,0,1,0,0,2,0,0,1,0,1,0,0,2,0,0,10,17,17,17,17,17,17,17,17,17,17,17,17,17,17,17,17,17,17,17,17,17,15,0,0,0,0,0,0,0,0,0,0,0,0,0,0,0,0,0,0,0,0,0,0,0,0,14,25,25,21,0,5,25,25,25,4,0,22,25,25,13,0,14,25,25,21,0,4,0,16,12,7,23,0,6,19,7,20,5,0,24,7,13,15,0,16,12,7,23,0,4,0,16,11,13,22,0,6,15,19,16,5,0,22,14,11,15,0,16,11,13,22,0,4,0,5,8,15,22,0,2,4,22,16,5,0,6,16,12,15,0,5,8,15,22,0,1,0,0,7,15,22,0,0,0,23,16,5,0,0,17,12,15,0,0,7,15,22,0,0,3,29,29,15,22,0,23,29,25,16,5,13,29,29,12,15,3,29,29,15,22,0,21,0,1,1,1,22,0,1,1,1,16,5,0,1,1,7,15,0,1,1,1,22,0,1,0,15,26,26,25,0,6,26,26,28,5,0,24,26,27,15,0,15,26,26,25,0,4,0,16,10,5,23,0,6,18,5,19,5,0,23,5,11,15,0,16,10,5,23,0,4,13,16,9,9,22,9,10,15,13,16,9,9,22,9,10,15,13,16,9,9,22,9,8,22,16,12,15,22,16,12,15,22,16,12,15,22,16,12,15,22,16,12,15,22,16,10,22,16,12,15,22,16,12,15,22,16,12,15,22,16,12,15,22,16,12,15,22,16,10,22,16,12,15,22,16,12,15,22,16,12,15,22,16,12,15,22,16,12,15,22,16,10,7,16,8,5,22,5,8,15,7,16,8,5,22,5,8,15,7,16,8,5,22,5,6,0,16,5,0,22,0,6,15,0,16,5,0,22,0,6,15,0,16,5,0,22,0,4,0,16,5,0,22,0,6,15,0,16,5,0,22,0,6,15,0,16,5,0,22,0,4,0,16,5,0,22,0,6,15,0,16,5,0,22,0,6,15,0,16,5,0,22,0,4,0,16,5,0,22,0,6,15,0,16,5,0,22,0,6,15,0,16,5,0,22,0,4,0,7,2,0,10,0,3,7,0,7,2,0,10,0,3,7,0,7,2,0,10,0,2
0,0,0,0,2,11,4,0,10,8,0,6,11,0,2,11,4,0,10,8,0,6,11,0,0,0,0,0,0,0,0,0,0,0,0,0,0,0,0,0,0,0,0,0,0,0,17,17,17,17,17,17,17,17,17,17,17,17,17,17,17,17,17,17,17,17,17,17,17,0,0,0,0,0,0,0,0,0,0,0,0,0,0,0,0,0,0,0,0,0,0,0,0,19,0,3,15,0,11,7,0,19,0,3,15,0,11,7,0,19,0,3,15,0,11,0,22,0,3,18,0,13,8,0,22,0,3,18,0,13,8,0,22,0,3,18,0,13,0,22,0,3,18,0,13,8,0,22,0,3,18,0,13,8,0,22,0,3,18,0,13,0,22,0,3,18,0,13,8,0,22,0,3,18,0,13,8,0,22,0,3,18,0,13,0,22,0,3,18,0,13,8,0,22,0,3,18,0,13,8,0,22,0,3,18,0,13,0,23,3,7,18,0,13,11,3,23,0,3,20,3,16,8,0,23,3,7,18,0,13,0,23,28,29,18,0,13,29,28,28,0,3,29,28,29,8,0,23,28,29,18,0,13,3,22,2,5,18,3,13,9,3,22,2,5,18,3,13,9,3,22,2,5,18,3,13,18,22,13,12,18,22,13,12,18,22,13,12,18,22,13,12,18,22,13,12,18,22,13,18,22,13,12,18,22,13,12,18,22,13,12,18,22,13,12,18,22,13,12,18,22,13,18,13,13,11,10,22,7,9,18,13,13,11,10,22,7,9,18,13,13,11,10,22,7,18,0,13,9,1,22,0,4,18,0,13,8,0,22,0,4,18,1,13,8,0,22,0,18,0,13,12,18,22,13,12,18,0,13,8,0,22,13,12,18,22,13,8,0,22,0,18,0,13,12,18,22,13,12,18,0,13,8,0,22,13,12,18,22,13,8,0,22,0,18,0,13,12,18,22,13,12,18,0,13,8,0,22,13,12,18,22,13,8,0,22,0,0,0,13,12,18,22,13,12,18,0,0,0,0,22,13,12,18,22,13,8,0,0,0,0,0,11,11,18,18,13,12,15,0,0,0,0,18,13,12,15,22,11,7,0,0,0,0,0,0,3,18,0,13,8,0,0,0,0,0,0,13,8,0,22,0,0,0,0,0,0,0,0,3,18,0,13,8,0,0,0,0,0,0,13,8,0,22,0,0,0,0,0
22,0,3,18,22,13,12,18,22,13,12,18,22,13,12,18,22,13,12,18,22,13,12,22,0,3,18,22,13,12,18,22,13,12,18,22,13,12,18,22,13,12,18,22,13,12,22,0,3,18,22,13,12,18,22,13,12,18,22,13,12,18,22,13,12,18,22,13,12,11,0,1,9,22,6,8,18,11,13,10,9,22,6,8,18,11,13,10,9,22,6,8,0,0,0,0,23,7,10,18,0,13,14,7,24,0,3,21,7,18,8,0,23,7,10,0,0,0,0,20,25,25,18,0,11,25,25,27,0,3,25,25,27,8,0,20,25,25,0,0,0,1,3,3,5,18,0,3,3,2,22,0,2,3,3,13,8,1,3,3,5,0,0,0,10,28,29,12,18,0,28,29,18,22,0,20,28,28,13,8,10,28,29,12,0,0,0,0,0,13,12,18,0,0,3,18,22,0,0,0,22,13,8,0,0,13,12,0,0,0,0,7,13,12,18,0,4,6,18,22,0,1,6,22,13,8,0,7,13,12,0,0,0,0,22,10,10,18,0,13,12,14,22,0,3,18,17,13,8,0,22,10,10,0,0,0,0,23,9,12,18,0,13,15,9,25,0,3,22,9,19,8,0,23,9,12,0,0,0,0,18,22,22,14,0,10,22,22,22,0,3,22,22,22,6,0,18,22,22,0,0,0,0,0,0,0,0,0,0,0,0,0,0,0,0,0,0,0,0,0,0,0,11,0,0,14,17,17,17,17,17,17,17,17,17,17,17,17,17,17,17,17,17,17,17,0,0,0,0,3,0,0,3,0,2,1,0,3,0,0,3,0,2,1,0,3,0,0,0,0,0,0,22,0,3,18,0,13,8,0,22,0,3,18,0,13,8,0,22,0,3,0,0,0,0,22,0,3,18,0,13,8,0,22,0,3,18,0,13,8,0,22,0,3,0,0,0,0,22,0,3,18,0,13,8,0,22,0,3,18,0,13,8,0,22,0,3,0,0,0,0,22,0,3,18,0,13,8,0,22,0,3,18,0,13,8,0,22,0,3,0,0,0,0,22,0,3,18,0,13,8,0,22,0,3,18,0,13,8,0,22,0,3,0,0,0,0,23,13,16,18,0,13,18,13,25,0,3,24,13,21,8,0,23,13,16,0,0,0,0,23,18,20,18,0,13,22,18,26,0,3,25,18,24,8,0,23,18,20
12,18,22,13,12,18,22,13,12,18,22,13,12,18,22,13,12,18,22,13,12,18,22,12,18,22,13,12,18,22,13,12,18,22,13,12,18,22,13,12,18,22,13,12,18,22,12,18,22,13,12,18,22,13,12,18,22,13,12,18,22,13,12,18,22,13,12,18,22,8,18,11,13,10,9,22,6,8,18,11,13,10,9,22,6,8,18,11,13,10,9,22,3,21,7,18,8,0,23,7,10,18,0,13,14,7,24,0,3,21,7,18,8,0,23,3,25,25,27,8,0,20,25,25,18,0,11,25,25,27,0,3,25,25,27,8,0,20,2,3,3,13,8,1,3,3,5,18,0,3,3,2,22,0,2,3,3,13,8,1,3,20,28,28,13,8,10,28,29,12,18,0,28,29,18,22,0,20,28,28,13,8,10,28,0,0,22,13,8,0,0,13,12,18,0,0,3,18,22,0,0,0,22,13,8,0,0,1,6,22,13,8,0,7,13,12,18,0,4,6,18,22,0,1,6,22,13,8,0,7,3,18,17,13,8,0,22,10,10,18,0,13,12,14,22,0,3,18,17,13,8,0,22,3,22,9,19,8,0,23,9,12,18,0,13,15,9,25,0,3,22,9,19,8,0,23,3,22,22,22,6,0,18,22,22,14,0,10,22,22,22,0,3,22,22,22,6,0,18,0,0,0,0,0,0,0,0,0,0,0,0,0,0,0,0,0,0,0,0,0,0,0,17,17,17,17,17,17,17,17,17,17,17,17,17,17,17,17,17,17,17,17,17,17,17,0,3,0,2,1,0,3,0,0,3,0,2,1,0,3,0,0,3,0,2,1,0,3,3,18,0,13,8,0,22,0,3,18,0,13,8,0,22,0,3,18,0,13,8,0,22,3,18,0,13,8,0,22,0,3,18,0,13,8,0,22,0,3,18,0,13,8,0,22,3,18,0,13,8,0,22,0,3,18,0,13,8,0,22,0,3,18,0,13,8,0,22,3,18,0,13,8,0,22,0,3,18,0,13,8,0,22,0,3,18,0,13,8,0,22,3,18,0,13,8,0,22,0,3,18,0,13,8,0,22,0,3,18,0,13,8,0,22,3,24,13,21,8,0,23,13,16,18,0,13,18,13,25,0,3,24,13,21,8,0,23,3,25,18,24,8,0,23,18,20,18,0,13,22,18,26,0,3,25,18,24,8,0,23
11,15,15,15,15,15,0,0,0,14,7,0,0,0,0,0,0,0,29,2,0,27,20,0,0,0,0,0,0,0,0,0,14,7,0,9,21,21,21,21,21,29,2,0,27,20,0,0,0,10,11,11,11,11,11,20,7,0,11,26,26,26,26,26,29,2,0,27,20,0,0,0,4,4,4,4,4,4,4,1,0,0,0,0,0,0,0,29,2,0,27,20,5,7,7,7,7,7,7,7,7,7,7,7,7,7,7,7,7,2,29,2,0,27,20,6,8,8,8,8,8,8,8,8,8,8,8,8,8,8,8,8,2,29,2,0,27,20,0,1,19,19,19,19,19,19,19,19,19,19,19,19,19,19,11,0,29,2,0,27,20,0,2,28,29,29,28,28,28,28,28,28,29,29,28,28,28,16,0,29,2,0,27,20,0,0,0,27,20,0,0,0,0,0,0,27,20,0,0,0,0,0,29,2,0,27,20,0,0,0,27,20,0,13,13,13,11,0,27,20,0,8,13,13,13,29,2,0,27,20,0,0,0,27,20,1,18,18,18,15,0,27,20,0,12,18,18,18,18,1,0,27,20,0,0,0,27,20,0,0,0,0,0,0,27,20,0,0,0,0,0,0,0,0,27,20,0,1,15,29,25,15,15,15,9,1,15,29,25,15,15,15,9,0,0,0,0,27,20,0,2,29,29,29,29,29,29,16,2,29,29,29,29,29,29,16,0,0,0,0,11,8,0,0,2,2,2,2,2,2,1,0,2,2,2,2,2,2,1,0,0,0,0,0,0,11,17,17,17,17,17,17,17,17,17,17,17,17,17,17,17,17,17,17,17,0,0,0,0,0,0,0,0,0,0,0,0,0,0,0,0,0,0,0,0,0,0,0,0,0,0,0,0,10,0,0,0,0,0,0,0,0,0,12,29,29,29,29,29,29,2,0,0,0,0,0,22,0,9,17,17,17,17,18,5,0,8,18,18,18,18,18,29,2,0,23,17,0,0,22,0,0,0,0,0,0,14,9,1,1,1,1,1,1,0,29,2,0,27,20,0,0,24,15,15,15,15,15,1,14,18,14,14,14,14,14,14,5,29,2,0,27,20,4,5,6,6,6,6,0,0,0,14,7,0,0,0,0,0,0,0,29,2,0,27,20,7,10,10,10,10,10,0,0,0,14,7,0,5,11,11,11,11,11,29,2,0,27,20
0,5,4,0,9,0,1,8,0,5,4,0,9,0,1,8,0,5,4,0,9,0,0,0,1,0,0,2,0,0,1,0,1,0,0,2,0,0,1,0,1,0,0,2,0,0,5,17,17,17,17,17,17,17,17,17,17,17,17,17,17,17,17,17,17,17,17,17,1,0,0,0,0,0,0,0,0,0,0,0,0,0,0,0,0,0,0,0,0,0,0,0,0,10,25,25,25,0,2,25,25,25,8,0,19,25,25,16,0,10,25,25,25,0,0,0,12,15,7,24,0,2,22,7,17,9,0,22,7,10,19,0,12,15,7,24,0,0,0,12,12,16,22,0,2,19,19,12,9,0,22,10,11,19,0,12,12,16,22,0,0,0,3,5,19,22,0,0,5,22,12,9,0,6,12,12,19,0,3,5,19,22,0,0,0,0,3,19,22,0,0,0,23,12,9,0,0,13,12,19,0,0,3,19,22,0,0,0,29,29,19,22,0,19,29,29,12,9,9,29,29,12,19,0,29,29,19,22,0,0,0,1,1,1,22,0,1,1,1,12,9,0,1,1,3,19,0,1,1,1,22,0,0,0,11,26,26,29,0,2,26,26,28,9,0,20,26,27,19,0,11,26,26,29,0,0,0,12,13,5,24,0,2,21,5,16,9,0,22,5,8,19,0,12,13,5,24,0,0,5,12,11,11,22,7,8,19,13,12,11,11,22,7,8,19,13,12,11,11,22,7,5,8,12,12,19,22,12,12,19,22,12,12,19,22,12,12,19,22,12,12,19,22,12,9,8,12,12,19,22,12,12,19,22,12,12,19,22,12,12,19,22,12,12,19,22,12,9,8,12,12,19,22,12,12,19,22,12,12,19,22,12,12,19,22,12,12,19,22,12,9,2,12,10,6,22,4,6,19,7,12,10,6,22,4,6,19,7,12,10,6,22,4,3,0,12,9,0,22,0,2,19,0,12,9,0,22,0,2,19,0,12,9,0,22,0,0,0,12,9,0,22,0,2,19,0,12,9,0,22,0,2,19,0,12,9,0,22,0,0,0,12,9,0,22,0,2,19,0,12,9,0,22,0,2,19,0,12,9,0,22,0,0,0,12,9,0,22,0,2,19,0,12,9,0,22,0,2,19,0,12,9,0,22,0,0,0,6,4,0,10,0,1,9,0,6,4,0,10,0,1,9,0,6,4,0,10,0,0
13,8,0,22,0,3,18,0,13,8,0,22,0,3,18,0,13,8,0,22,0,3,18,13,8,0,22,0,3,18,0,13,8,0,22,0,3,18,0,13,8,0,22,0,3,18,13,8,0,22,0,3,18,0,13,8,0,22,0,3,18,0,13,8,0,22,0,3,18,13,8,0,22,0,3,18,0,13,8,0,22,0,3,18,0,13,8,0,22,0,3,18,12,8,0,20,0,3,17,0,12,8,0,20,0,3,17,0,12,8,0,20,0,3,17,0,0,0,0,0,0,0,0,0,0,0,0,0,0,0,0,0,0,0,0,0,0,0,17,17,17,17,17,17,17,17,17,17,17,17,17,17,17,17,17,17,17,17,17,17,17,1,0,0,1,1,1,1,0,0,1,1,1,0,0,1,1,1,0,0,1,1,1,1,29,8,0,23,29,29,18,0,13,29,29,28,0,3,29,29,29,8,0,23,29,29,18,14,8,0,23,5,7,18,0,13,11,7,23,0,3,19,8,14,8,0,23,5,7,18,13,8,0,22,13,12,18,0,13,12,18,22,0,3,18,22,13,8,0,22,13,12,18,13,8,0,1,13,12,18,0,0,4,18,22,0,0,1,22,13,8,0,1,13,12,18,13,8,2,7,18,12,18,0,7,10,18,22,0,5,7,24,13,8,2,7,18,12,18,13,8,9,25,25,11,18,0,25,25,15,22,0,17,25,24,13,8,9,25,25,11,18,16,8,0,3,3,7,18,0,1,3,3,23,0,0,3,3,16,8,0,3,3,7,18,29,8,0,23,28,29,18,0,13,29,28,28,0,3,29,28,29,8,0,23,28,29,18,13,8,0,22,0,3,18,0,13,8,0,22,0,3,18,0,13,8,0,22,0,3,18,13,12,15,22,11,11,18,18,13,12,15,22,11,11,18,18,13,12,15,22,11,11,18,13,12,18,22,13,12,18,22,13,12,18,22,13,12,18,22,13,12,18,22,13,12,18,13,12,18,22,13,12,18,22,13,12,18,22,13,12,18,22,13,12,18,22,13,12,18,13,12,18,22,13,12,18,22,13,12,18,22,13,12,18,22,13,12,18,22,13,12,18,13,9,1,22,1,4,18,2,13,9,1,22,1,4,18,2,13,9,1,22,1,4,18,13,8,0,22,0,3,18,0,13,8,0,22,0,3,18,0,13,8,0,22,0,3,18
13,12,18,22,13,12,18,22,13,12,18,22,13,12,18,22,13,12,18,22,13,12,18,13,10,8,22,6,7,18,9,13,10,8,22,6,7,18,9,13,10,8,22,6,7,18,13,8,0,22,0,3,18,0,13,8,0,22,0,3,18,0,13,8,0,22,0,3,18,13,8,0,22,0,3,18,0,13,8,0,22,0,3,18,0,13,8,0,22,0,3,18,13,8,0,22,0,3,18,0,13,8,0,22,0,3,18,0,13,8,0,22,0,3,18,13,8,0,22,0,3,18,0,13,8,0,22,0,3,18,0,13,8,0,22,0,3,18,7,5,0,13,0,2,10,0,7,5,0,13,0,2,10,0,7,5,0,13,0,2,10,7,7,7,7,7,7,7,7,7,7,7,7,7,7,7,7,7,7,7,7,7,7,7,8,8,8,8,8,8,8,8,8,8,8,8,8,8,8,8,8,8,8,8,8,8,8,11,3,0,9,11,11,7,0,5,11,11,11,0,1,11,11,11,3,0,9,11,11,7,25,8,0,23,20,22,18,0,13,23,20,27,0,3,26,20,25,8,0,23,20,22,18,13,8,0,22,5,7,18,0,13,10,7,22,0,3,18,9,13,8,0,22,5,7,18,10,6,0,22,13,11,13,0,13,12,18,16,0,3,18,22,10,6,0,22,13,11,13,0,0,0,22,13,8,0,0,13,12,18,0,0,3,18,22,0,0,0,22,13,8,0,17,16,0,22,13,21,17,4,13,12,25,17,10,3,18,23,17,16,0,22,13,21,17,14,13,0,22,6,14,14,3,13,10,14,14,8,3,18,11,14,13,0,22,6,14,14,13,4,0,23,13,13,8,0,13,18,13,13,0,3,24,13,13,4,0,23,13,13,8,24,8,0,23,18,20,18,0,13,22,18,26,0,3,25,18,24,8,0,23,18,20,18,13,9,2,22,1,5,18,3,13,9,2,22,1,5,18,3,13,9,2,22,1,5,18,13,12,18,22,13,12,18,22,13,12,18,22,13,12,18,22,13,12,18,22,13,12,18,13,12,18,22,13,12,18,22,13,12,18,22,13,12,18,22,13,12,18,22,13,12,18,13,12,18,22,13,12,18,22,13,12,18,22,13,12,18,22,13,12,18,22,13,12,18,13,12,14,22,10,10,18,17,13,12,14,22,10,10,18,17,13,12,14,22,10,10,18
13,12,18,22,13,12,18,22,13,12,18,22,13,12,18,22,13,12,18,22,13,12,18,13,10,8,22,6,7,18,9,13,10,8,22,6,7,18,9,13,10,8,22,6,7,18,13,8,0,22,0,3,18,0,13,8,0,22,0,3,18,0,13,8,0,22,0,3,18,13,8,0,22,0,3,18,0,13,8,0,22,0,3,18,0,13,8,0,22,0,3,18,13,8,0,22,0,3,18,0,13,8,0,22,0,3,18,0,13,8,0,22,0,3,18,13,8,0,22,0,3,18,0,13,8,0,22,0,3,18,0,13,8,0,22,0,3,18,7,5,0,13,0,2,10,0,7,5,0,13,0,2,10,0,7,5,0,13,0,2,10,7,7,7,7,7,7,7,7,7,7,7,7,7,7,7,7,7,7,7,7,7,7,7,8,8,8,8,8,8,8,8,8,8,8,8,8,8,8,8,8,8,8,8,8,8,8,11,3,0,9,11,11,7,0,5,11,11,11,0,1,11,11,11,3,0,9,11,11,7,25,8,0,23,20,22,18,0,13,23,20,27,0,3,26,20,25,8,0,23,20,22,18,13,8,0,22,5,7,18,0,13,10,7,22,0,3,18,9,13,8,0,22,5,7,18,10,6,0,22,13,11,13,0,13,12,18,16,0,3,18,22,10,6,0,22,13,11,13,0,0,0,22,13,8,0,0,13,12,18,0,0,3,18,22,0,0,0,22,13,8,0,17,16,0,22,13,21,17,4,13,12,25,17,10,3,18,23,17,16,0,22,13,21,17,14,13,0,22,6,14,14,3,13,10,14,14,8,3,18,11,14,13,0,22,6,14,14,13,4,0,23,13,13,8,0,13,18,13,13,0,3,24,13,13,4,0,23,13,13,8,24,8,0,23,18,20,18,0,13,22,18,26,0,3,25,18,24,8,0,23,18,20,18,13,9,2,22,1,5,18,3,13,9,2,22,1,5,18,3,13,9,2,22,1,5,18,13,12,18,22,13,12,18,22,13,12,18,22,13,12,18,22,13,12,18,22,13,12,18,13,12,18,22,13,12,18,22,13,12,18,22,13,12,18,22,13,12,18,22,13,12,18,13,12,18,22,13,12,18,22,13,12,18,22,13,12,18,22,13,12,18,22,13,12,18,13,12,14,22,10,10,18,17,13,12,14,22,10,10,18,17,13,12,14,22,10,10,18
22,13,12,18,22,13,12,18,22,13,12,18,22,13,12,18,22,13,12,18,22,13,12,22,13,12,18,22,13,12,18,22,13,12,18,22,13,12,18,22,13,12,18,22,13,12,22,13,12,18,22,13,12,18,22,13,12,18,22,13,12,18,22,13,12,18,22,13,12,11,13,10,9,22,6,8,18,11,13,10,9,22,6,8,18,11,13,10,9,22,6,8,7,18,8,0,23,7,10,18,0,13,14,7,24,0,3,21,7,18,8,0,23,7,10,25,27,8,0,20,25,25,18,0,11,25,25,27,0,3,25,25,27,8,0,20,25,25,3,13,8,1,3,3,5,18,0,3,3,2,22,0,2,3,3,13,8,1,3,3,5,28,13,8,10,28,29,12,18,0,28,29,18,22,0,20,28,28,13,8,10,28,29,12,22,13,8,0,0,13,12,18,0,0,3,18,22,0,0,0,22,13,8,0,0,13,12,22,13,8,0,7,13,12,18,0,4,6,18,22,0,1,6,22,13,8,0,7,13,12,17,13,8,0,22,10,10,18,0,13,12,14,22,0,3,18,17,13,8,0,22,10,10,9,19,8,0,23,9,12,18,0,13,15,9,25,0,3,22,9,19,8,0,23,9,12,22,22,6,0,18,22,22,14,0,10,22,22,22,0,3,22,22,22,6,0,18,22,22,0,0,0,0,0,0,0,0,0,0,0,0,0,0,0,0,0,0,0,0,0,0,0,17,17,17,17,17,17,17,17,17,17,17,17,17,17,17,17,17,17,17,17,17,17,17,0,2,1,0,3,0,0,3,0,2,1,0,3,0,0,3,0,2,1,0,3,0,0,0,13,8,0,22,0,3,18,0,13,8,0,22,0,3,18,0,13,8,0,22,0,3,0,13,8,0,22,0,3,18,0,13,8,0,22,0,3,18,0,13,8,0,22,0,3,0,13,8,0,22,0,3,18,0,13,8,0,22,0,3,18,0,13,8,0,22,0,3,0,13,8,0,22,0,3,18,0,13,8,0,22,0,3,18,0,13,8,0,22,0,3,0,13,8,0,22,0,3,18,0,13,8,0,22,0,3,18,0,13,8,0,22,0,3,13,21,8,0,23,13,16,18,0,13,18,13,25,0,3,24,13,21,8,0,23,13,16,18,24,8,0,23,18,20,18,0,13,22,18,26,0,3,25,18,24,8,0,23,18,20
6,3,0,9,0,1,8,0,6,3,0,9,0,1,8,0,6,3,0,9,0,1,8,1,0,0,2,0,0,1,0,1,0,0,2,0,0,1,0,1,0,0,2,0,0,1,17,17,17,17,17,17,17,17,17,17,17,17,17,17,17,17,17,17,17,17,17,17,17,0,0,0,0,0,0,0,0,0,0,0,0,0,0,0,0,0,0,0,0,0,0,0,11,25,25,24,0,3,25,25,25,7,0,20,25,25,15,0,11,25,25,24,0,3,25,13,14,7,24,0,3,21,7,18,8,0,23,7,10,18,0,13,14,7,24,0,3,21,13,12,15,22,0,3,18,19,13,8,0,22,11,11,18,0,13,12,15,22,0,3,18,4,6,18,22,0,1,5,22,13,8,0,6,13,12,18,0,4,6,18,22,0,1,5,0,4,18,22,0,0,0,23,13,8,0,0,14,12,18,0,0,4,18,22,0,0,0,29,29,18,22,0,20,29,28,13,8,10,29,29,12,18,0,29,29,18,22,0,20,29,1,1,1,22,0,1,1,1,13,8,0,1,1,4,18,0,1,1,1,22,0,1,1,12,26,26,28,0,3,26,26,28,8,0,21,26,27,18,0,12,26,26,28,0,3,26,13,13,5,24,0,3,21,5,17,8,0,23,5,9,18,0,13,13,5,24,0,3,21,13,11,10,22,7,9,18,13,13,11,10,22,7,9,18,13,13,11,10,22,7,9,18,13,12,18,22,13,12,18,22,13,12,18,22,13,12,18,22,13,12,18,22,13,12,18,13,12,18,22,13,12,18,22,13,12,18,22,13,12,18,22,13,12,18,22,13,12,18,13,12,18,22,13,12,18,22,13,12,18,22,13,12,18,22,13,12,18,22,13,12,18,13,10,6,22,4,6,18,7,13,10,6,22,4,6,18,7,13,10,6,22,4,6,18,13,8,0,22,0,3,18,0,13,8,0,22,0,3,18,0,13,8,0,22,0,3,18,13,8,0,22,0,3,18,0,13,8,0,22,0,3,18,0,13,8,0,22,0,3,18,13,8,0,22,0,3,18,0,13,8,0,22,0,3,18,0,13,8,0,22,0,3,18,13,8,0,22,0,3,18,0,13,8,0,22,0,3,18,0,13,8,0,22,0,3,18,6,4,0,10,0,1,8,0,6,4,0,10,0,1,8,0,6,4,0,10,0,1,8
6,3,0,9,0,1,8,0,6,3,0,9,0,1,8,0,6,3,0,9,0,1,8,1,0,0,2,0,0,1,0,1,0,0,2,0,0,1,0,1,0,0,2,0,0,1,17,17,17,17,17,17,17,17,17,17,17,17,17,17,17,17,17,17,17,17,17,17,17,0,0,0,0,0,0,0,0,0,0,0,0,0,0,0,0,0,0,0,0,0,0,0,11,25,25,24,0,3,25,25,25,7,0,20,25,25,15,0,11,25,25,24,0,3,25,13,14,7,24,0,3,21,7,18,8,0,23,7,10,18,0,13,14,7,24,0,3,21,13,12,15,22,0,3,18,19,13,8,0,22,11,11,18,0,13,12,15,22,0,3,18,4,6,18,22,0,1,5,22,13,8,0,6,13,12,18,0,4,6,18,22,0,1,5,0,4,18,22,0,0,0,23,13,8,0,0,14,12,18,0,0,4,18,22,0,0,0,29,29,18,22,0,20,29,28,13,8,10,29,29,12,18,0,29,29,18,22,0,20,29,1,1,1,22,0,1,1,1,13,8,0,1,1,4,18,0,1,1,1,22,0,1,1,12,26,26,28,0,3,26,26,28,8,0,21,26,27,18,0,12,26,26,28,0,3,26,13,13,5,24,0,3,21,5,17,8,0,23,5,9,18,0,13,13,5,24,0,3,21,13,11,10,22,7,9,18,13,13,11,10,22,7,9,18,13,13,11,10,22,7,9,18,13,12,18,22,13,12,18,22,13,12,18,22,13,12,18,22,13,12,18,22,13,12,18,13,12,18,22,13,12,18,22,13,12,18,22,13,12,18,22,13,12,18,22,13,12,18,13,12,18,22,13,12,18,22,13,12,18,22,13,12,18,22,13,12,18,22,13,12,18,13,10,6,22,4,6,18,7,13,10,6,22,4,6,18,7,13,10,6,22,4,6,18,13,8,0,22,0,3,18,0,13,8,0,22,0,3,18,0,13,8,0,22,0,3,18,13,8,0,22,0,3,18,0,13,8,0,22,0,3,18,0,13,8,0,22,0,3,18,13,8,0,22,0,3,18,0,13,8,0,22,0,3,18,0,13,8,0,22,0,3,18,13,8,0,22,0,3,18,0,13,8,0,22,0,3,18,0,13,8,0,22,0,3,18,6,4,0,10,0,1,8,0,6,4,0,10,0,1,8,0,6,4,0,10,0,1,8
0,0,0,7,15,15,15,15,15,26,13,8,0,22,13,20,15,15,15,15,15,0,0,0,0,0,0,0,0,0,0,0,23,13,8,0,22,13,9,0,0,0,0,0,0,0,11,11,11,11,11,11,4,0,0,22,13,8,0,22,13,8,0,0,9,11,11,11,11,4,4,4,4,4,4,1,0,0,7,13,8,0,22,4,2,0,0,4,4,4,4,4,7,7,7,7,7,7,7,7,7,5,13,8,0,22,1,7,7,7,7,7,7,7,7,8,8,8,8,8,8,8,8,8,6,13,8,0,22,1,8,8,8,8,8,8,8,8,19,19,19,19,19,19,19,11,0,3,13,8,0,22,1,1,1,19,19,19,19,19,19,28,28,28,28,29,29,29,17,0,22,13,8,0,22,13,8,1,28,29,29,28,28,28,0,0,0,0,6,29,11,0,0,22,13,8,0,22,13,8,0,0,26,21,0,0,0,13,13,13,7,6,29,11,0,0,22,13,8,0,22,13,8,0,0,26,21,0,13,13,18,18,18,10,6,29,11,0,0,22,13,8,0,22,13,8,0,0,26,21,0,18,18,0,0,0,0,6,29,11,0,0,22,13,8,0,22,13,8,0,0,26,21,0,0,0,1,15,15,15,19,29,21,9,0,0,11,7,0,18,0,0,1,15,28,26,15,15,15,1,29,29,29,29,29,29,17,0,0,0,0,0,0,0,0,1,29,29,29,29,29,29,0,2,2,2,2,2,2,1,0,0,0,0,0,0,0,0,0,2,2,2,2,2,2,17,17,17,17,17,17,17,17,17,17,17,17,17,17,17,17,17,17,17,17,17,17,17,0,0,0,0,0,0,0,0,0,0,0,0,0,0,0,0,0,0,0,0,0,0,0,0,0,0,0,0,0,6,4,0,16,0,0,0,0,10,6,0,10,0,0,0,0,0,17,17,17,17,17,0,13,8,0,22,0,0,0,0,13,8,0,22,0,8,17,17,17,0,0,0,0,0,0,13,8,0,22,0,0,0,0,13,8,0,22,0,0,0,0,0,0,9,15,15,15,15,22,8,0,22,4,2,0,6,13,8,0,23,15,15,15,15,15,0,0,0,3,6,6,6,6,5,24,13,8,0,22,13,13,5,6,6,6,6,1,0,0,0,0,5,10,10,10,10,10,25,13,8,0,22,13,16,10,10,10,10,10,0,0
3,0,9,0,1,8,0,6,3,0,9,0,1,8,0,6,3,0,9,0,1,8,0,0,0,2,0,0,1,0,1,0,0,2,0,0,1,0,1,0,0,2,0,0,1,0,17,17,17,17,17,17,17,17,17,17,17,17,17,17,17,17,17,17,17,17,17,17,17,0,0,0,0,0,0,0,0,0,0,0,0,0,0,0,0,0,0,0,0,0,0,0,25,25,24,0,3,25,25,25,7,0,20,25,25,15,0,11,25,25,24,0,3,25,25,14,7,24,0,3,21,7,18,8,0,23,7,10,18,0,13,14,7,24,0,3,21,7,12,15,22,0,3,18,19,13,8,0,22,11,11,18,0,13,12,15,22,0,3,18,19,6,18,22,0,1,5,22,13,8,0,6,13,12,18,0,4,6,18,22,0,1,5,22,4,18,22,0,0,0,23,13,8,0,0,14,12,18,0,0,4,18,22,0,0,0,23,29,18,22,0,20,29,28,13,8,10,29,29,12,18,0,29,29,18,22,0,20,29,28,1,1,22,0,1,1,1,13,8,0,1,1,4,18,0,1,1,1,22,0,1,1,1,26,26,28,0,3,26,26,28,8,0,21,26,27,18,0,12,26,26,28,0,3,26,26,13,5,24,0,3,21,5,17,8,0,23,5,9,18,0,13,13,5,24,0,3,21,5,11,10,22,7,9,18,13,13,11,10,22,7,9,18,13,13,11,10,22,7,9,18,13,12,18,22,13,12,18,22,13,12,18,22,13,12,18,22,13,12,18,22,13,12,18,22,12,18,22,13,12,18,22,13,12,18,22,13,12,18,22,13,12,18,22,13,12,18,22,12,18,22,13,12,18,22,13,12,18,22,13,12,18,22,13,12,18,22,13,12,18,22,10,6,22,4,6,18,7,13,10,6,22,4,6,18,7,13,10,6,22,4,6,18,7,8,0,22,0,3,18,0,13,8,0,22,0,3,18,0,13,8,0,22,0,3,18,0,8,0,22,0,3,18,0,13,8,0,22,0,3,18,0,13,8,0,22,0,3,18,0,8,0,22,0,3,18,0,13,8,0,22,0,3,18,0,13,8,0,22,0,3,18,0,8,0,22,0,3,18,0,13,8,0,22,0,3,18,0,13,8,0,22,0,3,18,0,4,0,10,0,1,8,0,6,4,0,10,0,1,8,0,6,4,0,10,0,1,8,0
12,18,22,13,12,18,22,13,12,18,22,13,12,18,22,13,12,18,22,13,12,18,22,12,18,22,13,12,18,22,13,12,18,22,13,12,18,22,13,12,18,22,13,12,18,22,12,18,22,13,12,18,22,13,12,18,22,13,12,18,22,13,12,18,22,13,12,18,22,10,9,22,6,8,18,11,13,10,9,22,6,8,18,11,13,10,9,22,6,8,18,11,8,0,23,7,10,18,0,13,14,7,24,0,3,21,7,18,8,0,23,7,10,18,0,8,0,20,25,25,18,0,11,25,25,27,0,3,25,25,27,8,0,20,25,25,18,0,8,1,3,3,5,18,0,3,3,2,22,0,2,3,3,13,8,1,3,3,5,18,0,8,10,28,29,12,18,0,28,29,18,22,0,20,28,28,13,8,10,28,29,12,18,0,8,0,0,13,12,18,0,0,3,18,22,0,0,0,22,13,8,0,0,13,12,18,0,8,0,7,13,12,18,0,4,6,18,22,0,1,6,22,13,8,0,7,13,12,18,0,8,0,22,10,10,18,0,13,12,14,22,0,3,18,17,13,8,0,22,10,10,18,0,8,0,23,9,12,18,0,13,15,9,25,0,3,22,9,19,8,0,23,9,12,18,0,6,0,18,22,22,14,0,10,22,22,22,0,3,22,22,22,6,0,18,22,22,14,0,0,0,0,0,0,0,0,0,0,0,0,0,0,0,0,0,0,0,0,0,0,0,0,17,17,17,17,17,17,17,17,17,17,17,17,17,17,17,17,17,17,17,17,17,17,17,1,0,3,0,0,3,0,2,1,0,3,0,0,3,0,2,1,0,3,0,0,3,0,8,0,22,0,3,18,0,13,8,0,22,0,3,18,0,13,8,0,22,0,3,18,0,8,0,22,0,3,18,0,13,8,0,22,0,3,18,0,13,8,0,22,0,3,18,0,8,0,22,0,3,18,0,13,8,0,22,0,3,18,0,13,8,0,22,0,3,18,0,8,0,22,0,3,18,0,13,8,0,22,0,3,18,0,13,8,0,22,0,3,18,0,8,0,22,0,3,18,0,13,8,0,22,0,3,18,0,13,8,0,22,0,3,18,0,8,0,23,13,16,18,0,13,18,13,25,0,3,24,13,21,8,0,23,13,16,18,0,8,0,23,18,20,18,0,13,22,18,26,0,3,25,18,24,8,0,23,18,20,18,0
11,0,26,21,0,16,29,1,6,29,11,0,18,13,0,0,0,0,0,0,0,22,0,11,0,26,21,0,16,29,1,6,29,11,0,18,13,3,3,3,3,3,3,3,23,0,11,0,26,21,0,16,29,1,6,29,11,0,18,13,11,12,12,12,12,12,12,25,0,11,0,26,21,0,16,29,1,2,9,3,0,18,18,7,7,7,7,7,0,0,23,15,11,0,26,21,0,16,29,1,0,0,0,0,18,29,29,29,29,29,27,0,0,0,0,11,0,26,21,0,16,29,1,0,0,0,0,6,10,10,10,10,10,10,0,0,0,0,6,0,26,21,0,16,29,1,0,0,0,8,17,17,17,17,17,17,17,17,17,17,17,0,0,26,21,0,16,29,1,0,0,0,0,0,0,0,0,0,0,0,0,0,0,0,10,0,26,21,0,16,29,1,0,0,0,0,0,0,0,0,0,0,0,0,0,0,0,11,0,26,21,0,16,29,1,2,8,3,0,0,0,2,27,27,27,27,27,27,27,27,11,0,26,21,0,16,29,1,6,29,11,0,0,0,2,20,20,26,29,21,20,20,20,11,0,26,21,0,16,29,1,6,29,11,0,0,2,7,7,2,16,29,1,6,7,7,11,0,26,21,0,16,29,1,6,29,11,0,0,9,25,25,8,16,29,1,19,25,25,11,0,26,21,0,16,29,1,6,29,11,0,0,0,0,0,0,16,29,1,0,0,0,11,0,26,21,0,16,29,1,3,15,6,0,0,0,2,25,25,28,29,26,25,15,2,11,0,26,21,0,16,29,1,0,0,0,0,0,0,2,22,22,22,22,22,22,13,2,11,0,26,21,0,16,29,1,0,0,0,0,0,0,0,0,0,0,0,0,0,0,0,11,0,26,21,0,16,29,1,0,0,0,8,17,17,17,17,17,17,17,17,17,17,17,11,0,26,21,0,16,29,1,0,0,0,0,0,0,0,0,0,0,0,0,7,9,6,11,0,26,21,0,16,29,1,4,20,8,0,18,15,0,0,0,0,0,0,22,29,18,11,0,26,21,0,16,29,1,6,29,11,0,26,21,0,0,0,0,8,5,6,11,18,11,0,26,21,0,16,29,1,6,29,11,0,26,21,0,0,0,0,13,8,0,3,18,11,0,26,21,0,16,29,1,6,29,11,0,26,21,0,0,0,0,13,8,0,3,19
16,29,1,6,29,11,0,0,0,18,13,13,8,0,0,0,0,0,22,0,0,0,0,5,9,0,2,9,3,0,0,0,18,13,5,3,0,0,0,0,0,8,0,0,0,0,0,0,0,0,0,0,0,0,0,18,25,21,21,21,21,21,21,21,21,21,21,21,21,0,0,0,0,0,0,0,0,0,6,10,10,10,10,10,10,10,10,10,10,10,10,10,17,17,17,17,17,17,11,0,0,14,17,17,17,17,17,17,17,17,17,17,17,17,17,0,0,0,0,0,0,0,0,0,0,0,0,0,0,0,0,0,0,0,0,0,0,0,0,0,0,0,0,0,0,0,0,0,0,21,29,29,29,29,29,27,0,21,29,29,29,5,8,0,2,8,3,0,8,6,0,0,13,18,18,18,28,27,17,0,13,18,18,18,16,29,1,6,29,11,0,26,21,0,0,13,17,16,0,26,21,1,17,17,17,16,0,16,29,1,6,29,11,0,26,21,0,0,11,14,13,0,26,21,1,14,14,14,13,0,16,29,1,6,29,11,0,26,21,0,0,0,0,0,0,26,21,0,0,0,0,0,0,16,29,1,6,29,11,0,26,21,0,0,8,11,11,11,28,25,11,11,11,11,11,11,9,15,1,3,15,6,0,14,11,0,0,21,29,29,29,29,29,29,29,29,29,29,29,0,0,0,0,0,0,0,0,0,0,0,5,6,6,6,6,6,6,6,6,6,6,6,0,0,0,0,0,0,0,0,0,0,0,0,0,0,0,0,0,0,0,0,0,0,0,17,17,17,17,17,17,17,17,17,17,17,17,17,17,17,17,17,17,17,17,17,17,17,0,0,0,0,0,0,0,0,0,0,0,8,9,9,9,9,9,9,9,9,9,9,9,11,20,1,4,20,8,0,18,15,0,0,25,29,29,29,29,29,29,29,29,29,29,29,16,29,1,6,29,11,0,26,21,0,0,7,20,29,10,8,8,13,29,17,8,8,8,16,29,1,6,29,11,0,26,21,0,3,15,16,29,5,15,0,6,29,11,18,0,0,16,29,1,6,29,11,0,26,21,0,3,18,16,29,5,18,0,6,29,11,22,0,0,16,29,1,6,29,11,0,26,21,0,3,18,16,29,5,18,0,6,29,11,22,0,0,16,29,1,6,29,11,0,26,21,0,0,3,16,29,2,3,0,6,29,11,3,0,0
0,0,0,0,7,11,0,3,11,4,0,11,8,0,7,11,0,3,11,4,0,0,0,0,0,0,0,0,0,0,0,0,0,0,0,0,0,0,0,0,0,0,0,0,0,0,0,0,0,6,17,17,17,17,17,17,17,17,17,17,17,17,17,17,11,0,0,0,0,0,0,0,0,0,0,0,0,0,0,0,0,0,0,0,0,0,0,0,0,0,0,0,0,0,0,0,4,14,0,12,6,0,19,0,4,14,0,12,6,0,0,0,0,0,0,0,0,0,0,4,17,0,14,7,0,22,0,4,17,0,14,7,0,0,0,0,0,0,0,0,0,0,4,17,0,14,7,0,22,0,4,17,0,14,7,0,0,0,0,0,0,0,0,0,0,4,17,0,14,7,0,22,0,4,17,0,14,7,0,0,0,0,0,0,0,0,0,0,4,17,0,14,7,0,22,0,4,17,0,14,7,0,0,0,0,0,0,0,0,0,1,8,17,0,14,10,3,23,0,4,19,3,17,7,0,0,0,0,0,0,0,0,0,10,29,17,0,14,29,28,27,0,4,29,28,29,7,0,0,0,0,0,0,0,0,0,1,6,17,3,14,8,2,22,2,6,17,3,14,8,2,0,0,0,0,0,0,0,0,10,12,17,22,14,12,17,22,14,12,17,22,14,12,17,0,0,0,0,0,0,0,0,10,12,17,22,14,12,17,22,14,12,17,22,14,12,17,0,0,0,0,0,0,0,0,10,10,10,22,8,9,17,13,14,10,10,22,8,9,17,0,0,0,0,0,0,0,0,10,7,0,22,0,4,17,1,14,8,1,22,0,4,17,0,0,0,0,0,0,0,0,10,7,0,22,0,4,17,22,14,12,17,22,0,4,17,0,0,0,0,0,0,0,0,10,7,0,22,0,4,17,22,14,12,17,22,0,4,17,0,0,0,0,0,0,0,0,10,7,0,22,0,4,17,22,14,12,17,22,0,4,17,0,0,0,0,0,0,0,0,10,7,0,0,0,4,17,22,14,12,17,22,0,0,0,0,0,0,0,0,0,0,0,8,6,0,0,0,3,14,22,11,11,17,18,0,0,0,0,0,0,0,0,0,0,0,0,0,0,0,0,0,0,22,0,4,17,0,0,0,0,0,0,0,0,0,0,0,0,0,0,0,0,0,0,0,22,0,4,17,0,0,0,0,0,0,0,0,0
23,23,23,23,23,23,23,23,23,23,23,23,23,23,23,29,3,0,0,1,0,0,1,8,8,8,8,8,8,8,8,8,8,8,8,8,8,8,8,1,0,0,0,0,0,0,17,17,17,17,17,17,17,17,17,17,17,17,17,17,17,17,6,0,2,17,17,17,17,1,1,1,1,1,0,1,1,1,1,1,1,1,0,0,0,0,0,0,0,0,0,0,29,29,29,29,27,0,21,29,29,29,29,29,27,0,0,0,0,0,1,4,1,0,4,29,17,17,17,15,0,12,24,29,17,17,17,15,0,0,0,0,0,6,29,11,0,26,29,1,0,0,0,0,0,16,29,1,0,0,0,0,0,0,0,0,6,29,11,0,26,29,1,12,17,17,17,3,16,29,1,4,17,17,17,17,8,0,0,6,29,11,0,26,29,1,10,14,14,14,2,16,29,1,3,14,14,14,24,13,0,0,6,29,11,0,26,29,1,0,0,0,0,0,16,29,1,0,0,0,0,18,13,0,0,6,29,11,0,26,29,28,27,27,27,27,27,29,29,28,27,27,26,0,18,13,0,0,6,29,11,0,26,20,20,20,20,20,20,20,20,20,20,20,20,19,0,18,13,0,0,6,29,11,0,26,7,7,7,7,7,7,7,7,7,7,7,7,7,5,18,13,0,0,6,29,11,0,26,8,8,8,8,8,8,8,8,8,8,8,8,8,6,18,13,0,0,6,29,11,0,26,3,3,3,3,3,3,2,0,0,0,0,0,0,0,18,13,0,0,6,29,11,0,26,12,12,12,12,12,15,18,0,1,25,25,25,25,25,28,13,0,0,6,29,11,0,26,0,0,0,0,0,3,18,0,1,22,22,22,22,22,27,13,0,0,6,29,11,0,26,17,17,6,0,0,3,18,0,0,0,0,0,0,0,18,13,0,0,6,29,11,0,26,17,17,17,17,7,3,20,3,3,3,3,3,3,2,18,13,0,0,6,29,11,0,26,0,0,0,0,0,3,23,12,12,12,12,12,12,9,18,13,0,0,6,29,11,0,26,2,15,15,15,15,17,18,0,0,7,7,7,7,7,21,13,0,0,6,29,11,0,26,0,0,0,0,0,0,0,0,1,29,29,29,29,29,29,13,0,0,6,29,11,0,26,0,0,0,0,0,0,0,0,0,10,10,10,10,10,10,5,0,0,6,29,11,0,26
0,22,0,0,0,0,0,3,18,8,23,0,6,29,11,0,26,21,0,16,29,1,6,0,8,0,0,0,0,0,1,6,8,23,0,2,9,3,0,8,7,0,5,9,0,6,21,21,21,21,21,21,21,21,21,24,23,0,0,0,0,0,0,0,0,0,0,0,6,10,10,10,10,10,10,10,10,10,10,8,0,0,0,0,0,0,0,0,0,0,0,6,17,17,17,17,17,17,17,17,17,17,17,0,0,8,17,17,17,17,17,17,6,0,6,0,0,0,0,0,0,0,0,0,0,0,0,0,0,0,0,0,0,0,0,0,0,6,27,0,21,29,29,29,29,29,27,0,0,0,0,0,0,0,0,0,0,0,0,0,6,17,0,13,25,29,19,18,18,17,0,0,0,2,8,3,0,8,6,0,5,8,0,6,17,17,4,16,29,1,13,17,16,0,0,0,6,29,11,0,26,21,0,16,29,1,6,14,14,3,16,29,1,11,14,13,0,0,0,6,29,11,0,26,21,0,16,29,1,6,0,0,0,16,29,1,0,0,0,0,0,0,6,29,11,0,26,21,0,16,29,1,6,11,11,11,22,29,13,11,11,11,0,0,0,6,29,11,0,26,21,0,16,29,1,6,29,29,29,29,29,29,29,29,27,0,0,0,3,15,6,0,14,11,0,9,15,1,6,6,6,6,6,6,6,6,6,6,0,0,0,0,0,0,0,0,0,0,0,0,0,4,0,0,0,0,0,0,0,0,0,0,0,0,0,0,0,0,0,0,0,0,0,0,0,17,17,17,17,17,17,17,17,17,17,17,17,17,17,17,17,17,17,17,17,6,0,5,9,9,9,9,9,9,9,9,9,0,0,0,0,0,0,0,0,0,0,0,0,0,6,29,29,29,29,29,29,29,29,29,0,0,0,4,20,8,0,18,15,0,11,20,1,6,13,29,17,8,8,8,27,24,8,0,0,0,6,29,11,0,26,21,0,16,29,1,6,6,29,11,0,11,7,26,21,11,7,0,0,6,29,11,0,26,21,0,16,29,1,6,6,29,11,0,13,8,26,21,13,8,0,0,6,29,11,0,26,21,0,16,29,1,6,6,29,11,0,13,8,26,21,13,8,0,0,6,29,11,0,26,21,0,16,29,1,6,6,29,11,0,2,1,26,21,2,1,0,0,6,29,11,0,26,21,0,16,29,1,6
21,0,16,29,1,0,22,13,12,18,22,13,12,18,22,13,12,18,22,13,12,18,22,21,0,16,29,1,0,22,13,12,18,22,13,12,18,22,13,12,18,22,13,12,18,22,21,0,16,29,1,0,22,13,12,18,22,13,12,18,22,13,12,18,22,13,12,18,22,21,0,16,29,1,0,11,13,10,9,22,6,8,18,11,13,10,9,22,6,8,18,11,21,0,16,29,1,0,0,13,14,7,24,0,3,21,7,18,8,0,23,7,10,18,0,21,0,16,29,1,0,0,11,25,25,27,0,3,25,25,27,8,0,20,25,25,18,0,21,0,16,29,1,0,0,3,3,2,22,0,2,3,3,13,8,1,3,3,5,18,0,21,0,16,29,1,0,0,28,29,18,22,0,20,28,28,13,8,10,28,29,12,18,0,21,0,16,29,1,0,0,0,3,18,22,0,0,0,22,13,8,0,0,13,12,18,0,21,0,16,29,1,0,0,4,6,18,22,0,1,6,22,13,8,0,7,13,12,18,0,21,0,16,29,1,0,0,13,12,14,22,0,3,18,17,13,8,0,22,10,10,18,0,21,0,16,29,1,0,0,13,15,9,25,0,3,22,9,19,8,0,23,9,12,18,0,21,0,16,29,1,0,0,10,22,22,22,0,3,22,22,22,6,0,18,22,22,14,0,21,0,16,29,1,0,0,0,0,0,0,0,0,0,0,0,0,0,0,0,0,0,0,4,0,3,5,0,0,8,17,17,17,17,17,17,17,17,17,17,17,17,17,17,17,17,5,0,3,6,0,0,0,2,1,0,3,0,0,3,0,2,1,0,3,0,0,3,0,21,0,16,29,1,0,0,13,8,0,22,0,3,18,0,13,8,0,22,0,3,18,0,21,0,16,29,1,0,0,13,8,0,22,0,3,18,0,13,8,0,22,0,3,18,0,21,0,16,29,1,0,0,13,8,0,22,0,3,18,0,13,8,0,22,0,3,18,0,21,0,16,29,1,0,0,13,8,0,22,0,3,18,0,13,8,0,22,0,3,18,0,21,0,16,29,1,0,0,13,8,0,22,0,3,18,0,13,8,0,22,0,3,18,0,21,0,16,29,1,0,0,13,18,13,25,0,3,24,13,21,8,0,23,13,16,18,0,21,0,16,29,1,0,0,13,22,18,26,0,3,25,18,24,8,0,23,18,20,18,0
2,3,0,3,3,3,11,24,3,3,1,0,0,7,7,10,10,0,0,9,13,0,0,19,28,0,24,28,28,28,28,28,28,8,0,0,0,0,0,0,0,0,0,0,0,0,0,0,7,7,7,7,7,7,7,7,7,7,7,7,7,7,7,7,7,7,7,7,5,0,0,8,8,8,8,8,8,8,8,8,8,8,8,8,8,8,8,8,8,8,8,6,0,0,0,0,0,0,0,0,0,0,0,0,0,0,0,0,0,0,0,0,0,0,0,0,2,17,17,17,17,17,17,17,17,17,17,17,17,17,17,17,17,17,4,0,0,0,0,4,29,29,29,29,29,29,29,29,29,29,29,29,29,29,29,29,29,7,0,0,0,0,4,3,0,8,7,29,12,0,5,3,27,22,5,3,0,17,29,2,0,0,0,0,2,13,8,0,22,6,29,11,0,13,8,26,21,13,8,0,16,29,1,0,0,0,0,1,13,8,0,22,6,29,11,0,13,8,26,21,13,8,0,16,29,1,0,0,0,0,0,1,8,7,8,13,29,16,4,1,8,27,24,7,0,6,20,29,9,2,0,0,0,0,4,29,29,29,29,29,29,17,2,29,29,29,27,0,22,29,29,29,7,0,0,0,0,1,10,10,10,10,10,10,6,1,10,10,10,10,0,8,10,10,10,2,0,0,0,11,17,17,17,17,17,17,17,17,17,17,17,17,17,17,17,17,17,17,17,17,17,11,0,0,0,0,0,0,0,0,0,0,0,0,0,0,0,0,0,0,0,0,0,0,0,11,17,0,0,0,0,0,14,17,17,17,17,17,17,17,17,17,17,17,6,0,0,0,0,0,0,0,0,9,17,17,17,17,17,17,11,0,0,0,0,0,0,0,0,0,0,0,0,0,0,0,13,8,0,0,0,0,0,0,0,0,12,7,0,0,0,0,0,0,0,0,0,0,0,13,8,0,3,18,0,0,0,0,0,13,8,0,0,0,0,0,0,0,0,0,0,0,13,8,0,3,18,0,0,0,0,0,13,8,0,0,0,0,0,0,0,0,0,0,0,13,8,0,1,7,0,0,0,0,0,5,3,0,0,0,0,0,0,11,17,18,16,0,13,8,0,8,17,17,17,17,17,17,17,17,17,17,17,23,0,0,11,17,4,18,0,13,8,14,22,17,17,17,17,17,17,17,17,17,17,6,22,0,0
28,16,0,0,0,9,6,0,28,16,0,0,16,0,0,0,0,0,0,0,0,0,0,18,18,0,0,0,0,0,0,18,18,0,0,0,0,0,0,0,0,0,0,0,0,0,17,17,17,17,17,17,17,17,17,17,17,17,17,17,17,17,17,17,17,17,17,17,17,0,0,0,0,0,0,0,0,0,0,0,0,0,0,0,0,0,0,0,0,0,0,0,0,0,0,0,0,0,0,0,0,0,19,0,3,15,0,11,7,0,19,0,3,15,0,0,0,0,0,0,5,25,9,0,0,22,0,3,18,0,13,8,0,22,0,3,18,0,1,0,0,0,0,6,29,11,0,0,22,0,3,18,0,13,8,0,22,0,3,18,0,29,7,0,0,0,6,29,11,0,0,22,0,3,18,0,13,8,0,22,0,3,18,0,0,0,0,0,0,6,29,11,0,0,22,0,3,18,0,13,8,0,22,0,3,18,0,0,0,0,0,0,6,29,11,0,0,23,3,7,18,0,13,11,3,23,0,3,20,3,0,0,0,0,0,0,0,0,0,0,23,28,29,18,0,13,29,28,28,0,3,29,28,0,0,0,0,0,0,0,0,0,3,22,2,5,18,3,13,9,3,22,2,5,18,3,0,0,0,0,0,0,0,0,3,18,22,13,12,18,22,13,12,18,22,13,12,18,22,2,17,17,17,17,6,0,0,3,18,22,13,12,18,22,13,12,18,22,13,12,18,22,17,17,17,6,0,0,0,0,3,18,13,13,11,10,22,7,9,18,13,13,11,10,22,14,14,14,5,0,0,0,0,3,18,0,13,9,1,22,0,4,18,0,13,8,0,22,1,0,0,0,0,0,0,0,3,18,0,13,12,18,22,13,12,18,0,13,8,0,22,16,9,8,12,0,0,0,0,3,18,0,13,12,18,22,13,12,18,0,13,8,0,22,16,13,12,18,0,0,0,0,3,18,0,13,12,18,22,13,12,18,0,13,8,0,22,16,12,12,18,0,0,0,0,0,0,0,13,12,18,22,13,12,18,0,0,0,0,22,2,0,3,18,0,0,0,0,0,0,0,11,11,18,18,13,12,15,0,0,0,0,18,3,0,0,3,0,0,0,0,0,0,0,0,3,18,0,13,8,0,0,0,0,0,0,22,0,0,0,0,0,0,0,0,0,0,0,3,18,0,13,8,0,0,0,0,0,0
29,11,0,0,3,18,0,13,8,0,22,0,3,18,0,13,8,0,22,0,3,18,0,29,11,0,0,3,18,0,13,8,0,22,0,3,18,0,13,8,0,22,0,3,18,0,29,11,0,0,3,18,0,13,8,0,22,0,3,18,0,13,8,0,22,0,3,18,0,29,11,0,0,0,4,0,3,2,0,5,0,0,4,0,3,2,0,5,0,0,4,0,29,11,0,2,17,17,17,17,17,17,17,17,17,17,17,17,17,17,17,17,17,17,17,29,11,0,0,0,0,0,0,0,0,0,0,0,0,0,0,0,0,0,0,0,0,0,29,11,0,0,2,21,21,21,6,0,17,21,21,13,0,10,21,21,21,0,2,21,21,29,11,0,0,3,23,10,19,8,0,23,10,13,18,0,13,16,10,25,0,3,23,10,29,11,0,0,3,18,16,13,8,0,22,10,10,18,0,13,11,13,22,0,3,18,16,29,11,0,0,1,7,22,13,8,0,9,13,12,18,0,5,7,18,22,0,1,7,22,29,11,0,0,0,0,22,13,8,0,0,13,12,18,0,0,3,18,22,0,0,0,22,29,11,0,0,19,27,28,13,8,10,27,28,12,18,0,27,28,18,22,0,19,27,28,29,11,0,0,3,4,4,13,8,1,4,4,5,18,0,4,4,3,22,0,3,4,4,17,7,0,0,3,23,23,26,8,0,19,23,24,18,0,11,23,23,27,0,3,23,23,0,0,0,0,3,22,8,18,8,0,23,8,11,18,0,13,15,8,24,0,3,22,8,25,9,0,6,8,18,10,13,10,8,22,6,8,18,10,13,10,8,22,6,8,18,10,29,11,0,13,12,18,22,13,12,18,22,13,12,18,22,13,12,18,22,13,12,18,22,29,11,0,13,12,18,22,13,12,18,22,13,12,18,22,13,12,18,22,13,12,18,22,29,11,0,13,12,18,22,13,12,18,22,13,12,18,22,13,12,18,22,13,12,18,22,29,11,0,6,7,18,9,13,10,8,22,6,7,18,9,13,10,8,22,6,7,18,9,29,11,0,0,3,18,0,13,8,0,22,0,3,18,0,13,8,0,22,0,3,18,0,29,11,0,0,3,18,0,13,8,0,22,0,3,18,0,13,8,0,22,0,3,18,0,29,11,0,0,3,18,0,13,8,0,22,0,3,18,0,13,8,0,22,0,3,18,0
0,3,3,6,29,3,3,1,0,0,4,8,13,8,1,0,10,10,2,0,0,17,4,3,28,28,28,28,28,28,14,0,0,0,0,0,0,0,0,0,0,0,0,0,17,4,1,7,7,7,7,7,7,7,7,7,7,7,7,7,7,7,7,7,7,7,0,17,4,1,8,8,8,8,8,8,8,8,8,8,8,8,8,8,8,8,8,8,8,0,17,4,0,0,0,0,0,0,0,0,0,0,0,0,0,0,0,0,0,0,0,0,0,17,4,2,17,17,17,17,17,17,17,17,17,17,17,17,17,17,17,8,0,0,0,0,17,4,3,29,29,29,29,29,29,29,29,29,29,29,29,29,29,29,13,0,0,0,0,17,4,0,6,3,29,18,0,3,5,21,28,3,5,0,11,29,8,0,0,0,0,0,17,4,0,17,5,29,17,0,7,14,20,27,7,14,0,10,29,7,0,0,0,0,0,17,4,0,17,5,29,17,0,7,14,20,27,7,14,0,10,29,7,0,0,0,0,0,17,4,1,8,8,29,21,6,0,7,23,28,8,1,4,16,29,13,3,0,0,0,0,17,4,3,29,29,29,29,23,0,26,29,29,29,3,16,29,29,29,13,0,0,0,0,17,4,1,10,10,10,10,8,0,9,10,10,10,1,6,10,10,10,5,0,0,0,0,17,4,2,17,17,17,17,17,17,17,17,17,17,17,17,17,17,17,17,17,17,15,0,17,4,0,0,0,0,0,0,0,0,0,0,0,0,0,0,0,0,0,0,0,0,0,17,4,0,0,0,0,10,17,17,17,17,17,17,17,17,17,17,17,9,0,0,0,0,17,4,0,0,5,18,17,17,17,17,17,15,0,0,0,0,0,0,0,0,0,0,0,17,4,0,0,7,14,0,0,0,0,0,0,0,0,6,12,0,0,0,0,0,0,0,17,4,0,0,7,14,0,0,22,0,0,0,0,0,7,14,0,0,0,0,0,0,0,17,4,0,0,7,14,0,0,22,0,0,0,0,0,7,14,0,0,0,0,0,0,0,17,4,0,0,7,14,0,0,9,0,0,0,0,0,3,5,0,0,0,0,0,0,0,17,4,0,0,7,14,0,5,17,17,17,17,17,17,17,17,17,17,17,22,4,0,0,17,4,0,0,7,14,10,21,18,17,17,17,17,17,17,17,17,17,9,17,4,0,0,17,4
6,6,18,22,13,9,6,24,13,12,21,6,13,12,18,22,3,10,18,22,13,13,4,0,3,18,22,13,8,0,22,13,12,18,0,13,12,18,22,0,3,18,22,13,8,0,0,2,11,22,8,5,0,22,13,12,18,0,8,9,18,13,0,3,18,22,13,8,0,0,0,0,22,0,0,0,22,0,3,18,0,0,3,18,0,0,3,18,0,13,8,0,0,0,0,22,0,0,0,19,0,3,15,0,0,3,18,0,0,3,15,0,11,7,0,13,8,0,22,0,3,18,0,13,8,0,22,0,3,18,0,13,8,0,22,0,3,18,13,8,0,22,0,3,18,22,13,12,18,22,0,3,18,0,13,12,18,22,13,12,18,13,8,0,22,0,3,18,22,13,12,18,22,0,3,18,0,13,12,18,22,13,12,18,5,3,0,8,0,1,6,22,5,7,18,8,0,1,6,0,5,7,18,8,13,10,6,0,0,0,0,0,0,0,22,0,3,18,0,0,0,0,0,0,3,18,0,13,8,0,0,0,0,0,0,0,1,22,0,4,18,1,0,0,0,0,0,4,18,1,13,9,1,13,8,0,0,0,3,18,22,13,12,18,22,0,0,0,0,13,12,18,22,13,12,18,13,8,0,5,0,3,18,22,13,12,18,22,0,0,4,0,13,12,18,22,13,12,18,13,8,0,22,0,3,18,22,13,12,18,22,0,3,18,0,13,12,18,22,13,12,18,13,8,0,22,0,3,18,22,13,12,18,22,0,3,18,0,13,12,18,22,13,12,18,13,8,0,22,0,3,18,17,13,12,14,22,0,3,18,0,13,12,14,22,10,10,18,13,8,0,22,0,3,18,0,13,8,0,22,0,3,18,0,13,8,0,22,0,3,18,13,12,16,22,12,11,18,19,13,12,16,22,12,11,18,19,13,12,16,22,12,11,18,13,12,18,22,13,12,18,22,13,12,18,22,13,12,18,22,13,12,18,22,13,12,18,12,11,18,19,13,12,16,22,12,11,18,19,13,12,16,22,12,11,18,19,13,12,16,7,10,18,0,13,14,7,24,0,3,21,7,18,8,0,23,7,10,18,0,13,14,7,25,25,18,0,13,26,25,27,0,3,28,25,27,8,0,23,25,25,18,0,13,26,25,0,3,18,0,13,8,0,22,0,3,18,0,13,8,0,22,0,3,18,0,13,8,0
11,0,26,21,0,16,29,1,6,29,11,0,18,13,0,8,8,8,13,29,17,8,8,0,0,26,21,0,16,29,1,6,29,11,0,18,16,3,3,3,0,6,29,11,1,3,5,0,26,21,0,16,29,1,6,29,11,0,18,28,28,28,28,2,6,29,11,10,28,11,0,26,21,0,16,29,1,6,29,11,0,0,0,0,0,0,0,6,29,11,0,0,11,0,26,21,0,16,29,1,6,29,11,0,0,0,0,5,5,5,11,29,15,3,0,11,0,26,21,0,16,29,1,5,21,8,0,0,0,1,29,29,29,29,29,29,17,1,11,0,26,21,0,16,29,1,0,0,0,0,0,0,0,12,12,12,12,12,12,7,0,11,0,26,21,0,16,29,1,0,0,0,3,7,7,7,7,7,7,7,7,7,7,7,11,0,26,21,0,16,29,1,0,0,0,4,8,8,8,8,8,8,8,8,8,8,8,11,0,26,21,0,16,29,1,0,0,0,0,12,19,19,19,19,19,18,0,0,0,0,11,0,26,21,0,16,29,1,3,14,5,0,18,29,28,28,28,28,27,0,0,7,9,11,0,26,21,0,16,29,1,6,29,11,0,18,13,0,0,0,0,0,0,0,23,6,11,0,26,21,0,16,29,1,6,29,11,0,18,13,15,17,17,17,17,17,17,26,0,11,0,26,21,0,16,29,1,6,29,11,0,18,13,0,0,0,0,0,0,0,22,0,11,0,26,21,0,16,29,1,6,29,11,0,18,15,1,1,1,1,1,0,0,22,0,11,0,26,21,0,16,29,1,6,29,11,0,18,29,29,29,29,29,27,0,0,22,0,11,0,26,21,0,16,29,1,6,29,11,0,18,23,17,17,17,17,15,0,0,19,17,11,0,26,21,0,16,29,1,6,29,11,0,18,13,0,0,0,0,0,0,0,0,0,11,0,26,21,0,16,29,1,6,29,11,0,18,13,14,17,17,17,17,17,17,17,17,11,0,26,21,0,16,29,1,6,29,11,0,18,13,0,0,0,0,0,0,0,0,0,11,0,26,21,0,16,29,1,6,29,11,0,18,13,1,29,29,29,29,29,29,29,29,11,0,26,21,0,16,29,1,6,29,11,0,18,13,1,18,18,18,21,29,23,18,18,11,0,26,21,0,16,29,1,6,29,11,0,18,13,0,0,0,0,6,29,11,0,0
0,6,29,7,0,29,17,0,20,27,0,0,22,17,12,14,22,17,12,14,22,0,0,0,6,29,7,0,29,17,0,20,27,0,0,9,17,8,6,22,7,10,14,9,0,0,0,6,29,7,0,29,17,0,20,27,0,0,0,17,4,0,22,0,7,14,0,0,0,0,6,29,7,0,29,17,0,20,27,0,0,0,17,4,0,22,0,7,14,0,0,0,0,6,29,7,0,29,17,0,20,27,0,0,0,17,4,0,22,0,7,14,0,0,0,0,6,29,7,0,29,17,0,20,27,0,0,0,17,4,0,22,0,7,14,0,0,0,0,1,7,2,0,29,17,0,20,27,0,0,0,10,2,0,13,0,4,8,0,0,0,0,1,4,1,0,29,17,0,20,27,0,0,5,7,7,7,7,7,7,7,7,1,0,0,6,29,7,0,29,17,0,20,27,0,0,5,8,8,8,8,8,8,8,8,2,0,0,6,29,7,0,29,17,0,20,27,0,0,0,7,11,11,9,0,3,11,11,2,0,0,6,29,7,0,29,17,0,20,27,0,0,0,17,22,20,24,0,7,25,20,4,0,0,6,29,7,0,29,17,0,20,27,0,0,0,17,8,5,22,0,7,14,9,0,0,0,6,29,7,0,29,17,0,20,27,0,0,0,17,12,14,16,0,7,14,22,0,0,0,6,29,7,0,29,17,0,20,27,0,0,0,17,12,14,0,0,7,14,22,0,0,0,6,29,7,0,29,17,0,20,27,0,0,0,17,12,23,17,7,7,14,25,4,0,0,6,29,7,0,29,17,0,20,27,0,0,0,17,8,14,14,6,7,14,13,3,0,0,6,29,7,0,29,17,0,20,27,0,0,0,17,16,13,11,0,7,21,13,3,0,0,6,29,7,0,29,17,0,20,27,0,0,0,17,20,18,24,0,7,24,18,4,0,0,6,29,7,0,29,17,0,20,27,0,0,3,17,6,1,22,2,8,14,3,0,0,0,6,29,7,0,29,17,0,20,27,0,0,22,17,12,14,22,17,12,14,22,0,0,0,6,29,7,0,29,17,0,20,27,0,0,22,17,12,14,22,17,12,14,22,0,0,0,6,29,7,0,29,17,0,20,27,0,0,22,17,12,14,22,17,12,14,22,0,0,0,6,29,7,0,29,17,0,20,27,0,0,17,17,11,11,22,13,11,14,17,0,0
11,0,26,21,0,0,0,0,0,22,0,3,18,0,13,8,0,22,0,3,18,0,13,11,0,26,21,0,0,0,2,13,22,10,10,18,16,13,11,13,22,10,10,18,16,13,11,0,26,21,0,0,0,3,18,22,13,12,18,22,13,12,18,22,13,12,18,22,13,11,0,26,21,0,0,0,3,18,22,13,12,18,22,13,12,18,22,13,12,18,22,13,11,0,26,21,0,0,0,3,18,22,13,12,18,22,13,12,18,22,13,12,18,22,13,11,0,26,21,0,0,0,0,3,22,2,5,18,3,13,9,3,22,2,5,18,3,13,11,0,26,21,0,3,6,0,0,23,17,19,18,0,13,21,17,26,0,3,25,17,23,11,0,26,21,0,16,29,1,0,23,14,14,9,0,13,19,14,14,0,3,24,14,14,11,0,26,21,0,16,29,1,0,22,6,13,13,3,13,10,13,13,7,3,18,11,13,11,0,26,21,0,16,29,1,0,22,13,22,18,4,13,12,25,18,10,3,18,23,18,11,0,26,21,0,16,29,1,0,22,13,8,0,0,13,12,18,0,0,3,18,22,0,11,0,26,21,0,16,29,1,0,22,13,11,12,0,13,12,18,15,0,3,18,22,9,11,0,26,21,0,16,29,1,0,22,6,7,18,0,13,10,8,22,0,3,18,9,13,11,0,26,21,0,3,5,0,0,23,19,21,18,0,13,22,19,26,0,3,26,19,24,11,0,26,21,0,0,0,0,0,10,12,12,8,0,6,12,12,12,0,1,12,12,12,11,0,26,21,0,0,0,0,6,7,7,7,7,7,7,7,7,7,7,7,7,7,7,11,0,26,21,0,0,0,0,7,8,8,8,8,8,8,8,8,8,8,8,8,8,8,11,0,26,21,0,0,0,0,0,12,0,2,10,0,7,4,0,12,0,2,10,0,7,11,0,26,21,0,0,0,0,0,22,0,3,18,0,13,8,0,22,0,3,18,0,13,11,0,26,21,0,0,0,0,0,22,0,3,18,0,13,8,0,22,0,3,18,0,13,11,0,26,21,0,0,0,0,0,22,0,3,18,0,13,8,0,22,0,3,18,0,13,11,0,26,21,0,0,0,0,0,22,0,3,18,0,13,8,0,22,0,3,18,0,13,11,0,26,21,0,0,0,1,7,22,5,7,18,9,13,10,7,22,5,7,18,9,13
3,0,9,0,1,8,0,6,3,0,0,0,1,8,0,6,3,0,9,0,1,8,0,0,0,2,0,0,1,0,1,0,0,0,0,0,1,0,1,0,0,2,0,0,1,0,17,17,17,17,17,17,17,17,17,6,0,2,17,17,17,17,17,17,17,17,17,17,17,0,0,0,0,0,0,0,0,0,0,0,0,0,0,0,0,0,0,0,0,0,0,0,25,25,24,0,3,25,25,25,7,0,0,0,3,25,25,25,7,0,20,25,25,15,0,14,7,24,0,3,21,7,18,8,0,0,0,3,21,7,18,8,0,23,7,10,18,0,12,15,22,0,3,18,19,13,8,0,0,0,3,18,19,13,8,0,22,11,11,18,0,6,18,22,0,1,5,22,13,8,0,0,0,1,5,22,13,8,0,6,13,12,18,0,4,18,22,0,0,0,23,13,8,0,0,0,0,0,23,13,8,0,0,14,12,18,0,29,18,22,0,20,29,28,13,8,0,0,0,20,29,28,13,8,10,29,29,12,18,0,1,1,22,0,1,1,1,13,8,0,0,0,1,1,1,13,8,0,1,1,4,18,0,26,26,28,0,3,26,26,28,8,0,0,0,3,26,26,28,8,0,21,26,27,18,0,13,5,24,0,3,21,5,17,8,0,0,0,3,21,5,17,8,0,23,5,9,18,0,11,10,22,7,9,18,13,13,11,10,0,7,9,18,13,13,11,10,22,7,9,18,13,12,18,22,13,12,18,22,13,12,18,0,13,12,18,22,13,12,18,22,13,12,18,22,12,18,22,13,12,18,22,13,12,18,0,13,12,18,22,13,12,18,22,13,12,18,22,12,18,22,13,12,18,22,13,12,18,0,13,12,18,22,13,12,18,22,13,12,18,22,10,6,22,4,6,18,7,13,10,6,0,4,6,18,7,13,10,6,22,4,6,18,7,8,0,22,0,3,18,0,13,8,0,0,0,3,18,0,13,8,0,22,0,3,18,0,8,0,22,0,3,18,0,13,8,0,0,0,3,18,0,13,8,0,22,0,3,18,0,8,0,22,0,3,18,0,13,8,0,0,0,3,18,0,13,8,0,22,0,3,18,0,8,0,22,0,3,18,0,13,8,0,0,0,3,18,0,13,8,0,22,0,3,18,0,4,0,10,0,1,8,0,6,4,0,0,0,1,8,0,6,4,0,10,0,1,8,0
18,29,0,8,29,9,0,27,18,0,5,16,22,15,12,16,22,15,12,16,22,15,6,18,29,0,8,29,9,0,0,0,0,2,7,22,6,9,16,9,15,9,7,22,6,3,18,29,0,8,29,9,0,14,9,0,0,0,22,0,5,16,0,15,6,0,22,0,0,18,29,0,8,29,9,0,28,19,0,0,0,22,0,5,16,0,15,6,0,22,0,0,18,29,0,8,29,9,0,28,19,0,0,0,22,0,5,16,0,15,6,0,22,0,0,18,29,0,8,29,9,0,28,19,0,0,0,22,0,5,16,0,15,6,0,22,0,0,18,29,0,8,29,9,0,28,19,0,0,0,13,0,3,9,0,9,3,0,13,0,0,18,29,0,8,29,9,0,28,19,0,0,7,7,7,7,7,7,7,7,7,7,7,5,18,29,0,8,29,9,0,28,19,0,0,8,8,8,8,8,8,8,8,8,8,8,5,18,29,0,8,29,9,0,28,19,0,0,0,10,11,11,6,0,6,11,11,10,0,0,18,29,0,8,29,9,0,28,19,0,0,0,25,20,22,16,0,15,23,20,25,0,0,18,29,0,8,29,9,0,28,19,0,0,0,22,6,8,16,0,15,9,6,22,0,0,18,29,0,8,29,9,0,28,19,0,0,0,22,15,11,12,0,15,12,16,16,0,0,18,29,0,8,29,9,0,28,19,0,0,0,22,15,6,0,0,15,12,16,0,0,0,18,29,0,8,29,9,0,28,19,0,0,0,22,15,20,17,2,15,12,24,17,8,0,18,29,0,8,29,9,0,28,19,0,0,0,22,7,14,14,2,15,9,14,14,7,0,18,29,0,8,29,9,0,28,19,0,0,0,24,13,13,7,0,15,17,13,12,0,0,18,29,0,8,29,9,0,28,19,0,0,0,24,18,21,16,0,15,21,18,25,0,0,18,29,0,8,29,9,0,28,19,0,0,2,22,2,6,16,3,15,7,2,22,2,0,18,29,0,8,29,9,0,28,19,0,5,16,22,15,12,16,22,15,12,16,22,15,6,18,29,0,8,29,9,0,28,19,0,5,16,22,15,12,16,22,15,12,16,22,15,6,18,29,0,8,29,9,0,28,19,0,5,16,22,15,12,16,22,15,12,16,22,15,6,18,29,0,8,29,9,0,28,19,0,4,13,22,12,11,16,17,15,11,13,22,12,5
0,3,18,0,13,8,0,22,0,3,18,0,13,8,0,22,0,3,18,0,13,8,0,0,3,18,0,13,8,0,22,0,3,18,0,13,8,0,22,0,3,18,0,13,8,0,0,3,18,0,13,8,0,22,0,3,18,0,13,8,0,22,0,3,18,0,13,8,0,0,0,4,0,3,2,0,5,0,0,4,0,3,2,0,5,0,0,4,0,3,2,0,17,17,17,17,17,17,17,17,17,17,17,17,17,17,17,17,17,17,17,17,17,17,17,0,0,0,0,0,0,0,0,0,0,0,0,0,0,0,0,0,0,0,0,0,0,0,21,21,13,0,10,21,21,21,0,2,21,21,21,6,0,17,21,21,13,0,10,21,21,10,13,18,0,13,16,10,25,0,3,23,10,19,8,0,23,10,13,18,0,13,16,10,10,10,18,0,13,11,13,22,0,3,18,16,13,8,0,22,10,10,18,0,13,11,13,13,12,18,0,5,7,18,22,0,1,7,22,13,8,0,9,13,12,18,0,5,7,18,13,12,18,0,0,3,18,22,0,0,0,22,13,8,0,0,13,12,18,0,0,3,18,28,12,18,0,27,28,18,22,0,19,27,28,13,8,10,27,28,12,18,0,27,28,18,4,5,18,0,4,4,3,22,0,3,4,4,13,8,1,4,4,5,18,0,4,4,3,23,24,18,0,11,23,23,27,0,3,23,23,26,8,0,19,23,24,18,0,11,23,23,8,11,18,0,13,15,8,24,0,3,22,8,18,8,0,23,8,11,18,0,13,15,8,6,8,18,10,13,10,8,22,6,8,18,10,13,10,8,22,6,8,18,10,13,10,8,13,12,18,22,13,12,18,22,13,12,18,22,13,12,18,22,13,12,18,22,13,12,18,13,12,18,22,13,12,18,22,13,12,18,22,13,12,18,22,13,12,18,22,13,12,18,13,12,18,22,13,12,18,22,13,12,18,22,13,12,18,22,13,12,18,22,13,12,18,6,7,18,9,13,10,8,22,6,7,18,9,13,10,8,22,6,7,18,9,13,10,8,0,3,18,0,13,8,0,22,0,3,18,0,13,8,0,22,0,3,18,0,13,8,0,0,3,18,0,13,8,0,22,0,3,18,0,13,8,0,22,0,3,18,0,13,8,0,0,3,18,0,13,8,0,22,0,3,18,0,13,8,0,22,0,3,18,0,13,8,0
22,16,8,6,22,6,9,15,22,16,12,15,22,6,9,15,9,16,12,15,22,16,10,22,16,12,15,22,16,12,15,22,16,12,15,22,16,12,15,22,16,12,15,22,16,10,9,16,12,15,22,16,12,15,9,16,9,6,22,16,12,15,22,16,9,6,22,7,7,0,16,10,10,22,11,10,15,0,16,5,0,22,11,10,15,15,16,5,0,22,0,4,0,16,5,0,22,0,6,15,0,16,5,0,22,0,6,15,0,16,5,0,22,0,4,0,16,5,0,14,0,6,15,0,10,3,0,22,0,4,10,0,16,5,0,14,0,4,5,19,5,0,0,0,6,18,5,2,2,5,23,0,0,0,0,16,10,3,3,3,9,26,26,11,14,11,15,11,26,25,16,12,28,23,15,8,7,20,15,27,15,22,16,25,22,0,6,15,22,16,5,0,22,16,12,15,0,16,12,15,22,0,6,15,22,16,5,22,0,6,15,22,16,5,0,22,16,12,15,0,16,12,15,22,0,6,15,22,16,5,22,0,1,4,22,4,1,0,22,10,10,15,0,4,8,15,6,0,6,15,14,16,5,22,0,0,0,22,0,0,0,22,0,6,15,0,0,6,15,0,0,6,15,0,16,5,11,6,2,0,22,0,2,5,11,6,5,7,8,0,6,15,0,6,5,7,8,8,4,7,16,5,0,22,0,6,15,7,16,8,5,22,0,6,15,0,16,8,5,22,5,6,22,16,5,0,22,0,6,15,22,16,12,15,22,0,6,15,0,16,12,15,22,16,10,22,16,5,0,22,0,6,15,22,16,12,15,22,0,6,15,0,16,12,15,22,16,10,22,0,0,0,0,0,0,0,22,0,7,15,0,0,0,0,0,0,7,15,0,16,6,22,0,0,0,0,0,0,0,22,0,6,15,0,0,0,0,0,0,6,15,0,16,5,22,6,2,0,0,0,2,6,22,6,9,15,9,0,0,0,0,6,9,15,9,16,7,22,16,5,0,0,0,6,15,22,16,12,15,22,0,0,0,0,16,12,15,22,16,10,22,16,5,0,13,0,6,15,22,16,12,15,22,0,3,9,0,16,12,15,22,16,10,22,16,5,0,22,0,6,15,22,16,12,15,22,0,6,15,0,16,12,15,22,16,10,22,16,5,0,22,0,6,15,22,16,12,15,22,0,6,15,0,16,12,15,22,16,10
7,7,10,0,0,0,3,3,20,16,3,3,3,0,3,3,20,16,3,3,3,0,0,0,0,0,0,0,2,28,28,28,28,28,28,28,0,24,28,29,29,28,28,28,0,0,7,7,7,7,7,7,7,7,7,7,7,7,7,7,0,0,18,13,3,7,7,7,7,8,8,8,8,8,8,8,8,8,8,8,8,8,8,0,0,18,13,4,8,8,8,8,0,0,0,0,0,0,0,0,0,0,0,0,0,0,0,0,18,13,0,0,0,0,0,17,17,17,17,17,17,17,17,17,17,17,17,17,17,6,0,18,13,0,0,0,0,0,29,29,29,29,29,29,29,29,29,29,29,29,29,29,10,0,18,13,0,0,0,0,6,0,2,7,17,29,4,7,0,7,29,12,8,0,2,6,0,18,13,0,0,0,0,6,0,3,18,16,29,5,18,0,6,29,11,22,0,3,18,5,26,24,18,0,0,0,6,0,3,18,16,29,5,18,0,6,29,11,22,0,3,18,3,12,12,12,0,0,0,6,7,0,6,20,29,9,2,3,13,29,16,8,7,8,3,0,0,0,0,0,0,0,6,27,0,22,29,29,29,7,12,29,29,29,29,29,29,10,0,0,0,0,0,0,0,0,10,0,8,10,10,10,2,4,10,10,10,10,10,10,4,0,0,0,0,0,0,0,0,17,17,17,17,17,17,17,17,17,17,17,17,17,17,17,17,17,17,17,17,17,17,17,0,0,0,0,0,0,0,0,0,0,0,0,0,0,0,0,0,0,0,0,0,0,0,17,17,17,17,17,17,17,17,17,0,0,0,0,0,14,17,17,17,17,17,17,17,17,0,0,0,8,17,17,17,17,17,17,12,0,0,0,0,0,0,0,0,0,2,17,17,16,0,0,0,0,0,0,0,0,3,18,0,0,0,0,0,0,19,0,0,0,0,0,18,0,0,0,0,0,13,8,0,3,18,0,0,0,0,0,0,22,0,0,0,0,0,18,0,0,0,0,0,13,8,0,3,18,0,0,0,0,0,0,22,0,0,0,0,0,7,0,0,0,0,0,5,3,0,3,18,0,0,0,0,0,0,9,0,0,0,0,0,17,17,17,17,17,17,17,11,0,3,18,0,12,19,17,17,17,17,17,17,17,17,17,17,17,17,17,17,17,17,22,17,4,18,0,13,8,14,17,17,17,17,17,17,17,17
9,16,12,15,22,16,12,15,9,16,8,6,22,16,12,15,22,16,8,6,22,6,7,22,16,12,15,22,16,12,15,22,16,12,15,22,16,12,15,22,16,12,15,22,16,10,22,16,9,6,22,7,9,15,22,16,12,15,22,7,9,15,9,16,12,15,22,16,10,15,16,5,0,22,0,6,15,15,16,10,10,22,0,6,15,0,16,10,10,22,11,8,0,16,5,0,22,0,6,15,0,16,5,0,22,0,6,15,0,16,5,0,22,0,4,0,16,5,0,14,0,6,15,0,10,3,0,22,0,4,10,0,16,5,0,14,0,4,0,16,10,3,3,3,11,15,0,0,0,0,23,5,2,2,5,19,5,0,0,0,4,20,15,27,15,22,16,27,14,20,8,9,14,24,28,12,15,26,26,11,14,11,15,9,22,0,6,15,22,16,5,0,22,16,12,15,0,16,12,15,22,0,6,15,22,16,5,22,0,6,15,22,16,5,0,22,16,12,15,0,16,12,15,22,0,6,15,22,16,5,6,0,6,15,14,16,5,0,6,16,7,4,0,16,10,10,22,0,1,4,22,4,1,0,0,6,15,0,16,5,0,0,16,5,0,0,16,5,0,22,0,0,0,22,0,0,0,6,5,7,8,8,5,5,0,16,5,0,8,8,5,5,11,6,2,0,22,0,1,0,16,8,5,22,5,8,15,0,16,5,0,22,5,8,15,7,16,5,0,22,0,4,0,16,12,15,22,16,12,15,0,16,5,0,22,16,12,15,22,16,5,0,22,0,4,0,16,12,15,22,16,12,15,0,16,5,0,22,16,12,15,22,16,5,0,22,0,4,0,0,7,15,0,16,6,0,0,0,0,0,0,16,6,0,22,0,0,0,0,0,0,0,0,6,15,0,16,5,0,0,0,0,0,0,16,5,0,22,0,0,0,0,0,0,0,6,9,15,9,16,8,6,0,0,0,0,9,16,8,6,22,6,2,0,0,0,1,0,16,12,15,22,16,12,15,0,0,0,0,22,16,12,15,22,16,5,0,0,0,4,0,16,12,15,22,16,12,15,0,9,3,0,22,16,12,15,22,16,5,0,13,0,4,0,16,12,15,22,16,12,15,0,16,5,0,22,16,12,15,22,16,5,0,22,0,4,0,16,12,15,22,16,12,15,0,16,5,0,22,16,12,15,22,16,5,0,22,0,4
29,11,0,0,8,23,3,17,0,6,29,11,0,26,21,0,16,29,1,6,29,11,0,29,11,0,0,8,23,3,18,0,6,29,11,0,26,21,0,16,29,1,6,29,11,0,29,11,0,0,8,23,3,18,0,6,29,11,0,26,21,0,16,29,1,6,29,11,0,29,11,0,0,8,23,3,18,0,6,29,11,0,26,21,0,16,29,1,6,29,11,0,29,11,0,0,8,23,2,12,0,6,29,11,0,26,21,0,16,29,1,6,29,11,0,11,4,0,0,8,26,13,13,0,2,11,4,0,10,8,0,6,11,0,2,11,4,0,0,0,0,0,5,18,18,17,0,0,0,0,0,0,0,0,0,0,0,0,0,0,0,17,17,17,17,17,17,17,17,17,17,17,17,17,17,17,17,17,17,17,17,17,17,17,7,7,7,7,7,7,7,7,7,7,7,7,7,7,7,7,7,7,7,3,0,0,0,25,25,25,25,25,25,25,25,25,28,27,25,25,25,25,25,25,28,27,10,0,0,0,0,0,0,2,0,0,0,0,0,18,13,0,0,0,0,0,0,18,13,0,0,6,3,7,10,10,18,0,0,3,15,7,18,14,6,4,0,3,15,7,18,14,6,4,13,8,16,13,12,18,0,0,3,18,16,18,14,15,22,0,3,18,16,18,14,15,22,13,8,16,13,12,18,0,0,3,18,16,18,14,15,22,0,3,18,16,18,14,15,22,13,8,16,13,12,18,0,0,1,9,13,18,14,12,9,0,1,9,13,18,14,12,9,5,3,15,12,11,17,0,0,0,0,0,18,13,0,0,0,0,0,0,18,13,0,0,0,0,0,0,0,0,0,0,2,23,23,27,26,23,23,23,0,19,23,27,26,23,23,23,0,0,0,0,0,0,0,0,8,8,8,8,8,8,8,0,7,8,22,18,8,8,8,0,17,17,17,17,17,17,17,17,17,17,17,17,17,17,17,1,0,18,13,8,17,17,17,0,0,0,0,0,0,0,0,0,0,0,0,0,0,0,0,0,18,13,0,0,0,0,7,7,7,7,7,7,7,7,7,7,7,7,7,7,7,2,0,18,13,0,0,0,0,29,29,29,29,29,29,29,29,29,29,29,29,29,29,29,10,0,18,13,0,0,0,0,24,10,10,10,21,29,12,10,10,15,29,18,10,10,10,4,0,18,13,0,0,0,0
22,13,12,18,22,13,12,18,22,13,12,18,22,13,12,18,22,13,12,18,22,13,12,22,13,12,18,22,13,12,18,22,13,12,18,22,13,12,18,22,13,12,18,22,13,12,22,13,12,18,22,13,12,18,22,13,12,18,22,13,12,18,22,13,12,18,22,13,12,22,6,8,18,11,13,10,9,22,6,8,18,11,13,10,9,22,6,8,18,11,13,10,23,7,10,18,0,13,14,7,24,0,3,21,7,18,8,0,23,7,10,18,0,13,14,20,25,25,18,0,11,25,25,27,0,3,25,25,27,8,0,20,25,25,18,0,11,25,3,3,5,18,0,3,3,2,22,0,2,3,3,13,8,1,3,3,5,18,0,3,3,28,29,12,18,0,28,29,18,22,0,20,28,28,13,8,10,28,29,12,18,0,28,29,0,13,12,18,0,0,3,18,22,0,0,0,22,13,8,0,0,13,12,18,0,0,3,7,13,12,18,0,4,6,18,22,0,1,6,22,13,8,0,7,13,12,18,0,4,6,22,10,10,18,0,13,12,14,22,0,3,18,17,13,8,0,22,10,10,18,0,13,12,23,9,12,18,0,13,15,9,25,0,3,22,9,19,8,0,23,9,12,18,0,13,15,18,22,22,14,0,10,22,22,22,0,3,22,22,22,6,0,18,22,22,14,0,10,22,0,0,0,0,0,0,0,0,0,0,0,0,0,0,0,0,0,0,0,0,0,0,0,17,17,17,17,17,17,17,17,17,17,17,17,17,17,17,17,17,17,17,17,17,17,17,3,0,0,3,0,2,1,0,3,0,0,3,0,2,1,0,3,0,0,3,0,2,1,22,0,3,18,0,13,8,0,22,0,3,18,0,13,8,0,22,0,3,18,0,13,8,22,0,3,18,0,13,8,0,22,0,3,18,0,13,8,0,22,0,3,18,0,13,8,22,0,3,18,0,13,8,0,22,0,3,18,0,13,8,0,22,0,3,18,0,13,8,22,0,3,18,0,13,8,0,22,0,3,18,0,13,8,0,22,0,3,18,0,13,8,22,0,3,18,0,13,8,0,22,0,3,18,0,13,8,0,22,0,3,18,0,13,8,23,13,16,18,0,13,18,13,25,0,3,24,13,21,8,0,23,13,16,18,0,13,18,23,18,20,18,0,13,22,18,26,0,3,25,18,24,8,0,23,18,20,18,0,13,22
22,13,12,18,22,13,12,18,22,13,12,18,22,13,12,18,22,13,12,18,22,13,12,22,13,12,18,22,13,12,18,22,13,12,18,22,13,12,18,22,13,12,18,22,13,12,22,13,12,18,22,13,12,18,22,13,12,18,22,13,12,18,22,13,12,18,22,13,12,22,6,8,18,11,13,10,9,22,6,8,18,11,13,10,9,22,6,8,18,11,13,10,23,7,10,18,0,13,14,7,24,0,3,21,7,18,8,0,23,7,10,18,0,13,14,20,25,25,18,0,11,25,25,27,0,3,25,25,27,8,0,20,25,25,18,0,11,25,3,3,5,18,0,3,3,2,22,0,2,3,3,13,8,1,3,3,5,18,0,3,3,28,29,12,18,0,28,29,18,22,0,20,28,28,13,8,10,28,29,12,18,0,28,29,0,13,12,18,0,0,3,18,22,0,0,0,22,13,8,0,0,13,12,18,0,0,3,7,13,12,18,0,4,6,18,22,0,1,6,22,13,8,0,7,13,12,18,0,4,6,22,10,10,18,0,13,12,14,22,0,3,18,17,13,8,0,22,10,10,18,0,13,12,23,9,12,18,0,13,15,9,25,0,3,22,9,19,8,0,23,9,12,18,0,13,15,18,22,22,14,0,10,22,22,22,0,3,22,22,22,6,0,18,22,22,14,0,10,22,0,0,0,0,0,0,0,0,0,0,0,0,0,0,0,0,0,0,0,0,0,0,0,17,17,17,17,17,17,17,17,17,17,17,17,17,17,17,17,17,17,17,17,17,17,17,3,0,0,3,0,2,1,0,3,0,0,3,0,2,1,0,3,0,0,3,0,2,1,22,0,3,18,0,13,8,0,22,0,3,18,0,13,8,0,22,0,3,18,0,13,8,22,0,3,18,0,13,8,0,22,0,3,18,0,13,8,0,22,0,3,18,0,13,8,22,0,3,18,0,13,8,0,22,0,3,18,0,13,8,0,22,0,3,18,0,13,8,22,0,3,18,0,13,8,0,22,0,3,18,0,13,8,0,22,0,3,18,0,13,8,22,0,3,18,0,13,8,0,22,0,3,18,0,13,8,0,22,0,3,18,0,13,8,23,13,16,18,0,13,18,13,25,0,3,24,13,21,8,0,23,13,16,18,0,13,18,23,18,20,18,0,13,22,18,26,0,3,25,18,24,8,0,23,18,20,18,0,13,22
29,1,0,15,6,29,11,15,0,0,26,21,9,5,0,16,29,4,12,0,0,0,0,29,1,0,22,6,29,11,22,0,0,26,21,13,8,0,16,29,5,18,0,0,0,0,29,1,0,16,6,29,11,16,0,0,26,21,9,6,0,16,29,4,13,0,0,0,0,29,20,19,19,22,29,23,19,19,19,28,27,19,19,19,25,29,20,5,0,0,0,0,28,28,28,28,28,28,28,28,28,28,28,28,28,28,28,28,28,28,7,0,0,0,0,0,0,0,0,0,0,0,0,0,0,0,0,0,0,0,0,0,0,0,0,0,0,0,0,0,0,0,0,0,0,0,0,0,0,0,0,0,0,0,0,0,0,0,0,0,0,17,17,17,17,17,17,17,17,17,17,17,17,17,17,17,17,17,17,17,17,17,17,17,17,17,17,17,17,17,17,17,17,17,17,17,17,17,17,17,17,17,17,17,17,17,17,24,21,14,14,14,14,14,14,24,21,14,14,14,14,14,14,24,21,14,14,14,14,14,18,13,0,4,0,0,0,0,18,13,0,4,0,0,0,0,18,13,0,4,0,0,0,18,14,9,22,0,0,1,1,18,14,9,22,0,0,1,1,18,14,9,22,0,0,1,18,14,15,22,0,3,18,16,18,14,15,22,0,3,18,16,18,14,15,22,0,3,18,18,14,15,22,0,3,18,16,18,14,15,22,0,3,18,16,18,14,15,22,0,3,18,18,14,6,22,0,0,1,16,18,14,6,22,0,0,1,16,18,14,6,22,0,0,1,20,13,0,22,0,0,0,1,20,13,0,22,0,0,0,1,20,13,0,22,0,0,0,28,13,0,0,0,0,0,14,28,13,0,0,0,0,0,14,28,13,0,0,0,0,0,7,7,7,7,7,7,7,7,7,7,7,7,7,7,7,7,7,7,7,7,7,7,7,8,8,8,8,8,8,8,8,8,8,8,8,8,8,8,8,8,8,8,8,8,8,8,0,0,0,0,3,19,19,19,19,19,19,11,1,19,19,19,18,0,15,19,19,19,5,0,0,0,0,4,28,28,28,29,29,29,17,2,28,29,29,27,0,22,29,29,29,7,0,0,0,0,4,2,0,7,6,29,11,0,4,2,26,21,4,2,0,16,29,1,0,16,21,21,10,13,8,0,22,6,29,11,0,13,8,26,21,13,8,0,16,29,1,0
18,22,13,12,18,22,13,12,18,0,13,12,18,22,13,12,18,22,13,12,18,22,13,8,22,6,7,18,9,13,10,8,0,6,7,18,9,13,10,8,22,6,7,18,9,13,0,22,0,3,18,0,13,8,0,0,0,3,18,0,13,8,0,22,0,3,18,0,13,0,22,0,3,18,0,13,8,0,0,0,3,18,0,13,8,0,22,0,3,18,0,13,0,22,0,3,18,0,13,8,0,0,0,3,18,0,13,8,0,22,0,3,18,0,13,0,22,0,3,18,0,13,8,0,0,0,3,18,0,13,8,0,22,0,3,18,0,13,0,13,0,2,10,0,7,5,0,0,0,2,10,0,7,5,0,13,0,2,10,0,7,7,7,7,7,7,7,7,7,2,0,1,7,7,7,7,7,7,7,7,7,7,7,7,8,8,8,8,8,8,8,8,3,0,1,8,8,8,8,8,8,8,8,8,8,8,8,11,11,0,1,11,11,11,3,0,0,0,1,11,11,11,3,0,9,11,11,7,0,5,20,27,0,3,26,20,25,8,0,0,0,3,26,20,25,8,0,23,20,22,18,0,13,7,22,0,3,18,9,13,8,0,0,0,3,18,9,13,8,0,22,5,7,18,0,13,18,16,0,3,18,22,10,6,0,0,0,3,18,22,10,6,0,22,13,11,13,0,13,18,0,0,3,18,22,0,0,0,0,0,3,18,22,0,0,0,22,13,8,0,0,13,25,17,10,3,18,23,17,16,0,0,0,3,18,23,17,16,0,22,13,21,17,4,13,14,14,8,3,18,11,14,13,0,0,0,3,18,11,14,13,0,22,6,14,14,3,13,13,13,0,3,24,13,13,4,0,0,0,3,24,13,13,4,0,23,13,13,8,0,13,18,26,0,3,25,18,24,8,0,0,0,3,25,18,24,8,0,23,18,20,18,0,13,2,22,1,5,18,3,13,9,2,0,1,5,18,3,13,9,2,22,1,5,18,3,13,18,22,13,12,18,22,13,12,18,0,13,12,18,22,13,12,18,22,13,12,18,22,13,18,22,13,12,18,22,13,12,18,0,13,12,18,22,13,12,18,22,13,12,18,22,13,18,22,13,12,18,22,13,12,18,0,13,12,18,22,13,12,18,22,13,12,18,22,13,14,22,10,10,18,17,13,12,14,0,10,10,18,17,13,12,14,22,10,10,18,17,13
12,18,22,13,12,18,22,13,12,18,22,13,12,18,22,13,12,18,22,13,12,18,22,7,18,9,13,10,8,22,6,7,18,9,13,10,8,22,6,7,18,9,13,10,8,22,3,18,0,13,8,0,22,0,3,18,0,13,8,0,22,0,3,18,0,13,8,0,22,3,18,0,13,8,0,22,0,3,18,0,13,8,0,22,0,3,18,0,13,8,0,22,3,18,0,13,8,0,22,0,3,18,0,13,8,0,22,0,3,18,0,13,8,0,22,3,18,0,13,8,0,22,0,3,18,0,13,8,0,22,0,3,18,0,13,8,0,22,2,10,0,7,5,0,13,0,2,10,0,7,5,0,13,0,2,10,0,7,5,0,13,7,7,7,7,7,7,7,7,7,7,7,7,7,7,7,7,7,7,7,7,7,7,7,8,8,8,8,8,8,8,8,8,8,8,8,8,8,8,8,8,8,8,8,8,8,8,11,7,0,5,11,11,11,0,1,11,11,11,3,0,9,11,11,7,0,5,11,11,11,22,18,0,13,23,20,27,0,3,26,20,25,8,0,23,20,22,18,0,13,23,20,27,7,18,0,13,10,7,22,0,3,18,9,13,8,0,22,5,7,18,0,13,10,7,22,11,13,0,13,12,18,16,0,3,18,22,10,6,0,22,13,11,13,0,13,12,18,16,8,0,0,13,12,18,0,0,3,18,22,0,0,0,22,13,8,0,0,13,12,18,0,21,17,4,13,12,25,17,10,3,18,23,17,16,0,22,13,21,17,4,13,12,25,17,14,14,3,13,10,14,14,8,3,18,11,14,13,0,22,6,14,14,3,13,10,14,14,13,8,0,13,18,13,13,0,3,24,13,13,4,0,23,13,13,8,0,13,18,13,13,20,18,0,13,22,18,26,0,3,25,18,24,8,0,23,18,20,18,0,13,22,18,26,5,18,3,13,9,2,22,1,5,18,3,13,9,2,22,1,5,18,3,13,9,2,22,12,18,22,13,12,18,22,13,12,18,22,13,12,18,22,13,12,18,22,13,12,18,22,12,18,22,13,12,18,22,13,12,18,22,13,12,18,22,13,12,18,22,13,12,18,22,12,18,22,13,12,18,22,13,12,18,22,13,12,18,22,13,12,18,22,13,12,18,22,10,18,17,13,12,14,22,10,10,18,17,13,12,14,22,10,10,18,17,13,12,14,22
12,18,22,13,12,18,22,13,12,18,22,13,12,18,22,13,12,18,22,13,12,18,22,7,18,9,13,10,8,22,6,7,18,9,13,10,8,22,6,7,18,9,13,10,8,22,3,18,0,13,8,0,22,0,3,18,0,13,8,0,22,0,3,18,0,13,8,0,22,3,18,0,13,8,0,22,0,3,18,0,13,8,0,22,0,3,18,0,13,8,0,22,3,18,0,13,8,0,22,0,3,18,0,13,8,0,22,0,3,18,0,13,8,0,22,3,18,0,13,8,0,22,0,3,18,0,13,8,0,22,0,3,18,0,13,8,0,22,2,10,0,7,5,0,13,0,2,10,0,7,5,0,13,0,2,10,0,7,5,0,13,7,7,7,7,7,7,7,7,7,7,7,7,7,7,7,7,7,7,7,7,7,7,7,8,8,8,8,8,8,8,8,8,8,8,8,8,8,8,8,8,8,8,8,8,8,8,11,7,0,5,11,11,11,0,1,11,11,11,3,0,9,11,11,7,0,5,11,11,11,22,18,0,13,23,20,27,0,3,26,20,25,8,0,23,20,22,18,0,13,23,20,27,7,18,0,13,10,7,22,0,3,18,9,13,8,0,22,5,7,18,0,13,10,7,22,11,13,0,13,12,18,16,0,3,18,22,10,6,0,22,13,11,13,0,13,12,18,16,8,0,0,13,12,18,0,0,3,18,22,0,0,0,22,13,8,0,0,13,12,18,0,21,17,4,13,12,25,17,10,3,18,23,17,16,0,22,13,21,17,4,13,12,25,17,14,14,3,13,10,14,14,8,3,18,11,14,13,0,22,6,14,14,3,13,10,14,14,13,8,0,13,18,13,13,0,3,24,13,13,4,0,23,13,13,8,0,13,18,13,13,20,18,0,13,22,18,26,0,3,25,18,24,8,0,23,18,20,18,0,13,22,18,26,5,18,3,13,9,2,22,1,5,18,3,13,9,2,22,1,5,18,3,13,9,2,22,12,18,22,13,12,18,22,13,12,18,22,13,12,18,22,13,12,18,22,13,12,18,22,12,18,22,13,12,18,22,13,12,18,22,13,12,18,22,13,12,18,22,13,12,18,22,12,18,22,13,12,18,22,13,12,18,22,13,12,18,22,13,12,18,22,13,12,18,22,10,18,17,13,12,14,22,10,10,18,17,13,12,14,22,10,10,18,17,13,12,14,22
18,22,0,3,18,22,13,12,18,22,13,12,18,22,13,12,18,22,13,12,18,22,13,18,9,0,1,8,22,6,7,18,9,13,10,8,22,6,7,18,9,13,10,8,22,6,18,0,0,0,0,22,0,3,18,0,13,8,0,22,0,3,18,0,13,8,0,22,0,18,0,0,0,0,22,0,3,18,0,13,8,0,22,0,3,18,0,13,8,0,22,0,18,0,0,0,0,22,0,3,18,0,13,8,0,22,0,3,18,0,13,8,0,22,0,18,0,0,0,0,22,0,3,18,0,13,8,0,22,0,3,18,0,13,8,0,22,0,10,0,0,0,0,13,0,2,10,0,7,5,0,13,0,2,10,0,7,5,0,13,0,7,5,0,0,6,7,7,7,7,7,7,7,7,7,7,7,7,7,7,7,7,7,7,8,6,0,0,7,8,8,8,8,8,8,8,8,8,8,8,8,8,8,8,8,8,8,7,0,0,0,0,9,11,11,7,0,5,11,11,11,0,1,11,11,11,3,0,9,11,18,0,0,0,0,23,20,22,18,0,13,23,20,27,0,3,26,20,25,8,0,23,20,18,0,0,0,0,22,5,7,18,0,13,10,7,22,0,3,18,9,13,8,0,22,5,13,0,0,0,0,22,13,11,13,0,13,12,18,16,0,3,18,22,10,6,0,22,13,0,0,0,0,0,22,13,8,0,0,13,12,18,0,0,3,18,22,0,0,0,22,13,17,4,0,0,0,22,13,21,17,4,13,12,25,17,10,3,18,23,17,16,0,22,13,14,3,0,0,0,22,6,14,14,3,13,10,14,14,8,3,18,11,14,13,0,22,6,8,0,0,0,0,23,13,13,8,0,13,18,13,13,0,3,24,13,13,4,0,23,13,18,0,0,0,0,23,18,20,18,0,13,22,18,26,0,3,25,18,24,8,0,23,18,18,3,0,0,2,22,1,5,18,3,13,9,2,22,1,5,18,3,13,9,2,22,1,18,22,0,3,18,22,13,12,18,22,13,12,18,22,13,12,18,22,13,12,18,22,13,18,22,0,3,18,22,13,12,18,22,13,12,18,22,13,12,18,22,13,12,18,22,13,18,22,0,3,18,22,13,12,18,22,13,12,18,22,13,12,18,22,13,12,18,22,13,18,17,0,3,14,22,10,10,18,17,13,12,14,22,10,10,18,17,13,12,14,22,10
9,16,8,6,22,16,12,15,22,16,8,6,22,6,9,15,22,16,12,15,22,6,7,22,16,12,15,22,16,12,15,22,16,12,15,22,16,12,15,22,16,12,15,22,16,10,22,16,12,15,22,7,9,15,9,16,12,15,22,16,12,15,9,16,9,6,22,16,10,15,16,10,10,22,0,6,15,0,16,10,10,22,11,10,15,0,16,5,0,22,11,8,0,16,5,0,22,0,6,15,0,16,5,0,22,0,6,15,0,16,5,0,22,0,4,0,10,3,0,22,0,4,10,0,16,5,0,14,0,6,15,0,10,3,0,22,0,3,0,0,0,0,23,5,2,2,5,19,5,0,0,0,6,18,5,2,2,5,23,0,0,20,8,9,14,24,28,12,15,26,26,11,14,11,15,11,26,25,16,12,28,23,15,7,22,16,12,15,0,16,12,15,22,0,6,15,22,16,5,0,22,16,12,15,0,16,10,22,16,12,15,0,16,12,15,22,0,6,15,22,16,5,0,22,16,12,15,0,16,10,6,16,7,4,0,16,10,10,22,0,1,4,22,4,1,0,22,10,10,15,0,4,6,0,16,5,0,0,16,5,0,22,0,0,0,22,0,0,0,22,0,6,15,0,0,4,0,16,5,0,8,8,5,5,11,6,2,0,22,0,2,5,11,6,5,7,8,0,4,0,16,5,0,22,5,8,15,7,16,5,0,22,0,6,15,7,16,8,5,22,0,4,0,16,5,0,22,16,12,15,22,16,5,0,22,0,6,15,22,16,12,15,22,0,4,0,16,5,0,22,16,12,15,22,16,5,0,22,0,6,15,22,16,12,15,22,0,4,0,0,0,0,0,16,6,0,22,0,0,0,0,0,0,0,22,0,7,15,0,0,0,0,0,0,0,0,16,5,0,22,0,0,0,0,0,0,0,22,0,6,15,0,0,0,0,0,0,0,9,16,8,6,22,6,2,0,0,0,2,6,22,6,9,15,9,0,0,0,0,0,0,22,16,12,15,22,16,5,0,0,0,6,15,22,16,12,15,22,0,0,0,9,3,0,22,16,12,15,22,16,5,0,13,0,6,15,22,16,12,15,22,0,2,0,16,5,0,22,16,12,15,22,16,5,0,22,0,6,15,22,16,12,15,22,0,4,0,16,5,0,22,16,12,15,22,16,5,0,22,0,6,15,22,16,12,15,22,0,4
15,0,1,1,1,0,0,0,0,0,0,0,22,0,3,18,0,0,0,6,29,11,0,22,2,29,29,29,7,0,0,0,0,0,0,22,0,3,18,0,0,0,6,29,11,0,16,0,9,24,0,0,0,0,0,0,0,0,22,0,3,18,0,0,0,6,29,11,0,13,0,8,23,0,0,0,0,0,0,0,0,22,0,3,18,0,0,0,6,29,11,0,20,0,8,23,0,0,0,0,0,0,0,0,22,0,3,18,0,0,0,3,15,6,0,0,0,8,23,0,0,0,0,0,0,0,0,22,0,3,18,0,0,0,0,0,0,0,0,0,8,23,0,0,0,0,0,0,0,0,22,0,3,18,0,0,0,0,0,0,0,7,0,8,23,2,17,17,17,17,6,0,0,22,0,3,18,0,0,0,2,17,17,17,17,17,21,27,17,17,17,6,0,0,0,0,22,0,3,18,0,0,0,0,0,0,0,14,14,19,26,14,14,14,5,0,0,0,0,22,0,3,18,0,0,0,4,20,8,0,4,0,8,23,0,0,0,3,0,0,0,0,22,0,3,18,0,0,0,6,29,11,0,22,6,12,23,1,1,4,18,0,0,0,0,22,0,3,18,0,0,0,6,29,11,0,22,10,14,23,16,13,12,18,0,0,0,0,22,0,3,18,0,0,0,6,29,11,0,22,10,14,23,16,13,12,18,0,0,0,0,22,0,3,18,0,0,0,6,29,11,0,22,4,11,23,16,0,4,18,0,0,0,0,0,0,3,18,0,0,0,6,29,11,0,22,0,8,24,2,0,3,18,0,0,0,0,0,0,0,1,0,0,0,5,21,8,0,0,0,8,28,20,0,0,0,0,0,0,0,0,0,0,0,0,0,0,0,0,0,0,7,7,7,7,7,7,7,7,7,7,7,7,7,7,7,7,7,7,7,7,7,7,7,8,8,8,8,8,8,8,8,8,8,8,8,8,8,8,8,8,8,8,8,8,8,8,0,0,0,0,1,9,0,6,4,0,11,0,1,9,0,6,4,0,11,0,1,9,0,14,5,0,0,3,18,0,13,8,0,22,0,3,18,0,13,8,0,22,0,3,18,0,29,11,0,0,3,18,0,13,8,0,22,0,3,18,0,13,8,0,22,0,3,18,0,29,11,0,0,3,18,0,13,8,0,22,0,3,18,0,13,8,0,22,0,3,18,0
16,5,0,0,0,0,0,22,0,0,0,13,8,1,0,10,9,7,9,0,0,0,2,16,5,0,0,0,0,0,22,0,0,0,0,0,0,0,0,0,0,0,0,0,5,17,16,5,0,0,0,0,0,22,0,4,7,7,7,7,7,7,7,7,7,7,7,7,4,16,5,0,0,0,0,0,22,0,5,8,8,8,8,8,8,8,8,8,8,8,8,5,16,5,0,0,0,0,0,22,0,0,0,0,0,0,0,0,0,0,0,0,0,0,0,16,5,0,0,0,0,0,22,0,0,0,0,3,17,17,17,17,17,17,17,17,17,10,16,5,0,0,0,0,0,22,0,0,0,0,5,29,29,29,29,29,29,29,29,29,17,16,5,0,0,0,0,0,22,0,0,0,0,0,0,29,19,0,3,6,20,29,3,5,16,5,0,0,0,0,0,22,0,0,0,0,0,0,29,18,0,6,15,19,28,6,15,16,5,0,0,0,0,0,22,0,0,0,0,0,0,29,18,0,6,15,19,28,6,15,16,5,0,0,0,0,0,22,0,0,0,0,1,7,29,21,6,0,7,22,29,8,1,16,5,0,0,0,0,0,22,0,0,0,0,5,29,29,29,25,0,25,29,29,29,4,16,5,0,0,0,0,0,22,0,0,0,0,2,10,10,10,9,0,9,10,10,10,1,16,5,0,0,0,0,0,22,0,10,17,17,17,17,17,17,17,17,17,17,17,17,10,16,5,0,0,0,0,0,22,0,0,0,0,0,0,0,0,0,0,0,0,0,0,0,16,5,0,0,0,0,0,22,0,0,0,0,4,17,17,17,17,17,17,17,17,17,10,16,5,0,0,0,0,0,22,0,0,0,0,0,0,0,0,0,0,0,10,17,17,10,16,5,0,0,0,0,0,22,0,0,0,0,0,0,0,6,13,0,0,0,0,0,0,16,5,0,0,0,0,0,22,0,0,0,0,0,0,0,6,15,0,0,0,0,0,4,16,5,0,0,0,0,0,22,0,0,0,0,0,0,0,6,15,0,0,0,0,0,4,16,5,0,13,19,0,0,22,0,0,0,0,0,0,0,2,6,0,0,0,0,0,1,16,5,0,19,28,0,0,22,0,0,0,22,17,17,17,17,17,17,17,17,17,17,10,16,5,0,19,28,0,0,22,0,0,0,22,4,17,17,17,17,17,17,17,17,17,10
23,25,0,13,29,4,0,0,0,5,26,0,0,0,0,0,0,0,10,11,0,0,0,23,25,0,13,29,4,0,0,0,5,29,21,21,21,21,21,8,0,10,11,0,0,0,17,18,0,10,21,3,0,0,0,5,29,26,26,26,26,26,9,0,10,19,11,11,9,0,0,0,0,0,0,0,0,0,5,26,0,0,0,0,0,0,0,1,4,4,4,3,16,17,0,9,20,3,0,0,0,5,26,3,7,7,7,7,7,7,7,7,7,7,6,23,25,0,13,29,4,0,0,0,5,26,3,8,8,8,8,8,8,8,8,8,8,7,23,25,0,13,29,4,0,0,0,5,26,0,12,19,19,19,19,19,19,19,19,19,15,23,25,0,13,29,4,0,0,0,5,26,0,18,28,28,28,29,29,28,28,28,28,23,23,25,0,13,29,4,0,0,0,5,26,0,0,0,0,0,23,25,0,0,0,0,0,23,25,0,13,29,4,0,0,0,5,28,13,13,13,7,0,23,25,0,13,13,13,11,23,25,0,13,29,4,0,0,0,3,18,18,18,18,10,0,23,25,0,17,18,18,15,23,25,0,13,29,4,0,0,0,0,0,0,0,0,0,0,23,25,0,0,0,0,0,23,25,0,13,29,4,0,0,0,0,0,0,10,15,15,15,27,27,15,0,10,15,12,23,25,0,13,29,4,0,0,0,0,0,0,18,29,29,29,29,29,29,0,18,29,23,23,25,0,13,29,4,0,0,0,0,0,0,1,2,2,2,2,2,2,0,1,2,2,23,25,0,13,29,4,0,0,1,17,17,17,17,17,17,17,17,17,17,17,17,17,13,23,25,0,13,29,4,0,0,0,0,0,0,0,0,0,0,0,0,0,0,0,0,0,23,25,0,13,29,4,0,0,0,5,29,29,29,29,29,29,10,0,0,0,0,0,0,23,25,0,13,29,4,0,0,0,5,28,18,18,18,18,18,6,0,7,18,17,17,13,23,25,0,13,29,4,0,0,0,5,26,0,1,1,1,1,1,1,12,11,0,0,0,23,25,0,13,29,4,0,0,0,5,26,6,14,14,14,14,14,14,20,11,2,15,12,23,25,0,13,29,4,0,0,0,5,26,0,0,0,0,0,0,0,10,11,0,0,0,23,25,0,13,29,4,0,0,0,5,28,11,11,11,11,11,4,0,10,11,0,0,0
3,3,1,0,0,7,7,10,10,0,0,9,13,0,0,0,22,0,0,0,0,0,3,28,28,8,0,0,0,0,0,0,0,0,0,0,0,0,0,22,0,0,0,0,0,3,7,7,7,7,7,7,7,7,7,7,7,7,7,7,5,0,22,0,0,0,0,0,3,8,8,8,8,8,8,8,8,8,8,8,8,8,8,6,0,22,0,0,0,0,0,3,0,0,0,0,0,0,0,0,0,0,0,0,0,0,0,0,22,0,0,0,0,0,3,17,17,17,17,17,17,17,17,17,17,17,4,0,0,0,0,22,0,0,0,0,0,3,29,29,29,29,29,29,29,29,29,29,29,7,0,0,0,0,22,0,0,0,0,0,3,0,5,3,27,22,5,3,0,17,29,2,0,0,0,0,0,22,0,0,0,0,0,3,0,13,8,26,21,13,8,0,16,29,1,0,0,0,0,0,22,0,0,0,0,0,3,0,13,8,26,21,13,8,0,16,29,1,0,0,0,0,0,22,0,0,0,0,0,3,4,1,8,27,24,7,0,6,20,29,9,2,0,0,0,0,22,0,0,0,0,0,3,17,2,29,29,29,27,0,22,29,29,29,7,0,0,0,0,22,0,0,0,0,0,3,6,1,10,10,10,10,0,8,10,10,10,2,0,0,0,0,22,0,0,0,0,0,3,17,17,17,17,17,17,17,17,17,17,17,17,17,17,11,0,22,0,0,0,0,0,3,0,0,0,0,0,0,0,0,0,0,0,0,0,0,0,0,22,0,0,0,0,0,3,17,17,17,17,17,17,17,17,17,17,17,6,0,0,0,0,22,0,0,0,0,0,3,17,17,17,17,11,0,0,0,0,0,0,0,0,0,0,0,22,0,0,0,0,0,3,0,0,0,0,0,0,0,12,7,0,0,0,0,0,0,0,22,0,0,0,0,0,3,3,18,0,0,0,0,0,13,8,0,0,0,0,0,0,0,22,0,0,0,0,0,3,3,18,0,0,0,0,0,13,8,0,0,0,0,0,0,0,22,0,0,0,0,0,3,1,7,0,0,0,0,0,5,3,0,0,0,0,0,0,0,22,0,0,17,14,0,3,8,17,17,17,17,17,17,17,17,17,17,17,23,0,0,0,22,0,0,26,21,0,3,22,17,17,17,17,17,17,17,17,17,17,6,22,0,0,0,22,0,0,26,21,0,3
8,0,22,0,3,18,0,13,8,0,22,0,3,18,0,13,8,0,22,0,3,18,0,8,0,22,0,3,18,0,13,8,0,22,0,3,18,0,13,8,0,22,0,3,18,0,8,0,22,0,3,18,0,13,8,0,22,0,3,18,0,13,8,0,22,0,3,18,0,8,0,22,0,3,18,0,13,8,0,22,0,3,18,0,13,8,0,22,0,3,18,0,8,0,20,0,3,17,0,12,8,0,20,0,3,17,0,12,8,0,20,0,3,17,0,0,0,0,0,0,0,0,0,0,0,0,0,0,0,0,0,0,0,0,0,0,0,0,17,17,17,17,17,17,17,17,17,17,17,17,17,17,17,17,17,17,17,17,17,17,17,1,1,1,0,0,1,1,1,0,0,1,1,1,1,0,0,1,1,1,0,0,1,1,29,29,28,0,3,29,29,29,8,0,23,29,29,18,0,13,29,29,28,0,3,29,29,11,7,23,0,3,19,8,14,8,0,23,5,7,18,0,13,11,7,23,0,3,19,8,12,18,22,0,3,18,22,13,8,0,22,13,12,18,0,13,12,18,22,0,3,18,22,4,18,22,0,0,1,22,13,8,0,1,13,12,18,0,0,4,18,22,0,0,1,22,10,18,22,0,5,7,24,13,8,2,7,18,12,18,0,7,10,18,22,0,5,7,24,25,15,22,0,17,25,24,13,8,9,25,25,11,18,0,25,25,15,22,0,17,25,24,3,3,23,0,0,3,3,16,8,0,3,3,7,18,0,1,3,3,23,0,0,3,3,29,28,28,0,3,29,28,29,8,0,23,28,29,18,0,13,29,28,28,0,3,29,28,8,0,22,0,3,18,0,13,8,0,22,0,3,18,0,13,8,0,22,0,3,18,0,12,15,22,11,11,18,18,13,12,15,22,11,11,18,18,13,12,15,22,11,11,18,18,12,18,22,13,12,18,22,13,12,18,22,13,12,18,22,13,12,18,22,13,12,18,22,12,18,22,13,12,18,22,13,12,18,22,13,12,18,22,13,12,18,22,13,12,18,22,12,18,22,13,12,18,22,13,12,18,22,13,12,18,22,13,12,18,22,13,12,18,22,9,1,22,1,4,18,2,13,9,1,22,1,4,18,2,13,9,1,22,1,4,18,2,8,0,22,0,3,18,0,13,8,0,22,0,3,18,0,13,8,0,22,0,3,18,0
0,1,4,1,0,0,2,4,0,0,0,1,4,1,0,4,3,0,2,4,0,1,4,0,2,10,4,0,0,16,29,1,0,0,6,29,11,0,26,21,0,16,29,1,6,29,0,0,0,0,0,0,16,29,1,0,0,6,29,11,0,26,21,0,16,29,1,6,29,2,2,2,1,0,0,16,29,1,0,0,6,29,11,0,26,21,0,16,29,1,6,29,13,13,13,5,0,0,16,29,1,0,0,6,29,11,0,26,21,0,16,29,1,6,29,0,17,14,0,0,0,16,29,1,0,0,6,29,11,0,26,21,0,16,29,1,6,29,0,26,21,0,0,0,16,29,1,0,0,6,29,11,0,26,21,0,16,29,1,6,29,0,26,21,0,0,0,16,29,1,0,0,6,29,11,0,26,21,0,16,29,1,6,29,8,26,21,0,0,0,16,29,1,0,0,6,29,11,0,26,21,0,16,29,1,6,29,8,26,21,0,0,0,16,29,1,0,0,6,29,11,0,26,21,0,16,29,1,6,29,8,26,21,0,0,0,16,29,1,0,0,6,29,11,0,26,21,0,16,29,1,6,29,2,27,21,0,0,0,16,29,1,0,0,6,29,11,0,26,21,0,16,29,1,6,29,29,29,21,0,0,0,16,29,1,0,0,3,17,6,0,15,12,0,9,17,1,3,17,15,15,11,0,0,0,13,23,1,0,0,0,0,0,0,0,0,0,0,0,0,0,0,12,12,12,4,0,0,0,0,0,2,12,12,12,12,12,12,12,12,12,12,12,12,0,3,3,3,1,0,7,5,0,0,0,3,3,3,3,3,3,3,3,3,3,3,3,0,0,0,0,0,0,26,21,0,0,0,0,0,0,0,0,0,0,0,0,0,0,0,0,0,4,19,7,0,26,21,0,11,19,1,4,19,7,0,17,14,0,11,19,1,4,19,0,6,29,11,0,26,21,0,16,29,1,6,29,11,0,26,21,0,16,29,1,6,29,0,6,29,11,0,26,21,0,16,29,1,6,29,11,0,26,21,0,16,29,1,6,29,0,6,29,11,0,26,21,0,16,29,1,6,29,11,0,26,21,0,16,29,1,6,29,0,6,29,11,0,26,21,0,16,29,1,6,29,11,0,26,21,0,16,29,1,6,29,0,1,4,1,0,4,3,0,2,4,0,1,4,1,0,4,3,0,2,4,0,1,4
18,22,13,12,18,10,13,10,8,22,13,12,18,22,13,10,8,22,6,8,18,22,13,15,22,11,11,18,0,13,8,0,22,11,11,18,19,13,8,0,22,0,3,18,19,13,0,22,0,3,18,0,13,8,0,22,0,3,18,0,13,8,0,22,0,3,18,0,13,18,22,13,12,18,22,13,12,18,22,13,12,18,22,13,12,18,22,13,12,18,22,13,18,22,13,12,18,22,7,8,18,22,13,12,18,22,13,12,18,12,13,12,18,22,13,7,12,5,7,18,9,0,1,7,22,5,5,10,9,13,10,7,0,5,7,18,9,7,6,0,4,6,18,7,11,8,6,22,4,2,0,7,13,10,6,18,4,6,18,7,0,18,0,13,12,18,22,13,12,18,22,13,8,0,22,13,12,18,22,13,12,18,22,0,18,0,13,12,18,22,13,12,18,22,13,8,0,22,13,12,18,22,13,12,18,22,0,18,0,13,12,18,22,13,12,18,22,13,8,0,22,13,12,18,22,13,12,18,22,0,18,0,13,12,18,17,13,12,14,22,13,8,0,22,13,12,14,22,10,10,18,22,0,18,0,13,12,18,0,13,8,0,22,13,8,0,22,13,8,0,22,0,3,18,22,0,18,0,13,12,14,0,11,7,0,17,13,8,0,22,10,6,0,18,0,3,14,22,0,18,0,13,8,0,0,0,0,0,0,13,8,0,22,0,0,0,0,0,0,0,22,0,18,0,13,25,8,0,0,0,0,11,26,8,0,23,23,0,0,0,0,0,19,27,0,5,0,4,8,3,0,0,0,0,4,8,2,0,7,8,0,0,0,0,0,7,8,0,0,0,0,0,0,0,0,0,0,0,0,0,0,0,0,0,0,0,0,0,0,0,0,0,0,0,0,0,0,0,0,0,0,0,0,0,0,0,0,0,0,0,0,0,0,0,0,0,0,0,0,0,0,0,0,0,0,0,0,0,0,0,0,0,0,0,0,0,0,0,0,0,0,0,0,0,0,0,0,0,0,0,0,0,0,0,0,0,0,0,0,0,17,0,13,27,10,0,0,0,0,13,27,8,0,22,27,0,0,0,0,0,23,27,0,18,0,13,12,1,0,0,0,0,2,16,8,0,23,4,0,0,0,0,0,4,23,0,18,0,13,10,7,0,5,3,0,9,13,8,0,22,5,3,0,9,0,1,7,22,0
0,0,0,0,7,10,14,12,17,9,7,22,9,10,14,12,17,9,7,0,0,0,0,0,0,0,0,8,21,14,0,17,19,17,24,0,7,23,17,25,4,0,0,0,0,0,0,0,0,0,6,18,14,0,17,17,14,23,0,7,22,14,23,4,0,0,0,0,0,0,0,0,0,0,7,14,0,17,4,0,22,0,7,14,0,17,4,0,0,0,0,0,0,0,0,0,0,7,14,0,17,4,0,22,0,7,14,0,17,4,0,0,0,0,0,0,0,0,0,0,7,14,0,17,4,0,22,0,7,14,0,17,4,0,0,0,0,0,0,0,0,0,0,7,14,0,17,4,0,22,0,7,14,0,17,4,0,0,0,0,0,0,0,0,0,0,7,14,0,17,4,0,22,0,7,14,0,17,4,0,0,0,0,0,0,0,0,0,0,1,2,0,3,0,0,4,0,1,2,0,3,0,0,0,0,0,0,0,0,0,0,7,17,17,17,17,17,17,17,17,17,17,17,17,17,3,0,0,0,0,0,0,0,0,0,0,0,0,0,0,0,0,0,0,0,0,0,0,0,0,0,0,0,0,0,0,0,10,21,10,0,13,21,21,18,0,5,21,21,21,3,0,0,0,0,0,0,0,0,0,5,16,14,0,17,14,10,23,0,7,20,10,22,4,0,0,0,0,0,0,0,0,0,10,11,14,0,17,10,10,22,0,7,14,16,17,4,0,0,0,0,0,0,0,0,0,13,12,14,0,7,9,14,22,0,3,5,22,17,4,0,0,0,0,0,0,0,0,0,13,12,14,0,0,7,14,22,0,0,0,22,17,4,0,0,0,0,0,0,0,0,0,13,12,14,4,27,28,14,22,0,23,27,24,17,4,0,0,0,0,0,0,0,0,0,2,8,14,0,4,4,2,22,0,4,4,4,17,4,0,0,0,0,0,0,0,0,0,11,25,14,0,14,23,23,24,0,6,23,23,27,4,0,0,0,0,0,0,0,0,0,4,14,14,0,17,12,8,23,0,7,19,8,21,4,0,0,0,0,0,0,0,0,0,6,10,14,10,17,8,6,22,8,10,14,10,17,8,6,0,0,0,0,0,0,0,0,13,12,14,22,17,12,14,22,17,12,14,22,17,12,14,0,0,0,0,0,0,0,0,13,12,14,22,17,12,14,22,17,12,14,22,17,12,14,0,0,0,0
23,23,23,23,23,23,23,23,23,23,23,23,23,23,29,3,0,0,1,1,0,0,1,8,8,8,8,8,8,8,8,8,8,8,8,8,8,8,1,0,0,0,0,0,0,0,17,17,17,17,17,17,17,17,17,17,17,17,17,17,17,6,0,2,17,17,17,17,17,1,1,1,1,0,1,1,1,1,1,1,1,0,0,0,0,0,0,0,0,0,0,0,29,29,29,27,0,21,29,29,29,29,29,27,0,0,0,0,0,0,2,4,0,1,4,17,17,17,15,0,12,24,29,17,17,17,15,0,0,0,0,0,0,16,29,1,6,29,1,0,0,0,0,0,16,29,1,0,0,0,0,0,0,0,0,0,16,29,1,6,29,1,12,17,17,17,3,16,29,1,4,17,17,17,17,8,0,0,0,16,29,1,6,29,1,10,14,14,14,2,16,29,1,3,14,14,14,24,13,0,0,0,16,29,1,6,29,1,0,0,0,0,0,16,29,1,0,0,0,0,18,13,0,0,0,16,29,1,6,29,28,27,27,27,27,27,29,29,28,27,27,26,0,18,13,0,0,0,16,29,1,6,29,20,20,20,20,20,20,20,20,20,20,20,19,0,18,13,0,0,0,16,29,1,6,29,7,7,7,7,7,7,7,7,7,7,7,7,5,18,13,0,0,0,16,29,1,6,29,8,8,8,8,8,8,8,8,8,8,8,8,6,18,13,0,0,0,16,29,1,6,29,3,3,3,3,3,2,0,0,0,0,0,0,0,18,13,0,0,0,16,29,1,6,29,12,12,12,12,15,18,0,1,25,25,25,25,25,28,13,0,0,0,16,29,1,6,29,0,0,0,0,3,18,0,1,22,22,22,22,22,27,13,0,0,0,16,29,1,6,29,17,6,0,0,3,18,0,0,0,0,0,0,0,18,13,0,0,0,16,29,1,6,29,17,17,17,7,3,20,3,3,3,3,3,3,2,18,13,0,0,0,16,29,1,6,29,0,0,0,0,3,23,12,12,12,12,12,12,9,18,13,0,0,0,16,29,1,6,29,15,15,15,15,17,18,0,0,7,7,7,7,7,21,13,0,0,0,16,29,1,6,29,0,0,0,0,0,0,0,1,29,29,29,29,29,29,13,0,0,0,16,29,1,6,29,0,0,0,0,0,0,0,0,10,10,10,10,10,10,5,0,0,0,16,29,1,6,29
21,0,0,0,3,17,8,23,0,0,0,0,16,29,1,6,29,11,0,26,21,0,16,21,0,0,0,3,18,8,23,0,0,0,0,16,29,1,6,29,11,0,26,21,0,16,21,0,0,0,3,18,8,23,0,0,0,0,16,29,1,6,29,11,0,26,21,0,16,21,0,0,0,3,18,8,23,0,0,0,0,16,29,1,6,29,11,0,26,21,0,16,21,0,0,0,2,12,8,23,0,0,0,0,16,29,1,6,29,11,0,26,21,0,16,8,0,0,0,6,13,18,23,0,0,0,0,6,11,0,2,11,4,0,10,8,0,6,0,0,0,0,8,18,18,15,0,0,0,0,0,0,0,0,0,0,0,0,0,0,0,17,17,17,17,17,17,17,17,17,17,17,17,17,17,17,17,17,17,17,17,17,17,17,7,7,7,7,7,7,7,7,7,7,7,7,7,6,0,0,0,0,0,0,0,0,0,25,25,29,25,25,25,25,25,25,25,25,25,25,20,0,0,0,0,0,0,0,0,0,0,0,28,3,0,0,0,0,0,2,0,0,0,0,0,5,3,0,0,0,0,0,14,2,6,28,8,5,15,0,0,3,18,17,4,2,0,13,13,8,0,0,12,7,0,16,9,15,28,14,9,18,0,0,3,18,22,10,5,0,16,13,8,0,0,13,8,0,16,9,15,28,14,9,18,0,0,3,18,22,10,5,0,16,13,8,0,0,13,8,0,16,4,12,28,12,6,9,0,0,3,18,22,10,5,0,16,13,8,0,0,13,8,0,16,0,0,28,3,0,0,0,0,3,17,20,10,5,0,15,12,8,0,0,13,8,0,16,23,23,29,24,23,15,0,0,0,0,0,0,0,0,0,0,0,0,0,13,8,0,16,8,8,8,8,8,5,0,0,0,0,0,0,0,0,0,0,0,0,0,13,8,0,16,17,17,17,17,17,17,17,17,17,17,17,17,17,17,17,17,17,17,0,13,8,0,16,0,0,0,0,0,0,0,0,0,0,0,0,0,0,0,0,0,0,0,13,8,0,16,7,7,7,7,7,7,7,7,7,7,7,7,7,7,4,0,0,0,0,13,8,0,16,29,29,29,29,29,29,29,29,29,29,29,29,29,29,17,0,0,0,0,13,8,0,16,10,28,24,10,10,10,21,29,12,10,10,15,29,18,6,0,0,0,0,13,8,0,16
8,0,0,0,0,9,0,1,8,0,6,3,0,9,0,1,8,0,6,3,0,9,0,1,0,0,0,0,2,0,0,1,0,1,0,0,2,0,0,1,0,1,0,0,2,0,17,11,0,0,14,17,17,17,17,17,17,17,17,17,17,17,17,17,17,17,17,17,17,0,0,0,0,0,0,0,0,0,0,0,0,0,0,0,0,0,0,0,0,0,0,0,15,0,0,0,0,20,25,25,15,0,11,25,25,24,0,3,25,25,25,7,0,20,25,18,0,0,0,0,23,7,10,18,0,13,14,7,24,0,3,21,7,18,8,0,23,7,18,0,0,0,0,22,11,11,18,0,13,12,15,22,0,3,18,19,13,8,0,22,11,18,0,0,0,0,6,13,12,18,0,4,6,18,22,0,1,5,22,13,8,0,6,13,18,0,0,0,0,0,14,12,18,0,0,4,18,22,0,0,0,23,13,8,0,0,14,18,0,0,0,10,29,29,12,18,0,29,29,18,22,0,20,29,28,13,8,10,29,29,18,0,0,0,0,1,1,4,18,0,1,1,1,22,0,1,1,1,13,8,0,1,1,18,0,0,0,0,21,26,27,18,0,12,26,26,28,0,3,26,26,28,8,0,21,26,18,0,0,0,0,23,5,9,18,0,13,13,5,24,0,3,21,5,17,8,0,23,5,18,13,0,2,10,22,7,9,18,13,13,11,10,22,7,9,18,13,13,11,10,22,7,18,22,0,3,18,22,13,12,18,22,13,12,18,22,13,12,18,22,13,12,18,22,13,18,22,0,3,18,22,13,12,18,22,13,12,18,22,13,12,18,22,13,12,18,22,13,18,22,0,3,18,22,13,12,18,22,13,12,18,22,13,12,18,22,13,12,18,22,13,18,7,0,1,6,22,4,6,18,7,13,10,6,22,4,6,18,7,13,10,6,22,4,18,0,0,0,0,22,0,3,18,0,13,8,0,22,0,3,18,0,13,8,0,22,0,18,0,0,0,0,22,0,3,18,0,13,8,0,22,0,3,18,0,13,8,0,22,0,18,0,0,0,0,22,0,3,18,0,13,8,0,22,0,3,18,0,13,8,0,22,0,18,0,0,0,0,22,0,3,18,0,13,8,0,22,0,3,18,0,13,8,0,22,0,8,0,0,0,0,10,0,1,8,0,6,4,0,10,0,1,8,0,6,4,0,10,0
11,0,26,21,0,0,0,16,29,5,18,16,29,5,18,0,0,0,6,29,11,0,26,11,0,26,21,0,0,0,16,29,5,18,16,29,5,18,0,0,0,6,29,11,0,26,11,0,26,21,0,0,0,16,29,3,9,16,29,3,9,0,0,0,6,29,11,0,26,11,0,26,21,0,0,0,16,29,18,17,24,29,18,6,0,0,0,6,29,11,0,26,0,0,26,21,0,0,0,16,29,29,29,29,29,29,10,0,0,0,0,1,0,0,1,0,0,8,6,0,0,0,0,0,0,0,0,0,0,0,0,0,0,0,0,0,0,0,0,0,0,0,0,0,2,17,17,17,17,17,17,17,17,17,17,17,17,17,17,17,17,0,0,20,16,0,0,0,0,0,0,0,5,17,17,16,0,0,0,0,0,0,0,0,1,0,26,21,0,2,4,0,0,0,0,8,26,14,13,0,0,0,1,4,1,0,4,11,0,26,21,0,16,29,1,0,0,0,8,23,2,11,0,0,0,6,29,11,0,26,11,0,26,21,0,16,29,1,0,0,0,8,23,3,18,0,0,0,6,29,11,0,26,11,0,26,21,0,16,29,1,0,0,0,8,23,3,18,0,0,0,6,29,11,0,26,11,0,26,21,0,16,29,1,0,0,0,8,23,3,18,0,0,0,6,29,11,0,26,7,0,17,14,0,11,19,1,0,0,0,8,23,3,18,0,0,0,4,19,7,0,17,0,0,0,0,0,0,0,0,0,0,0,8,24,3,3,0,0,0,0,0,0,0,0,0,0,0,0,0,0,0,0,0,0,0,8,28,28,27,0,0,0,0,0,0,0,0,7,7,7,7,7,7,7,7,7,7,7,7,7,7,7,7,7,7,7,7,7,7,7,8,8,8,8,8,8,8,8,8,8,8,8,8,8,8,8,8,8,8,8,8,8,8,0,0,0,0,0,0,0,0,0,0,0,0,0,0,0,0,0,0,0,0,0,0,0,0,0,0,0,0,0,0,0,0,0,0,0,0,0,0,0,0,0,0,0,0,0,0,11,0,26,21,0,16,28,1,6,28,11,0,26,21,0,16,28,1,6,28,11,0,26,11,0,26,21,0,16,29,1,6,29,11,0,26,21,0,16,29,1,6,29,11,0,26,11,0,26,21,0,16,29,1,6,29,11,0,26,21,0,16,29,1,6,29,11,0,26
17,17,17,17,17,17,17,17,17,17,17,17,17,17,17,17,6,0,6,29,11,0,26,0,0,0,0,0,0,0,0,0,9,9,9,9,9,9,4,0,0,6,29,11,0,26,0,0,0,0,0,0,0,0,1,29,29,29,29,29,29,13,0,0,6,29,11,0,26,2,17,17,17,17,18,18,0,0,8,8,8,8,8,22,13,0,0,6,29,11,0,26,0,0,0,0,0,3,23,11,11,11,11,11,11,8,18,13,0,0,6,29,11,0,26,17,17,17,17,7,3,20,4,4,4,4,4,4,3,18,13,0,0,6,29,11,0,26,15,15,5,0,0,3,18,0,0,0,0,0,0,0,18,13,0,0,6,29,11,0,26,0,0,0,0,0,3,18,0,1,21,21,21,21,21,27,13,0,0,6,29,11,0,26,11,11,11,11,11,14,18,0,1,26,26,26,26,26,28,13,0,0,6,29,11,0,26,4,4,4,4,4,4,3,0,0,0,0,0,0,0,18,13,0,0,6,29,11,0,26,7,7,7,7,7,7,7,7,7,7,7,7,7,5,18,13,0,0,6,29,11,0,26,8,8,8,8,8,8,8,8,8,8,8,8,8,6,18,13,0,0,6,29,11,0,26,19,19,19,19,19,19,19,19,19,19,19,19,18,0,18,13,0,0,6,29,11,0,26,29,29,28,28,28,28,28,29,29,29,28,28,27,0,18,13,0,0,6,29,11,0,26,29,1,0,0,0,0,0,16,29,1,0,0,0,0,18,13,0,0,6,29,11,0,26,29,1,9,13,13,13,2,16,29,1,3,13,13,13,24,13,0,0,6,29,11,0,26,29,1,13,18,18,18,3,16,29,1,5,18,18,18,18,8,0,0,5,21,8,0,19,29,1,0,0,0,0,0,16,29,1,0,0,0,0,0,0,0,0,0,0,0,0,0,29,16,15,15,14,0,11,23,29,16,15,15,14,0,0,0,0,0,0,0,0,0,0,29,29,29,29,27,0,21,29,29,29,29,29,27,0,0,0,0,0,0,0,0,0,0,2,2,2,2,2,0,2,2,2,2,2,2,2,0,0,0,0,0,0,0,0,0,0,17,17,17,17,17,17,17,17,17,17,17,17,17,17,17,17,6,0,2,17,17,17,17,7,7,7,7,7,7,7,7,7,7,7,7,7,7,7,7,1,0,0,0,0,0,0
0,0,13,8,0,0,2,15,15,15,15,15,22,12,18,0,13,12,24,15,15,15,15,5,0,13,8,0,0,0,0,0,0,0,0,14,12,18,0,13,12,19,0,0,0,0,7,0,13,17,11,11,11,11,11,8,0,0,13,12,18,0,13,12,18,0,0,5,11,0,0,2,4,4,4,4,4,4,3,0,0,4,6,18,0,13,10,6,0,0,2,4,7,7,7,7,7,7,7,7,7,7,7,7,7,4,18,0,13,8,6,7,7,7,7,8,8,8,8,8,8,8,8,8,8,8,8,8,4,18,0,13,8,7,8,8,8,8,19,19,19,19,19,19,19,19,19,19,18,0,1,5,18,0,13,9,2,0,14,19,19,29,29,28,28,28,28,28,28,29,29,27,0,13,12,18,0,13,12,18,0,21,29,29,26,21,0,0,0,0,0,0,26,21,0,0,13,12,18,0,13,12,18,0,0,16,29,26,21,0,13,13,13,12,0,26,21,0,0,13,12,18,0,13,12,18,0,0,16,29,26,21,0,18,18,18,16,0,26,21,0,0,13,12,18,0,13,12,18,0,0,16,29,26,21,0,0,0,0,0,0,26,21,0,0,13,12,18,0,13,12,18,0,0,16,29,28,26,14,0,11,15,15,15,28,26,14,0,0,3,15,0,11,7,0,0,11,23,29,29,29,27,0,21,29,29,29,29,29,27,0,0,0,0,0,0,0,0,0,21,29,29,2,2,2,0,2,2,2,2,2,2,2,0,0,0,0,0,0,0,0,0,2,2,2,17,17,17,17,17,17,17,17,17,17,17,17,17,17,17,17,17,17,17,17,17,17,17,0,0,0,0,0,0,0,0,0,0,0,0,0,0,0,0,0,0,0,0,0,0,0,7,0,0,0,0,0,0,0,0,1,8,0,10,6,0,0,0,2,13,0,6,4,0,5,0,9,17,17,17,17,17,6,3,18,0,13,8,0,0,0,3,18,0,13,8,2,1,1,15,8,0,0,0,0,0,3,18,0,13,8,0,0,0,3,18,0,13,8,0,14,14,21,8,3,15,15,15,15,17,18,0,13,10,5,0,4,6,18,0,13,20,15,0,0,13,8,0,0,1,6,6,6,6,5,17,12,18,0,13,12,21,5,6,6,6,3,0,13,8,0,0,1,10,10,10,10,10,19,12,18,0,13,12,23,10,10,10,10
0,3,18,0,13,8,0,22,0,3,18,0,13,8,0,22,0,3,18,0,13,8,0,0,3,18,0,13,8,0,22,0,3,18,0,13,8,0,22,0,3,18,0,13,8,0,0,3,18,0,13,8,0,22,0,3,18,0,13,8,0,22,0,3,18,0,13,8,0,0,3,18,0,13,8,0,22,0,3,18,0,13,8,0,22,0,3,18,0,13,8,0,0,3,17,0,12,8,0,20,0,3,17,0,12,8,0,20,0,3,17,0,12,8,0,0,0,0,0,0,0,0,0,0,0,0,0,0,0,0,0,0,0,0,0,0,0,0,17,17,17,17,17,17,17,17,17,17,17,17,17,17,17,17,17,17,17,17,17,17,17,1,1,1,0,0,1,1,1,0,0,1,1,1,0,0,1,1,1,1,0,0,1,1,29,29,18,0,13,29,29,28,0,3,29,29,29,8,0,23,29,29,18,0,13,29,29,5,7,18,0,13,11,7,23,0,3,19,8,14,8,0,23,5,7,18,0,13,11,7,13,12,18,0,13,12,18,22,0,3,18,22,13,8,0,22,13,12,18,0,13,12,18,13,12,18,0,0,4,18,22,0,0,1,22,13,8,0,1,13,12,18,0,0,4,18,18,12,18,0,7,10,18,22,0,5,7,24,13,8,2,7,18,12,18,0,7,10,18,25,11,18,0,25,25,15,22,0,17,25,24,13,8,9,25,25,11,18,0,25,25,15,3,7,18,0,1,3,3,23,0,0,3,3,16,8,0,3,3,7,18,0,1,3,3,28,29,18,0,13,29,28,28,0,3,29,28,29,8,0,23,28,29,18,0,13,29,28,0,3,18,0,13,8,0,22,0,3,18,0,13,8,0,22,0,3,18,0,13,8,0,11,11,18,18,13,12,15,22,11,11,18,18,13,12,15,22,11,11,18,18,13,12,15,13,12,18,22,13,12,18,22,13,12,18,22,13,12,18,22,13,12,18,22,13,12,18,13,12,18,22,13,12,18,22,13,12,18,22,13,12,18,22,13,12,18,22,13,12,18,13,12,18,22,13,12,18,22,13,12,18,22,13,12,18,22,13,12,18,22,13,12,18,1,4,18,2,13,9,1,22,1,4,18,2,13,9,1,22,1,4,18,2,13,9,1,0,3,18,0,13,8,0,22,0,3,18,0,13,8,0,22,0,3,18,0,13,8,0
0,0,0,0,0,0,0,0,0,0,0,14,17,0,0,0,0,0,0,0,0,0,0,1,7,7,7,7,7,7,7,7,7,5,14,17,0,0,0,0,16,18,0,9,20,4,5,29,29,29,29,29,29,29,29,29,21,14,17,0,0,0,0,22,25,0,12,29,5,2,10,19,29,14,10,10,12,29,21,8,14,17,0,0,0,0,22,25,0,12,29,5,0,1,14,29,7,0,0,4,29,16,1,14,17,0,0,0,0,22,25,0,12,29,5,0,18,29,29,29,11,8,29,29,29,21,14,17,0,0,0,0,22,25,0,12,29,5,0,10,17,17,17,6,5,17,17,17,12,14,17,0,0,0,0,22,25,0,12,29,5,0,3,3,3,3,3,3,3,3,3,3,17,17,0,0,0,0,16,19,0,9,21,4,5,28,28,28,28,28,28,28,28,28,28,28,17,0,0,0,0,0,0,0,0,0,0,1,7,7,7,7,7,7,7,7,7,7,7,6,0,0,5,7,7,7,7,7,7,1,1,8,8,8,8,8,8,8,8,8,8,8,7,0,0,6,8,8,8,8,8,8,1,2,4,3,11,11,11,11,11,11,4,0,0,0,0,0,0,0,0,0,0,0,0,0,5,11,7,29,29,29,29,29,29,11,0,0,0,1,14,7,0,11,12,0,6,14,2,1,2,1,9,29,19,6,6,6,2,0,0,0,2,29,15,0,22,25,0,12,29,5,0,0,0,2,29,15,0,0,0,0,0,0,0,2,29,15,0,22,25,0,12,29,5,5,27,18,2,29,15,0,22,27,27,27,26,0,2,29,15,0,22,25,0,12,29,5,0,4,3,2,29,15,0,3,4,4,9,27,0,2,29,15,0,22,25,0,12,29,5,1,7,7,10,29,19,7,7,7,3,4,27,0,2,29,15,0,22,25,0,12,29,5,5,29,29,29,29,29,29,29,29,11,4,27,0,2,29,15,0,22,25,0,12,29,5,2,10,10,10,10,10,10,10,10,4,4,27,0,2,29,15,0,22,25,0,12,29,5,3,17,17,17,17,17,17,17,17,17,7,27,0,2,29,15,0,22,25,0,12,29,5,0,0,0,0,0,0,0,0,0,0,4,27,0,2,29,15,0,22,25,0,12,29,5,2,13,13,1,0,3,5,5,5,5,9,27,0,2,29,15,0,22,25,0,12,29,5
10,9,22,12,12,19,22,12,11,9,22,6,7,19,22,12,12,19,22,6,7,19,10,8,0,22,10,11,19,19,12,9,0,22,0,2,19,19,12,12,16,22,0,2,19,0,8,0,22,0,2,19,0,12,9,0,22,0,2,19,0,12,9,0,22,0,2,19,0,11,19,22,12,12,19,22,12,12,19,22,12,12,19,22,12,12,19,22,12,12,19,22,7,19,22,12,12,19,22,12,12,19,12,12,12,19,22,12,12,19,22,12,11,10,22,1,7,22,5,5,10,9,12,11,7,0,5,6,19,9,6,6,7,22,5,3,0,9,8,6,22,4,3,0,7,12,10,6,18,4,6,19,7,0,0,6,22,4,5,15,7,11,19,22,12,9,0,22,12,12,19,22,12,12,19,22,0,2,19,22,12,12,19,22,11,19,22,12,9,0,22,12,12,19,22,12,12,19,22,0,2,19,22,12,12,19,22,11,19,22,12,9,0,22,12,12,19,22,12,12,19,22,0,2,19,22,12,12,19,22,11,15,22,12,9,0,22,12,12,15,22,9,10,19,22,0,2,19,22,9,10,19,17,8,0,22,12,9,0,22,12,9,0,22,0,2,19,22,0,2,19,22,0,2,19,0,7,0,17,12,9,0,22,9,7,0,18,0,2,15,22,0,2,19,17,0,2,15,0,0,0,0,12,9,0,22,0,0,0,0,0,0,0,22,0,2,19,0,0,0,0,0,0,0,11,26,9,0,22,23,1,0,0,0,0,19,28,0,2,27,17,0,0,0,0,1,0,4,8,2,0,6,8,0,0,0,0,0,7,8,0,0,8,6,0,0,0,0,1,0,0,0,0,0,0,0,0,0,0,0,0,0,0,0,0,0,0,0,0,0,0,1,0,0,0,0,0,0,0,0,0,0,0,0,0,0,0,0,0,0,0,0,0,0,1,0,0,0,0,0,0,0,0,0,0,0,0,0,0,0,0,0,0,0,0,0,0,1,0,0,0,0,0,0,0,0,0,0,0,0,0,0,0,0,0,0,0,0,0,0,0,0,13,27,9,0,21,27,1,0,0,0,0,22,27,0,2,27,20,0,0,0,0,0,0,2,15,9,0,22,4,0,0,0,0,0,3,24,0,2,21,3,0,0,0,0,3,0,9,12,9,0,22,5,3,0,9,0,1,7,22,0,2,19,9,0,1,7,0
14,14,14,14,25,0,0,12,8,0,0,6,29,11,0,26,21,0,10,17,1,4,17,5,1,0,0,23,5,3,0,0,0,0,6,29,11,0,26,21,0,0,0,0,0,0,29,7,0,0,23,29,17,0,0,0,0,5,21,8,0,19,16,0,14,25,1,5,25,12,3,0,0,10,12,7,0,0,0,0,0,0,0,0,0,0,0,16,29,1,6,29,7,7,7,7,7,7,7,7,7,7,7,7,7,7,7,2,0,0,16,29,1,6,29,8,8,8,8,8,8,8,8,8,8,8,8,8,8,8,3,0,0,16,29,1,6,29,0,0,0,5,25,9,7,19,19,19,11,0,0,0,0,0,0,0,16,29,1,6,29,0,0,0,6,29,11,11,29,29,29,17,0,0,0,0,13,10,0,16,29,1,6,29,1,0,0,6,29,11,3,6,29,11,3,0,0,0,0,26,21,0,16,29,1,6,29,1,0,0,6,29,11,22,6,29,11,22,0,0,0,0,26,21,0,16,29,1,6,29,1,0,0,6,29,11,22,6,29,11,22,0,0,0,0,26,21,0,16,29,1,6,29,1,0,0,6,29,11,19,6,29,11,19,0,0,0,0,26,21,0,16,29,1,6,29,0,0,0,6,29,16,7,13,29,16,5,0,0,0,0,8,7,0,5,9,0,2,9,0,0,0,6,29,29,29,29,29,29,20,0,0,0,0,0,0,0,0,0,0,0,0,0,0,0,2,10,10,10,10,10,10,7,0,0,0,0,0,0,0,0,0,0,0,0,17,17,17,17,17,17,17,17,17,17,17,17,17,17,17,17,17,17,17,17,17,17,17,0,0,0,0,0,0,0,0,0,0,0,0,0,0,0,0,0,0,0,0,0,0,0,0,0,0,0,0,0,0,0,0,0,0,0,0,0,0,0,0,0,0,0,0,0,0,0,0,0,0,0,8,6,0,5,8,0,2,8,3,0,8,6,0,5,8,0,2,8,0,0,0,0,0,26,21,0,16,29,1,6,29,11,0,26,21,0,16,29,1,6,29,0,0,0,0,0,26,21,0,16,29,1,6,29,11,0,26,21,0,16,29,1,6,29,0,0,0,0,0,26,21,0,16,29,1,6,29,11,0,26,21,0,16,29,1,6,29,0,10,8,0,0,26,21,0,16,29,1,6,29,11,0,26,21,0,16,29,1,6,29
11,0,26,21,0,0,0,0,0,22,0,3,18,0,13,8,0,22,0,3,18,0,13,11,0,26,21,0,0,0,0,0,22,0,3,18,0,13,8,0,22,0,3,18,0,13,11,0,26,21,0,0,0,0,1,22,0,4,18,1,13,9,1,22,0,4,18,1,13,11,0,26,21,0,0,0,3,18,22,13,12,18,22,13,12,18,22,13,12,18,22,13,2,0,5,4,0,0,0,3,18,22,13,12,18,22,13,12,18,22,13,12,18,22,13,0,0,0,0,0,0,0,3,18,22,13,12,18,22,13,12,18,22,13,12,18,22,13,7,5,0,0,0,0,0,3,15,22,11,11,18,19,13,12,15,22,11,11,18,19,13,8,6,0,0,0,0,0,0,0,22,0,3,18,0,13,8,0,22,0,3,18,0,13,0,0,0,0,0,0,0,0,0,23,27,28,18,0,13,28,27,28,0,3,29,27,28,11,0,26,21,0,0,0,0,0,3,4,8,18,0,2,4,4,23,0,0,4,4,16,11,0,26,21,0,0,0,0,8,23,23,11,18,0,23,23,15,22,0,16,23,23,13,11,0,26,21,0,0,0,0,3,8,18,12,18,0,8,11,18,22,0,6,8,24,13,11,0,26,21,0,0,0,0,0,0,13,12,18,0,0,3,18,22,0,0,0,22,13,11,0,26,21,0,0,0,0,0,22,13,12,18,0,13,12,18,22,0,3,18,22,13,11,0,26,21,0,0,0,0,0,22,5,7,18,0,13,10,6,22,0,3,18,8,13,4,0,10,8,0,0,0,0,0,23,29,29,18,0,13,29,29,28,0,3,29,29,29,0,0,0,0,0,0,0,0,0,2,2,2,1,0,1,2,2,2,0,0,2,2,2,17,11,0,0,0,0,0,0,14,17,17,17,17,17,17,17,17,17,17,17,17,17,17,0,0,0,0,0,0,0,0,0,0,0,0,0,0,0,0,0,0,0,0,0,0,0,0,0,0,0,0,0,0,0,0,19,0,3,16,0,11,7,0,19,0,3,15,0,12,9,0,22,18,0,0,0,0,0,22,0,3,18,0,13,8,0,22,0,3,18,0,13,11,0,26,21,0,0,0,0,0,22,0,3,18,0,13,8,0,22,0,3,18,0,13,11,0,26,21,0,0,0,0,0,22,0,3,18,0,13,8,0,22,0,3,18,0,13
29,1,0,0,0,3,17,8,23,0,0,0,6,29,11,0,26,21,0,16,29,1,6,29,1,0,0,0,3,18,8,23,0,0,0,6,29,11,0,26,21,0,16,29,1,6,29,1,0,0,0,3,18,8,23,0,0,0,6,29,11,0,26,21,0,16,29,1,6,29,1,0,0,0,3,18,8,23,0,0,0,6,29,11,0,26,21,0,16,29,1,6,29,1,0,0,0,2,12,8,23,0,0,0,6,29,11,0,26,21,0,16,29,1,6,11,0,0,0,0,6,13,18,23,0,0,0,2,11,4,0,10,8,0,6,11,0,2,0,0,0,0,0,8,18,18,15,0,0,0,0,0,0,0,0,0,0,0,0,0,0,17,17,17,17,17,17,17,17,17,17,17,17,17,17,17,17,17,17,17,17,17,17,17,7,7,7,7,7,7,7,7,7,7,7,7,7,7,6,0,0,0,0,0,0,0,0,25,25,25,29,25,25,25,25,25,25,25,25,25,25,20,0,0,0,0,0,0,0,0,0,0,0,28,3,0,0,0,0,0,2,0,0,0,0,0,5,3,0,0,0,0,0,2,2,6,28,8,5,15,0,0,3,18,17,4,2,0,13,13,8,0,0,12,7,0,13,9,15,28,14,9,18,0,0,3,18,22,10,5,0,16,13,8,0,0,13,8,0,13,9,15,28,14,9,18,0,0,3,18,22,10,5,0,16,13,8,0,0,13,8,0,5,4,12,28,12,6,9,0,0,3,18,22,10,5,0,16,13,8,0,0,13,8,0,0,0,0,28,3,0,0,0,0,3,17,20,10,5,0,15,12,8,0,0,13,8,0,23,23,23,29,24,23,15,0,0,0,0,0,0,0,0,0,0,0,0,0,13,8,0,8,8,8,8,8,8,5,0,0,0,0,0,0,0,0,0,0,0,0,0,13,8,0,17,17,17,17,17,17,17,17,17,17,17,17,17,17,17,17,17,17,17,0,13,8,0,0,0,0,0,0,0,0,0,0,0,0,0,0,0,0,0,0,0,0,0,13,8,0,7,7,7,7,7,7,7,7,7,7,7,7,7,7,7,4,0,0,0,0,13,8,0,29,29,29,29,29,29,29,29,29,29,29,29,29,29,29,17,0,0,0,0,13,8,0,10,10,28,24,10,10,10,21,29,12,10,10,15,29,18,6,0,0,0,0,13,8,0
0,1,1,0,0,28,24,23,23,23,23,23,23,23,23,23,23,23,23,23,23,23,23,0,0,0,0,0,8,8,8,8,8,8,8,8,8,8,8,8,8,8,8,8,8,8,17,17,6,0,2,17,17,17,17,17,17,17,17,17,17,17,17,17,17,17,17,17,17,0,0,0,0,0,0,0,0,1,1,1,1,1,1,1,0,1,1,1,1,1,1,1,0,2,4,0,0,0,0,0,21,29,29,29,29,29,27,0,21,29,29,29,29,29,27,0,16,29,1,0,0,0,0,12,17,17,17,28,26,15,0,12,17,17,17,28,26,15,0,16,29,1,0,0,0,0,0,0,0,0,26,21,0,0,0,0,0,0,26,21,0,0,16,29,1,0,5,17,17,17,17,7,0,26,21,0,17,17,17,15,0,26,21,0,0,16,29,1,0,8,26,14,14,14,6,0,26,21,0,14,14,14,12,0,26,21,0,0,16,29,1,0,8,23,0,0,0,0,0,26,21,0,0,0,0,0,0,26,21,0,0,16,29,1,0,8,23,0,20,27,27,27,29,29,27,27,27,27,27,27,29,29,26,0,16,29,1,0,8,23,0,15,20,20,20,20,20,20,20,20,20,20,20,20,20,19,0,16,29,1,0,8,23,3,7,7,7,7,7,7,7,7,7,7,7,7,7,7,7,0,16,29,1,0,8,23,4,8,8,8,8,8,8,8,8,8,8,8,8,8,8,8,0,16,29,1,0,8,23,0,0,0,0,0,0,0,1,3,3,3,3,3,3,2,0,0,16,29,1,0,8,29,25,25,25,25,25,6,0,13,18,12,12,12,12,12,9,0,0,16,29,1,0,8,28,22,22,22,22,22,6,0,13,8,0,0,0,0,0,0,0,0,16,29,1,0,8,23,0,0,0,0,0,0,0,13,8,0,0,2,17,17,17,17,0,16,29,1,0,8,23,2,3,3,3,3,3,3,16,8,3,17,17,17,17,17,12,0,16,29,1,0,8,23,7,12,12,12,12,12,12,20,8,0,0,0,0,0,3,18,0,16,29,1,0,8,25,7,7,7,7,7,2,0,13,20,15,15,15,15,5,3,18,0,16,29,1,0,8,29,29,29,29,29,29,7,0,0,0,0,0,0,0,0,3,15,0,16,29,1,0,3,10,10,10,10,10,10,2,0,0,0,0,0,0,0,0,0,0
27,11,0,13,12,18,22,13,12,18,22,13,12,18,22,13,12,18,22,13,12,18,22,0,0,0,6,7,18,9,13,10,8,22,6,7,18,9,13,10,8,22,6,7,18,9,14,5,0,0,3,18,0,13,8,0,22,0,3,18,0,13,8,0,22,0,3,18,0,29,11,0,0,3,18,0,13,8,0,22,0,3,18,0,13,8,0,22,0,3,18,0,29,11,0,0,3,18,0,13,8,0,22,0,3,18,0,13,8,0,22,0,3,18,0,29,11,0,0,3,18,0,13,8,0,22,0,3,18,0,13,8,0,22,0,3,18,0,29,11,0,0,2,10,0,7,5,0,13,0,2,10,0,7,5,0,13,0,2,10,0,29,11,0,1,7,7,7,7,7,7,7,7,7,7,7,7,7,7,7,7,7,7,7,29,11,0,1,8,8,8,8,8,8,8,8,8,8,8,8,8,8,8,8,8,8,8,29,11,0,0,1,11,11,11,3,0,9,11,11,7,0,5,11,11,11,0,1,11,11,29,11,0,0,3,26,20,25,8,0,23,20,22,18,0,13,23,20,27,0,3,26,20,29,11,0,0,3,18,9,13,8,0,22,5,7,18,0,13,10,7,22,0,3,18,9,29,11,0,0,3,18,22,10,6,0,22,13,11,13,0,13,12,18,16,0,3,18,22,29,11,0,0,3,18,22,0,0,0,22,13,8,0,0,13,12,18,0,0,3,18,22,29,11,0,0,3,18,23,17,16,0,22,13,21,17,4,13,12,25,17,10,3,18,23,29,11,0,0,3,18,11,14,13,0,22,6,14,14,3,13,10,14,14,8,3,18,11,29,11,0,0,3,24,13,13,4,0,23,13,13,8,0,13,18,13,13,0,3,24,13,29,11,0,0,3,25,18,24,8,0,23,18,20,18,0,13,22,18,26,0,3,25,18,29,11,0,1,5,18,3,13,9,2,22,1,5,18,3,13,9,2,22,1,5,18,3,29,11,0,13,12,18,22,13,12,18,22,13,12,18,22,13,12,18,22,13,12,18,22,29,11,0,13,12,18,22,13,12,18,22,13,12,18,22,13,12,18,22,13,12,18,22,29,11,0,13,12,18,22,13,12,18,22,13,12,18,22,13,12,18,22,13,12,18,22,29,11,0,10,10,18,17,13,12,14,22,10,10,18,17,13,12,14,22,10,10,18,17
28,19,0,18,29,0,0,0,0,0,0,5,11,11,11,11,11,11,2,5,11,11,11,28,19,0,18,29,0,4,14,4,0,0,14,29,29,29,29,29,29,5,14,29,29,28,28,19,0,18,29,0,8,29,9,0,0,3,6,6,29,22,6,6,1,3,13,29,14,28,19,0,18,29,0,8,29,9,0,10,13,13,0,28,19,2,13,13,8,8,29,9,28,19,0,18,29,0,8,29,9,0,14,18,17,0,28,19,3,18,18,11,8,29,9,28,19,0,18,29,0,8,29,9,0,0,4,9,9,29,23,9,9,9,9,15,29,16,28,19,0,18,29,0,2,9,3,0,0,14,29,29,29,29,29,29,29,29,29,29,28,28,19,0,18,29,0,0,0,0,0,0,4,8,8,8,8,8,8,8,8,8,8,8,28,19,0,18,29,0,0,0,0,0,0,0,0,0,0,0,0,0,0,0,0,0,0,28,19,0,18,29,0,0,0,15,17,17,17,17,17,17,17,17,17,17,17,17,17,16,28,19,0,18,29,0,0,0,0,0,0,0,0,0,0,0,0,0,0,0,0,0,0,28,19,0,18,29,0,0,0,0,29,29,29,29,29,29,15,0,0,0,0,0,0,0,28,19,0,18,29,0,0,0,0,29,19,18,18,18,18,10,0,3,18,17,17,17,16,28,19,0,18,29,0,0,0,0,29,2,1,1,1,1,1,1,7,16,0,0,0,0,28,19,0,18,29,0,0,0,0,29,6,14,14,14,14,14,14,17,16,0,15,15,15,28,19,0,18,29,0,0,0,0,29,1,0,0,0,0,0,0,5,16,0,0,0,6,28,19,0,18,29,0,0,0,0,29,13,11,11,11,11,6,0,5,16,0,0,0,9,28,19,0,18,29,0,0,0,0,29,29,29,29,29,29,15,0,5,17,1,1,1,1,1,1,0,1,1,0,0,0,0,29,8,6,6,6,6,3,0,2,14,14,14,14,14,10,7,0,6,10,0,0,0,0,29,1,0,0,0,0,0,0,0,0,0,0,0,0,28,19,0,18,29,0,0,0,0,29,5,17,17,17,17,17,17,17,17,17,17,17,16,28,19,0,18,29,0,0,0,0,29,1,4,9,9,9,9,9,9,9,9,9,9,9,28,19,0,18,29,0,0,0,0,29,1,13,29,29,29,29,29,29,29,29,29,29,28
8,0,0,0,16,29,1,6,29,11,0,26,21,0,16,29,1,0,0,0,21,0,28,8,0,0,0,16,29,1,6,29,11,0,26,21,0,16,29,1,0,0,0,22,0,28,8,0,0,0,16,29,1,6,29,11,0,26,21,0,16,29,1,0,0,0,22,0,28,8,0,0,0,16,29,1,6,29,11,0,26,21,0,16,29,1,0,0,0,22,0,28,8,0,0,0,16,29,1,6,29,11,0,26,21,0,16,29,1,0,0,0,14,0,28,8,0,0,0,6,11,0,2,11,4,0,10,8,0,6,11,0,0,0,1,13,13,29,8,0,0,0,0,0,0,0,0,0,0,0,0,0,0,0,0,0,0,1,18,18,18,8,0,0,2,17,17,17,17,17,17,17,17,17,17,17,17,17,17,17,17,17,17,17,3,0,0,0,0,0,0,0,4,7,7,7,7,7,7,7,7,7,7,7,7,7,7,0,0,0,0,0,0,0,0,14,28,27,25,25,25,25,25,25,28,27,25,25,25,25,0,0,0,0,0,6,3,0,0,18,13,0,0,0,0,0,0,18,13,0,0,0,0,0,0,0,0,0,13,9,3,7,18,14,6,19,0,0,3,7,18,14,6,19,0,0,2,0,0,0,0,13,12,18,16,18,14,15,22,0,3,18,16,18,14,15,22,0,0,8,0,0,0,0,13,12,18,16,18,14,15,22,0,3,18,16,18,14,15,22,0,0,8,0,0,0,0,5,5,7,13,18,14,12,11,0,1,7,13,18,14,12,11,0,0,8,0,0,0,0,0,0,0,0,18,13,0,0,0,0,0,0,18,13,0,0,0,0,8,0,0,0,0,3,23,23,23,27,26,23,16,3,23,23,23,27,26,23,23,0,0,8,0,0,0,0,1,8,8,8,22,18,8,6,1,8,8,8,8,8,8,8,0,0,8,0,0,2,17,17,17,17,5,18,13,0,4,17,17,17,17,17,17,17,17,17,17,7,0,0,0,0,0,0,0,0,18,13,0,0,0,0,0,0,0,0,0,0,0,0,0,0,0,0,0,0,0,0,0,18,13,0,3,7,7,7,7,7,7,7,7,7,7,0,0,0,0,10,18,1,0,0,18,13,0,14,29,29,29,29,29,29,29,29,29,29,0,0,0,0,16,29,1,0,0,18,13,0,5,10,10,10,21,29,12,10,10,15,29
0,1,3,3,3,29,7,3,1,1,3,3,3,29,7,3,2,0,0,2,10,13,6,0,14,28,28,28,29,29,28,10,14,28,28,28,28,28,28,18,0,0,0,0,0,0,7,7,7,7,0,28,3,0,4,7,7,7,7,7,7,7,7,7,7,7,7,7,7,8,8,8,8,0,28,3,0,5,8,8,8,8,8,8,8,8,8,8,8,8,8,8,0,0,0,0,0,28,3,0,0,0,0,0,0,0,0,0,0,0,0,0,0,0,0,0,0,0,0,0,28,3,0,14,17,17,17,17,17,17,17,17,17,17,17,17,17,17,11,0,0,0,0,28,3,0,25,29,29,29,29,29,29,29,29,29,29,29,29,29,29,11,0,0,0,0,28,3,1,7,0,5,3,27,22,0,2,7,17,29,4,7,0,7,11,0,0,8,19,29,17,3,18,0,13,8,26,21,0,3,18,16,29,5,18,0,6,11,0,0,5,12,12,10,3,18,0,13,8,26,21,0,3,18,16,29,5,18,0,6,10,0,0,0,0,0,0,0,7,7,8,8,27,24,7,0,6,20,29,9,2,3,13,0,0,0,0,0,0,0,0,25,29,29,29,29,29,27,0,22,29,29,29,7,12,29,0,0,0,0,0,0,0,0,9,10,10,10,10,10,10,0,8,10,10,10,2,4,10,17,17,17,17,17,17,17,17,17,17,17,17,17,17,17,17,17,17,17,17,17,17,17,0,0,0,0,0,0,0,0,0,0,0,0,0,0,0,0,0,0,0,0,0,0,0,17,17,17,17,17,17,17,17,6,0,0,0,0,8,17,17,17,17,17,17,17,17,17,17,11,0,0,0,0,0,0,0,0,0,2,18,17,17,17,17,17,17,0,0,0,0,0,0,0,0,12,7,0,0,0,0,0,3,18,0,0,0,0,0,0,0,0,3,16,0,0,0,0,13,8,0,0,0,0,0,3,18,0,0,22,0,0,0,0,0,3,18,0,0,0,0,13,8,0,0,0,0,0,3,18,0,0,22,0,0,0,0,0,3,18,0,0,0,0,5,3,0,0,0,0,0,3,18,0,0,9,0,0,0,0,0,1,7,17,17,17,17,17,17,17,17,17,23,0,3,18,0,2,17,17,17,17,17,17,17,17,17,17,17,17,17,17,17,17,6,22,0,3,18,8,20,19,17,17,17,17,17,17,17
11,0,26,21,0,0,0,3,18,10,13,12,18,22,13,12,18,10,13,10,8,22,13,11,0,26,21,0,0,0,3,18,0,13,12,15,22,11,11,18,0,13,8,0,22,11,11,0,26,21,0,0,0,3,18,0,13,8,0,22,0,3,18,0,13,8,0,22,0,7,0,17,14,0,0,0,3,18,22,13,12,18,22,13,12,18,22,13,12,18,22,13,0,0,0,0,0,0,0,2,10,22,13,12,18,22,13,12,18,22,7,8,18,22,13,0,0,0,0,0,0,0,0,0,9,13,10,7,12,5,7,18,9,0,1,7,22,5,7,5,0,0,0,0,0,3,15,7,13,10,6,0,4,6,18,7,11,8,6,22,4,8,6,0,0,0,0,0,3,18,22,13,12,18,0,13,12,18,22,13,12,18,22,13,0,0,0,0,0,0,0,3,18,22,13,12,18,0,13,12,18,22,13,12,18,22,13,0,0,0,0,0,0,0,3,18,22,13,12,18,0,13,12,18,22,13,12,18,22,13,11,0,26,21,0,0,0,3,18,17,13,12,18,0,13,12,18,17,13,12,14,22,13,11,0,26,21,0,0,0,3,18,0,13,12,18,0,13,12,18,0,13,8,0,22,13,11,0,26,21,0,0,0,3,15,0,10,10,18,0,13,12,14,0,11,7,0,17,13,11,0,26,21,0,0,0,0,0,0,0,3,18,0,13,8,0,0,0,0,0,0,13,10,0,23,19,0,2,4,0,0,0,3,24,18,0,13,25,8,0,0,0,0,11,26,0,0,0,0,0,16,29,1,0,0,1,8,5,0,4,8,3,0,0,0,0,4,8,0,0,0,0,0,16,29,1,0,0,0,0,0,0,0,0,0,0,0,0,0,0,0,17,11,0,0,0,16,29,1,0,0,0,0,0,0,0,0,0,0,0,0,0,0,0,0,0,0,0,0,16,29,1,0,0,0,0,0,0,0,0,0,0,0,0,0,0,0,4,0,9,8,0,11,19,1,0,0,0,0,0,0,0,0,0,0,0,0,0,0,0,11,0,26,21,0,0,0,0,0,0,4,27,17,0,13,27,10,0,0,0,0,13,27,11,0,26,21,0,0,0,0,0,0,0,8,18,0,13,12,1,0,0,0,0,2,16,11,0,26,21,0,0,0,1,7,0,5,7,18,0,13,10,7,0,5,3,0,9,13
0,3,18,0,0,0,0,0,0,0,1,1,1,2,12,0,9,5,26,21,0,2,12,0,3,18,0,0,0,0,0,0,12,29,29,27,3,18,0,13,8,26,21,0,3,18,0,3,18,0,0,0,0,0,0,0,0,29,4,2,13,0,9,6,26,21,0,2,13,0,3,18,0,0,0,0,0,0,0,0,28,3,0,16,19,19,19,28,27,19,19,19,0,3,18,0,0,0,0,0,0,0,0,28,3,0,24,28,28,28,28,28,28,28,28,0,3,18,0,0,0,0,0,0,0,0,28,3,0,0,0,0,0,0,0,0,0,0,0,3,18,0,0,0,0,0,0,0,0,28,3,0,0,0,0,0,0,0,0,0,0,0,3,18,0,0,8,17,17,17,17,0,28,3,0,10,17,17,17,17,17,17,17,17,0,3,18,0,0,0,0,8,17,17,17,29,19,17,17,17,17,17,17,17,17,17,17,0,3,18,0,0,0,0,7,14,14,14,29,16,14,14,14,14,14,14,29,16,14,14,0,3,18,0,0,0,0,4,0,0,0,28,3,0,3,0,0,0,0,28,3,0,3,0,3,18,0,0,0,0,22,1,0,1,28,10,7,18,0,1,0,1,28,10,7,18,0,3,18,0,0,0,0,22,13,9,15,28,14,9,18,0,13,9,15,28,14,9,18,0,3,18,0,0,0,0,22,13,9,15,28,14,9,18,0,13,9,15,28,14,9,18,0,0,0,0,0,0,0,22,0,1,15,28,8,6,18,0,0,1,15,28,8,6,18,0,0,0,0,0,0,0,22,0,0,3,29,3,3,18,0,0,0,3,29,3,3,18,0,0,0,0,0,0,0,0,0,0,24,28,3,0,0,0,0,0,24,28,3,0,0,7,7,7,7,7,7,7,7,7,7,7,7,7,7,7,7,7,7,7,7,7,7,7,8,8,8,8,8,8,8,8,8,8,8,8,8,8,8,8,8,8,8,8,8,8,8,0,11,0,1,9,0,6,4,0,11,0,0,0,0,0,0,0,0,0,0,0,0,0,0,22,0,3,18,0,13,8,0,22,0,0,0,0,13,10,0,0,0,0,0,0,0,0,22,0,3,18,0,13,8,0,22,0,0,0,0,26,21,0,0,0,0,0,0,0,0,22,0,3,18,0,13,8,0,22,0,0,0,0,26,21,0,0,2,21,21,21,2
21,12,12,20,21,12,11,8,21,5,6,20,21,12,12,20,21,5,6,20,0,4,22,21,12,12,20,21,12,12,20,21,12,12,20,21,12,12,20,21,12,12,20,0,4,19,21,6,6,20,9,12,12,20,21,12,12,20,9,12,11,9,21,12,12,20,0,0,0,21,0,1,20,0,11,12,13,21,8,9,20,0,11,10,0,21,8,9,20,0,0,0,21,0,1,20,0,11,10,0,21,0,1,20,0,11,10,0,21,0,1,20,0,0,0,21,0,1,13,0,11,10,0,13,0,1,20,0,7,6,0,21,0,1,13,0,0,0,21,6,2,3,4,15,10,0,0,0,1,22,5,2,2,5,23,0,0,0,0,1,8,19,28,12,20,21,27,11,18,10,11,11,26,29,12,12,29,26,11,10,10,0,4,22,0,11,12,20,21,0,1,20,21,12,10,0,21,12,12,20,0,11,12,20,0,4,22,0,11,12,20,21,0,1,20,21,12,10,0,21,12,12,20,0,11,12,20,0,4,22,0,11,12,13,21,0,0,5,21,4,2,0,21,8,8,20,0,3,4,20,0,4,22,0,11,10,0,21,0,0,0,21,0,0,0,21,0,1,20,0,0,1,20,0,4,22,8,6,6,7,10,4,4,0,21,0,0,7,10,4,5,10,8,0,1,20,0,4,22,21,4,5,20,7,12,10,0,21,0,1,20,7,12,11,6,21,0,1,20,0,0,1,21,12,12,20,21,12,10,0,21,0,1,20,21,12,12,20,21,0,1,20,0,0,0,21,12,12,20,21,12,10,0,21,0,1,20,21,12,12,20,21,0,1,20,0,0,0,0,12,11,0,21,1,0,0,0,0,0,0,21,1,2,20,0,0,0,0,0,0,0,0,11,10,0,21,0,0,0,0,0,0,0,21,0,1,20,0,0,0,0,0,0,0,8,12,11,8,21,5,4,0,0,0,0,8,21,5,6,20,8,0,0,0,0,0,0,21,12,12,20,21,12,10,0,0,0,1,20,21,12,12,20,21,0,0,0,0,0,0,21,12,12,20,21,12,10,0,12,0,1,20,21,12,12,20,21,0,1,11,0,0,0,21,12,12,20,21,12,10,0,21,0,1,20,21,12,12,20,21,0,1,20,0,0,0,21,12,12,20,21,12,10,0,21,0,1,20,21,12,12,20,21,0,1,20,0,0,0
0,0,1,3,3,3,29,7,3,1,1,3,3,3,29,7,3,2,0,0,2,10,13,0,0,14,28,28,28,29,29,28,10,14,28,28,28,28,28,28,18,0,0,0,0,0,3,7,7,7,7,0,28,3,0,4,7,7,7,7,7,7,7,7,7,7,7,7,7,4,8,8,8,8,0,28,3,0,5,8,8,8,8,8,8,8,8,8,8,8,8,8,0,0,0,0,0,0,28,3,0,0,0,0,0,0,0,0,0,0,0,0,0,0,0,0,0,0,0,0,0,28,3,0,14,17,17,17,17,17,17,17,17,17,17,17,17,17,21,0,0,0,0,0,28,3,0,25,29,29,29,29,29,29,29,29,29,29,29,29,29,21,0,0,0,0,0,28,3,1,7,0,5,3,27,22,0,2,7,17,29,4,7,0,21,0,0,0,8,19,29,17,3,18,0,13,8,26,21,0,3,18,16,29,5,18,0,21,0,0,0,5,12,12,10,3,18,0,13,8,26,21,0,3,18,16,29,5,18,0,19,0,0,0,0,0,0,0,0,7,7,8,8,27,24,7,0,6,20,29,9,2,3,0,0,0,0,0,0,0,0,0,25,29,29,29,29,29,27,0,22,29,29,29,7,12,0,0,0,0,0,0,0,0,0,9,10,10,10,10,10,10,0,8,10,10,10,2,4,17,17,17,17,17,17,17,17,17,17,17,17,17,17,17,17,17,17,17,17,17,17,17,0,0,0,0,0,0,0,0,0,0,0,0,0,0,0,0,0,0,0,0,0,0,0,17,17,17,17,17,17,17,17,17,6,0,0,0,0,8,17,17,17,17,17,17,17,17,17,17,11,0,0,0,0,0,0,0,0,0,2,18,17,17,17,17,17,17,0,0,0,0,0,0,0,0,12,7,0,0,0,0,0,3,18,0,0,0,0,0,0,0,0,3,0,0,0,0,0,13,8,0,0,0,0,0,3,18,0,0,22,0,0,0,0,0,3,0,0,0,0,0,13,8,0,0,0,0,0,3,18,0,0,22,0,0,0,0,0,3,0,0,0,0,0,5,3,0,0,0,0,0,3,18,0,0,9,0,0,0,0,0,1,17,17,17,17,17,17,17,17,17,17,23,0,3,18,0,2,17,17,17,17,17,17,17,17,17,17,17,17,17,17,17,17,6,22,0,3,18,8,20,19,17,17,17,17,17,17
18,0,0,2,10,10,0,0,9,13,7,5,0,0,1,3,3,29,7,3,3,2,0,18,0,0,0,0,0,0,0,0,0,0,0,0,0,12,28,28,28,28,28,28,20,4,18,0,6,7,7,7,7,7,7,7,7,7,7,7,7,7,7,7,7,7,7,7,6,18,0,7,8,8,8,8,8,8,8,8,8,8,8,8,8,8,8,8,8,8,8,6,18,0,0,0,0,0,0,0,0,0,0,0,0,0,0,0,0,0,0,0,0,0,0,18,0,0,0,0,7,17,17,17,17,17,17,17,17,17,17,17,17,17,17,17,17,17,18,0,0,0,0,12,29,29,29,29,29,29,29,29,29,29,29,29,29,29,29,29,29,18,0,0,0,0,0,7,29,12,0,5,3,27,22,5,3,0,17,29,4,7,0,5,18,0,0,0,0,0,6,29,11,0,13,8,26,21,13,8,0,16,29,5,18,0,13,18,0,0,0,0,0,6,29,11,0,13,8,26,21,13,8,0,16,29,5,18,0,13,18,0,0,0,0,3,13,29,16,4,1,8,27,24,7,0,6,20,29,9,8,7,8,18,0,0,0,0,12,29,29,29,17,2,29,29,29,27,0,22,29,29,29,29,29,29,18,0,0,0,0,4,10,10,10,6,1,10,10,10,10,0,8,10,10,10,10,10,10,18,0,14,17,17,17,17,17,17,17,17,17,17,17,17,17,17,17,17,17,17,17,17,18,0,0,0,0,0,0,0,0,0,0,0,0,0,0,0,0,0,0,0,0,0,0,18,0,0,0,0,8,17,17,17,17,17,17,17,17,17,17,17,11,0,0,0,0,2,18,0,0,0,0,0,0,0,0,0,0,0,14,17,17,17,17,17,18,5,0,0,0,18,0,0,0,0,0,0,0,12,7,0,0,0,0,0,0,0,0,13,8,0,0,0,18,0,0,0,0,0,0,0,13,8,0,0,0,0,0,22,0,0,13,8,0,0,0,18,0,0,0,0,0,0,0,13,8,0,0,0,0,0,22,0,0,13,8,0,0,0,18,0,0,0,0,0,0,0,5,3,0,0,0,0,0,9,0,0,13,8,0,0,0,18,0,0,3,22,17,17,17,17,17,17,17,17,17,17,17,6,0,13,8,0,20,17,18,0,0,3,18,8,17,17,17,17,17,17,17,17,17,17,21,11,13,8,0,22,2
16,29,1,6,29,11,0,26,21,0,0,18,13,13,8,0,0,26,21,0,16,29,1,16,29,1,6,29,11,0,26,21,0,0,18,13,13,8,0,0,26,21,0,16,29,1,16,29,1,6,29,11,0,26,21,0,0,18,13,13,8,0,0,26,21,0,16,29,1,16,29,1,6,29,11,0,26,21,0,0,18,13,13,8,0,0,26,21,0,16,29,1,16,29,1,6,29,11,0,26,21,0,0,18,13,8,5,0,0,26,21,0,16,29,1,6,11,0,2,11,4,0,10,8,0,0,18,21,13,8,0,0,10,8,0,6,11,0,0,0,0,0,0,0,0,0,0,0,0,12,18,18,11,0,0,0,0,0,0,0,0,17,17,17,17,17,17,17,17,17,17,17,17,17,17,17,17,17,17,17,17,17,17,17,0,0,0,0,0,5,7,7,7,7,7,7,7,7,7,7,7,7,7,7,7,7,7,0,0,0,0,0,15,25,25,25,25,25,25,25,25,25,25,29,25,25,25,25,25,25,0,0,1,7,0,0,0,0,0,1,1,0,0,0,0,0,28,3,0,0,0,0,0,0,0,3,18,13,0,0,6,17,13,8,0,0,11,7,6,28,8,3,3,0,11,7,0,0,3,18,16,0,0,15,22,13,8,0,0,13,9,15,28,14,9,18,0,13,9,0,0,3,18,16,0,0,15,22,13,8,0,0,13,9,15,28,14,9,18,0,13,9,0,0,3,18,16,0,0,15,22,13,8,0,0,6,5,12,28,12,6,7,0,6,5,0,0,3,17,15,0,0,14,20,12,8,0,0,0,0,0,28,3,0,0,0,0,0,0,0,0,0,0,0,0,0,0,0,0,0,0,10,23,23,29,24,23,23,16,3,23,0,0,0,0,0,0,0,0,0,0,0,0,0,3,8,8,8,8,8,8,6,1,8,0,14,17,17,17,17,17,17,17,17,17,17,17,17,17,17,17,17,17,17,17,13,0,0,0,0,0,0,0,0,0,0,0,0,0,0,0,0,0,0,0,0,0,0,0,0,0,0,0,0,3,7,7,7,7,7,7,7,7,7,7,7,7,7,7,7,7,7,0,0,0,0,0,12,29,29,29,29,29,29,29,29,29,29,29,29,29,29,29,29,29,0,0,0,0,0,4,15,29,18,10,10,10,28,24,10,10,10,21,29,12,10,10,10,0
11,11,11,11,3,3,18,0,0,0,0,22,0,5,11,11,11,11,11,11,3,5,11,29,29,29,29,7,3,18,0,0,0,0,22,0,12,29,29,29,29,29,29,7,12,29,16,6,6,6,1,3,18,0,0,0,0,22,0,3,6,6,6,20,29,8,1,3,6,11,0,4,5,5,9,18,0,0,0,0,23,5,5,5,4,0,16,29,1,11,13,13,11,0,9,10,10,10,6,0,0,0,0,8,10,10,10,7,0,16,29,1,15,18,17,17,9,9,9,2,0,0,0,0,0,0,0,0,4,9,9,9,21,29,11,9,9,9,29,29,29,29,7,0,0,0,0,0,0,0,0,12,29,29,29,29,29,29,29,29,29,8,8,8,8,2,0,0,0,0,0,0,0,0,3,8,8,8,8,8,8,8,8,8,0,0,0,0,0,0,0,0,0,0,0,0,0,0,0,0,0,0,0,0,0,0,0,17,17,17,17,17,17,17,17,17,17,17,17,17,17,17,17,17,17,17,17,17,17,17,0,0,0,0,0,0,0,0,0,0,0,0,0,0,0,0,0,0,0,0,0,0,0,0,0,0,10,0,2,13,0,0,0,0,16,0,1,8,0,0,0,0,0,0,0,0,17,11,0,22,0,3,18,0,0,0,0,22,0,3,18,0,14,17,17,17,17,18,0,0,0,0,22,0,3,18,0,0,0,0,22,0,3,18,0,0,0,0,0,0,23,1,15,15,15,26,0,3,18,6,0,1,5,22,0,3,24,15,15,15,15,12,0,23,14,5,6,6,6,5,9,18,22,0,3,18,23,5,6,6,6,6,5,0,0,0,22,0,9,10,10,10,10,13,18,22,0,3,18,23,10,10,10,10,10,7,0,0,0,22,0,1,1,1,0,0,3,18,22,0,3,18,22,0,0,0,1,1,1,1,1,1,23,0,14,14,14,0,0,2,12,22,0,3,18,15,0,0,2,14,14,14,14,14,14,14,0,0,0,0,0,0,0,0,22,0,3,18,0,0,0,0,0,0,0,0,0,0,0,0,17,17,17,17,17,17,6,22,0,3,18,8,17,17,17,17,17,17,17,17,17,17,17,9,9,9,9,2,0,0,22,0,3,18,0,0,3,9,9,9,9,9,9,9,9,9,29,29,29,29,7,3,15,22,0,3,18,18,0,11,29,29,29,29,29,29,29,29,29
17,17,17,17,17,17,17,17,17,17,17,17,17,16,0,0,0,0,0,13,17,17,17,15,15,15,15,15,15,15,15,15,15,15,15,15,15,0,0,0,0,0,12,15,15,15,17,17,17,17,17,17,17,17,17,17,17,17,17,17,17,17,17,17,17,17,17,17,17,0,0,0,0,0,0,0,0,0,0,0,0,0,0,0,0,0,0,0,0,0,0,0,25,25,25,23,0,18,25,25,25,25,25,23,0,0,0,0,0,0,0,0,0,18,25,23,29,28,22,0,17,23,23,23,29,28,22,0,6,6,10,0,7,6,9,0,17,27,0,26,21,0,0,0,0,0,0,26,21,0,0,13,12,18,0,13,12,18,0,0,16,0,26,21,0,10,10,10,9,0,26,21,0,0,13,12,18,0,13,12,18,0,0,16,0,26,21,0,21,21,21,19,0,26,21,0,0,13,12,18,0,13,12,18,0,0,16,0,26,21,0,0,0,0,0,0,26,21,0,0,13,12,18,0,13,12,18,0,0,16,20,29,27,20,20,20,20,20,20,29,27,19,0,6,7,18,0,13,10,8,0,15,26,27,27,27,27,27,27,27,27,27,27,27,26,0,0,3,18,0,13,8,0,0,20,27,0,0,0,0,0,0,0,0,0,0,0,0,0,0,4,18,0,13,8,0,0,0,0,15,15,15,15,15,15,15,15,15,15,15,15,15,15,4,18,0,13,8,13,15,15,15,0,0,0,0,0,0,0,0,0,0,0,0,0,0,4,18,0,13,9,1,0,0,0,18,5,0,12,19,17,17,17,17,17,11,0,0,13,12,18,0,13,12,18,0,0,8,29,7,0,13,8,0,0,0,0,0,0,0,0,13,12,18,0,13,12,18,0,0,0,0,0,0,13,8,0,0,2,17,17,17,17,17,23,12,18,0,13,12,25,17,17,17,0,0,0,13,8,3,12,12,12,12,12,8,0,13,12,17,0,12,12,18,0,6,12,17,17,17,23,8,0,3,3,3,3,7,18,0,13,8,0,0,0,3,18,0,13,11,0,0,0,13,15,8,8,8,8,3,3,18,0,13,8,0,0,0,3,18,0,13,8,29,7,0,3,7,7,7,7,7,2,3,18,0,13,8,0,0,0,3,18,0,13,8,17,4,0,0,0,0,0,0,0,0,0,1,0,5,3,0,0,0,1,6,0,0,0
21,0,15,29,2,0,22,6,7,19,22,12,12,19,22,6,7,19,10,12,12,19,22,21,0,15,29,2,0,22,0,2,19,19,12,12,16,22,0,2,19,0,12,12,16,22,21,0,15,29,2,0,22,0,2,19,0,12,9,0,22,0,2,19,0,12,9,0,22,21,0,15,29,2,0,22,12,12,19,22,12,12,19,22,12,12,19,22,12,12,19,22,21,0,15,29,2,0,12,12,12,19,22,12,12,19,22,12,11,10,22,12,12,19,22,21,0,15,29,2,0,0,5,6,19,9,6,6,7,22,5,3,0,9,12,11,7,12,21,0,15,29,2,0,18,4,6,19,7,0,0,6,22,4,5,15,7,12,10,6,0,21,0,15,29,2,0,22,12,12,19,22,0,2,19,22,12,12,19,22,12,12,19,0,21,0,15,29,2,0,22,12,12,19,22,0,2,19,22,12,12,19,22,12,12,19,0,21,0,15,29,2,0,22,12,12,19,22,0,2,19,22,12,12,19,22,12,12,19,0,21,0,15,29,2,0,22,9,10,19,22,0,2,19,22,9,10,19,17,12,12,19,0,21,0,15,29,2,0,22,0,2,19,22,0,2,19,22,0,2,19,0,12,12,19,0,21,0,15,29,2,0,18,0,2,15,22,0,2,19,17,0,2,15,0,9,10,19,0,21,0,15,29,2,0,0,0,0,0,22,0,2,19,0,0,0,0,0,0,2,19,0,21,0,15,29,2,0,4,2,0,19,28,0,2,27,17,0,0,0,0,3,24,19,0,21,0,15,29,2,5,29,12,0,7,8,0,0,8,6,0,0,0,0,1,8,5,0,21,0,15,29,2,5,29,12,0,0,0,0,0,0,0,0,0,0,0,0,0,0,0,21,0,15,29,2,5,29,12,0,0,0,0,0,0,0,0,0,0,0,0,0,0,0,21,0,15,29,2,5,29,12,0,0,0,0,0,0,0,0,0,0,0,0,0,0,0,21,0,15,29,2,3,19,8,0,0,0,0,0,0,0,0,0,0,0,0,0,0,0,4,0,15,29,2,0,0,0,0,22,27,0,2,27,20,0,0,0,0,3,27,18,0,5,0,15,29,2,0,0,0,0,3,24,0,2,21,3,0,0,0,0,0,7,19,0,21,0,15,29,2,0,9,0,1,7,22,0,2,19,9,0,1,7,0,5,6,19,0
11,0,26,21,0,0,0,3,18,0,13,12,18,0,13,12,18,0,13,8,0,22,13,11,0,26,21,0,0,0,1,8,0,6,7,18,0,13,10,8,0,6,4,0,9,13,11,0,26,21,0,0,0,0,0,0,0,7,18,0,13,11,1,0,0,0,0,1,16,11,0,26,21,0,0,0,0,0,0,4,28,18,0,13,28,10,0,0,0,0,14,28,0,0,1,1,0,16,28,1,0,0,0,0,0,0,0,0,0,0,0,0,0,0,0,0,0,0,0,0,16,29,1,0,0,0,0,0,0,0,0,0,0,0,0,0,0,0,17,11,0,0,0,16,29,1,0,0,0,0,0,0,0,0,0,0,0,0,0,0,0,0,0,0,0,0,16,29,1,0,0,0,0,0,0,0,0,0,0,0,0,0,0,0,1,0,4,3,0,14,25,1,0,0,1,7,5,0,3,7,2,0,0,0,0,3,7,11,0,26,21,0,0,0,0,0,0,4,25,18,0,13,26,9,0,0,0,0,12,27,11,0,26,21,0,0,0,0,0,0,0,3,18,0,13,8,0,0,0,0,0,0,13,11,0,26,21,0,0,0,2,13,0,10,10,18,0,13,11,13,0,10,6,0,16,13,11,0,26,21,0,0,0,3,18,0,13,12,18,0,13,12,18,0,13,8,0,22,13,7,0,17,14,0,0,0,3,18,16,13,12,18,0,13,12,18,16,13,11,13,22,13,0,0,0,0,0,0,0,3,18,22,13,12,18,0,13,12,18,22,13,12,18,22,13,0,0,0,0,0,0,0,3,18,22,13,12,18,0,13,12,18,22,13,12,18,22,13,7,5,0,0,0,0,0,3,18,22,13,12,18,0,13,12,18,22,13,12,18,22,13,8,6,0,0,0,0,0,3,15,8,13,10,6,0,5,7,18,8,11,8,6,22,5,0,0,0,0,0,0,0,0,0,8,13,10,6,11,5,7,18,8,0,1,6,22,5,0,0,0,0,0,0,0,1,9,22,13,12,18,22,13,12,18,22,6,8,18,22,13,11,0,26,21,0,0,0,3,18,22,13,12,18,22,13,12,18,22,13,12,18,22,13,11,0,26,21,0,0,0,3,18,0,13,9,0,22,0,4,18,0,13,9,0,22,0,11,0,26,21,0,0,0,3,18,0,13,12,15,22,11,11,18,0,13,8,0,22,11
11,19,22,12,12,19,22,12,12,16,0,10,11,19,22,12,12,19,22,12,12,19,19,9,19,16,12,12,13,22,9,9,19,0,12,12,13,22,9,9,19,16,12,12,13,22,2,19,3,12,10,2,22,0,2,19,0,12,9,0,22,1,4,19,3,12,9,0,22,2,19,22,12,12,19,22,0,2,19,0,12,9,0,22,12,12,19,22,12,9,0,22,9,19,22,12,12,19,22,9,10,19,0,12,12,14,22,12,12,19,22,12,12,14,22,11,19,22,12,12,19,22,12,12,19,0,12,12,19,22,12,12,19,22,12,12,19,22,11,19,2,12,10,1,22,12,12,19,0,12,12,19,22,1,3,19,2,12,12,19,22,5,19,0,12,9,0,22,4,6,19,0,12,10,6,22,0,2,19,0,12,10,6,22,2,19,0,12,9,0,22,0,2,19,0,12,9,0,22,0,2,19,0,12,9,0,22,2,19,0,3,2,0,22,0,0,5,0,3,2,0,22,0,0,5,0,12,9,0,6,5,25,15,6,6,15,26,3,2,0,0,0,0,4,22,15,6,9,12,22,10,4,0,10,17,26,12,12,25,17,12,12,16,0,10,11,19,13,22,12,19,22,17,8,19,19,8,0,22,12,12,19,0,12,12,19,0,12,12,19,0,12,12,19,22,0,2,19,22,8,0,22,12,12,19,0,12,12,19,0,12,12,18,0,12,12,19,22,0,2,18,22,0,0,22,3,5,19,0,0,2,19,0,12,9,0,0,12,10,5,22,0,0,0,22,0,0,22,0,2,19,0,0,2,19,0,12,9,0,0,12,9,0,22,0,0,0,22,2,13,3,9,7,3,16,0,2,19,0,12,9,0,16,2,3,13,3,9,6,0,22,2,19,15,12,11,13,22,0,2,19,0,12,9,0,22,8,9,19,15,12,9,0,22,2,19,22,12,12,19,22,0,2,19,0,12,9,0,22,12,12,19,22,12,9,0,22,2,13,22,9,9,19,16,0,2,13,0,9,6,0,16,12,12,13,22,9,6,0,16,0,0,22,0,2,19,0,0,0,0,0,0,0,0,0,12,9,0,22,0,0,0,0,0,0,22,0,2,19,0,0,0,0,0,0,0,0,0,12,9,0,22,0,0,0,0,2,14,22,9,10,19,16,0,0,0,0,0,0,0,16,12,12,14,22,9,7,0,0
11,0,26,21,0,0,0,3,18,0,13,12,18,0,13,12,18,0,13,8,0,22,13,11,0,26,21,0,0,0,3,18,8,13,12,18,0,13,12,18,8,13,10,6,22,13,11,0,26,21,0,0,0,3,18,22,13,12,18,0,13,12,18,22,13,12,18,22,13,0,0,1,1,0,0,0,3,18,22,13,12,18,0,13,12,18,22,13,12,18,22,13,0,0,0,0,0,0,0,3,18,22,13,12,18,0,13,12,18,22,13,12,18,22,13,17,11,0,0,0,0,0,3,18,16,13,11,13,0,9,10,18,16,13,11,13,22,9,0,0,0,0,0,0,0,0,3,0,13,9,0,3,0,4,18,0,2,1,0,22,0,1,0,4,3,0,0,0,0,3,22,13,12,18,22,13,12,18,22,2,5,18,22,13,11,0,26,21,0,0,0,3,18,22,13,12,18,22,13,12,18,22,13,12,18,22,13,11,0,26,21,0,0,0,3,18,8,13,10,6,22,5,7,18,8,13,10,6,22,5,11,0,26,21,0,0,0,3,18,0,13,10,8,22,6,8,18,0,13,8,0,22,6,11,0,26,21,0,0,0,3,18,1,13,12,18,22,13,12,18,1,13,9,1,22,13,7,0,26,21,0,0,0,3,18,22,13,12,18,22,13,12,18,22,13,12,18,22,13,0,0,26,21,0,0,0,3,18,22,13,12,14,22,10,10,18,22,13,12,18,22,10,0,0,26,21,0,0,0,3,18,22,13,8,0,22,0,3,18,22,13,12,18,22,0,2,0,26,21,0,0,0,3,18,0,13,8,0,22,0,3,18,0,13,8,0,22,0,3,0,26,21,0,0,0,3,18,0,13,8,0,22,0,3,18,0,13,8,0,22,0,0,0,26,21,0,0,0,0,0,0,13,8,0,0,0,3,18,0,0,0,0,22,0,0,0,26,21,0,0,0,0,3,13,13,27,16,19,12,26,18,13,2,3,10,23,25,11,0,26,21,0,0,0,3,18,22,3,10,18,22,13,13,4,22,13,12,18,5,17,11,0,26,21,0,0,0,3,18,22,0,3,18,22,13,8,0,22,13,12,18,0,13,11,0,26,21,0,0,0,3,18,13,0,3,18,22,13,8,0,13,13,11,11,0,13,11,0,26,21,0,0,0,3,18,0,0,3,18,0,13,8,0,0,13,8,0,0,13
0,22,0,0,0,0,0,0,0,0,0,0,0,0,0,0,0,0,0,0,0,0,0,0,22,0,0,0,0,0,0,4,17,17,17,17,17,17,17,17,17,17,17,17,15,0,0,22,0,0,0,0,0,0,0,0,0,0,0,0,0,0,0,0,0,0,0,0,0,0,22,0,0,0,0,0,0,0,3,4,0,1,4,1,0,4,3,0,3,4,0,0,0,22,0,0,0,0,0,0,0,19,28,0,9,29,8,0,29,18,0,19,28,0,0,0,22,0,0,0,0,0,0,0,19,28,0,9,29,8,0,29,18,0,19,28,0,0,0,22,0,4,9,0,0,0,0,19,28,0,9,29,8,0,29,18,0,19,28,0,0,0,22,0,6,15,0,0,0,0,19,28,0,9,29,8,0,29,18,0,19,28,0,0,0,22,0,6,15,0,0,0,0,13,19,0,6,19,5,0,19,12,0,13,19,0,0,0,22,0,6,15,0,0,0,0,0,0,0,0,0,0,0,0,0,0,0,0,0,0,0,22,0,6,15,0,0,0,0,0,0,0,0,0,0,0,0,0,0,0,0,0,0,0,22,0,6,15,0,0,0,2,7,7,7,7,7,7,7,7,7,7,7,7,7,0,0,22,0,6,15,0,0,0,2,8,8,8,8,8,8,8,8,8,8,8,8,8,0,0,22,0,6,15,0,0,0,0,0,0,0,0,0,0,0,0,0,0,0,0,0,0,0,22,0,6,15,0,0,0,0,0,0,0,0,0,0,0,0,0,0,0,0,0,0,0,22,0,6,15,0,0,0,0,19,28,0,9,28,8,0,28,18,0,19,28,0,0,0,22,0,6,15,0,0,0,0,19,28,0,9,29,8,0,29,18,0,19,28,0,0,0,22,0,6,15,0,0,0,0,19,28,0,9,29,8,0,29,18,0,19,28,0,0,0,22,0,6,15,0,0,0,0,19,28,0,9,29,8,0,29,18,0,19,28,0,0,0,22,0,6,15,0,0,0,0,17,25,0,8,25,7,0,25,16,0,17,25,0,0,0,22,0,6,15,0,0,0,0,0,0,0,0,0,0,0,0,0,0,0,0,0,0,0,22,0,6,15,0,0,0,0,0,0,0,0,0,0,0,0,0,0,0,0,0,0,0,22,0,6,15,0,0,0,4,17,17,17,17,17,17,17,17,17,17,17,17,15,0
3,1,0,0,4,8,13,8,1,0,10,10,2,0,0,17,4,0,0,0,0,0,22,23,14,0,0,0,0,0,0,0,0,0,0,0,0,0,17,4,0,0,0,0,0,22,6,7,7,7,7,7,7,7,7,7,7,7,7,7,0,17,4,0,0,0,0,0,22,7,8,8,8,8,8,8,8,8,8,8,8,8,8,0,17,4,0,0,0,0,0,22,0,0,0,0,0,0,0,0,0,0,0,0,0,0,0,17,4,0,0,0,0,0,22,14,17,17,17,17,17,17,17,17,17,8,0,0,0,0,17,4,0,0,0,0,0,22,23,29,29,29,29,29,29,29,29,29,13,0,0,0,0,17,4,0,0,0,0,0,22,3,5,21,28,3,5,0,11,29,8,0,0,0,0,0,17,4,0,0,0,0,0,22,7,14,20,27,7,14,0,10,29,7,0,0,0,0,0,17,4,0,0,0,0,0,22,7,14,20,27,7,14,0,10,29,7,0,0,0,0,0,17,4,0,0,0,0,0,22,0,7,23,28,8,1,4,16,29,13,3,0,0,0,0,17,4,0,0,0,0,0,22,0,26,29,29,29,3,16,29,29,29,13,0,0,0,0,17,4,0,0,0,0,0,22,0,9,10,10,10,1,6,10,10,10,5,0,0,0,0,17,4,0,0,0,0,0,22,13,17,17,17,17,17,17,17,17,17,17,17,17,15,0,17,4,0,0,0,0,0,22,0,0,0,0,0,0,0,0,0,0,0,0,0,0,0,17,4,0,0,0,0,0,22,13,17,17,17,17,17,17,17,17,17,9,0,0,0,0,17,4,0,0,0,0,0,22,13,17,17,15,0,0,0,0,0,0,0,0,0,0,0,17,4,0,0,0,0,0,22,0,0,0,0,0,0,6,12,0,0,0,0,0,0,0,17,4,0,0,0,0,0,22,18,0,0,0,0,0,7,14,0,0,0,0,0,0,0,17,4,0,0,0,0,0,22,18,0,0,0,0,0,7,14,0,0,0,0,0,0,0,17,4,0,0,0,0,0,22,7,0,0,0,0,0,3,5,0,0,0,0,0,0,0,17,4,0,13,18,0,0,22,13,17,17,17,17,17,17,17,17,17,17,22,4,0,0,17,4,0,20,27,0,0,22,13,17,17,17,17,17,17,17,17,17,9,17,4,0,0,17,4,0,20,27,0,0,22
0,0,0,0,0,0,0,0,16,29,1,0,0,0,0,0,0,0,0,0,0,0,0,0,0,0,0,0,0,0,0,16,29,1,0,0,0,0,0,0,0,0,0,0,0,0,0,0,0,0,0,0,0,0,16,29,1,0,0,0,0,0,0,0,0,0,0,0,0,0,0,0,0,0,0,0,0,16,29,1,0,0,0,0,0,0,0,0,0,0,0,0,0,6,7,0,1,7,5,0,5,9,0,1,7,5,0,3,7,2,0,0,0,0,3,0,20,27,0,3,28,17,0,0,0,0,4,25,18,0,13,26,9,0,0,0,0,12,0,0,22,0,3,18,0,0,0,0,0,0,3,18,0,13,8,0,0,0,0,0,0,2,13,22,0,3,18,16,0,2,13,0,10,10,18,0,13,11,13,0,10,6,0,16,3,18,22,0,3,18,22,0,3,18,0,13,12,18,0,13,12,18,0,13,8,0,22,10,18,22,0,3,18,22,9,10,18,16,13,12,18,0,13,12,18,16,13,11,13,22,12,18,22,0,3,18,22,13,12,18,22,13,12,18,0,13,12,18,22,13,12,18,22,12,18,22,0,3,18,22,13,12,18,22,13,12,18,0,13,12,18,22,13,12,18,22,12,18,22,0,3,18,22,13,12,18,22,13,12,18,0,13,12,18,22,13,12,18,22,7,18,8,0,1,6,22,5,6,15,8,13,10,6,0,5,7,18,8,11,8,6,22,7,18,8,6,5,6,22,5,3,0,8,13,10,6,11,5,7,18,8,0,1,6,22,12,18,22,13,12,18,22,13,10,9,22,13,12,18,22,13,12,18,22,6,8,18,22,12,18,22,13,12,18,22,13,12,18,22,13,12,18,22,13,12,18,22,13,12,18,22,4,18,0,13,9,0,22,0,4,18,0,13,9,0,22,0,4,18,0,13,9,0,22,3,18,18,13,12,15,22,0,3,18,0,13,12,15,22,11,11,18,0,13,8,0,22,7,18,22,13,12,18,22,5,7,18,9,13,12,18,22,13,12,18,9,13,10,7,22,12,18,22,13,12,18,22,13,12,18,22,13,12,18,22,13,12,18,22,13,12,18,22,12,18,9,13,10,8,22,13,12,18,22,13,10,8,22,6,7,18,22,13,12,18,22,9,18,0,13,8,0,22,9,9,18,15,13,8,0,22,0,3,18,15,13,11,12,22
16,5,0,0,0,0,0,22,0,0,0,19,28,0,0,0,11,3,29,18,0,4,10,16,5,0,0,0,0,0,22,0,0,0,19,28,0,0,0,16,5,29,18,0,6,15,16,5,0,0,0,0,0,22,0,0,0,19,28,0,0,0,11,4,29,18,0,4,11,16,5,0,0,0,0,0,22,0,0,0,19,28,0,0,0,3,19,29,26,19,19,11,16,5,0,0,0,0,0,22,0,0,0,10,15,0,0,0,5,28,28,28,28,28,17,16,5,0,0,0,0,0,22,0,0,0,0,0,0,0,0,0,0,0,0,0,0,0,16,5,0,0,0,0,0,22,0,0,0,0,0,0,0,0,0,0,0,0,0,0,0,16,5,0,0,0,0,0,22,0,10,17,17,17,17,17,17,17,17,17,17,17,17,10,16,5,0,0,0,0,0,22,0,4,17,17,17,17,17,17,17,17,17,17,17,17,10,16,5,0,0,0,0,0,22,0,6,22,14,14,14,14,14,14,20,25,14,14,14,8,16,5,0,0,0,0,0,22,0,6,15,0,0,0,0,4,0,11,20,0,0,0,0,16,5,0,0,0,0,0,22,0,6,15,1,1,0,0,22,7,13,20,1,1,0,0,16,5,0,0,0,0,0,22,0,6,15,16,16,5,0,22,13,14,20,16,16,5,0,16,5,0,0,0,0,0,22,0,6,15,16,16,5,0,22,13,14,20,16,16,5,0,16,5,0,0,0,0,0,22,0,6,15,16,1,0,0,22,5,13,20,16,1,0,0,16,5,0,0,0,0,0,22,0,6,17,2,0,0,0,22,0,11,22,2,0,0,0,16,5,0,0,0,0,0,22,0,6,28,17,0,0,0,0,0,11,28,17,0,0,0,16,5,0,0,0,0,0,22,0,4,7,7,7,7,7,7,7,7,7,7,7,7,4,16,5,0,0,0,0,0,22,0,5,8,8,8,8,8,8,8,8,8,8,8,8,5,16,5,0,0,0,0,0,22,0,0,0,0,3,19,19,19,16,0,17,19,19,19,3,16,5,0,0,0,0,0,22,0,0,0,0,5,28,29,29,24,0,25,29,29,28,4,16,5,0,0,0,0,0,22,0,0,0,0,0,0,29,18,0,2,5,19,28,2,5,16,5,0,0,0,0,0,22,0,0,0,0,0,0,29,18,0,6,15,19,28,6,15
5,0,12,10,0,0,0,0,9,11,11,11,11,11,11,11,11,11,11,11,11,11,11,11,0,26,21,0,0,0,0,4,4,4,4,4,4,4,4,4,4,4,4,4,4,4,11,0,26,21,0,0,0,0,0,12,15,15,10,0,7,15,15,15,0,2,15,15,15,11,0,26,21,0,10,18,1,0,23,17,18,18,0,13,20,17,26,0,3,25,17,23,11,0,26,21,0,16,29,1,0,22,7,8,18,0,13,11,10,22,0,3,18,12,13,11,0,26,21,0,16,29,1,0,22,13,11,11,0,13,12,18,13,0,3,18,22,8,11,0,26,21,0,16,29,1,0,22,13,8,0,0,13,12,18,0,0,3,18,22,0,11,0,26,21,0,16,29,1,0,22,13,24,21,5,13,12,27,21,12,3,18,23,21,11,0,26,21,0,16,29,1,0,22,5,10,10,2,13,10,10,10,6,3,18,8,10,11,0,26,21,0,13,23,1,0,23,17,17,11,0,13,21,17,17,0,3,25,17,17,11,0,26,21,0,0,0,0,0,23,14,16,18,0,13,19,14,25,0,3,24,14,21,11,0,26,21,0,0,0,1,5,22,3,6,18,6,13,10,5,22,3,6,18,6,13,11,0,26,21,0,0,0,3,18,22,13,12,18,22,13,12,18,22,13,12,18,22,13,11,0,26,21,0,0,0,3,18,22,13,12,18,22,13,12,18,22,13,12,18,22,13,11,0,26,21,0,0,0,3,18,22,13,12,18,22,13,12,18,22,13,12,18,22,13,11,0,26,21,0,0,0,2,12,22,8,9,18,14,13,11,12,22,8,9,18,14,13,11,0,26,21,0,0,0,0,0,22,0,3,18,0,13,8,0,22,0,3,18,0,13,3,0,26,21,0,0,0,0,0,22,0,3,18,0,13,8,0,22,0,3,18,0,13,0,0,26,21,0,0,0,0,0,22,0,3,18,0,13,8,0,22,0,3,18,0,13,0,0,10,8,0,0,0,0,0,22,0,3,18,0,13,8,0,22,0,3,18,0,13,0,0,0,0,0,0,0,0,0,17,0,3,14,0,10,6,0,17,0,3,14,0,10,1,1,0,0,0,0,0,0,1,1,1,1,1,1,1,1,1,1,1,1,1,1,1,14,10,0,0,0,0,0,0,12,14,14,14,14,14,14,14,14,14,14,14,14,14,14
1,8,0,6,3,0,9,0,1,8,0,6,3,0,9,0,1,8,0,6,3,0,9,0,1,0,1,0,0,2,0,0,1,0,1,0,0,2,0,0,1,0,1,0,0,2,17,17,17,17,17,17,17,17,17,17,17,17,17,17,17,17,17,17,17,17,17,17,17,0,0,0,0,0,0,0,0,0,0,0,0,0,0,0,0,0,0,0,0,0,0,0,3,25,25,25,7,0,20,25,25,15,0,11,25,25,24,0,3,25,25,25,7,0,20,3,21,7,18,8,0,23,7,10,18,0,13,14,7,24,0,3,21,7,18,8,0,23,3,18,19,13,8,0,22,11,11,18,0,13,12,15,22,0,3,18,19,13,8,0,22,1,5,22,13,8,0,6,13,12,18,0,4,6,18,22,0,1,5,22,13,8,0,6,0,0,23,13,8,0,0,14,12,18,0,0,4,18,22,0,0,0,23,13,8,0,0,20,29,28,13,8,10,29,29,12,18,0,29,29,18,22,0,20,29,28,13,8,10,29,1,1,1,13,8,0,1,1,4,18,0,1,1,1,22,0,1,1,1,13,8,0,1,3,26,26,28,8,0,21,26,27,18,0,12,26,26,28,0,3,26,26,28,8,0,21,3,21,5,17,8,0,23,5,9,18,0,13,13,5,24,0,3,21,5,17,8,0,23,9,18,13,13,11,10,22,7,9,18,13,13,11,10,22,7,9,18,13,13,11,10,22,12,18,22,13,12,18,22,13,12,18,22,13,12,18,22,13,12,18,22,13,12,18,22,12,18,22,13,12,18,22,13,12,18,22,13,12,18,22,13,12,18,22,13,12,18,22,12,18,22,13,12,18,22,13,12,18,22,13,12,18,22,13,12,18,22,13,12,18,22,6,18,7,13,10,6,22,4,6,18,7,13,10,6,22,4,6,18,7,13,10,6,22,3,18,0,13,8,0,22,0,3,18,0,13,8,0,22,0,3,18,0,13,8,0,22,3,18,0,13,8,0,22,0,3,18,0,13,8,0,22,0,3,18,0,13,8,0,22,3,18,0,13,8,0,22,0,3,18,0,13,8,0,22,0,3,18,0,13,8,0,22,3,18,0,13,8,0,22,0,3,18,0,13,8,0,22,0,3,18,0,13,8,0,22,1,8,0,6,4,0,10,0,1,8,0,6,4,0,10,0,1,8,0,6,4,0,10
14,14,14,14,14,25,0,0,12,8,0,0,26,21,0,16,29,1,4,17,7,0,16,5,5,1,0,0,23,5,3,0,0,0,0,26,21,0,16,29,1,0,0,0,0,0,29,29,7,0,0,23,29,17,0,0,0,0,19,16,0,12,21,1,5,25,9,0,22,12,12,3,0,0,10,12,7,0,0,0,0,0,0,0,0,0,0,6,29,11,0,26,7,7,7,7,7,7,7,7,7,7,7,7,7,7,7,7,2,0,6,29,11,0,26,8,8,8,8,8,8,8,8,8,8,8,8,8,8,8,8,3,0,6,29,11,0,26,0,0,0,0,5,25,9,7,19,19,19,11,0,0,0,0,0,0,6,29,11,0,26,5,0,0,0,6,29,11,11,29,29,29,17,0,0,0,8,14,0,6,29,11,0,26,11,0,0,0,6,29,11,3,6,29,11,3,0,0,0,16,29,1,6,29,11,0,26,11,0,0,0,6,29,11,22,6,29,11,22,0,0,0,16,29,1,6,29,11,0,26,11,0,0,0,6,29,11,22,6,29,11,22,0,0,0,16,29,1,6,29,11,0,26,11,0,0,0,6,29,11,19,6,29,11,19,0,0,0,16,29,1,6,29,11,0,26,3,0,0,0,6,29,16,7,13,29,16,5,0,0,0,5,9,0,2,9,3,0,8,0,0,0,0,6,29,29,29,29,29,29,20,0,0,0,0,0,0,0,0,0,0,0,0,0,0,0,2,10,10,10,10,10,10,7,0,0,0,0,0,0,0,0,0,0,0,17,17,17,17,17,17,17,17,17,17,17,17,17,17,17,17,17,17,17,17,17,17,17,0,0,0,0,0,0,0,0,0,0,0,0,0,0,0,0,0,0,0,0,0,0,0,0,0,0,0,0,0,0,0,0,0,0,0,0,0,0,0,0,0,0,0,0,0,0,3,0,0,0,0,5,8,0,2,8,3,0,8,6,0,5,8,0,2,8,3,0,8,11,0,0,0,0,16,29,1,6,29,11,0,26,21,0,16,29,1,6,29,11,0,26,11,0,0,0,0,16,29,1,6,29,11,0,26,21,0,16,29,1,6,29,11,0,26,11,0,0,0,0,16,29,1,6,29,11,0,26,21,0,16,29,1,6,29,11,0,26,11,0,10,8,0,16,29,1,6,29,11,0,26,21,0,16,29,1,6,29,11,0,26
0,22,6,7,18,0,13,10,8,22,0,0,0,0,26,21,0,11,19,1,4,19,7,0,23,19,21,18,0,13,22,19,26,0,0,0,0,26,21,0,0,0,0,0,0,0,0,10,12,12,8,0,6,12,12,12,0,0,0,0,26,21,0,0,0,0,0,0,0,7,7,7,7,7,7,7,7,7,7,7,0,0,0,26,21,0,3,7,7,7,7,7,8,8,8,8,8,8,8,8,8,8,8,0,0,0,26,21,0,4,8,8,8,8,8,0,12,0,2,10,0,7,4,0,12,0,0,0,0,26,21,0,0,0,0,0,0,0,0,22,0,3,18,0,13,8,0,22,0,0,0,0,26,21,0,0,0,0,0,0,0,0,22,0,3,18,0,13,8,0,22,0,0,0,0,26,21,0,16,28,1,6,28,11,0,22,0,3,18,0,13,8,0,22,0,0,0,0,26,21,0,16,29,1,6,29,11,0,22,0,3,18,0,13,8,0,22,0,0,0,0,5,4,0,16,29,1,6,29,11,7,22,5,7,18,9,13,10,7,22,5,3,0,0,6,5,0,16,29,1,6,29,11,18,22,13,12,18,22,13,12,18,22,13,8,0,0,26,21,0,14,25,1,6,25,10,18,22,13,12,18,22,13,12,18,22,13,8,0,0,26,21,0,0,0,0,0,0,0,18,22,13,12,18,22,13,12,18,22,13,8,0,0,26,21,0,0,0,0,0,0,0,9,22,6,8,18,11,13,10,9,22,6,4,0,0,26,21,0,8,17,17,17,17,17,0,23,7,10,18,0,13,14,7,24,0,0,0,0,26,21,0,0,0,0,0,0,0,0,20,25,25,18,0,11,25,25,27,0,0,0,0,26,21,0,6,10,0,2,10,4,1,3,3,5,18,0,3,3,2,22,0,0,0,0,26,21,0,16,29,1,6,29,11,10,28,29,12,18,0,28,29,18,22,0,0,0,0,26,21,0,16,29,1,6,29,11,0,0,13,12,18,0,0,3,18,22,0,0,0,0,26,21,0,16,29,1,6,29,11,0,7,13,12,18,0,4,6,18,22,0,0,0,0,26,21,0,16,29,1,6,29,11,0,22,13,12,18,0,13,12,18,22,0,0,0,0,26,21,0,16,29,1,6,29,11,0,23,10,12,18,0,13,16,10,25,0,0,0,0,26,21,0,16,29,1,6,29,11
0,26,21,0,16,29,1,6,29,11,0,0,0,13,8,0,22,0,3,18,0,13,8,0,26,21,0,16,29,1,3,15,6,0,0,0,13,8,0,22,0,3,18,0,13,8,0,26,21,0,16,29,1,0,0,0,0,0,1,13,9,1,22,0,4,18,1,13,9,0,26,21,0,16,29,1,6,26,10,0,0,22,13,12,18,22,13,12,18,22,13,12,0,5,4,0,3,5,0,6,29,11,0,0,22,13,12,18,22,13,12,18,22,13,12,0,0,0,0,0,0,0,6,29,11,0,0,22,13,12,18,22,13,12,18,22,13,12,7,7,7,7,7,7,0,6,29,11,0,0,19,13,12,15,22,11,11,18,19,13,12,8,8,8,8,8,8,0,6,29,11,0,0,0,13,8,0,22,0,3,18,0,13,8,0,0,0,0,0,0,0,6,29,11,0,0,0,13,28,27,28,0,3,29,27,28,8,0,26,21,0,16,29,1,6,29,11,0,0,0,2,4,4,23,0,0,4,4,16,8,0,26,21,0,16,29,1,6,29,11,0,0,0,23,23,15,22,0,16,23,23,13,8,0,26,21,0,16,29,1,6,29,11,0,0,0,8,11,18,22,0,6,8,24,13,8,0,26,21,0,16,29,1,6,29,11,0,0,0,0,3,18,22,0,0,0,22,13,8,0,26,21,0,16,29,1,6,29,11,0,0,0,13,12,18,22,0,3,18,22,13,8,0,26,21,0,16,29,1,6,29,11,0,0,0,13,10,6,22,0,3,18,8,13,8,0,10,8,0,6,11,0,6,29,11,0,0,0,13,29,29,28,0,3,29,29,29,8,0,0,0,0,0,0,0,6,29,11,0,0,0,1,2,2,2,0,0,2,2,2,0,17,17,17,17,17,17,0,6,29,11,0,0,8,17,17,17,17,17,17,17,17,17,17,0,0,0,0,0,0,0,6,29,11,0,0,0,0,0,0,0,0,0,0,0,0,0,0,0,0,0,0,0,0,6,29,11,0,0,0,11,7,0,19,0,3,15,0,12,7,0,22,18,0,14,25,1,6,29,11,0,0,0,13,8,0,22,0,3,18,0,13,8,0,26,21,0,16,29,1,6,29,11,0,0,0,13,8,0,22,0,3,18,0,13,8,0,26,21,0,16,29,1,6,29,11,0,0,0,13,8,0,22,0,3,18,0,13,8
0,0,0,0,0,7,14,0,17,4,0,22,0,7,14,0,17,4,0,0,0,0,0,0,0,0,0,0,7,14,0,17,4,0,22,0,7,14,0,17,4,0,0,0,0,0,0,0,0,0,0,7,14,0,17,4,0,22,0,7,14,0,17,4,0,0,0,0,0,0,0,0,0,0,7,14,0,17,4,0,22,0,7,14,0,17,4,0,0,0,0,0,0,0,0,0,0,7,13,0,16,4,0,20,0,7,13,0,16,4,0,0,0,0,0,0,0,0,0,0,0,0,0,0,0,0,0,0,0,0,0,0,0,0,0,0,0,0,0,0,0,0,7,17,17,17,17,17,17,17,17,17,17,17,17,17,3,0,0,0,0,0,0,0,0,0,1,0,0,1,1,1,1,0,0,1,1,1,0,0,0,0,0,0,0,0,0,0,13,29,14,0,17,29,29,25,0,7,29,29,29,4,0,0,0,0,0,0,0,0,0,5,10,14,0,17,8,5,23,0,7,15,8,18,4,0,0,0,0,0,0,0,0,0,13,12,14,0,17,12,14,22,0,7,14,22,17,4,0,0,0,0,0,0,0,0,0,13,12,14,0,1,8,14,22,0,0,0,22,17,4,0,0,0,0,0,0,0,0,0,13,12,14,1,7,13,14,22,0,6,7,23,17,4,0,0,0,0,0,0,0,0,0,11,12,14,4,25,25,12,22,0,20,25,20,17,4,0,0,0,0,0,0,0,0,0,1,10,14,0,2,3,3,23,0,1,3,3,19,4,0,0,0,0,0,0,0,0,0,13,29,14,0,17,29,28,24,0,7,29,28,29,4,0,0,0,0,0,0,0,0,0,0,7,14,0,17,4,0,22,0,7,14,0,17,4,0,0,0,0,0,0,0,0,0,11,11,14,18,17,11,11,22,14,11,14,18,17,11,11,0,0,0,0,0,0,0,0,13,12,14,22,17,12,14,22,17,12,14,22,17,12,14,0,0,0,0,0,0,0,0,13,12,14,22,17,12,14,22,17,12,14,22,17,12,14,0,0,0,0,0,0,0,0,13,12,14,22,17,12,14,22,17,12,14,22,17,12,14,0,0,0,0,0,0,0,0,1,8,14,2,17,5,1,22,1,8,14,2,17,5,1,0,0,0,0,0,0,0,0,0,7,14,0,17,4,0,22,0,7,14,0,17,4,0,0,0,0,0
22,13,12,18,22,13,12,18,22,13,12,18,22,0,3,18,22,13,12,18,22,13,12,22,6,7,18,9,13,10,8,22,6,7,18,9,0,1,8,22,6,7,18,9,13,10,22,0,3,18,0,13,8,0,22,0,3,18,0,0,0,0,22,0,3,18,0,13,8,22,0,3,18,0,13,8,0,22,0,3,18,0,0,0,0,22,0,3,18,0,13,8,22,0,3,18,0,13,8,0,22,0,3,18,0,0,0,0,22,0,3,18,0,13,8,22,0,3,18,0,13,8,0,22,0,3,18,0,0,0,0,22,0,3,18,0,13,8,13,0,2,10,0,7,5,0,13,0,2,10,0,0,0,0,13,0,2,10,0,7,5,7,7,7,7,7,7,7,7,7,7,7,7,5,0,0,6,7,7,7,7,7,7,7,8,8,8,8,8,8,8,8,8,8,8,8,6,0,0,7,8,8,8,8,8,8,8,11,0,1,11,11,11,3,0,9,11,11,7,0,0,0,0,9,11,11,7,0,5,11,27,0,3,26,20,25,8,0,23,20,22,18,0,0,0,0,23,20,22,18,0,13,23,22,0,3,18,9,13,8,0,22,5,7,18,0,0,0,0,22,5,7,18,0,13,10,16,0,3,18,22,10,6,0,22,13,11,13,0,0,0,0,22,13,11,13,0,13,12,0,0,3,18,22,0,0,0,22,13,8,0,0,0,0,0,22,13,8,0,0,13,12,17,10,3,18,23,17,16,0,22,13,21,17,4,0,0,0,22,13,21,17,4,13,12,14,8,3,18,11,14,13,0,22,6,14,14,3,0,0,0,22,6,14,14,3,13,10,13,0,3,24,13,13,4,0,23,13,13,8,0,0,0,0,23,13,13,8,0,13,18,26,0,3,25,18,24,8,0,23,18,20,18,0,0,0,0,23,18,20,18,0,13,22,22,1,5,18,3,13,9,2,22,1,5,18,3,0,0,2,22,1,5,18,3,13,9,22,13,12,18,22,13,12,18,22,13,12,18,22,0,3,18,22,13,12,18,22,13,12,22,13,12,18,22,13,12,18,22,13,12,18,22,0,3,18,22,13,12,18,22,13,12,22,13,12,18,22,13,12,18,22,13,12,18,22,0,3,18,22,13,12,18,22,13,12,22,10,10,18,17,13,12,14,22,10,10,18,17,0,3,14,22,10,10,18,17,13,12
9,0,1,8,0,6,3,0,9,0,1,8,0,0,0,0,9,0,1,8,0,6,3,2,0,0,1,0,1,0,0,2,0,0,1,0,0,0,0,2,0,0,1,0,1,0,17,17,17,17,17,17,17,17,17,17,17,17,11,0,0,14,17,17,17,17,17,17,17,0,0,0,0,0,0,0,0,0,0,0,0,0,0,0,0,0,0,0,0,0,0,0,24,0,3,25,25,25,7,0,20,25,25,15,0,0,0,0,20,25,25,15,0,11,25,24,0,3,21,7,18,8,0,23,7,10,18,0,0,0,0,23,7,10,18,0,13,14,22,0,3,18,19,13,8,0,22,11,11,18,0,0,0,0,22,11,11,18,0,13,12,22,0,1,5,22,13,8,0,6,13,12,18,0,0,0,0,6,13,12,18,0,4,6,22,0,0,0,23,13,8,0,0,14,12,18,0,0,0,0,0,14,12,18,0,0,4,22,0,20,29,28,13,8,10,29,29,12,18,0,0,0,10,29,29,12,18,0,29,29,22,0,1,1,1,13,8,0,1,1,4,18,0,0,0,0,1,1,4,18,0,1,1,28,0,3,26,26,28,8,0,21,26,27,18,0,0,0,0,21,26,27,18,0,12,26,24,0,3,21,5,17,8,0,23,5,9,18,0,0,0,0,23,5,9,18,0,13,13,22,7,9,18,13,13,11,10,22,7,9,18,13,0,2,10,22,7,9,18,13,13,11,22,13,12,18,22,13,12,18,22,13,12,18,22,0,3,18,22,13,12,18,22,13,12,22,13,12,18,22,13,12,18,22,13,12,18,22,0,3,18,22,13,12,18,22,13,12,22,13,12,18,22,13,12,18,22,13,12,18,22,0,3,18,22,13,12,18,22,13,12,22,4,6,18,7,13,10,6,22,4,6,18,7,0,1,6,22,4,6,18,7,13,10,22,0,3,18,0,13,8,0,22,0,3,18,0,0,0,0,22,0,3,18,0,13,8,22,0,3,18,0,13,8,0,22,0,3,18,0,0,0,0,22,0,3,18,0,13,8,22,0,3,18,0,13,8,0,22,0,3,18,0,0,0,0,22,0,3,18,0,13,8,22,0,3,18,0,13,8,0,22,0,3,18,0,0,0,0,22,0,3,18,0,13,8,10,0,1,8,0,6,4,0,10,0,1,8,0,0,0,0,10,0,1,8,0,6,4
0,11,20,0,0,0,0,0,0,0,16,5,0,0,4,15,15,15,15,15,23,12,7,0,11,27,21,21,21,21,21,3,0,16,5,0,0,0,0,0,0,0,0,17,12,7,0,11,29,26,26,26,26,26,4,0,16,15,11,11,11,11,11,7,0,0,16,12,7,0,11,20,0,0,0,0,0,0,0,2,4,4,4,4,4,4,2,0,0,5,8,7,0,11,20,4,7,7,7,7,7,7,7,7,7,7,7,7,7,7,7,7,7,6,7,0,11,20,5,8,8,8,8,8,8,8,8,8,8,8,8,8,8,8,8,8,6,7,0,11,20,0,16,19,19,19,19,19,19,19,19,19,19,19,19,19,16,0,2,7,7,0,11,20,0,24,28,28,28,29,29,28,28,28,28,28,28,29,29,24,0,16,12,7,0,11,20,0,0,0,0,0,29,18,0,0,0,0,0,0,29,18,0,0,16,12,7,0,11,25,13,13,13,4,0,29,18,1,13,13,13,10,0,29,18,0,0,16,12,7,0,7,18,18,18,18,6,0,29,18,2,18,18,18,14,0,29,18,0,0,16,12,7,0,0,0,0,0,0,0,0,29,18,0,0,0,0,0,0,29,18,0,0,16,12,7,0,0,0,0,13,15,15,15,29,24,13,0,13,15,15,15,29,24,13,0,0,5,6,0,0,0,0,25,29,29,29,29,29,25,0,25,29,29,29,29,29,25,0,0,0,0,0,0,0,0,2,2,2,2,2,2,2,0,2,2,2,2,2,2,2,0,0,0,0,4,17,17,17,17,17,17,17,17,17,17,17,17,17,17,17,17,17,17,17,17,17,4,0,0,0,0,0,0,0,0,0,0,0,0,0,0,0,0,0,0,0,0,0,0,0,0,11,29,29,29,29,29,29,4,0,0,0,0,0,0,0,0,3,7,0,12,4,0,0,11,26,18,18,18,18,18,3,0,11,17,17,17,17,17,4,6,15,0,16,5,0,0,11,20,1,1,1,1,1,1,1,17,5,0,0,0,0,0,6,15,0,16,5,0,0,11,20,9,14,14,14,14,14,14,23,5,5,15,15,15,15,19,15,0,16,8,2,0,11,20,0,0,0,0,0,0,0,16,5,0,0,2,6,6,6,6,5,19,12,7,0,11,24,11,11,11,11,11,1,0,16,5,0,0,2,10,10,10,10,10,21,12,7
6,29,11,0,0,0,0,0,0,0,0,0,0,0,0,0,0,0,0,0,0,0,0,6,29,11,0,0,0,0,0,0,0,0,0,0,0,0,0,0,0,0,0,0,0,0,6,29,11,0,0,0,0,0,0,0,0,0,0,0,0,0,0,0,0,0,0,0,0,6,29,11,0,0,0,0,0,0,0,0,0,0,0,0,0,0,0,0,0,0,0,0,2,9,3,0,6,7,0,1,7,5,0,0,0,0,1,7,5,0,3,7,2,0,0,0,0,0,0,20,27,0,3,28,17,0,0,0,0,4,25,18,0,13,26,9,0,0,0,0,0,0,0,22,0,3,18,0,0,0,0,0,0,3,18,0,13,8,0,0,0,0,16,0,2,13,22,0,3,18,16,0,2,13,0,10,10,18,0,13,11,13,0,10,0,22,0,3,18,22,0,3,18,22,0,3,18,0,13,12,18,0,13,12,18,0,13,13,22,9,10,18,22,0,3,18,22,9,10,18,16,13,12,18,0,13,12,18,16,13,18,22,13,12,18,22,0,3,18,22,13,12,18,22,13,12,18,0,13,12,18,22,13,18,22,13,12,18,22,0,3,18,22,13,12,18,22,13,12,18,0,13,12,18,22,13,18,22,13,12,18,22,0,3,18,22,13,12,18,22,13,12,18,0,13,12,18,22,13,6,19,5,7,18,8,0,1,6,22,5,6,15,8,13,10,6,0,5,7,18,8,11,6,0,5,7,18,8,6,5,6,22,5,3,0,8,13,10,6,11,5,7,18,8,0,18,11,13,12,18,22,13,12,18,22,13,10,9,22,13,12,18,22,13,12,18,22,6,18,22,13,12,18,22,13,12,18,22,13,12,18,22,13,12,18,22,13,12,18,22,13,0,22,0,4,18,0,13,9,0,22,0,4,18,0,13,9,0,22,0,4,18,0,13,0,22,0,3,18,18,13,12,15,22,0,3,18,0,13,12,15,22,11,11,18,0,13,7,22,5,7,18,22,13,12,18,22,5,7,18,9,13,12,18,22,13,12,18,9,13,18,22,13,12,18,22,13,12,18,22,13,12,18,22,13,12,18,22,13,12,18,22,13,18,22,13,12,18,9,13,10,8,22,13,12,18,22,13,10,8,22,6,7,18,22,13,12,22,9,9,18,0,13,8,0,22,9,9,18,15,13,8,0,22,0,3,18,15,13
13,12,18,22,13,12,18,22,13,12,18,22,13,12,18,22,13,8,0,22,13,12,18,6,7,18,9,13,10,8,22,6,7,18,9,13,10,8,22,6,3,0,9,13,10,8,0,3,18,0,13,8,0,22,0,3,18,0,13,8,0,22,0,0,0,0,13,8,0,0,3,18,0,13,8,0,22,0,3,18,0,13,8,0,22,0,0,0,0,13,8,0,0,3,18,0,13,8,0,22,0,3,18,0,13,8,0,22,0,0,0,0,13,8,0,0,3,18,0,13,8,0,22,0,3,18,0,13,8,0,22,0,0,0,0,13,8,0,0,2,10,0,7,5,0,13,0,2,10,0,7,5,0,13,0,0,0,0,7,5,0,7,7,7,7,7,7,7,7,7,7,7,7,7,7,7,7,7,0,0,3,7,7,7,8,8,8,8,8,8,8,8,8,8,8,8,8,8,8,8,8,0,0,4,8,8,8,0,1,11,11,11,3,0,9,11,11,7,0,5,11,11,11,0,0,0,0,5,11,11,0,3,26,20,25,8,0,23,20,22,18,0,13,23,20,27,0,0,0,0,13,23,20,0,3,18,9,13,8,0,22,5,7,18,0,13,10,7,22,0,0,0,0,13,10,7,0,3,18,22,10,6,0,22,13,11,13,0,13,12,18,16,0,0,0,0,13,12,18,0,3,18,22,0,0,0,22,13,8,0,0,13,12,18,0,0,0,0,0,13,12,18,10,3,18,23,17,16,0,22,13,21,17,4,13,12,25,17,10,0,0,0,13,12,25,8,3,18,11,14,13,0,22,6,14,14,3,13,10,14,14,8,0,0,0,13,10,14,0,3,24,13,13,4,0,23,13,13,8,0,13,18,13,13,0,0,0,0,13,18,13,0,3,25,18,24,8,0,23,18,20,18,0,13,22,18,26,0,0,0,0,13,22,18,1,5,18,3,13,9,2,22,1,5,18,3,13,9,2,22,1,1,0,3,13,9,2,13,12,18,22,13,12,18,22,13,12,18,22,13,12,18,22,13,8,0,22,13,12,18,13,12,18,22,13,12,18,22,13,12,18,22,13,12,18,22,13,8,0,22,13,12,18,13,12,18,22,13,12,18,22,13,12,18,22,13,12,18,22,13,8,0,22,13,12,18,10,10,18,17,13,12,14,22,10,10,18,17,13,12,14,22,10,6,0,17,13,12,14
10,14,10,9,22,7,9,17,12,14,10,9,0,0,17,29,0,7,29,10,0,27,20,0,14,21,17,25,0,4,25,17,23,7,0,0,0,17,29,0,7,29,10,0,27,20,0,14,18,14,25,0,4,23,14,22,7,0,0,0,17,29,0,7,29,10,0,27,20,0,14,7,0,22,0,4,17,0,14,7,0,0,0,17,29,0,7,29,10,0,27,20,0,14,7,0,22,0,4,17,0,14,7,0,0,0,17,29,0,7,29,10,0,27,20,0,14,7,0,22,0,4,17,0,14,7,0,0,0,17,29,0,7,29,10,0,27,20,0,14,7,0,22,0,4,17,0,14,7,0,0,0,17,29,0,7,29,10,0,27,20,0,14,7,0,22,0,4,17,0,14,7,0,0,0,17,29,0,7,29,10,0,27,20,0,2,1,0,4,0,0,3,0,2,1,0,0,0,17,29,0,7,29,10,0,27,20,11,17,17,17,17,17,17,17,17,17,17,5,0,0,17,29,0,7,29,10,0,27,20,0,0,0,0,0,0,0,0,0,0,0,0,0,0,17,29,0,7,29,10,0,27,20,0,10,21,21,20,0,3,21,21,21,5,0,0,0,17,29,0,7,29,10,0,27,20,0,14,16,10,24,0,4,22,10,20,7,0,0,0,17,29,0,7,29,10,0,27,20,0,14,11,13,22,0,4,17,16,14,7,0,0,0,17,29,0,7,29,10,0,27,20,0,5,8,17,22,0,1,7,22,14,7,0,0,0,17,29,0,7,29,10,0,27,20,0,0,4,17,22,0,0,0,22,14,7,0,0,0,17,29,0,7,29,10,0,27,20,1,27,28,17,22,0,20,27,27,14,7,0,0,0,17,29,0,7,29,10,0,27,20,0,4,4,2,22,0,3,4,4,14,7,0,0,0,17,29,0,7,29,10,0,27,20,0,11,23,23,26,0,3,23,23,26,7,0,0,0,17,29,0,0,1,0,0,1,1,0,14,14,8,24,0,4,21,8,19,7,0,0,0,17,29,0,2,10,4,0,10,7,8,14,10,8,22,6,8,17,10,14,10,8,0,0,17,29,0,7,29,10,0,27,20,18,14,12,17,22,14,12,17,22,14,12,17,0,0,17,29,0,7,29,10,0,27,20,18,14,12,17,22,14,12,17,22,14,12,17,0,0,17,29,0,7,29,10,0,27,20
10,8,22,13,12,18,22,13,10,8,22,6,8,18,22,13,12,18,22,6,8,18,0,8,0,22,11,11,18,19,13,8,0,22,0,3,18,19,13,12,15,22,0,3,18,0,8,0,22,0,3,18,0,13,8,0,22,0,3,18,0,13,8,0,22,0,3,18,0,12,18,22,13,12,18,22,13,12,18,22,13,12,18,22,13,12,18,22,13,12,18,0,8,18,22,13,12,18,22,13,12,18,12,13,12,18,22,13,12,18,22,13,11,10,0,1,7,22,5,5,10,9,13,10,7,0,5,7,18,9,7,6,7,22,5,3,0,0,8,6,22,4,2,0,7,13,10,6,18,4,6,18,7,0,1,6,22,4,6,15,0,12,18,22,13,8,0,22,13,12,18,22,13,12,18,22,0,3,18,22,13,12,18,0,12,18,22,13,8,0,22,13,12,18,22,13,12,18,22,0,3,18,22,13,12,18,0,12,18,22,13,8,0,22,13,12,18,22,13,12,18,22,0,3,18,22,13,12,18,0,12,14,22,13,8,0,22,13,12,14,22,10,10,18,22,0,3,18,22,10,10,18,0,8,0,22,13,8,0,22,13,8,0,22,0,3,18,22,0,3,18,22,0,3,18,0,7,0,17,13,8,0,22,10,6,0,18,0,3,14,22,0,3,18,17,0,3,15,0,0,0,0,13,8,0,22,0,0,0,0,0,0,0,22,0,3,18,0,0,0,0,0,0,0,11,26,8,0,23,23,0,0,0,0,0,19,27,0,3,27,16,0,0,1,4,0,0,4,8,2,0,7,8,0,0,0,0,0,7,8,0,1,8,6,0,0,6,29,0,0,0,0,0,0,0,0,0,0,0,0,0,0,0,0,0,0,0,0,0,6,29,0,0,0,0,0,0,0,0,0,0,0,0,0,0,0,0,0,0,0,0,0,6,29,0,0,0,0,0,0,0,0,0,0,0,0,0,0,0,0,0,0,0,0,0,6,29,0,0,0,0,0,0,0,0,0,0,0,0,0,0,0,0,0,0,0,0,0,4,19,0,0,13,27,8,0,22,27,0,0,0,0,0,23,27,0,3,27,19,0,0,0,0,0,0,2,16,8,0,23,4,0,0,0,0,0,4,23,0,3,20,3,0,0,0,0,3,0,9,13,8,0,22,5,3,0,9,0,1,7,22,0,3,18,9,0,1,7,0
0,0,1,3,3,29,7,3,3,2,0,3,3,29,7,3,3,2,0,0,0,0,0,0,0,12,28,28,28,28,28,28,20,4,28,28,29,29,28,28,20,0,0,0,0,0,7,7,7,7,7,7,7,7,7,7,6,0,0,28,3,6,7,7,7,5,0,0,0,8,8,8,8,8,8,8,8,8,8,6,0,0,28,3,7,8,8,8,6,0,0,0,0,0,0,0,0,0,0,0,0,0,0,0,0,28,3,0,0,0,0,0,0,0,0,17,17,17,17,17,17,17,17,17,17,17,0,0,28,3,0,0,0,0,0,0,0,0,29,29,29,29,29,29,29,29,29,29,29,0,0,28,3,0,0,16,28,1,0,0,0,27,22,5,3,0,17,29,4,7,0,5,3,0,28,3,0,0,16,29,1,2,10,4,26,21,13,8,0,16,29,5,18,0,13,8,12,29,21,11,0,16,29,1,6,29,11,26,21,13,8,0,16,29,5,18,0,13,8,8,12,12,7,0,16,29,1,6,29,11,27,24,7,0,6,20,29,9,8,7,8,0,0,0,0,0,0,14,25,1,6,25,10,29,29,27,0,22,29,29,29,29,29,29,0,0,0,0,0,0,0,0,0,0,0,0,10,10,10,0,8,10,10,10,10,10,10,0,0,0,0,0,0,0,0,0,0,0,0,17,17,17,17,17,17,17,17,17,17,17,17,17,17,17,17,17,17,17,17,17,17,17,0,0,0,0,0,0,0,0,0,0,0,0,0,0,0,0,0,0,0,0,0,0,0,17,17,17,17,17,11,0,0,0,0,2,17,17,17,17,17,17,17,17,17,17,17,17,14,17,17,17,17,17,18,5,0,0,0,0,0,0,0,0,0,8,17,17,17,17,17,0,0,0,0,0,0,13,8,0,0,0,0,0,3,16,0,0,0,0,0,0,0,0,0,0,0,22,0,0,13,8,0,0,0,0,0,3,18,0,0,0,0,0,13,8,0,0,0,0,22,0,0,13,8,0,0,0,0,0,3,18,0,0,0,0,0,13,8,0,0,0,0,9,0,0,13,8,0,0,0,0,0,1,7,0,0,0,0,0,5,3,0,17,17,17,17,6,0,13,8,0,20,17,17,17,17,17,17,17,17,17,17,17,11,0,17,17,17,17,21,11,13,8,0,22,2,17,17,17,17,17,17,17,17,17,17,22,17
29,11,0,0,3,18,0,13,8,0,22,0,3,18,0,13,8,0,22,0,3,18,0,29,11,0,0,3,18,0,13,8,0,22,0,3,18,0,13,8,0,22,0,3,18,0,29,11,0,0,3,18,0,13,8,0,22,0,3,18,0,13,8,0,22,0,3,18,0,29,11,0,0,3,18,0,13,8,0,22,0,3,18,0,13,8,0,22,0,3,18,0,29,11,0,0,3,17,0,12,8,0,20,0,3,17,0,12,8,0,20,0,3,17,0,29,11,0,0,0,0,0,0,0,0,0,0,0,0,0,0,0,0,0,0,0,0,0,29,11,0,2,17,17,17,17,17,17,17,17,17,17,17,17,17,17,17,17,17,17,17,7,3,0,0,0,1,1,1,0,0,1,1,1,1,0,0,1,1,1,0,0,1,1,4,1,0,0,3,29,29,29,8,0,23,29,29,18,0,13,29,29,28,0,3,29,29,29,11,0,0,3,19,8,14,8,0,23,5,7,18,0,13,11,7,23,0,3,19,8,29,11,0,0,3,18,22,13,8,0,22,13,12,18,0,13,12,18,22,0,3,18,22,29,11,0,0,0,1,22,13,8,0,1,13,12,18,0,0,4,18,22,0,0,1,22,29,11,0,0,5,7,24,13,8,2,7,18,12,18,0,7,10,18,22,0,5,7,24,29,11,0,0,17,25,24,13,8,9,25,25,11,18,0,25,25,15,22,0,17,25,24,29,11,0,0,0,3,3,16,8,0,3,3,7,18,0,1,3,3,23,0,0,3,3,29,11,0,0,3,29,28,29,8,0,23,28,29,18,0,13,29,28,28,0,3,29,28,29,11,0,0,3,18,0,13,8,0,22,0,3,18,0,13,8,0,22,0,3,18,0,29,11,0,11,11,18,18,13,12,15,22,11,11,18,18,13,12,15,22,11,11,18,18,29,11,0,13,12,18,22,13,12,18,22,13,12,18,22,13,12,18,22,13,12,18,22,29,11,0,13,12,18,22,13,12,18,22,13,12,18,22,13,12,18,22,13,12,18,22,29,11,0,13,12,18,22,13,12,18,22,13,12,18,22,13,12,18,22,13,12,18,22,29,11,0,1,4,18,2,13,9,1,22,1,4,18,2,13,9,1,22,1,4,18,2,29,11,0,0,3,18,0,13,8,0,22,0,3,18,0,13,8,0,22,0,3,18,0
1,12,12,12,12,12,12,7,0,0,0,0,6,29,11,0,26,21,0,16,29,1,6,7,7,7,7,7,7,7,7,7,7,7,0,6,29,11,0,26,21,0,16,29,1,6,8,8,8,8,8,8,8,8,8,8,8,0,6,29,11,0,26,21,0,16,29,1,6,19,19,5,0,0,0,0,0,0,0,0,0,6,29,11,0,26,21,0,16,29,1,6,29,28,7,0,0,0,26,21,0,16,29,1,6,29,11,0,26,21,0,16,29,1,6,18,0,0,21,0,0,26,21,0,16,29,1,6,29,11,0,26,21,0,16,29,1,6,18,0,0,22,0,0,26,21,0,16,29,1,6,29,11,0,26,21,0,16,29,1,6,18,0,0,22,0,0,26,21,0,16,29,1,6,29,11,0,26,21,0,16,29,1,6,18,0,0,13,0,0,26,21,0,16,29,1,1,7,3,0,7,5,0,4,7,0,6,24,15,4,0,0,0,26,21,0,16,29,1,1,4,1,0,4,3,0,2,4,0,6,29,29,7,0,0,0,10,8,0,6,11,0,6,29,11,0,26,21,0,16,29,1,6,2,2,0,0,0,0,0,0,0,0,0,0,6,29,11,0,26,21,0,16,29,1,6,17,17,17,17,17,17,17,17,17,17,17,0,6,29,11,0,26,21,0,16,29,1,6,4,0,0,0,0,0,0,0,0,0,0,0,6,29,11,0,26,21,0,16,29,1,6,29,1,21,29,29,29,7,0,0,0,0,0,6,29,11,0,26,21,0,16,29,1,6,29,1,13,25,29,19,5,0,0,14,25,1,6,29,11,0,26,21,0,16,29,1,6,29,3,8,16,29,3,8,0,0,16,29,1,6,29,11,0,26,21,0,16,29,1,6,29,5,18,16,29,5,18,0,0,16,29,1,6,29,11,0,26,21,0,16,29,1,6,29,5,18,16,29,5,18,0,0,16,29,1,6,29,11,0,26,21,0,16,29,1,6,29,3,9,16,29,3,9,0,0,16,29,1,6,29,11,0,26,21,0,16,29,1,6,29,18,17,24,29,18,6,0,0,0,0,0,0,0,0,0,0,0,0,0,0,0,3,29,29,29,29,29,29,10,0,0,0,0,0,0,0,0,0,0,0,0,0,0,0,0,0,0,0,0,0,0,0,0,0,0,0,0,0,0,0,0,0,0,0,0,0,0,6
11,19,22,12,11,9,22,6,7,19,22,12,12,19,22,6,7,19,10,12,12,19,22,10,19,19,12,9,0,22,0,2,19,19,12,12,16,22,0,2,19,0,12,12,16,22,2,19,0,12,9,0,22,0,2,19,0,12,9,0,22,0,2,19,0,12,9,0,22,11,19,22,12,12,19,22,12,12,19,22,12,12,19,22,12,12,19,22,12,12,19,22,11,19,22,12,12,19,12,12,12,19,22,12,12,19,22,12,11,10,22,12,12,19,22,5,10,9,12,11,7,0,5,6,19,9,6,6,7,22,5,3,0,9,12,11,7,12,2,0,7,12,10,6,18,4,6,19,7,0,0,6,22,4,5,15,7,12,10,6,0,8,0,22,12,12,19,22,12,12,19,22,0,2,19,22,12,12,19,22,12,12,19,0,8,0,22,12,12,19,22,12,12,19,22,0,2,19,22,12,12,19,22,12,12,19,0,8,0,22,12,12,19,22,12,12,19,22,0,2,19,22,12,12,19,22,12,12,19,0,8,0,22,12,12,15,22,9,10,19,22,0,2,19,22,9,10,19,17,12,12,19,0,8,0,22,12,9,0,22,0,2,19,22,0,2,19,22,0,2,19,0,12,12,19,0,8,0,22,9,7,0,18,0,2,15,22,0,2,19,17,0,2,15,0,9,10,19,0,8,0,22,0,0,0,0,0,0,0,22,0,2,19,0,0,0,0,0,0,2,19,0,8,0,22,23,1,0,4,2,0,19,28,0,2,27,17,0,0,0,0,3,24,19,0,2,0,6,8,0,5,29,12,0,7,8,0,0,8,6,0,0,0,0,1,8,5,0,0,0,0,0,0,5,29,12,0,0,0,0,0,0,0,0,0,0,0,0,0,0,0,0,0,0,0,0,5,29,12,0,0,0,0,0,0,0,0,0,0,0,0,0,0,0,0,0,0,0,0,5,29,12,0,0,0,0,0,0,0,0,0,0,0,0,0,0,0,0,0,0,0,0,3,19,8,0,0,0,0,0,0,0,0,0,0,0,0,0,0,0,8,0,21,27,1,0,0,0,0,22,27,0,2,27,20,0,0,0,0,3,27,18,0,8,0,22,4,0,0,0,0,0,3,24,0,2,21,3,0,0,0,0,0,7,19,0,8,0,22,5,3,0,9,0,1,7,22,0,2,19,9,0,1,7,0,5,6,19,0
29,11,0,0,3,18,0,13,8,0,22,0,3,18,0,13,8,0,22,0,3,18,0,29,11,0,10,10,18,16,13,11,13,22,10,10,18,16,13,11,13,22,10,10,18,16,29,11,0,13,12,18,22,13,12,18,22,13,12,18,22,13,12,18,22,13,12,18,22,29,11,0,13,12,18,22,13,12,18,22,13,12,18,22,13,12,18,22,13,12,18,22,29,11,0,13,12,18,22,13,12,18,22,13,12,18,22,13,12,18,22,13,12,18,22,29,11,0,2,5,18,3,13,9,3,22,2,5,18,3,13,9,3,22,2,5,18,3,29,11,0,0,3,25,17,23,8,0,23,17,19,18,0,13,21,17,26,0,3,25,17,25,10,0,0,3,24,14,14,4,0,23,14,14,9,0,13,19,14,14,0,3,24,14,0,0,0,0,3,18,11,13,12,0,22,6,13,13,3,13,10,13,13,7,3,18,11,17,6,0,0,3,18,23,18,17,0,22,13,22,18,4,13,12,25,18,10,3,18,23,29,11,0,0,3,18,22,0,0,0,22,13,8,0,0,13,12,18,0,0,3,18,22,29,11,0,0,3,18,22,9,5,0,22,13,11,12,0,13,12,18,15,0,3,18,22,29,11,0,0,3,18,9,13,8,0,22,6,7,18,0,13,10,8,22,0,3,18,9,29,11,0,0,3,26,19,24,8,0,23,19,21,18,0,13,22,19,26,0,3,26,19,29,11,0,0,1,12,12,12,3,0,10,12,12,8,0,6,12,12,12,0,1,12,12,29,11,0,1,7,7,7,7,7,7,7,7,7,7,7,7,7,7,7,7,7,7,7,29,11,0,1,8,8,8,8,8,8,8,8,8,8,8,8,8,8,8,8,8,8,8,29,11,0,0,2,10,0,7,4,0,12,0,2,10,0,7,4,0,12,0,2,10,0,29,11,0,0,3,18,0,13,8,0,22,0,3,18,0,13,8,0,22,0,3,18,0,29,11,0,0,3,18,0,13,8,0,22,0,3,18,0,13,8,0,22,0,3,18,0,29,11,0,0,3,18,0,13,8,0,22,0,3,18,0,13,8,0,22,0,3,18,0,29,11,0,0,3,18,0,13,8,0,22,0,3,18,0,13,8,0,22,0,3,18,0,29,11,0,5,7,18,9,13,10,7,22,5,7,18,9,13,10,7,22,5,7,18,9
10,7,22,12,12,19,22,12,11,7,22,5,6,19,22,12,12,19,22,5,6,19,9,11,19,22,12,12,19,22,12,12,19,22,12,12,19,22,12,12,19,22,12,12,19,22,11,19,22,5,7,19,9,12,12,19,22,12,12,19,9,12,11,8,22,12,12,19,22,10,13,22,0,2,19,0,12,11,13,22,8,9,19,0,12,9,0,22,8,9,19,15,8,0,22,0,2,19,0,12,9,0,22,0,2,19,0,12,9,0,22,0,2,19,0,5,0,22,0,1,12,0,12,9,0,14,0,2,19,0,8,6,0,22,0,1,12,0,0,0,22,5,2,3,4,16,9,0,0,0,2,21,5,2,2,5,24,0,0,0,0,7,17,20,28,12,19,22,26,11,17,11,11,11,26,29,12,12,28,26,11,10,9,20,11,19,0,12,12,19,22,0,2,19,22,12,9,0,22,12,12,19,0,12,12,19,22,11,19,0,12,12,19,22,0,2,19,22,12,9,0,22,12,12,19,0,12,12,19,22,9,5,0,12,11,12,22,0,0,5,22,3,2,0,22,8,9,19,0,3,5,19,6,8,0,0,12,9,0,22,0,0,0,22,0,0,0,22,0,2,19,0,0,2,19,0,8,0,8,6,6,7,11,4,3,0,22,0,1,7,11,4,5,9,8,0,2,19,0,8,0,22,4,6,19,7,12,9,0,22,0,2,19,7,12,10,6,22,0,2,19,0,8,0,22,12,12,19,22,12,9,0,22,0,2,19,22,12,12,19,22,0,2,19,0,8,0,22,12,12,19,22,12,9,0,22,0,2,19,22,12,12,19,22,0,2,19,0,0,0,0,12,10,0,22,0,0,0,0,0,0,0,22,0,3,19,0,0,0,0,0,0,0,0,12,9,0,22,0,0,0,0,0,0,0,22,0,2,19,0,0,0,0,0,0,0,9,12,11,7,22,5,3,0,0,0,1,7,22,5,6,19,9,0,0,0,0,0,0,22,12,12,19,22,12,9,0,0,0,2,19,22,12,12,19,22,0,0,0,0,5,0,22,12,12,19,22,12,9,0,13,0,2,19,22,12,12,19,22,0,1,11,0,8,0,22,12,12,19,22,12,9,0,22,0,2,19,22,12,12,19,22,0,2,19,0,8,0,22,12,12,19,22,12,9,0,22,0,2,19,22,12,12,19,22,0,2,19,0
8,0,6,3,0,9,0,1,8,0,6,3,0,9,0,1,8,0,6,3,0,0,0,1,0,1,0,0,2,0,0,1,0,1,0,0,2,0,0,1,0,1,0,0,0,0,17,17,17,17,17,17,17,17,17,17,17,17,17,17,17,17,17,17,17,17,6,0,2,0,0,0,0,0,0,0,0,0,0,0,0,0,0,0,0,0,0,0,0,0,0,0,25,25,25,7,0,20,25,25,15,0,11,25,25,24,0,3,25,25,25,7,0,0,0,21,7,18,8,0,23,7,10,18,0,13,14,7,24,0,3,21,7,18,8,0,0,0,18,19,13,8,0,22,11,11,18,0,13,12,15,22,0,3,18,19,13,8,0,0,0,5,22,13,8,0,6,13,12,18,0,4,6,18,22,0,1,5,22,13,8,0,0,0,0,23,13,8,0,0,14,12,18,0,0,4,18,22,0,0,0,23,13,8,0,0,0,29,28,13,8,10,29,29,12,18,0,29,29,18,22,0,20,29,28,13,8,0,0,0,1,1,13,8,0,1,1,4,18,0,1,1,1,22,0,1,1,1,13,8,0,0,0,26,26,28,8,0,21,26,27,18,0,12,26,26,28,0,3,26,26,28,8,0,0,0,21,5,17,8,0,23,5,9,18,0,13,13,5,24,0,3,21,5,17,8,0,0,0,18,13,13,11,10,22,7,9,18,13,13,11,10,22,7,9,18,13,13,11,10,0,7,18,22,13,12,18,22,13,12,18,22,13,12,18,22,13,12,18,22,13,12,18,0,13,18,22,13,12,18,22,13,12,18,22,13,12,18,22,13,12,18,22,13,12,18,0,13,18,22,13,12,18,22,13,12,18,22,13,12,18,22,13,12,18,22,13,12,18,0,13,18,7,13,10,6,22,4,6,18,7,13,10,6,22,4,6,18,7,13,10,6,0,4,18,0,13,8,0,22,0,3,18,0,13,8,0,22,0,3,18,0,13,8,0,0,0,18,0,13,8,0,22,0,3,18,0,13,8,0,22,0,3,18,0,13,8,0,0,0,18,0,13,8,0,22,0,3,18,0,13,8,0,22,0,3,18,0,13,8,0,0,0,18,0,13,8,0,22,0,3,18,0,13,8,0,22,0,3,18,0,13,8,0,0,0,8,0,6,4,0,10,0,1,8,0,6,4,0,10,0,1,8,0,6,4,0,0,0
14,8,8,8,5,0,29,2,0,0,0,27,20,0,17,29,0,7,29,10,0,0,0,11,0,2,3,3,3,29,2,0,0,0,27,20,0,17,29,0,7,29,10,0,0,0,11,0,18,28,28,28,28,2,0,0,0,27,20,0,17,29,0,7,29,10,0,0,0,11,0,0,0,0,0,0,0,0,0,0,27,20,0,17,29,0,4,17,6,0,0,0,13,5,5,5,3,0,0,0,0,0,0,27,20,0,17,29,0,0,0,0,0,0,0,20,29,29,29,16,0,0,0,0,0,0,27,20,0,17,29,0,6,25,9,0,0,0,9,12,12,12,7,0,0,0,0,0,0,27,20,0,17,29,0,7,29,10,0,0,0,5,7,7,7,7,7,7,7,0,0,0,27,20,0,17,29,0,7,29,10,0,0,0,6,8,8,8,8,8,8,8,0,0,0,27,20,0,17,29,0,7,29,10,0,0,0,8,19,19,19,19,19,19,1,0,0,0,27,20,0,17,29,0,7,29,10,0,0,0,12,28,28,28,28,28,29,2,0,0,0,27,20,0,17,29,0,7,29,10,0,13,10,0,0,0,0,0,0,29,2,0,0,0,27,20,0,17,29,0,7,29,10,0,27,20,11,17,17,17,17,6,29,2,0,0,0,27,20,0,17,29,0,7,29,10,0,27,20,0,0,0,0,0,0,29,2,0,0,0,27,20,0,17,29,0,7,29,10,0,27,20,0,1,1,1,1,1,29,2,0,0,0,27,20,0,17,29,0,7,29,10,0,27,20,12,29,29,29,29,29,29,2,0,0,0,27,20,0,17,29,0,7,29,10,0,27,20,7,17,17,17,17,17,29,2,0,0,0,27,20,0,17,29,0,7,29,10,0,26,19,0,0,0,0,0,0,29,2,0,0,0,27,20,0,17,29,0,7,29,10,0,0,0,11,17,17,17,17,5,29,2,0,0,0,27,20,0,17,29,0,7,29,10,0,0,0,0,0,0,0,0,0,29,2,0,0,0,27,20,0,17,29,0,7,29,10,0,0,0,20,29,29,29,16,0,29,2,0,0,0,27,20,0,17,29,0,7,29,10,0,0,0,17,18,18,18,10,0,29,2,0,0,0,27,20,0,17,29,0,7,29,10,0,0,0,11,0,0,0,0,0,29,2,0,0,0,27,20,0,17,29,0,7,29,10,0,0,0
6,0,17,0,3,14,0,10,6,0,17,0,3,14,0,10,6,0,17,0,3,14,0,8,0,22,0,3,18,0,13,8,0,22,0,3,18,0,13,8,0,22,0,3,18,0,8,0,22,0,3,18,0,13,8,0,22,0,3,18,0,13,8,0,22,0,3,18,0,8,0,22,0,3,18,0,13,8,0,22,0,3,18,0,13,8,0,22,0,3,18,0,8,0,22,0,3,18,0,13,8,0,22,0,3,18,0,13,8,0,22,0,3,18,0,10,1,23,0,3,19,1,15,8,0,23,1,5,18,0,13,10,1,23,0,3,19,1,29,29,28,0,3,29,29,29,8,0,23,29,29,18,0,13,29,29,28,0,3,29,29,10,2,23,1,4,19,3,14,9,1,23,2,5,18,2,13,10,2,23,1,4,19,3,12,18,22,13,12,18,22,13,12,18,22,13,12,18,22,13,12,18,22,13,12,18,22,12,18,22,13,12,18,22,13,12,18,22,13,12,18,22,13,12,18,22,13,12,18,22,9,18,14,13,11,12,22,8,9,18,14,13,11,12,22,8,9,18,14,13,11,12,22,3,18,0,13,8,0,22,0,3,18,0,13,8,0,22,0,3,18,0,13,8,0,22,3,18,22,13,12,18,22,0,3,18,0,13,12,18,22,13,12,18,0,13,8,0,22,3,18,22,13,12,18,22,0,3,18,0,13,12,18,22,13,12,18,0,13,8,0,22,3,18,22,13,12,18,22,0,3,18,0,13,12,18,22,13,12,18,0,13,8,0,22,3,18,22,13,12,18,22,0,0,0,0,13,12,18,22,13,12,18,0,0,0,0,22,3,16,22,12,11,18,19,0,0,0,0,12,11,18,19,13,12,16,0,0,0,0,19,0,0,22,0,3,18,0,0,0,0,0,0,3,18,0,13,8,0,0,0,0,0,0,0,0,22,0,3,18,0,0,0,0,0,0,3,18,0,13,8,0,0,0,0,0,0,2,11,22,8,9,18,13,0,2,11,0,8,9,18,13,13,11,11,0,8,5,0,13,3,18,22,13,12,18,22,0,3,18,0,13,12,18,22,13,12,18,0,13,8,0,22,3,18,17,13,12,14,22,0,3,18,0,13,12,14,22,10,10,18,0,13,8,0,22,3,14,0,10,6,0,17,0,3,14,0,10,6,0,17,0,3,14,0,10,6,0,17
21,0,15,29,2,0,19,12,12,19,22,12,12,19,22,12,12,16,22,12,12,19,22,21,0,15,29,2,0,22,9,9,19,16,12,12,13,22,9,9,19,16,12,12,13,22,21,0,15,29,2,0,22,0,2,19,3,12,10,2,22,0,2,19,0,12,10,2,22,21,0,15,29,2,0,22,0,2,19,22,12,12,19,22,0,2,19,0,12,12,19,22,21,0,15,29,2,0,22,9,10,19,22,12,12,19,22,9,10,19,16,12,12,19,22,21,0,15,29,2,0,22,12,12,19,22,12,12,19,22,12,12,19,22,12,12,19,22,21,0,15,29,2,0,22,12,12,19,2,12,10,1,22,12,12,19,22,12,10,1,22,21,0,15,29,2,0,22,4,6,19,0,12,9,0,22,4,6,19,7,12,9,0,22,21,0,15,29,2,0,22,0,2,19,0,12,9,0,22,0,2,19,0,12,9,0,22,21,0,15,29,2,0,6,0,2,19,0,3,2,0,22,0,0,5,0,12,9,0,6,21,0,15,29,2,0,0,3,5,25,15,6,6,15,26,3,2,0,5,12,20,10,11,21,0,15,29,2,0,19,12,11,17,26,12,12,25,17,12,12,16,22,7,18,19,22,21,0,15,29,2,0,22,12,9,0,22,12,12,19,0,12,12,19,22,0,2,19,22,21,0,15,29,2,0,22,12,9,0,22,12,12,19,0,12,12,19,21,0,2,19,22,21,0,15,29,2,0,22,0,0,0,22,3,5,19,0,0,2,19,0,0,2,19,6,21,0,15,29,2,0,22,0,0,0,22,0,2,19,0,0,2,19,0,0,2,19,0,21,0,15,29,2,0,22,0,2,13,3,9,7,3,16,0,2,19,0,9,7,3,16,21,0,15,29,2,0,22,0,2,19,15,12,11,13,22,0,2,19,0,12,11,13,22,19,0,15,29,2,0,22,0,2,19,22,12,12,19,22,0,2,19,0,12,12,19,22,0,0,15,29,2,0,16,0,2,13,22,9,9,19,16,0,2,13,0,9,9,19,16,12,0,15,29,2,0,0,0,0,0,22,0,2,19,0,0,0,0,0,0,2,19,0,21,0,15,29,2,0,0,0,0,0,22,0,2,19,0,0,0,0,0,0,2,19,0,21,0,9,17,1,0,0,0,2,14,22,9,10,19,16,0,0,0,0,9,10,19,16
13,13,13,13,13,13,13,13,8,0,0,0,0,1,13,13,13,13,13,13,13,13,13,18,18,18,18,18,18,18,18,12,0,0,0,0,2,18,18,18,18,18,18,18,18,18,17,17,17,17,17,17,17,17,17,17,17,17,17,17,17,17,17,17,17,17,17,17,17,0,0,0,0,0,0,0,0,0,0,0,0,0,0,0,0,0,0,0,0,0,0,0,21,21,21,21,21,21,13,0,0,0,0,0,0,0,0,1,21,21,21,21,21,21,13,26,26,26,27,29,28,16,0,9,6,3,0,9,5,3,1,26,29,29,26,26,26,16,0,0,0,6,29,11,0,0,22,13,8,0,22,13,8,0,0,26,21,0,0,0,0,7,7,4,6,29,11,0,0,22,13,8,0,22,13,8,0,0,26,21,0,7,7,7,25,25,13,6,29,11,0,0,22,13,8,0,22,13,8,0,0,26,21,0,25,25,25,0,0,0,6,29,11,0,0,22,13,8,0,22,13,8,0,0,26,21,0,0,0,0,17,17,17,20,29,22,10,0,12,13,8,0,22,7,4,1,17,28,26,17,17,17,17,29,29,29,29,29,29,17,0,0,13,8,0,22,0,0,1,29,29,29,29,29,29,29,0,0,0,0,0,0,0,0,0,13,8,0,22,0,0,0,0,0,0,0,0,0,0,17,17,17,17,17,17,17,17,11,13,8,0,22,2,17,17,17,17,17,17,17,17,17,0,0,0,0,0,0,0,0,0,13,8,0,22,0,0,0,0,0,0,0,0,0,0,17,17,17,17,17,6,0,0,22,13,8,0,22,13,8,0,0,14,17,17,17,17,17,0,0,0,0,0,0,0,0,22,13,8,0,22,13,8,0,0,0,0,0,0,0,0,0,0,8,17,17,17,17,17,26,13,8,0,22,13,20,17,17,17,17,17,0,0,0,5,9,9,9,9,9,2,0,22,13,8,0,22,13,8,0,7,9,9,9,9,9,0,3,6,6,6,6,17,8,0,22,0,0,0,0,13,8,0,23,6,6,6,6,6,0,5,5,5,5,0,13,8,0,22,0,0,0,0,13,8,0,22,0,2,5,5,5,5,10,10,10,10,0,13,8,0,22,0,0,0,0,13,8,0,22,0,5,10,10,10,10,0,0,0,0,0,2,1,0,10,0,0,0,0,6,4,0,3,0,0,0,0,0,0
0,18,13,0,0,26,21,0,16,29,1,6,29,11,0,26,21,0,3,18,22,13,12,0,18,13,0,0,25,20,0,15,27,1,6,27,11,0,26,21,0,3,18,22,13,12,0,18,13,0,0,0,0,0,0,0,0,0,0,0,0,26,21,0,3,18,22,13,12,11,18,13,0,0,13,10,0,8,14,0,3,14,5,0,26,21,0,1,9,22,6,8,0,18,13,0,0,26,21,0,16,29,1,6,29,11,0,26,21,0,0,0,23,7,10,5,21,13,0,0,26,21,0,16,29,1,6,29,11,0,26,21,0,0,0,20,25,25,29,29,13,0,0,26,21,0,16,29,1,6,29,11,0,26,21,0,0,1,3,3,5,12,23,13,0,0,26,21,0,16,29,1,6,29,11,0,26,21,0,0,10,28,29,12,0,18,13,0,0,26,21,0,16,29,1,6,29,11,0,26,21,0,0,0,0,13,12,10,18,13,0,0,26,21,0,16,29,1,6,29,11,0,26,21,0,0,0,7,13,12,2,18,13,0,0,26,21,0,16,29,1,6,29,11,0,26,21,0,0,0,22,10,10,17,25,13,0,0,26,21,0,16,29,1,6,29,11,0,26,21,0,0,0,23,9,12,29,29,13,0,0,26,21,0,16,29,1,6,29,11,0,26,21,0,0,0,18,22,22,0,0,0,0,0,26,21,0,16,29,1,6,29,11,0,26,21,0,0,0,0,0,0,17,17,17,6,0,26,21,0,16,29,1,6,29,11,0,5,4,0,0,14,17,17,17,0,0,0,0,0,26,21,0,16,29,1,6,29,11,0,6,5,0,0,0,3,0,0,0,0,0,0,0,26,21,0,16,29,1,6,29,11,0,26,21,0,0,0,22,0,3,0,0,0,0,0,26,21,0,16,29,1,6,29,11,0,26,21,0,0,0,22,0,3,0,0,0,0,0,26,21,0,16,29,1,6,29,11,0,26,21,0,0,0,22,0,3,17,3,0,0,0,26,21,0,16,29,1,6,29,11,0,26,21,0,0,0,22,0,3,14,2,0,0,0,26,21,0,16,29,1,6,29,11,0,26,21,0,0,0,22,0,3,0,0,0,0,0,26,21,0,16,29,1,6,29,11,0,26,21,0,0,0,23,13,16,0,0,0,0,0,26,21,0,16,29,1,6,29,11,0,26,21,0,0,0,23,18,20
0,0,0,10,10,8,22,6,8,17,22,14,12,17,22,6,8,17,0,0,0,0,0,0,0,0,10,7,0,22,0,4,17,19,14,12,14,22,0,4,17,0,0,0,0,0,0,0,0,10,7,0,22,0,4,17,0,14,7,0,22,0,4,17,0,0,0,0,0,0,0,0,10,12,17,22,14,12,17,22,14,12,17,22,14,12,17,0,0,0,0,0,0,0,0,10,12,17,12,14,12,17,22,14,12,17,22,14,10,9,0,0,0,0,0,0,0,0,10,9,7,0,5,8,17,9,7,6,7,22,5,3,0,0,0,0,0,0,0,0,0,10,9,5,18,4,7,17,7,0,1,5,22,4,6,14,0,0,0,0,0,0,0,0,10,12,17,22,14,12,17,22,0,4,17,22,14,12,17,0,0,0,0,0,0,0,0,10,12,17,22,14,12,17,22,0,4,17,22,14,12,17,0,0,0,0,0,0,0,0,10,12,17,22,14,12,17,22,0,4,17,22,14,12,17,0,0,0,0,0,0,0,0,10,11,13,22,11,11,17,22,0,4,17,22,11,11,17,0,0,0,0,0,0,0,0,10,7,0,22,0,4,17,22,0,4,17,22,0,4,17,0,0,0,0,0,0,0,0,8,6,0,18,0,3,13,22,0,4,17,17,0,3,14,0,0,0,0,0,0,0,0,0,0,0,0,0,0,0,22,0,4,17,0,0,0,0,0,0,0,0,0,0,0,0,8,0,0,0,0,0,20,26,0,4,27,15,0,0,1,4,1,0,0,0,0,0,0,3,0,0,0,0,0,7,8,0,1,8,5,0,0,7,29,10,0,0,0,0,0,0,0,0,0,0,0,0,0,0,0,0,0,0,0,0,7,29,10,0,0,0,0,0,0,0,0,0,0,0,0,0,0,0,0,0,0,0,0,7,29,10,0,0,0,0,0,0,0,0,0,0,0,0,0,0,0,0,0,0,0,0,7,29,10,0,0,0,0,0,0,0,0,0,0,0,0,0,0,0,0,0,0,0,0,5,19,7,0,0,0,0,0,0,10,0,0,0,0,0,24,26,0,4,27,18,0,0,0,0,0,0,0,0,0,0,0,1,0,0,0,0,0,4,23,0,4,19,3,0,0,0,0,0,0,0,0,0,0,0,4,3,0,9,0,1,7,22,0,4,17,9,0,1,7,0,0,0,0,0
1,12,12,12,12,12,12,12,12,12,12,12,12,12,12,12,12,12,12,12,12,12,5,0,3,3,3,3,3,3,3,3,3,3,3,3,3,3,3,3,3,3,3,3,3,1,0,1,17,17,17,6,0,12,17,17,11,0,6,17,17,17,0,1,17,17,17,6,0,0,1,25,15,21,10,0,21,16,16,20,0,11,21,15,26,0,1,25,15,21,10,0,0,1,20,12,12,10,0,21,7,8,20,0,11,12,11,21,0,1,20,12,12,10,0,0,1,20,21,7,6,0,21,12,12,11,0,11,12,20,12,0,1,20,21,7,6,0,0,1,20,21,0,0,0,21,12,10,0,0,11,12,20,0,0,1,20,21,0,0,0,0,1,20,21,23,22,0,21,12,25,22,6,11,12,27,22,14,1,20,21,23,22,0,0,1,20,7,9,9,0,21,4,9,9,2,11,11,9,9,6,1,20,7,9,9,0,0,1,26,18,18,6,0,21,19,18,13,0,11,23,18,18,0,1,26,18,18,6,0,0,1,25,13,20,10,0,21,14,15,20,0,11,19,13,25,0,1,25,13,20,10,0,3,5,20,6,12,11,6,21,4,5,20,6,12,11,6,21,4,5,20,6,12,11,3,11,12,20,21,12,12,20,21,12,12,20,21,12,12,20,21,12,12,20,21,12,12,12,11,12,20,21,12,12,20,21,12,12,20,21,12,12,20,21,12,12,20,21,12,12,12,11,12,20,21,12,12,20,21,12,12,20,21,12,12,20,21,12,12,20,21,12,12,12,7,8,20,13,12,12,12,21,8,8,20,13,12,12,12,21,8,8,20,13,12,12,7,0,1,20,0,11,10,0,21,0,1,20,0,11,10,0,21,0,1,20,0,11,10,0,0,1,20,0,11,10,0,21,0,1,20,0,11,10,0,21,0,1,20,0,11,10,0,0,1,20,0,11,10,0,21,0,1,20,0,11,10,0,21,0,1,20,0,11,10,0,0,1,20,0,11,10,0,21,0,1,20,0,11,10,0,21,0,1,20,0,11,10,0,0,1,15,0,8,8,0,16,0,1,15,0,8,8,0,16,0,1,15,0,8,8,0,0,2,2,2,2,2,2,2,2,2,2,2,2,2,2,2,2,2,2,2,2,2,1,1,13,13,13,13,13,13,13,13,13,13,13,13,13,13,13,13,13,13,13,13,13,6
21,0,16,29,1,6,29,11,0,0,22,0,3,18,0,13,8,0,22,0,3,18,0,21,0,16,29,1,4,17,7,0,0,22,0,3,18,0,13,8,0,22,0,3,18,0,21,0,16,29,1,0,0,0,0,0,22,0,3,18,0,13,8,0,22,0,3,18,0,21,0,16,29,1,0,0,0,0,0,22,0,3,18,0,13,8,0,22,0,3,18,0,21,0,16,29,1,0,0,0,1,7,22,5,7,18,9,13,10,7,22,5,7,18,9,21,0,16,29,1,0,0,0,3,18,22,13,12,18,22,13,12,18,22,13,12,18,22,8,0,6,11,0,0,0,0,3,18,22,13,12,18,22,13,12,18,22,13,12,18,22,0,0,0,0,0,0,0,0,3,18,22,13,12,18,22,13,12,18,22,13,12,18,22,17,17,11,0,0,0,0,0,1,9,22,6,8,18,11,13,10,9,22,6,8,18,11,0,0,0,0,0,0,0,0,0,0,23,7,10,18,0,13,14,7,24,0,3,21,7,0,0,0,0,0,0,0,0,0,0,20,25,25,18,0,11,25,25,27,0,3,25,25,18,0,14,25,1,5,25,9,0,1,3,3,5,18,0,3,3,2,22,0,2,3,3,21,0,16,29,1,6,29,11,0,10,28,29,12,18,0,28,29,18,22,0,20,28,28,21,0,16,29,1,6,29,11,0,0,0,13,12,18,0,0,3,18,22,0,0,0,22,21,0,16,29,1,6,29,11,0,0,7,13,12,18,0,4,6,18,22,0,1,6,22,21,0,16,29,1,6,29,11,0,0,22,10,10,18,0,13,12,14,22,0,3,18,17,0,0,0,0,0,6,29,11,0,0,23,9,12,18,0,13,15,9,25,0,3,22,9,0,0,0,0,0,6,29,11,0,0,18,22,22,14,0,10,22,22,22,0,3,22,22,0,0,0,0,0,6,29,11,0,0,0,0,0,0,0,0,0,0,0,0,0,0,0,17,17,11,0,0,6,29,11,0,14,17,17,17,17,17,17,17,17,17,17,17,17,17,0,0,0,0,0,6,29,11,0,0,4,0,0,3,0,2,1,0,4,0,0,3,0,0,0,0,0,0,6,29,11,0,0,22,0,3,18,0,13,8,0,22,0,3,18,0,13,0,10,18,1,6,29,11,0,0,22,0,3,18,0,13,8,0,22,0,3,18,0
1,8,0,6,3,0,9,0,1,8,0,6,3,0,9,0,0,0,0,6,3,0,9,0,1,0,1,0,0,2,0,0,1,0,1,0,0,2,0,0,0,0,1,0,0,2,17,17,17,17,17,17,17,17,17,17,17,17,17,17,17,17,0,0,8,17,17,17,17,0,0,0,0,0,0,0,0,0,0,0,0,0,0,0,0,0,0,0,0,0,0,0,3,25,25,25,7,0,20,25,25,15,0,11,25,25,24,0,0,0,0,11,25,25,24,3,21,7,18,8,0,23,7,10,18,0,13,14,7,24,0,0,0,0,13,14,7,24,3,18,19,13,8,0,22,11,11,18,0,13,12,15,22,0,0,0,0,13,12,15,22,1,5,22,13,8,0,6,13,12,18,0,4,6,18,22,0,0,0,0,4,6,18,22,0,0,23,13,8,0,0,14,12,18,0,0,4,18,22,0,0,0,0,0,4,18,22,20,29,28,13,8,10,29,29,12,18,0,29,29,18,22,0,0,0,0,29,29,18,22,1,1,1,13,8,0,1,1,4,18,0,1,1,1,22,0,0,0,0,1,1,1,22,3,26,26,28,8,0,21,26,27,18,0,12,26,26,28,0,0,0,0,12,26,26,28,3,21,5,17,8,0,23,5,9,18,0,13,13,5,24,0,0,0,0,13,13,5,24,9,18,13,13,11,10,22,7,9,18,13,13,11,10,22,7,5,0,13,13,11,10,22,12,18,22,13,12,18,22,13,12,18,22,13,12,18,22,13,8,0,22,13,12,18,22,12,18,22,13,12,18,22,13,12,18,22,13,12,18,22,13,8,0,22,13,12,18,22,12,18,22,13,12,18,22,13,12,18,22,13,12,18,22,13,8,0,22,13,12,18,22,6,18,7,13,10,6,22,4,6,18,7,13,10,6,22,4,2,0,7,13,10,6,22,3,18,0,13,8,0,22,0,3,18,0,13,8,0,22,0,0,0,0,13,8,0,22,3,18,0,13,8,0,22,0,3,18,0,13,8,0,22,0,0,0,0,13,8,0,22,3,18,0,13,8,0,22,0,3,18,0,13,8,0,22,0,0,0,0,13,8,0,22,3,18,0,13,8,0,22,0,3,18,0,13,8,0,22,0,0,0,0,13,8,0,22,1,8,0,6,4,0,10,0,1,8,0,6,4,0,10,0,0,0,0,6,4,0,10
21,12,12,20,21,12,11,9,21,6,7,20,21,12,12,20,21,6,7,20,0,4,22,21,10,11,20,18,12,10,0,21,0,1,20,18,12,12,17,21,0,1,20,0,4,22,21,0,1,20,0,11,10,0,21,0,1,20,0,11,10,0,21,0,1,20,0,4,22,21,12,12,20,21,12,12,20,21,12,12,20,21,12,12,20,21,12,12,20,0,4,22,21,12,12,20,21,12,12,20,11,12,12,20,21,12,12,20,21,12,12,11,0,4,22,21,5,5,11,8,12,11,8,0,4,6,20,8,6,6,8,21,5,4,0,0,4,22,21,4,3,0,7,12,11,6,17,4,5,20,7,0,0,6,21,4,5,16,0,4,22,21,12,10,0,21,12,12,20,21,12,12,20,21,0,1,20,21,12,12,20,0,4,22,21,12,10,0,21,12,12,20,21,12,12,20,21,0,1,20,21,12,12,20,0,4,22,21,12,10,0,21,12,12,20,21,12,12,20,21,0,1,20,21,12,12,20,0,4,22,21,12,10,0,21,12,12,16,21,10,10,20,21,0,1,20,21,10,10,20,0,4,22,21,12,10,0,21,12,10,0,21,0,1,20,21,0,1,20,21,0,1,20,0,4,22,16,12,10,0,21,10,8,0,17,0,1,16,21,0,1,20,16,0,1,16,0,4,22,0,11,10,0,21,0,0,0,0,0,0,0,21,0,1,20,0,0,0,0,0,4,22,10,26,10,0,21,24,2,0,0,0,0,18,28,0,1,28,18,0,2,4,0,4,22,3,8,3,0,6,8,0,0,0,0,0,6,8,0,0,8,6,0,14,29,3,4,22,0,0,0,0,0,0,0,0,0,0,0,0,0,0,0,0,0,0,14,29,3,4,22,0,0,0,0,0,0,0,0,0,0,0,0,0,0,0,0,0,0,14,29,3,4,22,0,0,0,0,0,0,0,0,0,0,0,0,0,0,0,0,0,0,14,29,3,4,22,0,0,0,0,0,0,0,0,0,0,0,0,0,0,0,0,0,0,9,19,2,4,22,12,27,10,0,20,27,2,0,0,0,0,21,27,0,1,27,21,0,0,0,0,4,22,2,14,10,0,21,5,0,0,0,0,0,3,23,0,1,22,3,0,0,0,0,4,22,8,12,10,0,21,5,4,0,8,0,0,8,21,0,1,20,8,0,0,8,0,4,22
17,17,17,17,17,17,17,17,17,17,17,17,16,0,0,0,0,0,13,17,17,17,17,15,15,15,15,15,15,15,15,15,15,15,15,15,0,0,0,0,0,12,15,15,15,15,17,17,17,17,17,17,17,17,17,17,17,17,17,17,17,17,17,17,17,17,17,17,17,0,0,0,0,0,0,0,0,0,0,0,0,0,0,0,0,0,0,0,0,0,0,0,25,25,23,0,18,25,25,25,25,25,23,0,0,0,0,0,0,0,0,0,18,25,25,29,28,22,0,17,23,23,23,29,28,22,0,6,6,10,0,7,6,9,0,17,27,29,26,21,0,0,0,0,0,0,26,21,0,0,13,12,18,0,13,12,18,0,0,16,29,26,21,0,10,10,10,9,0,26,21,0,0,13,12,18,0,13,12,18,0,0,16,29,26,21,0,21,21,21,19,0,26,21,0,0,13,12,18,0,13,12,18,0,0,16,29,26,21,0,0,0,0,0,0,26,21,0,0,13,12,18,0,13,12,18,0,0,16,29,29,27,20,20,20,20,20,20,29,27,19,0,6,7,18,0,13,10,8,0,15,26,29,27,27,27,27,27,27,27,27,27,27,26,0,0,3,18,0,13,8,0,0,20,27,27,0,0,0,0,0,0,0,0,0,0,0,0,0,4,18,0,13,8,0,0,0,0,0,15,15,15,15,15,15,15,15,15,15,15,15,15,4,18,0,13,8,13,15,15,15,15,0,0,0,0,0,0,0,0,0,0,0,0,0,4,18,0,13,9,1,0,0,0,0,5,0,12,19,17,17,17,17,17,11,0,0,13,12,18,0,13,12,18,0,0,8,17,7,0,13,8,0,0,0,0,0,0,0,0,13,12,18,0,13,12,18,0,0,0,0,0,0,13,8,0,0,2,17,17,17,17,17,23,12,18,0,13,12,25,17,17,17,17,0,0,13,8,3,12,12,12,12,12,8,0,13,12,17,0,12,12,18,0,6,12,12,17,17,23,8,0,3,3,3,3,7,18,0,13,8,0,0,0,3,18,0,13,11,3,0,0,13,15,8,8,8,8,3,3,18,0,13,8,0,0,0,3,18,0,13,8,1,7,0,3,7,7,7,7,7,2,3,18,0,13,8,0,0,0,3,18,0,13,8,1,4,0,0,0,0,0,0,0,0,0,1,0,5,3,0,0,0,1,6,0,0,0,0
18,29,0,8,29,9,0,28,19,0,3,9,22,8,9,16,12,15,10,9,22,8,3,18,29,0,8,29,9,0,28,19,0,0,0,24,17,20,16,0,15,20,17,25,0,0,18,29,0,8,29,9,0,28,19,0,0,0,24,14,17,16,0,15,18,14,24,0,0,18,29,0,8,29,9,0,28,19,0,0,0,22,0,5,16,0,15,6,0,22,0,0,18,29,0,8,29,9,0,28,19,0,0,0,22,0,5,16,0,15,6,0,22,0,0,18,29,0,8,29,9,0,28,19,0,0,0,22,0,5,16,0,15,6,0,22,0,0,18,29,0,8,29,9,0,28,19,0,0,0,22,0,5,16,0,15,6,0,22,0,0,18,29,0,8,29,9,0,28,19,0,0,0,22,0,5,16,0,15,6,0,22,0,0,18,29,0,8,29,9,0,28,19,0,0,0,4,0,1,3,0,3,1,0,4,0,0,18,29,0,8,29,9,0,28,19,0,0,15,17,17,17,17,17,17,17,17,17,17,10,18,29,0,8,29,9,0,28,19,0,0,0,0,0,0,0,0,0,0,0,0,0,0,18,29,0,8,29,9,0,28,19,0,0,0,19,21,21,12,0,11,21,21,19,0,0,18,29,0,8,29,9,0,28,19,0,0,0,24,10,14,16,0,15,15,10,24,0,0,18,29,0,8,29,9,0,28,19,0,0,0,22,11,11,16,0,15,11,12,22,0,0,18,29,0,8,29,9,0,28,19,0,0,0,9,15,12,16,0,6,8,16,22,0,0,18,29,0,8,29,9,0,28,19,0,0,0,0,15,12,16,0,0,5,16,22,0,0,18,29,0,8,29,9,0,28,19,0,0,12,27,29,12,16,2,27,28,16,22,0,11,18,29,0,8,29,9,0,28,19,0,0,2,4,4,7,16,0,4,4,2,22,0,1,1,1,0,0,1,0,0,28,19,0,0,0,20,23,25,16,0,12,23,23,26,0,0,6,10,0,3,10,3,0,28,19,0,0,0,23,8,13,16,0,15,13,8,24,0,0,18,29,0,8,29,9,0,28,19,0,2,7,22,7,9,16,10,15,9,7,22,7,3,18,29,0,8,29,9,0,28,19,0,5,16,22,15,12,16,22,15,12,16,22,15,6,18,29,0,8,29,9,0,28,19,0,5,16,22,15,12,16,22,15,12,16,22,15,6
9,5,24,13,12,21,5,13,12,18,22,2,9,18,22,13,13,3,22,13,12,18,4,9,28,26,12,11,26,28,8,6,3,14,13,27,17,19,12,27,18,14,2,4,12,23,3,18,0,0,0,0,22,0,0,0,0,13,8,0,0,0,3,18,0,0,0,0,22,3,18,0,12,8,0,22,0,3,17,0,13,8,0,20,0,3,18,0,12,8,0,22,3,18,0,13,8,0,22,0,3,18,0,13,8,0,22,0,3,18,0,13,8,0,22,12,18,0,13,8,0,22,13,12,18,22,13,8,0,22,0,3,18,22,13,12,18,22,12,18,16,13,11,13,22,13,12,18,22,13,11,13,22,10,10,18,22,13,12,18,22,12,18,22,13,12,18,22,13,12,18,22,13,12,18,22,13,12,18,22,13,12,18,22,5,18,22,13,12,18,22,1,5,18,3,13,12,18,22,13,12,18,3,13,9,2,22,3,18,11,13,10,9,22,0,3,18,0,13,10,9,22,6,8,18,0,13,8,0,22,6,18,7,13,10,6,22,4,6,18,7,13,10,6,22,4,6,18,7,13,10,6,22,12,18,22,13,12,18,22,13,12,18,22,13,12,18,22,13,12,18,22,13,12,18,22,12,18,22,13,12,18,22,13,9,3,22,13,12,18,22,13,12,18,22,2,5,18,22,4,18,1,2,2,1,22,0,1,2,1,13,9,1,4,0,4,18,1,1,1,1,22,9,18,15,0,2,12,22,9,9,18,15,13,11,12,0,9,9,18,15,13,11,12,22,12,18,22,0,3,18,22,13,12,18,22,13,12,18,0,13,12,18,22,13,12,18,22,12,18,22,0,3,18,22,13,12,18,22,13,12,18,0,13,12,18,22,13,12,18,22,12,18,22,0,3,18,22,13,12,18,22,13,12,18,0,13,12,18,22,13,12,18,22,7,18,22,0,3,18,22,6,7,18,9,13,12,18,0,13,12,18,9,13,10,8,22,3,18,22,0,3,18,22,0,3,18,0,13,12,18,0,13,12,18,0,13,8,0,22,1,8,22,0,3,18,9,0,1,8,0,6,7,18,0,13,10,8,0,6,4,0,9,0,3,23,0,3,20,2,0,0,0,0,0,7,18,0,13,11,1,0,0,0,0,1,0,24,28,0,3,28,20,0,8,14,0,4,28,18,0,13,28,10,0,0,0,0,14
16,5,0,0,0,0,0,22,0,1,7,7,7,7,7,7,7,7,7,7,7,7,4,16,5,0,0,0,0,0,22,0,6,27,25,25,25,25,25,25,26,28,25,25,25,14,16,5,0,0,0,0,0,22,0,6,15,0,0,0,0,0,0,11,20,0,0,0,0,16,5,0,0,0,0,0,22,0,6,15,0,0,0,0,19,3,12,20,0,0,0,0,16,5,0,0,0,0,0,22,0,6,15,12,13,4,0,22,13,14,20,12,13,4,0,16,5,0,0,0,0,0,22,0,6,15,16,16,5,0,22,13,14,20,16,16,5,0,16,5,0,0,0,0,0,22,0,6,15,16,6,2,0,22,10,14,20,16,6,2,0,16,5,0,0,0,0,0,22,0,6,15,5,0,0,0,22,0,11,20,5,0,0,0,16,5,0,0,0,0,0,22,0,6,27,14,0,0,0,8,0,11,28,14,0,0,0,16,5,0,0,0,0,0,22,0,2,8,5,0,0,0,0,0,3,8,5,0,0,0,16,5,0,0,0,0,0,22,0,10,17,17,17,17,17,17,17,17,17,17,17,17,10,16,5,0,0,0,0,0,22,0,0,0,0,1,9,9,9,8,0,8,9,9,9,1,16,5,0,0,0,0,0,22,0,0,0,0,5,29,29,29,25,0,25,29,29,29,4,16,5,0,0,0,0,0,22,0,0,0,0,1,8,29,22,7,0,7,22,29,8,1,16,5,0,0,0,0,0,22,0,0,0,0,0,0,29,18,0,6,15,19,28,6,15,16,5,0,0,0,0,0,22,0,0,0,0,0,0,29,18,0,6,15,19,28,6,15,16,5,0,0,0,0,0,22,0,0,0,0,0,0,29,18,0,2,5,19,28,2,5,16,5,0,0,0,0,0,22,0,0,0,0,5,29,29,29,29,29,29,29,29,29,17,16,5,0,0,0,0,0,22,0,0,0,0,3,18,18,18,18,18,18,18,18,18,11,16,5,0,0,0,0,0,22,0,0,0,0,0,0,0,0,0,0,0,0,0,0,0,16,5,0,0,0,0,0,22,0,4,7,7,7,7,7,7,7,7,7,7,7,7,4,16,5,0,0,0,0,0,22,0,5,8,8,8,8,8,8,8,8,8,8,8,8,5,16,5,0,0,0,0,0,22,0,0,0,0,0,0,0,0,0,0,0,0,0,5,16
16,0,0,0,0,0,13,17,17,17,17,17,17,17,17,17,17,17,17,17,17,17,17,15,0,0,0,0,0,12,15,15,15,15,15,15,15,15,15,15,15,15,15,15,15,15,17,17,17,17,17,17,17,17,17,17,17,17,17,17,17,17,17,17,17,17,17,17,17,0,0,0,0,0,0,0,0,0,0,0,0,0,0,0,0,0,0,0,0,0,0,0,0,0,0,0,0,0,0,0,18,25,25,25,25,25,23,0,18,25,25,25,25,25,23,6,6,10,0,7,6,9,0,17,27,29,24,23,23,22,0,17,27,29,24,23,23,22,13,12,18,0,13,12,18,0,0,16,29,1,0,0,0,0,0,16,29,1,0,0,0,13,12,18,0,13,12,18,0,0,16,29,1,7,10,10,10,2,16,29,1,2,10,10,13,12,18,0,13,12,18,0,0,16,29,1,15,21,21,21,4,16,29,1,5,21,21,13,12,18,0,13,12,18,0,0,16,29,1,0,0,0,0,0,16,29,1,0,0,0,6,7,18,0,13,10,8,0,15,26,29,21,20,20,20,20,20,26,29,21,20,20,19,0,3,18,0,13,8,0,0,20,27,27,27,27,27,27,27,27,27,27,27,27,27,26,0,4,18,0,13,8,0,0,0,0,0,0,0,0,0,0,0,0,0,0,0,0,0,15,4,18,0,13,8,13,15,15,15,15,15,15,15,15,15,15,15,15,15,15,15,15,0,4,18,0,13,9,1,0,0,0,0,0,0,0,0,0,0,0,0,0,0,0,0,13,12,18,0,13,12,18,0,0,8,17,17,17,17,17,18,17,0,1,18,18,18,18,13,12,18,0,13,12,18,0,0,0,0,0,0,0,0,3,18,0,1,29,29,29,29,23,12,18,0,13,12,25,17,17,17,17,17,6,0,0,3,18,0,0,0,0,0,0,13,12,17,0,12,12,18,0,6,12,12,12,12,12,5,3,18,0,0,0,0,0,0,13,8,0,0,0,3,18,0,13,11,3,3,3,3,1,3,25,17,17,17,17,17,17,13,8,0,0,0,3,18,0,13,8,1,8,8,8,8,11,18,0,0,0,0,0,0,13,8,0,0,0,3,18,0,13,8,1,7,7,7,7,7,5,0,1,29,29,29,29,5,3,0,0,0,1,6,0,0,0,0,0,0,0,0,0,0,0,1,17,17,17,17
3,18,0,13,8,0,22,0,3,18,0,13,8,0,22,0,3,18,0,0,0,6,29,10,18,16,13,11,13,22,10,10,18,16,13,11,13,22,10,10,18,16,0,0,6,29,12,18,22,13,12,18,22,13,12,18,22,13,12,18,22,13,12,18,22,0,0,6,29,12,18,22,13,12,18,22,13,12,18,22,13,12,18,22,13,12,18,22,0,0,6,29,12,18,22,13,12,18,22,13,12,18,22,13,12,18,22,13,12,18,22,0,0,6,29,5,18,3,13,9,3,22,2,5,18,3,13,9,3,22,2,5,18,3,0,0,6,29,19,18,0,13,21,17,26,0,3,25,17,23,8,0,23,17,19,18,0,0,0,6,29,14,9,0,13,19,14,14,0,3,24,14,14,4,0,23,14,14,9,0,0,0,6,25,13,13,3,13,10,13,13,7,3,18,11,13,12,0,22,6,13,13,3,0,0,0,0,22,18,4,13,12,25,18,10,3,18,23,18,17,0,22,13,22,18,4,0,0,3,17,8,0,0,13,12,18,0,0,3,18,22,0,0,0,22,13,8,0,0,0,0,6,29,11,12,0,13,12,18,15,0,3,18,22,9,5,0,22,13,11,12,0,0,0,6,29,7,18,0,13,10,8,22,0,3,18,9,13,8,0,22,6,7,18,0,0,0,6,29,21,18,0,13,22,19,26,0,3,26,19,24,8,0,23,19,21,18,0,0,0,6,29,12,8,0,6,12,12,12,0,1,12,12,12,3,0,10,12,12,8,0,0,0,6,29,7,7,7,7,7,7,7,7,7,7,7,7,7,7,7,7,7,7,5,0,0,6,29,8,8,8,8,8,8,8,8,8,8,8,8,8,8,8,8,8,8,6,0,0,6,29,2,10,0,7,4,0,12,0,2,10,0,7,4,0,12,0,2,10,0,0,0,6,29,3,18,0,13,8,0,22,0,3,18,0,13,8,0,22,0,3,18,0,0,0,6,29,3,18,0,13,8,0,22,0,3,18,0,13,8,0,22,0,3,18,0,0,0,6,29,3,18,0,13,8,0,22,0,3,18,0,13,8,0,22,0,3,18,0,0,0,6,29,3,18,0,13,8,0,22,0,3,18,0,13,8,0,22,0,3,18,0,0,0,6,29,7,18,9,13,10,7,22,5,7,18,9,13,10,7,22,5,7,18,9,0,0,6,29
10,19,22,12,12,19,22,12,12,19,19,12,12,19,22,12,12,19,22,12,12,16,22,11,13,22,9,9,19,16,12,12,13,22,9,9,19,16,12,12,13,22,9,9,19,16,8,0,22,1,4,19,3,12,9,0,22,0,2,19,3,12,10,2,22,0,2,19,0,8,0,22,12,12,19,22,12,9,0,22,0,2,19,22,12,12,19,22,0,2,19,0,11,14,22,12,12,19,22,12,12,14,22,9,10,19,22,12,12,19,22,9,10,19,16,11,19,22,12,12,19,22,12,12,19,22,12,12,19,22,12,12,19,22,12,12,19,22,11,19,22,1,3,19,2,12,12,19,22,12,12,19,2,12,10,1,22,12,12,19,22,9,6,22,0,2,19,0,12,10,6,22,4,6,19,0,12,9,0,22,4,6,19,7,8,0,22,0,2,19,0,12,9,0,22,0,2,19,0,12,9,0,22,0,2,19,0,2,0,22,0,0,5,0,12,9,0,6,0,2,19,0,3,2,0,22,0,0,5,0,0,4,22,15,6,9,12,22,10,4,0,3,5,25,15,6,6,15,26,3,2,0,5,10,19,13,22,12,19,22,17,8,19,19,12,11,17,26,12,12,25,17,12,12,16,22,11,19,0,12,12,19,22,0,2,19,22,12,9,0,22,12,12,19,0,12,12,19,22,11,18,0,12,12,19,22,0,2,18,22,12,9,0,22,12,12,19,0,12,12,19,21,8,0,0,12,10,5,22,0,0,0,22,0,0,0,22,3,5,19,0,0,2,19,0,8,0,0,12,9,0,22,0,0,0,22,0,0,0,22,0,2,19,0,0,2,19,0,8,0,16,2,3,13,3,9,6,0,22,0,2,13,3,9,7,3,16,0,2,19,0,8,0,22,8,9,19,15,12,9,0,22,0,2,19,15,12,11,13,22,0,2,19,0,8,0,22,12,12,19,22,12,9,0,22,0,2,19,22,12,12,19,22,0,2,19,0,6,0,16,12,12,13,22,9,6,0,16,0,2,13,22,9,9,19,16,0,2,13,0,0,0,0,12,9,0,22,0,0,0,0,0,0,0,22,0,2,19,0,0,0,0,0,0,0,0,12,9,0,22,0,0,0,0,0,0,0,22,0,2,19,0,0,0,0,0,0,0,16,12,12,14,22,9,7,0,0,0,2,14,22,9,10,19,16,0,0,0,0
29,11,0,9,5,26,21,0,2,12,16,29,4,12,0,6,29,11,15,0,2,12,0,29,11,0,13,8,26,21,0,3,18,16,29,5,18,0,6,29,11,22,0,3,18,12,29,11,0,9,6,26,21,0,2,13,16,29,4,13,0,6,29,11,16,0,2,13,0,29,23,19,19,19,28,27,19,19,19,25,29,20,19,19,22,29,23,19,19,19,7,0,28,28,28,28,28,28,28,28,28,28,28,28,28,28,28,28,28,28,28,28,28,10,0,0,0,0,0,0,0,0,0,0,0,0,0,0,0,0,0,0,0,0,0,0,0,0,0,0,0,0,0,0,0,0,0,0,0,0,0,0,0,0,0,0,0,0,0,0,0,17,17,17,17,17,17,17,17,17,17,17,17,17,17,17,17,17,17,17,17,17,1,0,17,17,17,17,17,17,17,17,17,17,17,17,17,17,17,17,17,17,17,17,17,17,17,21,14,14,14,14,14,14,24,21,14,14,14,14,14,14,24,21,14,14,14,14,14,14,13,0,0,0,0,3,0,18,13,0,0,0,0,3,0,18,13,0,0,0,0,3,0,14,1,2,0,3,18,9,18,14,1,2,0,3,18,9,18,14,1,2,0,3,18,9,14,15,22,0,3,18,16,18,14,15,22,0,3,18,16,18,14,15,22,0,3,18,16,14,15,22,0,3,18,16,18,14,15,22,0,3,18,16,18,14,15,22,0,3,18,16,14,15,1,0,3,18,6,18,14,15,1,0,3,18,6,18,14,15,1,0,3,18,6,16,1,0,0,3,18,0,18,16,1,0,0,3,18,0,18,16,1,0,0,3,18,0,28,10,0,0,0,0,0,18,28,10,0,0,0,0,0,18,28,10,0,0,0,0,0,7,7,7,7,7,7,7,7,7,7,7,7,7,7,7,7,7,7,7,7,7,7,7,8,8,8,8,8,8,8,8,8,8,8,8,8,8,8,8,8,8,8,8,8,8,8,19,19,19,18,0,15,19,19,19,19,19,19,0,0,0,0,0,0,0,0,0,0,0,28,29,29,27,0,22,29,29,29,28,28,28,0,0,0,0,0,0,0,0,0,13,10,2,26,21,4,2,0,16,29,3,6,0,4,2,0,0,0,0,0,0,0,0,26,21,8,26,21,13,8,0,16,29,5,18,0,13,8,13,21,21,13,0,0,0,0,26,21
4,23,23,23,23,23,23,23,23,23,23,26,17,0,0,0,0,1,1,0,0,1,0,1,8,8,8,8,8,8,8,8,8,8,8,5,0,0,0,0,0,0,0,0,0,0,3,17,17,17,17,17,17,17,17,17,17,17,14,0,0,11,17,17,17,17,17,17,2,0,0,0,1,1,1,1,1,1,0,0,0,0,0,0,0,0,0,0,0,0,0,0,5,11,7,29,29,29,29,29,29,11,0,0,0,0,4,2,0,3,4,0,2,4,0,3,6,4,18,29,23,17,17,17,6,0,0,0,2,29,15,0,22,25,0,12,29,5,0,0,0,2,29,15,0,0,0,0,0,0,0,2,29,15,0,22,25,0,12,29,5,3,17,11,2,29,15,0,14,17,17,17,16,0,2,29,15,0,22,25,0,12,29,5,2,14,9,2,29,15,0,11,14,14,17,27,0,2,29,15,0,22,25,0,12,29,5,0,0,0,2,29,15,0,0,0,0,4,27,0,2,29,15,0,22,25,0,12,29,5,5,27,27,28,29,29,27,27,27,11,4,27,0,2,29,15,0,22,25,0,12,29,5,4,20,20,20,20,20,20,20,20,8,4,27,0,2,29,15,0,22,25,0,12,29,5,1,7,7,7,7,7,7,7,7,7,6,27,0,2,29,15,0,22,25,0,12,29,5,1,8,8,8,8,8,8,8,8,8,6,27,0,2,29,15,0,22,25,0,12,29,5,0,3,3,0,0,0,0,0,0,0,4,27,0,2,29,15,0,22,25,0,12,29,5,2,12,24,2,0,15,25,25,25,25,26,27,0,2,29,15,0,22,25,0,12,29,5,0,0,19,2,0,13,22,22,22,22,24,27,0,2,29,15,0,22,25,0,12,29,5,0,0,19,2,0,0,0,0,0,0,4,27,0,2,29,15,0,22,25,0,12,29,5,1,0,19,6,3,3,3,3,3,3,5,27,0,2,29,15,0,22,25,0,12,29,5,0,0,19,14,12,12,12,12,12,12,7,27,0,2,29,15,0,22,25,0,12,29,5,3,15,25,2,0,4,7,7,7,7,11,27,0,2,25,13,0,22,25,0,12,29,5,0,0,0,0,0,17,29,29,29,29,29,27,0,0,0,0,0,22,25,0,12,29,5,0,0,0,0,0,6,10,10,10,10,10,10,0,0,0,0,0,22,25,0,12,29,5
12,5,3,8,8,8,5,3,12,5,3,8,8,2,0,11,9,0,0,0,8,8,5,29,18,6,0,10,10,10,15,29,18,10,10,10,2,0,6,5,0,0,0,10,10,10,29,29,17,1,29,29,29,29,29,29,29,29,29,7,0,0,0,0,0,1,29,29,29,7,7,4,0,7,7,7,7,7,7,7,7,7,2,0,0,0,0,0,0,7,7,7,17,17,17,17,17,17,17,17,17,17,17,17,17,17,17,17,17,17,17,17,17,17,17,2,2,2,2,2,2,2,2,2,2,2,2,2,2,1,0,0,0,1,2,2,2,2,29,29,29,29,29,29,29,29,29,29,29,29,29,29,17,0,0,0,12,29,29,29,29,0,0,0,1,0,0,0,0,0,0,0,0,0,0,0,0,0,0,0,0,0,0,0,0,0,3,18,0,0,0,0,0,13,8,0,0,0,0,0,0,0,0,0,0,0,3,0,0,3,18,0,0,0,0,0,13,8,0,0,0,0,0,0,0,0,0,0,0,3,0,0,1,7,0,0,0,0,0,5,3,0,0,0,0,0,0,0,0,0,0,0,2,29,5,10,29,29,29,29,29,29,29,29,29,29,29,15,0,0,0,10,29,29,29,29,14,13,13,14,14,14,14,13,1,1,1,1,1,1,1,0,0,0,0,1,1,1,1,19,19,19,19,19,19,19,17,0,0,0,0,0,0,0,0,0,0,0,0,0,0,0,0,0,0,0,0,0,0,0,0,0,0,0,0,0,0,0,0,0,0,0,0,0,0,15,15,15,15,15,15,15,15,15,15,15,15,15,15,15,15,15,15,15,15,15,15,15,0,0,0,0,0,0,0,0,0,0,0,0,0,0,0,0,0,0,0,0,0,0,0,10,10,10,10,10,10,10,10,10,10,10,10,10,10,10,10,0,8,10,10,10,10,10,29,29,29,29,29,29,29,29,29,29,29,29,29,29,29,27,0,22,29,29,29,29,29,7,7,20,29,9,7,7,13,29,16,7,7,7,27,24,7,0,6,20,29,9,7,7,0,3,19,29,6,1,2,10,29,14,2,0,4,27,23,4,0,3,19,29,6,1,2,0,22,29,29,29,7,12,29,29,29,17,2,29,29,29,27,0,22,29,29,29,7,12,0,10,13,13,13,3,6,13,13,13,8,1,13,13,13,13,0,10,13,13,13,3,6
13,29,4,0,25,6,2,7,7,7,18,29,11,7,7,7,7,7,18,29,11,2,0,13,29,4,0,25,6,8,29,29,29,29,29,29,29,29,29,29,29,29,29,29,10,0,13,29,4,0,25,6,3,10,10,10,10,10,10,10,10,10,10,10,10,10,10,4,0,13,29,4,0,25,8,17,17,17,17,17,17,17,17,17,17,17,17,17,17,17,17,7,13,29,4,0,25,6,0,0,0,0,0,0,0,0,0,0,0,0,0,0,0,0,0,13,29,4,0,25,11,5,5,5,5,4,0,0,13,13,13,13,13,13,13,1,0,0,13,29,4,0,25,29,29,29,29,29,20,0,0,22,2,2,2,2,2,2,0,0,0,13,29,4,0,25,16,12,12,12,12,9,0,0,21,0,0,0,7,9,9,9,9,4,13,29,4,0,25,6,0,0,0,0,0,0,0,21,0,0,0,5,6,6,6,6,3,13,29,4,0,25,8,13,13,13,13,13,13,14,21,0,13,17,17,17,17,26,1,0,13,29,4,0,25,7,2,2,2,2,2,2,3,21,0,0,0,0,0,0,20,1,0,0,0,0,0,25,20,17,17,17,17,12,0,0,19,17,17,17,17,13,0,20,1,0,0,0,0,0,25,29,29,29,29,29,20,0,0,0,0,0,0,0,0,0,10,0,0,0,0,0,0,0,0,0,0,0,0,0,0,0,0,0,0,0,0,0,0,0,0,0,0,0,0,12,17,17,17,17,17,17,17,17,17,17,17,17,17,17,17,17,17,17,7,0,0,0,0,0,0,0,0,0,0,0,0,0,0,0,0,0,0,0,0,0,0,0,0,0,0,0,0,0,2,7,7,7,7,7,7,7,7,7,7,7,7,7,7,2,0,8,18,3,0,0,0,9,29,29,29,29,29,29,29,29,29,29,29,29,29,29,10,0,13,29,4,0,0,0,3,10,10,26,26,10,10,10,10,13,29,20,10,10,10,4,0,13,29,4,0,0,10,17,17,1,23,25,0,17,17,13,3,29,14,0,7,9,9,4,13,29,4,0,0,8,14,14,1,23,25,0,14,14,11,3,29,14,0,5,6,6,3,13,29,4,0,0,0,1,5,5,25,25,5,5,2,1,9,29,17,5,5,5,2,0,2,5,0,0,0,0,9,29,29,29,29,29,29,10,9,29,29,29,29,29,29,10,0
0,0,0,0,0,0,0,0,0,0,0,0,0,0,0,0,0,0,12,18,18,11,0,17,17,17,17,17,17,17,17,17,17,17,17,17,17,17,17,17,17,17,17,17,17,17,0,0,0,0,0,0,0,0,0,0,0,0,0,0,0,0,0,0,0,0,0,0,0,0,0,0,0,0,0,0,0,0,0,0,0,0,0,0,0,0,0,0,0,0,0,0,8,0,2,8,3,0,8,6,0,5,8,0,2,8,3,0,8,6,0,5,8,0,2,29,1,6,29,11,0,26,21,0,16,29,1,6,29,11,0,26,21,0,16,29,1,6,29,1,6,29,11,0,26,21,0,16,29,1,6,29,11,0,26,21,0,16,29,1,6,29,1,6,29,11,0,26,21,0,16,29,1,6,29,11,0,26,21,0,16,29,1,6,29,1,6,29,11,0,26,21,0,16,29,1,6,29,11,0,26,21,0,16,29,1,6,15,1,3,15,6,0,14,11,0,9,15,1,3,15,6,0,14,11,0,9,15,1,3,0,0,0,0,0,0,0,0,0,0,0,0,0,0,0,0,0,0,0,0,0,0,0,0,0,0,0,0,0,0,0,0,0,0,0,0,0,0,0,0,0,0,0,0,0,0,17,17,17,17,17,17,17,17,17,17,17,17,17,17,17,17,17,17,17,17,17,17,17,0,0,0,0,0,0,0,0,0,0,0,0,0,0,0,5,17,17,16,0,0,0,0,20,1,4,20,8,0,18,15,0,11,20,1,0,0,0,8,26,14,13,0,0,0,4,29,1,6,29,11,0,26,21,0,16,29,1,0,0,0,8,23,2,11,0,0,0,6,29,1,6,29,11,0,26,21,0,16,29,1,0,0,0,8,23,3,18,0,0,0,6,29,1,6,29,11,0,26,21,0,16,29,1,0,0,0,8,23,3,18,0,0,0,6,29,1,6,29,11,0,26,21,0,16,29,1,0,0,0,8,23,3,18,0,0,0,6,29,1,6,29,11,0,26,21,0,16,29,1,0,0,0,8,23,3,18,0,0,0,6,21,1,5,21,8,0,19,16,0,12,21,1,0,0,0,8,24,3,3,0,0,0,5,0,0,0,0,0,0,0,0,0,0,0,0,0,0,0,8,28,28,27,0,0,0,0,7,7,7,7,7,7,7,7,7,7,7,7,7,7,7,7,7,7,7,7,7,7,7
1,19,14,13,13,13,13,13,13,13,13,13,13,13,13,13,13,13,13,13,12,0,0,1,18,18,18,18,18,18,18,18,18,18,18,18,18,18,18,18,18,18,18,16,0,0,4,17,17,17,17,17,17,17,17,17,17,17,17,17,17,17,17,17,17,17,17,17,4,0,0,0,0,0,0,0,0,0,0,0,0,0,0,0,0,0,0,0,0,0,0,0,0,0,0,0,18,21,21,21,21,21,18,0,18,21,21,21,21,21,18,0,0,0,0,0,0,0,0,22,26,26,26,29,28,22,0,22,26,26,26,29,28,22,0,6,5,3,0,0,0,0,0,0,0,0,29,18,0,0,0,0,0,0,29,18,0,0,16,12,7,0,3,7,7,7,7,2,0,29,18,1,7,7,7,6,0,29,18,0,0,16,12,7,0,11,28,25,25,25,8,0,29,18,3,25,25,25,19,0,29,18,0,0,16,12,7,0,11,20,0,0,0,0,0,29,18,0,0,0,0,0,0,29,18,0,0,16,12,7,0,11,20,0,14,17,17,17,29,25,17,17,17,17,17,17,29,25,14,0,9,10,7,0,11,20,0,25,29,29,29,29,29,29,29,29,29,29,29,29,29,25,0,0,6,7,0,11,20,0,0,0,0,0,0,0,0,0,0,0,0,0,0,0,0,0,0,6,7,0,11,20,10,17,17,17,17,17,17,17,17,17,17,17,17,17,17,17,17,15,6,7,0,11,20,0,0,0,0,0,0,0,0,0,0,0,0,0,0,0,0,0,0,6,7,0,11,25,15,15,15,15,15,2,0,13,18,17,17,17,17,17,10,0,0,16,12,7,0,11,29,29,29,29,29,29,4,0,16,5,0,0,0,0,0,0,0,0,16,12,7,0,11,21,2,2,2,2,2,0,0,16,5,0,0,4,17,17,17,17,17,24,12,7,0,11,20,0,0,0,0,0,0,0,16,5,3,9,9,9,9,9,5,0,16,12,7,0,11,20,11,17,17,17,17,17,17,24,5,2,6,6,6,6,12,15,0,16,5,0,0,11,20,0,0,0,0,0,0,0,16,10,5,5,5,5,1,6,15,0,16,5,0,0,11,29,27,27,27,27,27,4,0,6,10,10,10,10,10,2,6,15,0,16,5,0,0,8,20,20,20,20,20,20,3,0,0,0,0,0,0,0,0,1,2,0,7,2,0
0,22,19,12,12,22,19,12,12,22,19,12,12,22,19,12,12,0,0,0,12,29,5,0,22,8,11,12,9,19,7,5,22,8,11,12,9,19,7,5,0,0,0,12,29,5,0,22,0,9,12,0,19,2,0,22,0,9,12,0,19,2,0,0,0,0,12,29,5,0,22,0,9,12,0,19,2,0,22,0,9,12,0,19,2,0,0,0,0,7,17,3,0,22,0,9,12,0,19,2,0,22,0,9,12,0,19,2,0,0,0,0,0,0,0,0,22,0,9,12,0,19,2,0,22,0,9,12,0,19,2,0,0,0,0,10,25,4,0,13,0,5,7,0,11,1,0,13,0,5,7,0,11,1,0,0,0,0,12,29,5,1,7,7,7,7,7,7,7,7,7,7,7,7,7,7,7,1,0,0,0,12,29,5,1,8,8,8,8,8,8,8,8,8,8,8,8,8,8,8,1,0,0,0,12,29,5,0,11,11,11,5,0,7,11,11,9,0,3,11,11,11,1,0,0,0,0,12,29,5,0,27,20,23,12,0,19,21,20,22,0,9,24,20,26,2,0,0,0,0,12,29,5,0,22,7,11,12,0,19,6,5,22,0,9,12,9,19,2,0,0,0,0,12,29,5,0,22,19,10,9,0,19,12,12,16,0,9,12,22,14,2,0,0,0,0,12,29,5,0,22,19,2,0,0,19,12,12,0,0,9,12,22,0,0,0,0,0,0,12,29,5,0,22,19,19,17,0,19,12,23,17,6,9,12,27,17,12,0,0,0,0,12,29,5,0,22,9,14,14,0,19,7,14,14,5,9,12,14,14,10,0,0,0,0,12,29,5,0,26,13,13,6,0,19,15,13,10,0,9,20,13,13,1,0,0,0,0,12,29,5,0,27,18,22,12,0,19,20,18,22,0,9,23,18,26,2,0,0,0,0,12,29,5,0,22,2,10,12,3,19,4,1,22,2,10,12,3,19,4,1,0,0,0,12,29,5,0,22,19,12,12,22,19,12,12,22,19,12,12,22,19,12,12,0,0,0,12,29,5,0,22,19,12,12,22,19,12,12,22,19,12,12,22,19,12,12,0,0,0,12,29,5,0,22,19,12,12,22,19,12,12,22,19,12,12,22,19,12,12,0,0,0,12,29,5,0,22,15,12,12,17,19,10,9,22,15,12,12,17,19,10,9,0,0,0,12,29,5
11,11,9,21,12,12,20,21,12,11,9,21,6,7,20,21,12,12,20,21,6,7,12,11,10,0,21,10,11,20,18,12,10,0,21,0,1,20,18,12,12,17,21,0,1,12,11,10,0,21,0,1,20,0,11,10,0,21,0,1,20,0,11,10,0,21,0,1,12,11,12,20,21,12,12,20,21,12,12,20,21,12,12,20,21,12,12,20,21,12,12,12,6,7,20,21,12,12,20,21,12,12,20,11,12,12,20,21,12,12,20,21,12,12,6,0,0,8,21,5,5,11,8,12,11,8,0,4,6,20,8,6,6,8,21,5,4,0,9,9,6,21,4,3,0,7,12,11,6,17,4,5,20,7,0,0,6,21,4,5,10,11,12,20,21,12,10,0,21,12,12,20,21,12,12,20,21,0,1,20,21,12,12,12,11,12,20,21,12,10,0,21,12,12,20,21,12,12,20,21,0,1,20,21,12,12,12,11,12,20,21,12,10,0,21,12,12,20,21,12,12,20,21,0,1,20,21,12,12,12,11,12,16,21,12,10,0,21,12,12,16,21,10,10,20,21,0,1,20,21,10,10,12,11,10,0,21,12,10,0,21,12,10,0,21,0,1,20,21,0,1,20,21,0,1,12,9,8,0,16,12,10,0,21,10,8,0,17,0,1,16,21,0,1,20,16,0,1,10,0,0,0,0,11,10,0,21,0,0,0,0,0,0,0,21,0,1,20,0,0,0,0,0,0,0,10,26,10,0,21,24,2,0,4,2,0,18,28,0,1,28,18,0,0,0,0,0,0,3,8,3,0,6,8,0,4,29,13,0,6,8,0,0,8,6,0,0,0,0,0,0,0,0,0,0,0,0,0,4,29,13,0,0,0,0,0,0,0,0,0,0,0,0,0,0,0,0,0,0,0,0,4,29,13,0,0,0,0,0,0,0,0,0,0,0,0,0,0,0,0,0,0,0,0,4,29,13,0,0,0,0,0,0,0,0,0,0,0,0,0,0,0,0,0,0,0,0,3,19,9,0,0,0,0,0,0,0,0,0,0,0,0,0,12,27,10,0,20,27,2,0,0,0,0,21,27,0,1,27,21,0,0,0,0,0,0,2,14,10,0,21,5,0,0,0,0,0,3,23,0,1,22,3,0,0,0,4,4,0,8,12,10,0,21,5,4,0,8,0,0,8,21,0,1,20,8,0,0,5
3,3,3,3,3,3,3,3,3,3,2,0,3,3,3,3,3,3,3,3,3,3,3,29,29,29,29,29,29,29,29,29,29,17,2,29,29,29,29,29,29,29,29,29,29,29,14,14,23,29,15,14,14,18,29,20,8,1,14,28,25,14,14,14,23,29,15,14,14,0,0,16,29,1,0,0,6,29,11,0,0,0,26,21,0,0,0,16,29,1,0,0,0,21,29,29,28,7,12,28,29,28,16,2,27,29,29,26,0,21,29,29,28,7,12,0,16,20,20,20,5,9,20,20,20,12,2,20,20,20,19,0,16,20,20,20,5,9,0,0,0,0,0,0,0,0,0,0,0,0,0,0,0,0,0,0,0,0,0,0,0,29,29,29,29,29,29,29,29,18,0,0,0,0,3,29,29,29,29,29,29,29,29,29,6,6,6,6,6,6,6,6,5,3,3,3,3,4,6,6,6,6,6,6,6,6,6,12,12,12,12,12,12,12,12,12,12,12,12,12,12,12,12,12,12,12,12,12,12,12,7,7,7,7,7,7,4,0,0,0,0,0,0,0,0,0,7,7,7,7,7,7,4,29,29,29,29,29,29,17,0,0,0,0,0,0,0,0,1,29,29,29,29,29,29,17,10,10,10,15,29,18,6,0,21,13,8,0,22,13,8,0,10,28,24,10,10,10,6,0,0,0,6,29,11,0,0,22,13,8,0,22,13,8,0,0,26,21,0,0,0,0,23,23,12,6,29,11,0,0,22,13,8,0,22,13,8,0,0,26,21,0,23,23,23,8,8,4,6,29,11,0,0,22,13,8,0,22,13,8,0,0,26,21,0,8,8,8,3,3,3,10,29,14,2,0,22,13,8,0,22,13,8,0,3,27,23,3,3,3,3,29,29,29,29,29,29,17,0,0,13,8,0,22,0,0,1,29,29,29,29,29,29,29,14,14,14,14,14,14,8,0,0,13,8,0,22,0,0,0,14,14,14,14,14,14,14,13,13,13,13,13,13,13,13,9,13,8,0,22,2,13,13,13,13,13,13,13,13,13,2,2,2,2,2,2,2,2,2,13,8,0,22,0,2,2,2,2,2,2,2,2,2,9,9,9,9,9,3,0,0,11,13,8,0,22,6,4,0,0,8,9,9,9,9,9,4,4,4,4,4,1,0,0,3,2,1,0,3,2,1,0,0,4,4,4,4,4,4
18,22,13,12,18,22,13,12,18,19,13,12,18,22,13,12,18,22,13,12,16,22,13,13,22,10,10,16,16,13,11,13,0,10,10,18,16,12,10,13,22,10,6,0,16,13,0,22,0,0,0,0,13,8,0,10,0,3,18,0,0,0,0,22,0,1,8,0,13,18,22,13,8,0,22,13,12,18,22,13,12,18,22,0,3,18,22,13,12,18,22,13,18,22,13,8,0,22,13,12,18,22,13,12,18,22,0,3,18,22,13,12,18,22,13,18,22,13,8,0,22,13,12,18,22,13,12,18,22,0,3,18,22,13,12,18,22,13,18,22,13,8,0,22,13,12,18,22,13,12,18,22,0,3,18,22,13,12,18,22,13,1,22,13,8,0,22,13,9,1,22,1,4,18,22,0,3,18,22,1,4,18,2,13,0,22,13,8,0,22,13,8,0,22,0,3,18,22,0,3,18,22,0,3,18,0,13,0,2,13,8,0,22,1,0,0,3,0,0,1,22,0,3,18,2,0,0,2,0,1,0,6,21,8,0,23,13,0,0,0,0,0,11,25,0,3,24,9,0,0,0,0,2,0,9,18,5,0,15,18,0,0,0,0,0,15,18,0,2,18,13,0,0,0,0,3,0,0,0,0,0,0,0,0,0,0,0,0,0,0,0,0,0,0,0,0,0,0,0,0,0,0,0,0,0,0,0,0,0,0,0,0,0,0,0,0,0,0,0,0,0,0,0,0,0,0,0,0,0,0,0,0,0,0,0,0,0,0,0,0,0,0,0,0,0,0,0,0,0,0,0,0,0,0,0,0,0,0,0,0,0,0,0,0,0,0,0,0,0,8,17,5,0,14,17,0,0,0,0,0,14,17,0,2,17,12,0,0,0,0,2,0,7,21,8,0,23,14,0,0,0,0,0,12,25,0,3,24,10,0,0,0,0,2,0,1,13,8,0,22,0,0,0,1,0,0,1,22,0,3,18,1,0,0,1,0,0,0,22,13,8,0,22,13,8,0,22,0,3,18,22,0,3,18,22,0,3,18,0,13,0,22,13,8,0,22,13,9,0,22,0,4,18,22,0,3,18,22,0,4,18,0,13,18,22,13,8,0,22,13,12,18,22,13,12,18,22,0,3,18,22,13,12,18,22,13,18,22,13,8,0,22,13,12,18,22,13,12,18,22,0,3,18,22,13,12,18,22,13
9,0,1,8,0,6,3,0,9,0,1,8,0,6,3,0,9,0,1,8,0,6,3,2,0,0,1,0,1,0,0,2,0,0,1,0,1,0,0,2,0,0,1,0,1,0,17,17,17,17,17,17,17,17,17,17,17,17,17,17,17,17,17,17,17,17,17,17,17,0,0,0,0,0,0,0,0,0,0,0,0,0,0,0,0,0,0,0,0,0,0,0,20,25,25,15,0,11,25,25,24,0,3,25,25,25,7,0,20,25,25,15,0,11,25,23,7,10,18,0,13,14,7,24,0,3,21,7,18,8,0,23,7,10,18,0,13,14,22,11,11,18,0,13,12,15,22,0,3,18,19,13,8,0,22,11,11,18,0,13,12,6,13,12,18,0,4,6,18,22,0,1,5,22,13,8,0,6,13,12,18,0,4,6,0,14,12,18,0,0,4,18,22,0,0,0,23,13,8,0,0,14,12,18,0,0,4,29,29,12,18,0,29,29,18,22,0,20,29,28,13,8,10,29,29,12,18,0,29,29,1,1,4,18,0,1,1,1,22,0,1,1,1,13,8,0,1,1,4,18,0,1,1,21,26,27,18,0,12,26,26,28,0,3,26,26,28,8,0,21,26,27,18,0,12,26,23,5,9,18,0,13,13,5,24,0,3,21,5,17,8,0,23,5,9,18,0,13,13,22,7,9,18,13,13,11,10,22,7,9,18,13,13,11,10,22,7,9,18,13,13,11,22,13,12,18,22,13,12,18,22,13,12,18,22,13,12,18,22,13,12,18,22,13,12,22,13,12,18,22,13,12,18,22,13,12,18,22,13,12,18,22,13,12,18,22,13,12,22,13,12,18,22,13,12,18,22,13,12,18,22,13,12,18,22,13,12,18,22,13,12,22,4,6,18,7,13,10,6,22,4,6,18,7,13,10,6,22,4,6,18,7,13,10,22,0,3,18,0,13,8,0,22,0,3,18,0,13,8,0,22,0,3,18,0,13,8,22,0,3,18,0,13,8,0,22,0,3,18,0,13,8,0,22,0,3,18,0,13,8,22,0,3,18,0,13,8,0,22,0,3,18,0,13,8,0,22,0,3,18,0,13,8,22,0,3,18,0,13,8,0,22,0,3,18,0,13,8,0,22,0,3,18,0,13,8,10,0,1,8,0,6,4,0,10,0,1,8,0,6,4,0,10,0,1,8,0,6,4
9,0,1,8,0,6,3,0,9,0,1,8,0,6,3,0,9,0,1,8,0,6,3,2,0,0,1,0,1,0,0,2,0,0,1,0,1,0,0,2,0,0,1,0,1,0,17,17,17,17,17,17,17,17,17,17,17,17,17,17,17,17,17,17,17,17,17,17,17,0,0,0,0,0,0,0,0,0,0,0,0,0,0,0,0,0,0,0,0,0,0,0,20,25,25,15,0,11,25,25,24,0,3,25,25,25,7,0,20,25,25,15,0,11,25,23,7,10,18,0,13,14,7,24,0,3,21,7,18,8,0,23,7,10,18,0,13,14,22,11,11,18,0,13,12,15,22,0,3,18,19,13,8,0,22,11,11,18,0,13,12,6,13,12,18,0,4,6,18,22,0,1,5,22,13,8,0,6,13,12,18,0,4,6,0,14,12,18,0,0,4,18,22,0,0,0,23,13,8,0,0,14,12,18,0,0,4,29,29,12,18,0,29,29,18,22,0,20,29,28,13,8,10,29,29,12,18,0,29,29,1,1,4,18,0,1,1,1,22,0,1,1,1,13,8,0,1,1,4,18,0,1,1,21,26,27,18,0,12,26,26,28,0,3,26,26,28,8,0,21,26,27,18,0,12,26,23,5,9,18,0,13,13,5,24,0,3,21,5,17,8,0,23,5,9,18,0,13,13,22,7,9,18,13,13,11,10,22,7,9,18,13,13,11,10,22,7,9,18,13,13,11,22,13,12,18,22,13,12,18,22,13,12,18,22,13,12,18,22,13,12,18,22,13,12,22,13,12,18,22,13,12,18,22,13,12,18,22,13,12,18,22,13,12,18,22,13,12,22,13,12,18,22,13,12,18,22,13,12,18,22,13,12,18,22,13,12,18,22,13,12,22,4,6,18,7,13,10,6,22,4,6,18,7,13,10,6,22,4,6,18,7,13,10,22,0,3,18,0,13,8,0,22,0,3,18,0,13,8,0,22,0,3,18,0,13,8,22,0,3,18,0,13,8,0,22,0,3,18,0,13,8,0,22,0,3,18,0,13,8,22,0,3,18,0,13,8,0,22,0,3,18,0,13,8,0,22,0,3,18,0,13,8,22,0,3,18,0,13,8,0,22,0,3,18,0,13,8,0,22,0,3,18,0,13,8,10,0,1,8,0,6,4,0,10,0,1,8,0,6,4,0,10,0,1,8,0,6,4
22,13,12,18,22,13,12,18,22,13,12,18,22,13,12,18,22,13,12,18,22,13,12,22,6,7,18,9,13,10,8,22,6,7,18,9,13,10,8,22,6,7,18,9,13,10,22,0,3,18,0,13,8,0,22,0,3,18,0,13,8,0,22,0,3,18,0,13,8,22,0,3,18,0,13,8,0,22,0,3,18,0,13,8,0,22,0,3,18,0,13,8,22,0,3,18,0,13,8,0,22,0,3,18,0,13,8,0,22,0,3,18,0,13,8,22,0,3,18,0,13,8,0,22,0,3,18,0,13,8,0,22,0,3,18,0,13,8,13,0,2,10,0,7,5,0,13,0,2,10,0,7,5,0,13,0,2,10,0,7,5,7,7,7,7,7,7,7,7,7,7,7,7,7,7,7,7,7,7,7,7,7,7,7,8,8,8,8,8,8,8,8,8,8,8,8,8,8,8,8,8,8,8,8,8,8,8,9,11,11,7,0,5,11,11,11,0,1,11,11,11,3,0,9,11,11,7,0,5,11,23,20,22,18,0,13,23,20,27,0,3,26,20,25,8,0,23,20,22,18,0,13,23,22,5,7,18,0,13,10,7,22,0,3,18,9,13,8,0,22,5,7,18,0,13,10,22,13,11,13,0,13,12,18,16,0,3,18,22,10,6,0,22,13,11,13,0,13,12,22,13,8,0,0,13,12,18,0,0,3,18,22,0,0,0,22,13,8,0,0,13,12,22,13,21,17,4,13,12,25,17,10,3,18,23,17,16,0,22,13,21,17,4,13,12,22,6,14,14,3,13,10,14,14,8,3,18,11,14,13,0,22,6,14,14,3,13,10,23,13,13,8,0,13,18,13,13,0,3,24,13,13,4,0,23,13,13,8,0,13,18,23,18,20,18,0,13,22,18,26,0,3,25,18,24,8,0,23,18,20,18,0,13,22,22,1,5,18,3,13,9,2,22,1,5,18,3,13,9,2,22,1,5,18,3,13,9,22,13,12,18,22,13,12,18,22,13,12,18,22,13,12,18,22,13,12,18,22,13,12,22,13,12,18,22,13,12,18,22,13,12,18,22,13,12,18,22,13,12,18,22,13,12,22,13,12,18,22,13,12,18,22,13,12,18,22,13,12,18,22,13,12,18,22,13,12,22,10,10,18,17,13,12,14,22,10,10,18,17,13,12,14,22,10,10,18,17,13,12
0,0,0,0,0,0,0,0,0,0,0,0,0,0,0,0,0,0,0,0,0,0,0,0,0,0,0,0,0,0,0,0,0,0,0,0,0,0,0,0,0,0,0,0,0,0,0,0,0,0,0,0,0,0,0,0,0,0,0,0,0,0,0,0,0,0,0,0,0,0,0,0,0,0,0,0,0,0,0,0,0,0,0,0,0,0,0,0,0,0,0,0,0,0,0,0,0,0,0,0,0,0,0,0,0,0,0,0,0,0,0,0,0,0,0,0,0,0,0,0,0,0,0,0,0,0,0,0,0,0,0,0,0,0,0,0,0,0,0,0,0,0,0,0,16,28,1,0,0,0,0,0,0,0,0,0,0,0,0,0,0,17,17,17,6,0,0,16,29,1,2,17,17,17,17,17,17,17,17,17,17,17,17,17,0,3,2,0,0,0,16,29,1,0,0,0,0,0,0,0,0,0,0,0,0,8,11,0,13,8,0,0,0,16,29,1,5,22,9,0,20,16,0,13,22,1,0,0,21,29,0,13,8,0,0,0,16,29,1,6,29,11,0,26,21,0,16,29,1,0,0,5,20,0,13,8,0,0,0,16,29,1,6,29,11,0,26,21,0,16,29,1,0,3,16,16,0,13,8,0,0,0,16,29,1,6,29,11,0,26,21,0,16,29,1,0,3,18,16,3,13,9,2,0,0,16,29,1,6,29,11,0,26,21,0,16,29,1,0,3,18,16,22,13,12,18,0,0,16,29,1,6,29,11,0,26,21,0,16,29,1,0,0,1,16,22,13,12,18,0,0,16,29,1,4,19,7,0,17,14,0,11,19,1,0,0,25,29,22,13,12,18,0,0,16,28,1,0,0,0,0,0,0,0,0,0,0,0,0,15,18,0,0,0,0,0,0,0,0,0,0,0,0,0,0,0,0,0,0,0,0,0,0,0,0,0,0,0,0,0,0,0,0,0,0,0,0,0,0,0,0,0,0,0,0,0,0,0,0,0,0,0,0,0,0,0,0,0,0,0,0,0,0,0,0,0,0,0,0,0,0,0,0,0,0,0,0,0,0,0,0,0,0,0,0,0,0,0,0,0,0,0,0,0,0,0,0,0,0,0,0,0,0,0,0,0,0,0,0,0,0,0,0,0,0,0,0,0,0,0,0,0,0,0,0,0,0,0,0,0,0,0,0,0,0,0,0,0,0
0,0,0,0,0,0,0,0,0,0,0,0,0,0,0,0,0,0,0,0,0,0,0,0,0,0,0,0,0,0,0,0,0,0,0,0,0,0,0,0,0,0,0,0,0,0,0,0,0,0,4,8,8,8,8,8,8,8,8,8,8,8,8,8,2,0,0,0,0,0,0,0,0,3,7,7,7,7,7,7,7,7,7,7,7,7,7,1,0,0,0,0,0,0,0,0,0,4,8,0,10,2,0,13,0,4,8,0,10,2,0,0,0,0,0,0,0,0,0,0,7,14,0,17,4,0,22,0,7,14,0,17,4,0,0,0,0,0,0,0,0,0,0,7,14,0,17,4,0,22,0,7,14,0,17,4,0,0,0,0,0,0,0,0,0,0,7,14,0,17,4,0,22,0,7,14,0,17,4,0,0,0,0,0,0,0,0,0,0,7,14,0,17,4,0,22,0,7,14,0,17,4,0,0,0,0,0,0,0,0,0,6,10,14,9,17,8,6,22,7,10,14,9,17,8,6,0,0,0,0,0,0,0,0,13,12,14,22,17,12,14,22,17,12,14,22,17,12,14,0,0,0,0,0,0,0,0,13,12,14,22,17,12,14,22,17,12,14,22,17,12,14,0,0,0,0,0,0,0,0,13,12,14,22,17,12,14,22,17,12,14,22,17,12,14,0,0,0,0,0,0,0,0,6,10,14,10,17,8,6,22,8,10,14,10,17,8,6,0,0,0,0,0,0,0,0,4,14,14,0,17,12,8,23,0,7,19,8,21,4,0,0,0,0,0,0,0,0,0,11,25,14,0,14,23,23,24,0,6,23,23,27,4,0,0,0,0,0,0,0,0,0,2,8,14,0,4,4,2,22,0,4,4,4,17,4,0,0,0,0,0,0,0,0,0,13,12,14,4,27,28,14,22,0,23,27,24,17,4,0,0,0,0,0,0,0,0,0,13,12,14,0,0,7,14,22,0,0,0,22,17,4,0,0,0,0,0,0,0,0,0,13,12,14,0,6,9,14,22,0,2,5,22,17,4,0,0,0,0,0,0,0,0,0,4,4,4,0,5,4,4,7,0,2,4,7,5,1,0,0,0,0,0,0,0,0,0,0,0,0,0,0,0,0,0,0,0,0,0,0,0,0,0,0,0,0,0,0,0,0,0,0,0,0,0,0,0,0,0,0,0,0,0,0,0,0,0,0,0
18,14,12,17,22,14,12,17,22,14,12,17,0,0,16,27,0,7,29,10,0,27,20,8,14,10,7,22,6,8,17,9,14,10,7,0,0,0,0,0,7,29,10,0,27,20,0,14,7,0,22,0,4,17,0,14,7,0,0,0,8,14,0,7,29,10,0,27,20,0,14,7,0,22,0,4,17,0,14,7,0,0,0,17,29,0,7,29,10,0,27,20,0,14,7,0,22,0,4,17,0,14,7,0,0,0,17,29,0,7,29,10,0,27,20,0,14,7,0,22,0,4,17,0,14,7,0,0,0,17,29,0,7,29,10,0,27,20,0,8,4,0,13,0,2,10,0,8,4,0,0,0,17,29,0,7,29,10,0,27,20,5,7,7,7,7,7,7,7,7,7,7,2,0,0,17,29,0,7,29,10,0,27,20,6,8,8,8,8,8,8,8,8,8,8,2,0,0,17,29,0,7,29,10,0,27,20,0,5,11,11,11,0,1,11,11,11,3,0,0,0,17,29,0,7,29,10,0,27,20,0,14,23,20,26,0,4,26,20,25,7,0,0,0,17,29,0,7,29,10,0,27,20,0,14,9,7,22,0,4,17,9,14,7,0,0,0,17,29,0,7,29,10,0,27,20,0,14,12,17,16,0,4,17,22,10,5,0,0,0,17,29,0,7,29,10,0,27,20,0,14,12,17,0,0,4,17,22,0,0,0,0,0,17,29,0,7,29,10,0,27,20,0,14,12,25,17,9,4,17,24,17,15,0,0,0,17,29,0,7,29,10,0,27,20,0,14,10,14,14,7,4,17,12,14,12,0,0,0,17,29,0,7,29,10,0,27,20,0,14,18,13,13,0,4,23,13,13,3,0,0,0,17,29,0,7,29,10,0,27,20,0,14,21,18,26,0,4,25,18,24,7,0,0,0,17,29,0,7,29,10,0,27,20,2,14,8,2,22,1,6,17,3,14,8,2,0,0,17,29,0,7,29,10,0,27,20,18,14,12,17,22,14,12,17,22,14,12,17,0,0,17,29,0,7,29,10,0,27,20,18,14,12,17,22,14,12,17,22,14,12,17,0,0,17,29,0,7,29,10,0,27,20,18,14,12,17,22,14,12,17,22,14,12,17,0,0,17,29,0,7,29,10,0,27,20,14,14,11,13,22,11,11,17,17,14,11,13,0,0,17,29,0,7,29,10,0,27,20
0,13,8,0,0,0,16,29,1,6,29,11,0,26,21,0,16,29,1,0,28,25,25,16,13,11,13,0,0,16,29,1,6,29,11,0,26,21,0,16,29,1,0,28,3,0,22,13,12,18,0,0,16,29,1,6,29,11,0,26,21,0,16,29,1,0,28,3,7,22,13,12,18,0,0,16,29,1,6,29,11,0,26,21,0,16,29,1,0,28,3,11,22,13,12,18,0,0,16,29,1,6,29,11,0,26,21,0,16,29,1,0,28,3,0,3,13,9,3,0,0,16,29,1,6,29,11,0,26,21,0,16,29,1,0,28,6,17,17,23,8,0,0,0,16,29,1,6,29,11,0,26,21,0,16,29,1,0,28,3,0,14,14,4,0,0,0,14,25,1,6,29,11,0,26,21,0,16,29,1,0,28,17,15,11,13,12,0,0,0,0,0,0,6,29,11,0,26,21,0,16,29,1,0,28,29,29,23,18,17,0,0,0,9,17,1,6,29,11,0,26,21,0,16,29,1,0,28,6,2,22,0,0,0,0,0,16,29,1,6,29,11,0,26,21,0,16,29,1,0,28,3,0,22,9,5,0,0,0,16,29,1,6,29,11,0,26,21,0,16,29,1,0,28,7,17,9,13,8,0,0,0,16,29,1,6,29,11,0,26,21,0,16,29,1,0,28,3,0,19,24,8,0,0,0,16,29,1,6,29,11,0,26,21,0,3,5,0,0,28,28,27,12,12,3,0,0,0,16,29,1,6,29,11,0,26,21,0,0,0,0,0,20,20,20,7,7,7,2,0,0,16,29,1,6,29,11,0,26,21,0,0,0,0,6,7,7,7,8,8,8,3,0,0,16,29,1,6,29,11,0,26,21,0,0,0,0,7,8,8,8,0,7,4,0,0,0,16,29,1,6,29,11,0,26,21,0,0,0,0,0,0,0,4,0,13,8,0,0,0,16,29,1,6,29,11,0,26,21,0,16,29,1,0,0,0,11,0,13,8,0,0,0,16,29,1,6,29,11,0,26,21,0,16,29,1,0,0,0,2,0,13,8,0,0,0,16,29,1,6,29,11,0,26,21,0,16,29,1,0,0,0,0,0,13,8,0,0,0,16,29,1,6,29,11,0,26,21,0,16,29,1,0,27,27,27,9,13,10,7,0,0,16,29,1,6,29,11,0,26,21,0,16,29,1,0,28,8,4
15,22,13,12,18,22,13,12,18,22,11,11,18,22,13,12,18,22,13,12,18,19,13,18,16,13,11,13,22,9,10,18,16,13,11,13,22,9,10,18,16,13,11,13,22,9,18,0,13,9,2,22,1,5,18,0,13,8,0,22,1,5,18,3,13,8,0,22,0,18,0,13,12,18,22,13,12,18,0,13,8,0,22,13,12,18,22,13,8,0,22,0,18,16,13,12,18,22,13,12,18,16,13,11,13,22,13,12,18,22,13,11,13,22,10,18,22,13,12,18,22,13,12,18,22,13,12,18,22,13,12,18,22,13,12,18,22,13,18,22,13,9,1,22,1,4,18,22,13,12,18,22,1,4,18,2,13,12,18,22,13,18,7,13,8,0,22,0,3,18,7,13,10,6,22,0,3,18,0,13,10,6,22,4,18,0,13,8,0,22,0,3,18,0,13,8,0,22,0,3,18,0,13,8,0,22,0,5,0,13,8,0,6,0,3,18,0,4,2,0,22,0,1,5,0,13,8,0,6,0,0,5,13,20,10,11,7,17,18,5,0,0,4,23,15,6,9,12,22,9,4,0,3,15,22,7,18,18,22,13,20,10,22,11,11,18,13,23,12,18,23,17,9,18,19,13,18,22,0,3,18,22,13,8,0,22,13,12,18,0,13,12,18,22,0,3,18,22,13,18,21,0,3,18,22,13,8,0,21,13,12,17,0,13,12,18,22,0,3,17,22,13,18,0,0,3,18,6,13,8,0,0,13,8,0,0,13,10,5,22,0,0,0,22,0,18,0,0,3,18,0,13,8,0,0,13,8,0,0,13,8,0,22,0,0,0,22,0,18,0,9,6,3,16,2,4,13,0,13,8,0,16,2,4,13,3,9,6,0,22,0,18,0,13,11,12,22,9,9,18,0,13,8,0,22,9,9,18,15,13,8,0,22,0,18,0,13,12,18,22,13,12,18,0,13,8,0,22,13,12,18,22,13,8,0,22,0,13,0,9,10,18,16,13,11,13,0,9,6,0,16,13,11,13,22,9,6,0,16,0,0,0,0,3,18,0,13,8,0,0,0,0,0,0,13,8,0,22,0,0,0,0,0,0,0,0,3,18,0,13,8,0,0,0,0,0,0,13,8,0,22,0,0,0,0,0,0,0,10,10,18,16,13,11,13,0,0,0,0,16,13,11,13,22,10,6,0,0,0
8,18,22,13,12,18,22,6,8,18,10,13,12,18,22,13,12,18,10,13,10,8,22,3,18,19,13,12,15,22,0,3,18,0,13,12,15,22,11,11,18,0,13,8,0,22,3,18,0,13,8,0,22,0,3,18,0,13,8,0,22,0,3,18,0,13,8,0,22,12,18,22,13,12,18,22,13,12,18,22,13,12,18,22,13,12,18,22,13,12,18,22,12,18,22,13,12,18,22,13,11,10,22,13,12,18,22,13,12,18,22,7,8,18,22,7,18,9,7,6,7,22,5,3,0,9,13,10,7,12,5,7,18,9,0,1,7,22,6,18,7,0,1,6,22,4,6,15,7,13,10,6,0,4,6,18,7,11,8,6,22,12,18,22,0,3,18,22,13,12,18,22,13,12,18,0,13,12,18,22,13,12,18,22,12,18,22,0,3,18,22,13,12,18,22,13,12,18,0,13,12,18,22,13,12,18,22,12,18,22,0,3,18,22,13,12,18,22,13,12,18,0,13,12,18,22,13,12,18,22,10,18,22,0,3,18,22,10,10,18,17,13,12,18,0,13,12,18,17,13,12,14,22,3,18,22,0,3,18,22,0,3,18,0,13,12,18,0,13,12,18,0,13,8,0,22,3,14,22,0,3,18,17,0,3,15,0,10,10,18,0,13,12,14,0,11,7,0,17,0,0,22,0,3,18,0,0,0,0,0,0,3,18,0,13,8,0,0,0,0,0,0,0,19,27,0,3,27,16,0,2,4,0,3,24,18,0,13,25,8,0,0,0,0,11,0,7,8,0,1,8,6,0,16,29,1,1,8,5,0,4,8,3,0,0,0,0,4,0,0,0,0,0,0,0,0,16,29,1,0,0,0,0,0,0,0,0,0,0,0,0,0,0,0,0,0,0,0,0,16,29,1,0,0,0,0,0,0,0,0,0,0,0,0,0,0,0,0,0,0,0,0,16,29,1,0,0,0,0,0,0,0,0,0,0,0,0,0,0,0,0,0,0,0,0,11,19,1,0,0,0,0,0,0,0,0,0,0,0,0,0,23,27,0,3,27,19,0,0,0,0,4,27,17,0,13,27,10,0,0,0,0,13,0,4,23,0,3,20,3,0,0,0,0,0,8,18,0,13,12,1,0,0,0,0,2,1,7,22,0,3,18,9,0,1,7,0,5,7,18,0,13,10,7,0,5,3,0,9
0,0,0,0,0,0,0,0,0,0,0,0,0,0,0,0,0,0,0,0,0,0,0,0,0,0,0,0,0,0,0,0,0,0,0,0,0,0,0,0,0,0,0,0,0,0,0,0,0,0,0,0,0,0,0,0,0,0,0,0,0,0,0,0,0,0,0,0,0,0,0,0,0,0,0,0,0,0,0,0,0,0,0,0,0,0,0,0,0,0,0,0,0,0,0,0,0,0,0,0,0,0,0,0,0,0,0,0,0,0,0,0,0,0,0,0,0,0,0,0,0,0,0,0,0,0,0,0,0,0,0,0,0,0,0,0,0,0,8,8,8,8,8,8,8,8,8,8,8,8,8,8,8,8,8,8,8,8,8,8,8,0,0,0,10,18,18,18,18,18,18,18,18,18,18,18,18,18,18,18,18,18,0,0,29,1,0,16,29,29,29,29,29,29,29,29,29,29,29,29,29,29,29,29,29,0,0,29,1,0,16,29,2,1,16,29,1,0,2,6,29,11,0,1,0,26,21,1,0,0,29,1,0,16,29,5,18,16,29,1,0,22,6,29,11,0,13,8,26,21,13,8,0,29,1,0,16,29,5,18,16,29,1,0,22,6,29,11,0,13,8,26,21,13,8,0,29,1,0,16,29,5,16,16,29,1,0,19,6,29,11,0,12,7,26,21,12,7,0,29,1,0,16,29,1,5,20,29,8,1,2,12,29,16,4,0,6,27,23,6,0,0,12,0,0,16,29,1,21,29,29,29,7,11,29,29,29,17,1,29,29,29,27,0,0,0,0,0,10,17,1,8,11,11,11,3,4,11,11,11,7,0,11,11,11,11,0,0,17,17,17,17,17,17,17,17,17,17,17,17,17,17,17,17,17,17,17,17,17,17,17,0,0,0,0,0,0,0,0,0,0,0,0,0,0,0,0,0,0,0,0,0,0,0,0,0,0,0,0,0,0,0,0,0,0,0,0,0,0,0,0,0,0,0,0,0,0,0,0,0,0,0,0,0,0,0,0,0,0,0,0,0,0,0,0,0,0,0,0,0,0,0,0,0,0,0,0,0,0,0,0,0,0,0,0,0,0,0,0,0,0,0,0,0,0,0,0,0,0,0,0,0,0,0,0,0,0,0,0,0,0,0,0,0,0,0,0,0,0,0,0,0,0,0,0,0,0,0,0,0,0,0,0,0,0,0,0,0,0
0,14,7,0,22,0,4,17,0,14,7,0,0,0,17,29,0,7,29,10,0,27,20,13,14,11,13,22,10,10,17,16,14,11,13,0,0,17,29,0,7,29,10,0,27,20,18,14,12,17,22,14,12,17,22,14,12,17,0,0,17,29,0,7,29,10,0,27,20,18,14,12,17,22,14,12,17,22,14,12,17,0,0,17,29,0,7,29,10,0,27,20,18,14,12,17,22,14,12,17,22,14,12,17,0,0,17,29,0,7,29,10,0,27,20,3,14,8,2,22,2,6,17,3,14,8,2,0,0,17,29,0,7,29,10,0,27,20,0,14,21,17,25,0,4,25,17,23,7,0,0,0,17,29,0,7,29,10,0,27,20,0,14,18,14,13,0,4,23,14,14,3,0,0,0,15,25,0,7,29,10,0,27,20,0,14,10,13,13,7,4,17,11,13,12,0,0,0,0,0,0,7,29,10,0,27,20,0,14,12,25,18,10,4,17,24,18,16,0,0,0,10,17,0,7,29,10,0,27,20,0,14,12,17,0,0,4,17,22,0,0,0,0,0,17,29,0,7,29,10,0,27,20,0,14,12,17,15,0,4,17,22,9,5,0,0,0,17,29,0,7,29,10,0,27,20,0,14,10,7,22,0,4,17,9,14,7,0,0,0,17,29,0,7,29,10,0,27,20,0,14,22,19,26,0,4,25,19,24,7,0,0,0,17,29,0,7,29,10,0,27,20,0,6,12,12,12,0,2,12,12,12,3,0,0,0,17,29,0,7,29,10,0,27,20,5,7,7,7,7,7,7,7,7,7,7,2,0,0,17,29,0,7,29,10,0,27,20,6,8,8,8,8,8,8,8,8,8,8,2,0,0,17,29,0,7,29,10,0,27,20,0,7,4,0,12,0,2,9,0,7,4,0,0,0,17,29,0,7,29,10,0,27,20,0,14,7,0,22,0,4,17,0,14,7,0,0,0,17,29,0,7,29,10,0,27,20,0,14,7,0,22,0,4,17,0,14,7,0,0,0,17,29,0,7,29,10,0,27,20,0,14,7,0,22,0,4,17,0,14,7,0,0,0,17,29,0,7,29,10,0,27,20,0,14,7,0,22,0,4,17,0,14,7,0,0,0,17,29,0,7,29,10,0,27,20,7,14,9,7,22,5,8,17,9,14,9,7,0,0,17,29,0,7,29,10,0,27,20
0,0,26,21,13,8,26,21,13,8,0,0,6,29,11,0,26,21,0,16,29,1,6,0,0,26,21,13,8,26,21,13,8,0,0,6,29,11,0,26,21,0,16,29,1,6,0,0,26,21,6,4,26,21,6,4,0,0,6,29,11,0,26,21,0,16,29,1,6,0,0,26,26,17,17,28,26,17,0,0,0,6,29,11,0,26,21,0,16,29,1,6,0,0,26,29,29,29,29,29,29,0,0,0,0,1,0,0,1,1,0,1,1,0,6,0,0,0,0,0,0,0,0,0,0,0,0,0,0,0,0,0,0,0,0,0,0,6,0,8,17,17,17,17,17,17,17,17,17,17,17,17,17,17,17,17,17,17,6,0,6,0,0,0,0,0,0,11,17,17,10,0,0,0,0,0,0,0,0,0,0,0,0,6,4,0,1,4,1,0,18,21,14,8,0,0,1,4,1,0,4,3,0,2,4,0,6,29,1,6,29,11,0,18,13,8,5,0,0,6,29,11,0,26,21,0,16,29,1,6,29,1,6,29,11,0,18,13,13,8,0,0,6,29,11,0,26,21,0,16,29,1,6,29,1,6,29,11,0,18,13,13,8,0,0,6,29,11,0,26,21,0,16,29,1,3,29,1,6,29,11,0,18,13,13,8,0,0,6,29,11,0,26,21,0,16,29,1,0,19,1,4,19,7,0,18,13,13,8,0,0,4,19,7,0,17,14,0,11,19,1,6,0,0,0,0,0,0,18,16,3,2,0,0,0,0,0,0,0,0,0,0,0,0,6,0,0,0,0,0,0,18,28,28,17,0,0,0,0,0,0,0,0,0,0,0,0,6,7,7,7,7,7,7,7,7,7,7,7,7,7,7,7,7,7,7,7,7,2,0,6,8,8,8,8,8,8,8,8,8,8,8,8,8,8,8,8,8,8,8,8,3,0,6,0,0,0,0,0,0,0,0,0,0,0,0,0,0,0,0,0,0,0,0,0,0,6,0,0,0,0,0,0,0,0,0,0,0,0,0,0,0,0,0,0,0,0,0,0,6,28,1,6,28,11,0,26,21,0,16,28,1,6,28,11,0,26,21,0,16,28,1,6,29,1,6,29,11,0,26,21,0,16,29,1,6,29,11,0,26,21,0,16,29,1,6,29,1,6,29,11,0,26,21,0,16,29,1,6,29,11,0,26,21,0,16,29,1,6
18,0,0,0,0,0,13,8,0,0,7,5,9,0,6,5,10,13,0,0,0,3,3,18,0,0,0,0,0,13,8,0,0,0,0,0,0,0,0,0,0,0,0,0,22,28,18,0,0,0,0,0,13,8,1,7,7,7,7,7,7,7,7,7,7,7,7,7,7,18,0,0,0,0,0,13,8,1,8,8,8,8,8,8,8,8,8,8,8,8,8,8,18,0,0,0,0,0,13,8,0,0,0,0,0,0,0,0,0,0,0,0,0,0,0,18,0,0,0,0,0,13,8,0,0,0,0,13,17,17,17,17,17,17,17,17,17,17,18,0,0,0,0,0,13,8,0,0,0,0,22,29,29,29,29,29,29,29,29,29,29,18,0,0,0,0,0,13,8,0,0,0,0,0,17,29,2,0,8,7,29,12,8,0,18,0,0,0,0,0,13,8,0,0,0,0,0,16,29,1,0,22,6,29,11,22,0,18,0,0,0,0,0,13,8,0,0,0,0,0,16,29,1,0,22,6,29,11,22,0,18,0,0,0,0,0,13,8,0,0,0,0,6,20,29,9,2,4,13,29,16,5,0,18,0,0,0,0,0,13,8,0,0,0,0,22,29,29,29,7,12,29,29,29,17,2,18,0,0,0,0,0,13,8,0,0,0,0,8,10,10,10,2,4,10,10,10,6,1,18,0,0,0,0,0,13,8,2,17,17,17,17,17,17,17,17,17,17,17,17,17,17,18,0,0,0,0,0,13,8,0,0,0,0,0,0,0,0,0,0,0,0,0,0,0,18,0,0,0,0,0,13,8,0,0,0,0,14,17,17,17,17,17,17,17,17,17,17,18,0,0,0,0,0,13,8,0,0,0,0,0,0,0,0,0,0,2,17,17,17,17,18,0,0,0,0,0,13,8,0,0,0,0,0,0,0,19,0,0,0,0,0,0,0,18,0,0,0,0,0,13,8,0,0,0,0,0,0,0,22,0,0,0,0,0,3,18,18,0,0,0,0,0,13,8,0,0,0,0,0,0,0,22,0,0,0,0,0,3,18,18,0,4,19,7,0,13,8,0,0,0,0,0,0,0,9,0,0,0,0,0,1,7,18,0,6,29,11,0,13,8,0,0,12,19,17,17,17,17,17,17,17,17,17,17,17,18,0,6,29,11,0,13,8,0,0,13,8,14,17,17,17,17,17,17,17,17,17,20
18,22,13,12,18,22,0,3,18,22,13,12,18,22,13,12,18,0,13,12,18,22,13,18,22,13,12,18,22,0,3,18,22,13,12,18,22,13,12,18,0,13,12,18,22,13,0,11,0,4,18,0,0,0,0,22,0,2,9,0,13,9,0,0,0,4,18,0,6,13,0,9,10,18,16,11,10,13,22,9,6,0,16,13,11,13,19,9,10,18,16,0,18,19,13,12,18,22,13,12,18,22,13,12,15,22,13,12,18,22,13,12,18,22,11,13,22,9,10,18,16,13,11,13,22,9,10,18,16,13,11,13,22,9,10,18,16,13,0,22,0,3,18,3,13,9,2,22,0,3,18,0,13,9,2,22,1,5,18,0,13,0,22,0,3,18,22,13,12,18,22,0,3,18,0,13,12,18,22,13,12,18,0,13,13,22,10,10,18,22,13,12,18,22,10,10,18,16,13,12,18,22,13,12,18,16,13,18,22,13,12,18,22,13,12,18,22,13,12,18,22,13,12,18,22,13,12,18,22,13,18,22,13,12,18,2,13,9,1,22,13,12,18,22,13,9,1,22,1,4,18,22,13,6,22,4,6,18,0,13,8,0,22,4,6,18,7,13,8,0,22,0,3,18,7,13,0,22,0,3,18,0,13,8,0,22,0,3,18,0,13,8,0,22,0,3,18,0,13,0,6,0,3,18,0,4,2,0,22,0,1,5,0,13,8,0,6,0,3,18,0,4,4,0,3,6,24,15,6,6,15,26,3,2,0,5,13,20,10,11,7,17,18,5,0,18,19,13,11,17,26,13,12,25,16,13,12,15,22,7,18,18,22,13,20,10,22,11,18,22,13,8,0,22,13,12,18,0,13,12,18,22,0,3,18,22,13,8,0,22,13,17,22,13,8,0,22,13,12,18,0,13,12,18,21,0,3,18,22,13,8,0,21,13,0,22,0,0,0,22,4,6,18,0,0,3,18,0,0,3,18,6,13,8,0,0,13,0,22,0,0,0,22,0,3,18,0,0,3,18,0,0,3,18,0,13,8,0,0,13,0,22,0,2,13,3,9,6,3,16,0,3,18,0,9,6,3,16,2,4,13,0,13,0,22,0,3,18,15,13,11,12,22,0,3,18,0,13,11,12,22,9,9,18,0,13,0,22,0,3,18,22,13,12,18,22,0,3,18,0,13,12,18,22,13,12,18,0,13
22,8,9,15,11,16,9,7,22,8,9,15,11,0,3,7,22,8,9,15,11,16,8,22,16,12,15,22,16,12,15,22,16,12,15,22,0,6,15,22,16,12,15,22,16,10,22,16,12,15,22,16,12,15,22,16,12,15,22,0,6,15,22,16,12,15,22,16,10,5,16,7,3,22,3,8,15,5,16,7,3,22,0,6,15,5,16,7,3,22,3,6,0,16,5,0,22,6,9,15,9,16,5,0,22,0,6,15,0,16,8,6,22,6,7,0,16,5,0,22,16,12,15,22,16,5,0,22,0,6,15,0,16,12,15,22,16,10,0,16,5,0,22,16,12,15,22,16,5,0,22,0,6,15,0,16,12,15,22,16,10,0,10,3,0,22,16,12,15,22,16,5,0,14,0,4,10,0,16,12,15,22,16,10,0,0,0,0,22,16,12,15,22,16,5,0,0,0,0,0,0,16,12,15,22,16,10,0,0,0,0,10,16,9,7,22,7,2,0,0,0,0,0,0,7,9,15,10,16,8,0,0,0,0,0,16,5,0,22,0,0,0,0,0,0,0,0,0,6,15,0,16,5,0,0,0,0,0,16,5,0,22,0,0,0,0,0,0,0,0,0,6,15,0,16,5,0,16,5,0,22,16,12,15,22,16,5,0,22,0,6,15,0,16,12,15,22,16,10,0,16,5,0,22,16,12,15,22,16,5,0,22,0,6,15,0,16,12,15,22,16,10,0,16,5,0,22,6,9,15,8,16,5,0,22,0,6,15,0,16,8,5,22,6,7,0,16,5,0,9,7,5,6,10,7,2,0,22,0,6,15,0,7,5,7,9,7,4,0,16,5,0,0,16,5,0,22,0,0,0,22,0,6,15,0,0,6,15,0,16,5,5,16,7,3,0,16,10,9,22,0,1,3,22,0,6,15,5,0,6,15,13,16,5,22,16,12,15,0,16,12,15,22,0,6,15,22,0,6,15,22,0,6,15,22,16,5,22,16,12,15,0,16,12,15,22,0,6,15,22,0,6,15,22,0,6,15,22,16,5,22,9,9,15,23,28,12,15,26,25,11,15,12,0,3,8,22,14,26,15,22,16,25,0,0,0,0,23,6,2,3,6,20,5,0,0,0,0,0,0,16,11,3,4,3,10,0,9,3,0,22,0,3,9,0,16,5,0,13,0,3,9,0,16,5,0,13,0,4
0,22,25,0,8,25,27,8,0,0,12,29,5,2,29,15,0,22,25,0,12,29,5,0,22,25,7,10,22,25,7,10,0,12,29,5,2,29,15,0,22,25,0,12,29,5,0,22,25,9,12,22,25,9,12,0,12,29,5,2,29,15,0,22,25,0,12,29,5,0,22,25,9,12,22,25,9,12,0,12,29,5,2,29,15,0,22,25,0,12,29,5,0,22,25,1,2,22,25,1,2,0,8,19,3,1,19,10,0,15,17,0,8,19,3,0,22,29,27,27,29,29,27,4,0,0,0,0,0,0,0,0,0,0,0,0,0,0,0,16,20,20,20,20,20,20,3,0,0,0,0,0,0,0,0,0,0,0,0,0,0,1,7,7,7,7,7,7,7,7,7,7,7,7,7,7,7,7,7,7,7,7,7,1,1,8,8,8,8,8,8,8,8,8,8,8,8,8,8,8,8,8,8,8,8,8,1,0,0,0,0,0,0,0,0,0,0,0,0,0,0,0,0,0,0,0,0,0,0,0,0,0,0,0,0,0,0,0,0,0,0,0,0,0,0,0,0,0,0,0,0,0,0,0,0,0,2,28,15,0,22,25,0,12,28,5,2,28,15,0,22,25,0,12,28,5,0,0,0,2,29,15,0,22,25,0,12,29,5,2,29,15,0,22,25,0,12,29,5,0,0,0,2,29,15,0,22,25,0,12,29,5,2,29,15,0,22,25,0,12,29,5,0,0,0,2,29,15,0,22,25,0,12,29,5,2,29,15,0,22,25,0,12,29,5,0,0,0,2,25,13,0,19,22,0,11,25,5,2,25,13,0,19,22,0,11,25,5,0,0,0,0,0,0,0,0,0,0,0,0,0,0,0,0,0,0,0,0,0,0,0,0,0,0,0,0,0,0,0,0,0,0,0,0,0,0,0,0,0,0,0,0,0,0,0,0,0,11,17,17,17,17,17,17,17,17,17,17,17,17,17,17,17,17,17,17,2,0,0,0,0,4,2,0,0,0,0,0,0,0,0,0,0,0,0,0,0,0,0,0,0,0,0,2,29,15,7,29,29,29,21,0,0,1,10,5,0,8,9,0,4,10,2,0,0,0,2,29,15,5,20,29,24,13,0,0,2,29,15,0,22,25,0,12,29,5,0,0,0,2,29,15,9,4,29,15,9,1,0,2,29,15,0,22,25,0,12,29,5
4,12,0,6,29,11,15,0,2,12,0,1,1,1,0,0,0,0,0,0,3,18,0,5,18,0,6,29,11,22,0,3,18,12,29,29,27,0,0,0,0,0,0,3,18,0,4,13,0,6,29,11,16,0,2,13,0,19,14,0,0,0,0,0,0,0,3,18,0,20,19,19,22,29,23,19,19,19,7,0,18,13,0,0,0,0,0,0,0,3,18,0,28,28,28,28,28,28,28,28,28,10,0,18,13,0,0,0,0,0,0,0,3,18,0,0,0,0,0,0,0,0,0,0,0,0,18,13,0,0,0,0,0,0,0,3,18,0,0,0,0,0,0,0,0,0,0,0,0,18,13,0,0,0,0,0,0,0,3,18,0,17,17,17,17,17,17,17,17,17,1,0,18,13,8,17,17,17,17,0,0,3,18,0,17,17,17,17,17,17,17,17,17,17,17,25,23,17,17,17,0,0,0,0,3,18,0,14,14,14,24,21,14,14,14,14,14,14,24,21,14,14,14,0,0,0,0,3,18,0,0,3,0,18,13,0,0,0,0,3,0,18,13,0,0,2,1,0,0,0,3,18,0,3,18,9,18,14,1,2,0,3,18,9,18,14,1,2,13,8,0,0,0,3,18,0,3,18,16,18,14,15,22,0,3,18,16,18,14,15,22,13,8,0,0,0,3,18,0,3,18,16,18,14,15,22,0,3,18,16,18,14,15,22,13,8,0,0,0,3,18,0,3,18,6,18,14,15,1,0,3,18,6,18,14,15,1,13,8,0,0,0,0,0,0,3,18,0,18,16,1,0,0,3,18,0,18,16,1,0,13,8,0,0,0,0,0,0,0,0,0,18,28,10,0,0,0,0,0,18,28,10,0,0,0,0,0,0,0,0,0,7,7,7,7,7,7,7,7,7,7,7,7,7,7,7,7,7,7,7,7,7,7,7,8,8,8,8,8,8,8,8,8,8,8,8,8,8,8,8,8,8,8,8,8,8,8,0,0,0,0,0,0,0,0,0,0,0,0,0,6,4,0,11,0,1,9,0,6,4,0,0,0,0,0,0,0,3,14,5,0,0,0,13,8,0,22,0,3,18,0,13,8,2,0,0,0,0,0,0,6,29,11,0,0,0,13,8,0,22,0,3,18,0,13,8,8,13,21,21,13,0,0,6,29,11,0,0,0,13,8,0,22,0,3,18,0,13,8
12,12,12,12,12,12,12,12,12,12,12,12,12,12,12,12,12,12,12,12,12,12,12,3,3,3,3,3,3,3,3,3,3,3,3,3,3,3,3,3,3,3,3,3,3,3,17,17,16,0,2,17,17,17,5,0,13,17,17,10,0,7,17,17,16,0,2,17,17,20,15,26,0,3,24,15,22,8,0,23,15,17,18,0,13,20,15,26,0,3,24,15,11,10,22,0,3,18,13,13,8,0,22,7,9,18,0,13,11,10,22,0,3,18,13,12,18,13,0,3,18,22,7,5,0,22,13,11,10,0,13,12,18,13,0,3,18,22,12,18,0,0,3,18,22,0,0,0,22,13,8,0,0,13,12,18,0,0,3,18,22,12,27,22,13,3,18,23,22,20,0,22,13,25,22,5,13,12,27,22,13,3,18,23,10,9,9,5,3,18,7,9,8,0,22,4,9,9,2,13,10,9,9,5,3,18,7,22,18,18,0,3,25,18,18,5,0,23,18,18,12,0,13,22,18,18,0,3,25,18,18,13,25,0,3,24,13,21,8,0,23,13,16,18,0,13,18,13,25,0,3,24,13,10,5,22,4,6,18,6,13,10,5,22,4,6,18,6,13,10,5,22,4,6,18,6,12,18,22,13,12,18,22,13,12,18,22,13,12,18,22,13,12,18,22,13,12,18,22,12,18,22,13,12,18,22,13,12,18,22,13,12,18,22,13,12,18,22,13,12,18,22,12,18,22,13,12,18,22,13,12,18,22,13,12,18,22,13,12,18,22,13,12,18,22,11,11,22,8,9,18,13,13,11,11,22,8,9,18,13,13,11,11,22,8,9,18,13,8,0,22,0,3,18,0,13,8,0,22,0,3,18,0,13,8,0,22,0,3,18,0,8,0,22,0,3,18,0,13,8,0,22,0,3,18,0,13,8,0,22,0,3,18,0,8,0,22,0,3,18,0,13,8,0,22,0,3,18,0,13,8,0,22,0,3,18,0,8,0,22,0,3,18,0,13,8,0,22,0,3,18,0,13,8,0,22,0,3,18,0,6,0,16,0,2,13,0,10,6,0,16,0,2,13,0,10,6,0,16,0,2,13,0,2,2,2,2,2,2,2,2,2,2,2,2,2,2,2,2,2,2,2,2,2,2,2,13,13,13,13,13,13,13,13,13,13,13,13,13,13,13,13,13,13,13,13,13,13,13
0,13,8,0,0,0,3,18,0,9,11,11,11,11,11,11,0,9,11,11,11,11,11,0,13,8,0,0,0,3,18,0,22,29,29,29,29,29,27,0,22,29,29,29,29,29,0,13,8,0,0,0,3,18,0,5,6,6,6,27,23,6,0,5,6,12,29,16,6,5,17,8,0,0,0,3,21,5,5,5,2,0,26,21,2,13,13,8,6,29,11,6,10,10,3,0,0,0,1,10,10,10,10,4,0,26,21,3,18,18,11,6,29,11,9,0,0,0,0,0,0,0,0,0,7,9,9,9,27,24,9,9,9,9,14,29,17,9,0,0,0,0,0,0,0,0,0,22,29,29,29,29,29,29,29,29,29,29,29,29,29,0,0,0,0,0,0,0,0,0,6,8,8,8,8,8,8,8,8,8,8,8,8,8,0,0,0,0,0,0,0,0,0,0,0,0,0,0,0,0,0,0,0,0,0,0,0,17,17,17,17,17,17,17,17,17,17,17,17,17,17,17,17,17,17,17,17,17,17,17,0,0,0,0,0,0,0,0,0,0,0,0,0,0,0,0,0,0,0,0,0,0,0,0,10,6,0,0,0,2,13,0,6,4,0,0,0,0,0,0,0,0,1,29,29,29,0,13,8,0,0,0,3,18,0,13,8,2,17,17,17,17,17,12,0,1,18,18,18,0,13,8,0,0,0,3,18,0,13,8,0,0,0,0,0,3,19,1,1,1,1,1,0,13,10,5,0,4,6,18,0,13,20,15,15,15,15,6,3,24,14,14,14,14,14,5,17,12,18,0,13,12,21,5,6,6,6,6,3,0,0,3,18,0,0,0,0,0,10,19,12,18,0,13,12,23,10,10,10,10,10,4,0,0,3,18,0,0,11,11,11,0,13,12,18,0,13,12,18,0,0,0,1,1,1,1,1,5,18,0,1,29,29,29,0,9,9,18,0,13,11,12,0,0,7,14,14,14,14,14,14,9,0,0,6,6,6,0,0,3,18,0,13,8,0,0,0,0,0,0,0,0,0,0,0,0,0,0,0,0,17,17,4,18,0,13,8,14,17,17,17,17,17,17,17,17,17,17,17,17,17,17,17,0,0,3,18,0,13,8,0,0,7,9,9,9,9,9,9,9,9,9,9,9,9,9,0,11,11,18,0,13,12,15,0,21,29,29,29,29,29,29,29,29,29,29,29,29,29
21,0,16,29,1,6,29,11,0,26,21,0,0,0,0,0,0,0,0,0,0,0,0,21,0,16,29,1,6,29,11,0,26,21,0,3,7,7,7,7,7,7,7,7,7,7,21,0,16,29,1,6,29,11,0,26,21,0,4,8,8,8,8,8,8,8,8,8,8,21,0,16,29,1,6,29,11,0,26,21,0,0,12,19,19,19,19,19,18,0,0,0,21,0,16,29,1,6,29,11,0,26,21,0,0,18,29,28,28,28,28,27,0,0,7,21,0,16,29,1,6,29,11,0,26,21,0,0,18,13,0,0,0,0,0,0,0,23,21,0,16,29,1,6,29,11,0,26,21,0,0,18,13,15,17,17,17,17,17,17,26,21,0,16,29,1,6,29,11,0,26,21,0,0,18,13,0,0,0,0,0,0,0,22,21,0,16,29,1,6,29,11,0,26,21,0,0,18,15,1,1,1,1,1,0,0,22,21,0,16,29,1,6,29,11,0,26,21,0,0,18,29,29,29,29,29,27,0,0,22,21,0,6,11,0,2,11,4,0,10,8,0,0,18,23,17,17,17,17,15,0,0,19,21,0,0,0,0,0,0,0,0,0,0,0,0,18,13,0,0,0,0,0,0,0,0,21,0,16,29,1,6,29,11,0,26,21,0,0,18,13,14,17,17,17,17,17,17,17,21,0,16,29,1,6,29,11,0,26,21,0,0,18,13,0,0,0,0,0,0,0,0,21,0,16,29,1,6,29,11,0,26,21,0,0,18,13,1,29,29,29,29,29,29,29,21,0,16,29,1,6,29,11,0,26,21,0,0,18,13,1,18,18,18,21,29,23,18,5,0,16,29,1,6,29,11,0,26,21,0,0,18,13,0,0,0,0,6,29,11,0,3,0,16,29,1,6,29,11,0,26,21,0,0,18,26,23,23,23,2,6,29,11,8,21,0,16,29,1,6,29,11,0,26,21,0,0,5,8,8,8,8,0,6,29,11,3,21,0,16,29,1,6,29,11,0,26,21,0,0,0,0,0,0,0,0,6,29,11,0,21,0,16,29,1,6,29,11,0,26,21,0,0,0,0,1,25,25,25,26,29,27,15,21,0,16,29,1,6,29,11,0,26,21,0,0,0,0,1,22,22,22,22,22,22,13,21,0,16,29,1,6,29,11,0,26,21,0,0,0,0,0,0,0,0,0,0,0,0
22,0,3,18,0,13,8,0,22,0,3,18,0,13,8,0,22,0,3,18,0,13,8,22,0,3,18,0,13,8,0,22,0,3,18,0,13,8,0,22,0,3,18,0,13,8,22,0,3,18,0,13,8,0,22,0,3,18,0,13,8,0,22,0,3,18,0,13,8,5,0,0,4,0,3,2,0,5,0,0,4,0,3,2,0,5,0,0,4,0,3,2,17,17,17,17,17,17,17,17,17,17,17,17,17,17,17,17,17,17,17,17,17,17,17,0,0,0,0,0,0,0,0,0,0,0,0,0,0,0,0,0,0,0,0,0,0,0,17,21,21,13,0,10,21,21,21,0,2,21,21,21,6,0,17,21,21,13,0,10,21,23,10,13,18,0,13,16,10,25,0,3,23,10,19,8,0,23,10,13,18,0,13,16,22,10,10,18,0,13,11,13,22,0,3,18,16,13,8,0,22,10,10,18,0,13,11,9,13,12,18,0,5,7,18,22,0,1,7,22,13,8,0,9,13,12,18,0,5,7,0,13,12,18,0,0,3,18,22,0,0,0,22,13,8,0,0,13,12,18,0,0,3,27,28,12,18,0,27,28,18,22,0,19,27,28,13,8,10,27,28,12,18,0,27,28,4,4,5,18,0,4,4,3,22,0,3,4,4,13,8,1,4,4,5,18,0,4,4,19,23,24,18,0,11,23,23,27,0,3,23,23,26,8,0,19,23,24,18,0,11,23,23,8,11,18,0,13,15,8,24,0,3,22,8,18,8,0,23,8,11,18,0,13,15,22,6,8,18,10,13,10,8,22,6,8,18,10,13,10,8,22,6,8,18,10,13,10,22,13,12,18,22,13,12,18,22,13,12,18,22,13,12,18,22,13,12,18,22,13,12,22,13,12,18,22,13,12,18,22,13,12,18,22,13,12,18,22,13,12,18,22,13,12,22,13,12,18,22,13,12,18,22,13,12,18,22,13,12,18,22,13,12,18,22,13,12,22,6,7,18,9,13,10,8,22,6,7,18,9,13,10,8,22,6,7,18,9,13,10,22,0,3,18,0,13,8,0,22,0,3,18,0,13,8,0,22,0,3,18,0,13,8,22,0,3,18,0,13,8,0,22,0,3,18,0,13,8,0,22,0,3,18,0,13,8,22,0,3,18,0,13,8,0,22,0,3,18,0,13,8,0,22,0,3,18,0,13,8
22,0,3,18,0,13,8,0,22,0,3,18,0,13,8,0,22,0,3,18,0,13,8,22,0,3,18,0,13,8,0,22,0,3,18,0,13,8,0,22,0,3,18,0,13,8,22,0,3,18,0,13,8,0,22,0,3,18,0,13,8,0,22,0,3,18,0,13,8,5,0,0,4,0,3,2,0,5,0,0,4,0,3,2,0,5,0,0,4,0,3,2,17,17,17,17,17,17,17,17,17,17,17,17,17,17,17,17,17,17,17,17,17,17,17,0,0,0,0,0,0,0,0,0,0,0,0,0,0,0,0,0,0,0,0,0,0,0,17,21,21,13,0,10,21,21,21,0,2,21,21,21,6,0,17,21,21,13,0,10,21,23,10,13,18,0,13,16,10,25,0,3,23,10,19,8,0,23,10,13,18,0,13,16,22,10,10,18,0,13,11,13,22,0,3,18,16,13,8,0,22,10,10,18,0,13,11,9,13,12,18,0,5,7,18,22,0,1,7,22,13,8,0,9,13,12,18,0,5,7,0,13,12,18,0,0,3,18,22,0,0,0,22,13,8,0,0,13,12,18,0,0,3,27,28,12,18,0,27,28,18,22,0,19,27,28,13,8,10,27,28,12,18,0,27,28,4,4,5,18,0,4,4,3,22,0,3,4,4,13,8,1,4,4,5,18,0,4,4,19,23,24,18,0,11,23,23,27,0,3,23,23,26,8,0,19,23,24,18,0,11,23,23,8,11,18,0,13,15,8,24,0,3,22,8,18,8,0,23,8,11,18,0,13,15,22,6,8,18,10,13,10,8,22,6,8,18,10,13,10,8,22,6,8,18,10,13,10,22,13,12,18,22,13,12,18,22,13,12,18,22,13,12,18,22,13,12,18,22,13,12,22,13,12,18,22,13,12,18,22,13,12,18,22,13,12,18,22,13,12,18,22,13,12,22,13,12,18,22,13,12,18,22,13,12,18,22,13,12,18,22,13,12,18,22,13,12,22,6,7,18,9,13,10,8,22,6,7,18,9,13,10,8,22,6,7,18,9,13,10,22,0,3,18,0,13,8,0,22,0,3,18,0,13,8,0,22,0,3,18,0,13,8,22,0,3,18,0,13,8,0,22,0,3,18,0,13,8,0,22,0,3,18,0,13,8,22,0,3,18,0,13,8,0,22,0,3,18,0,13,8,0,22,0,3,18,0,13,8
11,17,17,17,17,17,17,17,17,17,17,5,0,0,17,29,0,7,29,10,0,27,20,0,0,0,0,0,0,0,0,0,0,0,0,0,0,17,29,0,7,29,10,0,27,20,0,12,6,0,19,0,4,15,0,12,6,0,0,0,17,29,0,7,29,10,0,27,20,0,14,7,0,22,0,4,17,0,14,7,0,0,0,17,29,0,7,29,10,0,27,20,0,14,7,0,22,0,4,17,0,14,7,0,0,0,17,29,0,7,29,10,0,27,20,0,14,7,0,22,0,4,17,0,14,7,0,0,0,17,29,0,7,29,10,0,27,20,0,14,7,0,22,0,4,17,0,14,7,0,0,0,17,29,0,7,29,10,0,27,20,13,14,11,13,22,10,10,17,16,14,11,13,0,0,17,29,0,7,29,10,0,27,20,18,14,12,17,22,14,12,17,22,14,12,17,0,0,17,29,0,7,29,10,0,27,20,18,14,12,17,22,14,12,17,22,14,12,17,0,0,17,29,0,4,17,6,0,16,12,18,14,12,17,22,14,12,17,22,14,12,17,0,0,17,29,0,0,0,0,0,0,0,3,14,8,2,22,2,6,17,3,14,8,2,0,0,17,29,0,6,25,9,0,23,17,0,14,21,17,25,0,4,25,17,23,7,0,0,0,17,29,0,7,29,10,0,27,20,0,7,14,14,25,0,2,14,14,22,7,0,0,0,17,29,0,7,29,10,0,27,20,0,13,13,8,22,0,10,13,13,14,7,0,0,0,17,29,0,7,29,10,0,27,20,1,18,20,17,22,0,13,18,26,14,7,0,0,0,17,29,0,7,29,10,0,27,20,0,0,4,17,22,0,0,0,22,14,7,0,0,0,17,29,0,7,29,10,0,27,20,0,9,10,17,22,0,3,11,22,14,7,0,0,0,17,29,0,7,29,10,0,27,20,0,14,10,7,22,0,4,17,9,14,7,0,0,0,17,29,0,7,29,10,0,27,20,0,14,22,19,26,0,4,25,19,24,7,0,0,0,17,29,0,7,29,10,0,27,20,0,6,12,12,12,0,2,12,12,12,3,0,0,0,17,29,0,7,29,10,0,27,20,5,7,7,7,7,7,7,7,7,7,7,2,0,0,15,25,0,7,29,10,0,27,20,6,8,8,8,8,8,8,8,8,8,8,2,0,0,0,0,0,7,29,10,0,27,20
17,17,17,17,18,18,22,0,3,18,23,17,17,17,17,17,11,0,0,0,22,0,0,17,17,18,0,3,18,15,0,2,12,22,0,2,18,17,17,17,17,13,0,23,3,3,0,0,22,0,3,18,0,0,0,0,22,0,3,18,0,0,0,0,0,0,23,12,12,11,0,22,0,3,18,0,0,0,0,22,0,3,18,0,13,15,15,15,15,26,0,0,0,0,19,0,3,18,0,0,0,0,22,0,3,15,0,0,0,0,0,0,0,0,0,0,0,0,0,0,2,0,0,0,0,3,0,0,0,0,0,0,0,0,0,0,0,0,17,17,17,17,17,17,17,17,17,17,17,17,17,17,17,17,17,17,17,17,17,17,17,0,0,0,0,0,0,0,0,0,0,0,0,0,0,0,0,0,0,0,0,0,0,0,0,0,0,0,0,0,0,0,0,0,0,0,0,0,0,0,0,0,0,0,0,0,0,27,27,27,7,0,0,0,0,0,0,0,0,12,27,27,27,27,27,27,27,27,27,27,20,20,20,5,0,0,0,0,0,0,0,0,9,20,20,20,26,29,21,20,20,20,20,0,0,0,0,0,0,0,0,0,0,0,0,0,0,0,0,16,29,1,6,7,7,0,0,14,17,17,18,18,0,0,0,0,23,17,17,17,11,0,16,29,1,20,25,23,0,0,0,0,0,3,18,0,0,0,0,22,0,0,0,0,0,16,29,1,0,0,0,0,25,25,25,6,3,18,0,0,0,0,22,0,11,25,25,25,28,29,26,6,11,25,25,22,22,22,6,3,18,0,0,0,0,22,0,9,22,22,22,22,22,22,6,9,22,22,0,0,0,0,3,18,0,0,0,0,22,0,0,0,0,0,0,0,0,0,0,0,0,17,17,17,17,4,18,0,0,0,0,22,2,17,17,17,17,17,17,17,17,17,17,17,0,0,0,0,3,18,0,0,0,0,22,0,0,0,0,0,0,0,0,4,9,9,0,7,7,7,7,10,18,0,0,0,0,23,7,7,7,7,7,4,0,0,13,29,27,0,29,29,29,29,29,18,0,0,0,0,23,29,29,29,29,29,17,0,0,13,15,8,2,10,10,10,10,13,18,0,0,0,0,23,10,10,10,10,10,6,0,0,13,8,0,3,1,1,1,0,3,18,0,0,0,0,22,0,0,1,1,1,1,1,1,15,8,0,3
29,11,0,13,8,0,22,0,0,6,29,11,0,0,1,1,1,0,15,0,2,12,16,29,11,0,13,8,0,22,0,0,6,29,11,0,2,29,29,29,7,22,0,3,18,16,29,11,0,13,8,0,22,0,0,6,29,11,0,0,0,19,14,0,16,0,2,13,16,29,11,0,13,8,0,22,0,0,6,29,11,0,0,0,18,13,0,9,19,19,19,25,15,6,0,13,8,0,22,0,0,3,15,6,0,0,0,18,13,0,14,28,28,28,28,0,0,0,13,8,0,22,0,0,0,0,0,0,0,0,18,13,0,0,0,0,0,0,0,0,0,13,8,0,22,0,0,0,0,0,0,0,0,18,13,0,0,0,0,0,0,0,0,0,13,8,0,22,0,0,2,17,17,17,17,5,18,13,0,4,17,17,17,17,0,0,0,13,8,0,22,0,0,0,0,2,17,17,17,25,23,17,17,17,17,17,17,20,8,0,13,8,0,22,0,0,0,0,2,14,14,14,24,21,14,14,14,14,14,14,29,11,0,13,8,0,22,0,0,0,0,2,1,0,0,18,13,0,4,0,0,0,0,29,11,0,13,8,0,22,0,0,0,0,13,9,1,1,18,14,9,22,0,0,1,1,29,11,0,13,8,0,22,0,0,0,0,13,12,18,16,18,14,15,22,0,3,18,16,29,11,0,13,8,0,22,0,0,0,0,13,12,18,16,18,14,15,22,0,3,18,16,29,11,0,13,8,0,0,0,0,0,0,13,9,1,16,18,14,6,22,0,0,1,16,21,8,0,1,0,0,0,0,0,0,0,13,8,0,1,20,13,0,22,0,0,0,1,0,0,0,0,0,0,0,0,0,0,0,0,0,0,14,28,13,0,0,0,0,0,14,7,7,7,7,7,7,7,7,7,7,7,7,7,7,7,7,7,7,7,7,7,7,7,8,8,8,8,8,8,8,8,8,8,8,8,8,8,8,8,8,8,8,8,8,8,8,11,0,1,9,0,6,4,0,11,0,1,9,0,6,4,0,0,0,0,0,0,0,0,22,0,3,18,0,13,8,0,22,0,3,18,0,13,8,0,8,14,0,3,14,5,0,22,0,3,18,0,13,8,0,22,0,3,18,0,13,8,0,16,29,1,6,29,11,0,22,0,3,18,0,13,8,0,22,0,3,18,0,13,8,0,16,29,1,6,29,11,0
18,22,13,12,18,22,13,12,18,19,13,12,18,22,13,12,18,22,13,12,16,0,12,13,22,10,10,16,16,13,11,13,0,10,10,18,16,12,10,13,22,10,6,0,0,0,0,22,0,0,0,0,13,8,0,10,0,3,18,0,0,0,0,22,0,1,8,0,6,18,22,13,8,0,22,13,12,18,22,13,12,18,22,0,3,18,22,13,12,18,0,13,18,22,13,8,0,22,13,12,18,22,13,12,18,22,0,3,18,22,13,12,18,0,13,18,22,13,8,0,22,13,12,18,22,13,12,18,22,0,3,18,22,13,12,18,0,13,18,22,13,8,0,22,13,12,18,22,13,12,18,22,0,3,18,22,13,12,18,0,13,1,22,13,8,0,22,13,9,1,22,1,4,18,22,0,3,18,22,1,4,18,0,13,0,22,13,8,0,22,13,8,0,22,0,3,18,22,0,3,18,22,0,3,18,0,13,0,2,13,8,0,22,1,0,0,3,0,0,1,22,0,3,18,2,0,0,2,0,1,0,6,21,8,0,23,13,0,0,0,0,0,11,25,0,3,24,9,0,0,0,0,0,0,9,18,5,0,15,18,0,0,0,0,0,15,18,0,2,18,13,0,0,0,5,8,0,0,0,0,0,0,0,0,0,0,0,0,0,0,0,0,0,0,0,0,0,16,29,0,0,0,0,0,0,0,0,0,0,0,0,0,0,0,0,0,0,0,0,0,16,29,0,0,0,0,0,0,0,0,0,0,0,0,0,0,0,0,0,0,0,0,0,16,29,0,0,0,0,0,0,0,0,0,0,0,0,0,0,0,0,0,0,0,0,0,16,29,0,8,17,5,0,14,17,0,0,0,0,0,14,17,0,2,17,12,0,0,0,9,15,0,7,21,8,0,23,14,0,0,0,0,0,12,25,0,3,24,10,0,0,0,0,0,0,1,13,8,0,22,0,0,0,1,0,0,1,22,0,3,18,1,0,0,1,0,0,0,22,13,8,0,22,13,8,0,22,0,3,18,22,0,3,18,22,0,3,18,0,13,0,22,13,8,0,22,13,9,0,22,0,4,18,22,0,3,18,22,0,4,18,0,13,18,22,13,8,0,22,13,12,18,22,13,12,18,22,0,3,18,22,13,12,18,0,13,18,22,13,8,0,22,13,12,18,22,13,12,18,22,0,3,18,22,13,12,18,0,13
22,0,3,18,0,13,8,0,22,0,3,18,0,0,0,0,22,0,3,18,0,13,8,22,0,3,18,0,13,8,0,22,0,3,18,0,0,0,0,22,0,3,18,0,13,8,22,0,3,18,0,13,8,0,22,0,3,18,0,0,0,0,22,0,3,18,0,13,8,22,0,3,18,0,13,8,0,22,0,3,18,0,0,0,0,22,0,3,18,0,13,8,20,0,3,17,0,12,8,0,20,0,3,17,0,0,0,0,20,0,3,17,0,12,8,0,0,0,0,0,0,0,0,0,0,0,0,0,0,0,0,0,0,0,0,0,0,0,17,17,17,17,17,17,17,17,17,17,17,17,11,0,0,14,17,17,17,17,17,17,17,1,0,0,1,1,1,0,0,1,1,1,1,0,0,0,0,1,1,1,1,0,0,1,28,0,3,29,29,29,8,0,23,29,29,18,0,0,0,0,23,29,29,18,0,13,29,23,0,3,19,8,14,8,0,23,5,7,18,0,0,0,0,23,5,7,18,0,13,11,22,0,3,18,22,13,8,0,22,13,12,18,0,0,0,0,22,13,12,18,0,13,12,22,0,0,1,22,13,8,0,1,13,12,18,0,0,0,0,1,13,12,18,0,0,4,22,0,5,7,24,13,8,2,7,18,12,18,0,0,0,2,7,18,12,18,0,7,10,22,0,17,25,24,13,8,9,25,25,11,18,0,0,0,9,25,25,11,18,0,25,25,23,0,0,3,3,16,8,0,3,3,7,18,0,0,0,0,3,3,7,18,0,1,3,28,0,3,29,28,29,8,0,23,28,29,18,0,0,0,0,23,28,29,18,0,13,29,22,0,3,18,0,13,8,0,22,0,3,18,0,0,0,0,22,0,3,18,0,13,8,22,11,11,18,18,13,12,15,22,11,11,18,18,0,3,15,22,11,11,18,18,13,12,22,13,12,18,22,13,12,18,22,13,12,18,22,0,3,18,22,13,12,18,22,13,12,22,13,12,18,22,13,12,18,22,13,12,18,22,0,3,18,22,13,12,18,22,13,12,22,13,12,18,22,13,12,18,22,13,12,18,22,0,3,18,22,13,12,18,22,13,12,22,1,4,18,2,13,9,1,22,1,4,18,2,0,0,1,22,1,4,18,2,13,9,22,0,3,18,0,13,8,0,22,0,3,18,0,0,0,0,22,0,3,18,0,13,8
18,18,18,18,18,18,18,18,18,18,18,18,18,18,18,18,18,18,18,18,18,18,18,13,13,13,13,13,13,29,16,13,13,13,13,13,13,29,16,13,13,13,13,13,13,29,0,0,0,3,2,0,28,3,0,0,0,3,2,0,28,3,0,0,0,3,2,0,28,1,2,0,13,9,9,28,5,1,2,0,13,9,9,28,5,1,2,0,13,9,9,28,9,18,0,13,9,15,28,14,9,18,0,13,9,15,28,14,9,18,0,13,9,15,28,9,18,0,13,9,15,28,14,9,18,0,13,9,15,28,14,9,18,0,13,9,15,28,5,0,0,13,9,5,28,14,5,0,0,13,9,5,28,14,5,0,0,13,9,5,28,0,0,0,13,8,0,28,8,0,0,0,13,8,0,28,8,0,0,0,13,8,0,28,0,0,0,0,0,0,27,27,0,0,0,0,0,0,27,27,0,0,0,0,0,0,27,8,8,8,8,8,8,8,8,8,8,8,8,8,8,8,8,8,8,8,8,8,8,8,7,7,7,7,7,7,7,7,7,7,7,7,7,7,7,7,7,7,7,7,7,7,7,0,16,20,20,20,5,9,20,20,20,12,2,20,20,20,20,20,20,14,0,0,0,0,0,21,29,29,28,7,12,28,29,28,16,2,27,29,29,27,27,27,19,0,0,0,0,0,0,16,29,1,0,8,6,29,11,8,0,0,26,21,5,3,0,8,0,0,0,0,0,0,16,29,1,0,22,6,29,11,22,0,0,26,21,13,8,0,22,0,22,22,22,0,0,16,29,1,0,22,6,29,11,22,0,0,26,21,13,8,0,22,0,15,25,9,0,8,21,29,12,10,10,15,29,18,10,10,10,28,24,10,10,10,7,0,8,23,0,0,22,29,29,29,29,29,29,29,29,29,29,29,29,29,29,29,29,20,0,8,23,0,0,6,7,7,7,7,7,7,7,7,7,7,7,7,7,7,7,7,5,0,8,23,0,0,0,0,0,0,0,0,0,0,0,0,0,0,0,0,0,0,0,0,0,8,23,0,17,17,17,17,17,17,17,17,17,17,17,17,17,17,17,17,17,17,7,0,8,23,2,0,0,0,0,0,0,0,0,0,0,6,8,8,8,8,8,8,3,4,8,15,25,8,0,0,0,0,0,0,0,0,0,0,15,19,19,19,19,19,19,7,9,19,19,19,19
22,16,9,7,22,7,9,15,22,16,12,15,22,7,9,15,10,16,12,15,22,16,10,19,16,5,0,22,0,6,15,19,16,11,13,22,0,6,15,0,16,11,13,22,14,9,0,16,5,0,22,0,6,15,0,16,5,0,22,0,6,15,0,16,5,0,22,0,4,22,16,12,15,22,16,12,15,22,16,12,15,22,16,12,15,22,16,12,15,22,16,10,22,16,12,15,12,16,12,15,22,16,12,15,22,16,9,8,22,16,12,15,22,16,10,9,16,8,6,0,6,9,15,9,9,5,6,22,6,2,0,9,16,8,6,12,6,7,7,16,8,5,18,5,8,15,7,0,2,5,22,5,7,12,7,16,8,5,0,5,6,22,16,12,15,22,16,12,15,22,0,6,15,22,16,12,15,22,16,12,15,0,16,10,22,16,12,15,22,16,12,15,22,0,6,15,22,16,12,15,22,16,12,15,0,16,10,22,16,12,15,22,16,12,15,22,0,6,15,22,16,12,15,22,16,12,15,0,16,10,22,16,11,12,22,13,11,15,22,0,6,15,22,13,11,15,17,16,12,15,0,16,10,22,16,5,0,22,0,6,15,22,0,6,15,22,0,6,15,0,16,12,15,0,16,10,22,13,4,0,18,0,5,12,22,0,6,15,17,0,5,12,0,13,11,15,0,16,9,22,0,0,0,0,0,0,0,22,0,6,15,0,0,0,0,0,0,6,15,0,16,5,26,22,0,1,4,1,0,22,25,0,6,27,14,0,0,0,0,6,25,15,0,16,23,8,8,0,9,29,8,0,8,7,0,2,8,5,0,0,0,0,2,8,4,0,5,8,0,0,0,9,29,8,0,0,0,0,0,0,0,0,0,0,0,0,0,0,0,0,0,0,0,0,9,29,8,0,0,0,0,0,0,0,0,0,0,0,0,0,0,0,0,0,0,0,0,9,29,8,0,0,0,0,0,0,0,0,0,0,0,0,0,0,0,0,0,0,0,0,6,19,5,0,0,0,0,0,0,0,0,0,0,0,0,0,0,0,0,0,25,26,0,0,0,0,0,26,24,0,6,27,16,0,0,0,0,7,27,14,0,15,26,23,4,0,0,0,0,0,4,23,0,6,18,2,0,0,0,0,1,10,15,0,16,9,22,6,2,0,9,0,2,6,22,0,6,15,9,0,2,6,0,6,9,15,0,16,7
0,0,0,0,0,0,0,0,0,0,0,0,0,0,0,0,0,0,0,0,0,0,0,0,0,0,0,0,0,0,0,0,0,0,0,0,0,0,0,0,0,0,0,0,0,0,0,0,0,0,0,0,0,0,0,0,0,0,0,0,0,0,0,0,0,0,0,0,0,0,0,0,0,0,0,0,0,0,0,0,0,0,0,0,0,0,0,0,0,0,0,0,0,0,0,0,0,0,0,0,0,0,0,0,0,0,0,0,0,0,0,0,0,0,0,0,0,0,0,0,0,0,0,0,0,0,0,0,0,0,0,0,0,0,0,0,0,0,8,8,8,8,8,8,8,8,8,8,8,8,8,8,8,8,8,8,8,8,8,8,8,18,18,18,18,18,18,18,18,1,0,0,0,0,0,10,18,18,18,18,18,18,18,18,29,29,29,29,29,29,29,29,1,0,0,0,0,0,16,29,29,29,29,29,29,29,29,0,0,16,29,2,1,16,29,1,0,0,0,0,0,16,29,2,1,16,29,1,0,2,8,0,16,29,5,18,16,29,1,0,0,0,0,0,16,29,5,18,16,29,1,0,22,8,0,16,29,5,18,16,29,1,0,0,0,0,0,16,29,5,18,16,29,1,0,22,7,0,16,29,5,16,16,29,1,0,0,0,0,0,16,29,5,16,16,29,1,0,19,0,5,20,29,8,1,16,29,1,0,0,0,0,0,16,29,1,5,20,29,8,1,2,0,21,29,29,29,7,16,29,1,0,0,0,0,0,16,29,1,21,29,29,29,7,11,0,8,11,11,11,3,10,17,1,0,0,0,0,0,10,17,1,8,11,11,11,3,4,17,17,17,17,17,17,17,17,17,17,17,17,17,17,17,17,17,17,17,17,17,17,17,0,0,0,0,0,0,0,0,0,0,0,0,0,0,0,0,0,0,0,0,0,0,0,0,0,0,0,0,0,0,0,0,0,0,0,0,0,0,0,0,0,0,0,0,0,0,0,0,0,0,0,0,0,0,0,0,0,0,0,0,0,0,0,0,0,0,0,0,0,0,0,0,0,0,0,0,0,0,0,0,0,0,0,0,0,0,0,0,0,0,0,0,0,0,0,0,0,0,0,0,0,0,0,0,0,0,0,0,0,0,0,0,0,0,0,0,0,0,0,0,0,0,0,0,0,0,0,0,0,0,0,0,0,0,0,0,0,0
8,0,22,13,8,0,0,26,21,0,23,23,23,20,0,26,21,0,14,23,23,23,29,8,0,22,13,8,0,0,26,21,0,8,8,8,7,0,26,21,0,5,8,8,8,8,8,0,22,13,8,0,0,26,21,0,0,0,0,0,0,26,21,0,0,0,0,0,0,4,0,10,6,3,1,25,29,28,25,25,25,15,1,25,29,28,25,25,25,15,0,0,0,0,0,0,0,1,22,22,22,22,22,22,13,1,22,22,22,22,22,22,13,0,0,0,0,0,0,0,0,0,0,0,0,0,0,0,0,0,0,0,0,0,0,0,0,0,17,17,17,17,17,17,17,17,17,17,17,17,17,17,17,17,17,17,17,17,17,17,17,0,0,0,2,17,17,17,17,17,17,17,17,17,17,17,17,17,17,17,17,17,17,17,0,0,0,1,14,14,14,14,14,14,14,14,14,14,14,14,14,14,14,14,14,14,19,3,0,5,5,5,5,0,4,5,5,5,1,2,5,5,5,3,0,5,5,5,5,8,17,2,29,29,29,27,0,22,29,29,29,7,12,29,29,29,17,2,29,29,29,27,8,7,1,12,28,25,12,0,9,22,29,14,3,5,16,29,19,7,1,12,28,25,12,8,0,0,0,26,21,0,0,0,16,29,1,0,0,6,29,11,0,0,0,26,21,0,8,17,2,29,29,29,29,29,29,29,29,29,29,29,29,29,29,29,29,29,29,29,27,8,11,1,18,18,18,18,18,18,18,18,18,18,18,18,18,18,18,18,18,18,18,17,8,0,0,0,0,0,0,0,0,0,0,0,0,0,0,0,0,0,0,0,0,0,0,8,7,7,7,7,7,7,7,7,7,7,7,7,7,7,7,7,7,7,7,7,7,2,8,8,8,8,8,8,8,8,8,8,8,8,8,8,8,8,8,8,8,8,8,8,3,8,0,0,0,0,0,0,0,0,0,0,11,11,11,11,11,11,11,11,11,11,11,10,8,0,0,0,0,0,0,0,0,0,0,20,20,20,20,20,20,20,20,20,20,20,18,8,0,0,0,16,23,23,23,23,23,23,23,23,23,23,23,4,8,23,23,23,23,23,25,0,0,0,6,8,8,8,9,9,8,8,8,8,8,10,1,3,8,8,8,9,10,15,0,0,0,0,0,0,0,13,8,0,0,0,0,0,22,0,0,0,0,0,3,18,8
10,12,17,22,14,12,17,22,14,12,17,22,14,12,17,22,14,7,0,0,7,29,10,4,8,17,9,14,10,7,22,6,8,17,9,14,10,7,22,6,3,0,0,7,29,10,0,4,17,0,14,7,0,22,0,4,17,0,14,7,0,22,0,0,0,0,7,29,10,0,4,17,0,14,7,0,22,0,4,17,0,14,7,0,22,0,0,0,0,4,17,6,0,4,17,0,14,7,0,22,0,4,17,0,14,7,0,22,0,0,0,0,0,0,0,0,4,17,0,14,7,0,22,0,4,17,0,14,7,0,22,0,0,0,0,6,25,9,0,2,10,0,8,4,0,13,0,2,10,0,8,4,0,13,0,0,0,0,7,29,10,2,7,7,7,7,7,7,7,7,7,7,7,7,7,7,7,7,0,0,0,7,29,10,3,8,8,8,8,8,8,8,8,8,8,8,8,8,8,8,8,0,0,0,7,29,10,0,1,11,11,11,3,0,9,11,11,7,0,5,11,11,11,0,0,0,0,7,29,10,0,4,26,20,25,7,0,24,20,22,17,0,14,23,20,26,0,0,0,0,7,29,10,0,4,17,9,14,7,0,22,5,8,17,0,14,9,7,22,0,0,0,0,7,29,10,0,4,17,22,10,5,0,22,14,11,13,0,14,12,17,16,0,0,0,0,7,29,10,0,4,17,22,0,0,0,22,14,7,0,0,14,12,17,0,0,0,0,0,7,29,10,0,4,17,24,17,15,0,22,14,21,17,3,14,12,25,17,9,0,0,0,7,29,10,0,4,17,12,14,12,0,22,7,14,14,2,14,10,14,14,7,0,0,0,7,29,10,0,4,23,13,13,3,0,23,13,13,8,0,14,18,13,13,0,0,0,0,7,29,10,0,4,25,18,24,7,0,24,18,20,17,0,14,21,18,26,0,0,0,0,7,29,10,1,6,17,3,14,8,2,22,1,6,17,3,14,8,2,22,1,1,0,0,7,29,10,10,12,17,22,14,12,17,22,14,12,17,22,14,12,17,22,14,7,0,0,7,29,10,10,12,17,22,14,12,17,22,14,12,17,22,14,12,17,22,14,7,0,0,7,29,10,10,12,17,22,14,12,17,22,14,12,17,22,14,12,17,22,14,7,0,0,7,29,10,8,11,17,17,14,11,13,22,11,11,17,17,14,11,13,22,11,6,0,0,7,29,10
0,0,0,0,0,0,0,0,0,0,0,0,0,0,0,0,0,0,0,0,0,0,0,0,0,0,0,0,0,0,0,0,0,0,0,0,0,0,0,0,0,0,0,0,0,0,0,0,0,0,0,0,0,0,0,0,0,0,0,0,0,0,0,0,0,0,0,0,0,0,0,0,0,0,0,0,0,0,0,0,0,0,0,0,0,0,0,0,0,0,0,0,0,0,0,0,0,0,0,0,0,0,0,0,0,0,0,0,0,0,0,0,0,0,0,0,0,0,0,0,0,0,0,0,0,0,0,0,0,0,0,0,0,0,0,0,0,0,8,8,8,8,8,8,8,8,8,8,8,8,8,8,8,8,8,8,8,8,8,8,8,0,0,9,18,18,18,18,18,18,18,18,18,18,18,18,18,18,18,18,18,1,0,0,0,0,14,29,29,29,29,29,29,29,29,29,29,29,29,29,29,29,29,29,1,0,16,0,0,2,6,29,11,2,0,0,26,21,1,0,0,16,29,2,1,16,29,1,0,16,0,0,22,6,29,11,22,0,0,26,21,13,8,0,16,29,5,18,16,29,1,0,16,0,0,22,6,29,11,22,0,0,26,21,13,8,0,16,29,5,18,16,29,1,0,16,0,0,19,6,29,11,19,0,0,26,21,12,7,0,16,29,5,16,16,29,1,0,16,0,0,2,12,29,16,4,0,6,27,23,6,0,5,20,29,8,1,16,29,1,0,16,0,0,11,29,29,29,17,1,29,29,29,27,0,21,29,29,29,7,16,29,1,0,7,0,0,4,11,11,11,7,0,11,11,11,11,0,8,11,11,11,3,10,17,1,0,0,17,17,17,17,17,17,17,17,17,17,17,17,17,17,17,17,17,17,17,17,17,17,17,0,0,0,0,0,0,0,0,0,0,0,0,0,0,0,0,0,0,0,0,0,0,0,0,0,0,0,0,0,0,0,0,0,0,0,0,0,0,0,0,0,0,0,0,0,0,0,0,0,0,0,0,0,0,0,0,0,0,0,0,0,0,0,0,0,0,0,0,0,0,0,0,0,0,0,0,0,0,0,0,0,0,0,0,0,0,0,0,0,0,0,0,0,0,0,0,0,0,0,0,0,0,0,0,0,0,0,0,0,0,0,0,0,0,0,0,0,0,0,0,0,0,0,0,0,0,0,0,0,0,0,0,0,0,0,0,0,0
21,0,16,29,1,6,29,11,0,26,21,0,0,18,13,0,0,0,0,0,0,0,22,21,0,16,29,1,6,29,11,0,26,21,0,0,18,25,21,21,21,21,20,0,0,22,21,0,12,21,1,5,21,8,0,19,16,0,0,18,28,26,26,26,26,25,0,0,23,21,0,0,0,0,0,0,0,0,0,0,0,0,18,13,0,0,0,0,0,0,0,3,21,0,11,20,1,4,20,8,0,18,15,0,0,18,13,6,7,7,7,7,7,7,7,21,0,16,29,1,6,29,11,0,26,21,0,0,18,13,7,8,8,8,8,8,8,8,21,0,16,29,1,6,29,11,0,26,21,0,0,18,13,1,19,19,19,19,19,19,19,21,0,16,29,1,6,29,11,0,26,21,0,0,18,13,1,28,28,28,29,29,29,28,13,0,16,29,1,6,29,11,0,26,21,0,0,18,13,0,0,0,0,6,29,11,0,0,0,16,29,1,6,29,11,0,26,21,0,0,18,21,13,13,13,1,6,29,11,5,18,0,16,29,1,6,29,11,0,26,21,0,0,12,18,18,18,18,1,6,29,11,6,21,0,16,29,1,6,29,11,0,26,21,0,0,0,0,0,0,0,0,6,29,11,0,21,0,16,29,1,6,29,11,0,26,21,0,0,0,0,1,15,15,15,19,29,21,9,21,0,16,29,1,6,29,11,0,26,21,0,0,0,0,1,29,29,29,29,29,29,17,21,0,16,29,1,6,29,11,0,26,21,0,0,0,0,0,2,2,2,2,2,2,1,21,0,16,29,1,6,29,11,0,26,21,0,8,17,17,17,17,17,17,17,17,17,17,21,0,16,29,1,6,29,11,0,26,21,0,0,0,0,0,0,0,0,0,0,0,0,21,0,16,29,1,6,29,11,0,26,21,0,0,18,29,29,29,29,29,27,0,0,0,21,0,16,29,1,6,29,11,0,26,21,0,0,18,24,18,18,18,18,17,0,0,15,21,0,16,29,1,6,29,11,0,26,21,0,0,18,13,1,1,1,1,1,1,1,23,21,0,16,29,1,6,29,11,0,26,21,0,0,18,13,13,14,14,14,14,14,14,25,21,0,16,29,1,6,29,11,0,26,21,0,0,18,13,0,0,0,0,0,0,0,22,21,0,16,29,1,6,29,11,0,26,21,0,0,18,20,11,11,11,11,11,0,0,22
0,2,11,4,0,0,0,0,0,0,0,0,0,0,2,13,0,2,18,23,0,9,6,0,0,0,0,0,0,0,0,0,0,0,0,0,0,0,0,0,3,18,15,0,0,0,17,17,17,17,17,17,17,17,17,17,17,17,17,17,17,17,17,17,17,17,17,17,17,0,0,0,0,0,0,0,0,0,0,0,0,0,0,0,0,0,0,0,0,0,0,0,3,15,0,11,7,0,19,0,3,15,0,11,7,0,19,0,3,15,0,0,0,0,0,3,18,0,13,8,0,22,0,3,18,0,13,8,0,22,0,3,18,0,0,0,5,25,3,18,0,13,8,0,22,0,3,18,0,13,8,0,22,0,3,18,0,0,0,6,29,3,18,0,13,8,0,22,0,3,18,0,13,8,0,22,0,3,18,0,0,0,6,29,3,18,0,13,8,0,22,0,3,18,0,13,8,0,22,0,3,18,0,0,0,6,29,7,18,0,13,11,3,23,0,3,20,3,16,8,0,23,3,7,18,0,0,0,6,29,29,18,0,13,29,28,28,0,3,29,28,29,8,0,23,28,29,18,0,0,0,0,0,5,18,3,13,9,3,22,2,5,18,3,13,9,3,22,2,5,18,3,0,0,0,0,12,18,22,13,12,18,22,13,12,18,22,13,12,18,22,13,12,18,22,0,0,0,0,12,18,22,13,12,18,22,13,12,18,22,13,12,18,22,13,12,18,22,0,0,0,8,11,10,22,7,9,18,13,13,11,10,22,7,9,18,13,13,11,10,22,0,0,0,0,9,1,22,0,4,18,0,13,8,0,22,0,4,18,1,13,8,0,22,0,0,0,0,12,18,22,13,12,18,0,13,8,0,22,13,12,18,22,13,8,0,22,0,0,0,0,12,18,22,13,12,18,0,13,8,0,22,13,12,18,22,13,8,0,22,0,0,0,0,12,18,22,13,12,18,0,13,8,0,22,13,12,18,22,13,8,0,22,0,0,0,0,12,18,22,13,12,18,0,0,0,0,22,13,12,18,22,13,8,0,0,0,0,0,0,11,18,18,13,12,15,0,0,0,0,18,13,12,15,22,11,7,0,0,0,0,0,0,3,18,0,13,8,0,0,0,0,0,0,13,8,0,22,0,0,0,0,0,0,0,0,3,18,0,13,8,0,0,0,0,0,0,13,8,0,22,0,0,0,0,0,0,0,0
14,14,14,14,14,14,0,0,0,0,0,12,14,14,14,14,14,14,14,14,14,14,14,0,0,4,0,0,0,0,0,0,13,20,17,17,17,17,17,11,0,0,2,1,0,0,0,0,22,0,0,0,0,0,0,13,8,0,1,5,0,0,0,0,0,13,8,0,0,0,0,22,0,0,0,0,0,0,13,8,0,3,18,0,0,0,0,0,13,8,0,0,0,0,22,0,0,0,0,0,0,13,8,0,3,18,0,0,0,0,0,13,8,0,0,5,5,7,5,5,5,5,3,0,13,8,0,3,7,5,5,5,5,5,6,6,5,5,14,14,14,14,14,14,13,18,0,13,8,3,9,14,14,14,14,14,14,14,14,14,14,12,12,12,12,12,12,4,18,0,13,8,10,26,12,12,12,12,12,12,12,12,12,12,7,7,7,7,7,2,3,18,0,13,8,0,22,0,3,7,7,7,7,7,7,7,5,8,8,8,8,8,3,3,18,0,13,8,0,22,0,4,8,8,8,8,8,8,8,6,3,3,3,3,3,3,4,18,0,13,8,0,23,3,3,3,3,3,3,3,3,3,3,12,12,12,12,12,12,4,18,0,13,8,1,12,14,14,13,12,12,12,12,12,12,12,0,0,9,0,0,0,3,18,0,13,8,12,14,21,19,5,0,0,0,0,0,0,0,0,0,22,0,0,0,3,18,0,13,8,0,16,13,8,0,0,0,0,13,8,0,0,0,0,22,0,0,0,3,18,0,13,8,0,22,13,8,0,0,0,0,13,8,0,0,0,0,6,0,0,0,3,18,0,13,8,0,16,13,8,0,0,0,0,9,6,0,0,15,15,15,15,15,15,17,18,0,13,8,13,15,22,20,15,15,15,15,15,15,15,15,0,0,0,0,0,0,0,0,0,13,18,14,14,14,14,14,10,0,0,0,0,0,0,0,0,0,0,0,0,0,0,0,1,2,2,2,2,2,2,2,0,0,0,0,0,0,17,17,17,17,17,17,17,17,17,17,17,17,17,17,17,17,17,17,17,17,17,17,17,0,0,0,0,0,0,0,0,0,0,0,0,0,0,0,0,0,0,0,0,0,0,0,29,29,29,7,12,29,29,29,17,2,29,29,29,27,0,22,29,29,29,7,0,0,0,25,29,19,5,8,21,29,23,11,1,18,28,27,17,0,14,25,29,19,5,0,0,0
22,8,9,15,11,16,9,7,22,8,9,15,11,16,9,7,22,8,9,15,11,16,8,22,16,12,15,22,16,12,15,22,16,12,15,22,16,12,15,22,16,12,15,22,16,10,22,16,12,15,22,16,12,15,22,16,12,15,22,16,12,15,22,16,12,15,22,16,10,5,16,7,3,22,3,8,15,5,16,7,3,22,3,8,15,5,16,7,3,22,3,6,0,16,5,0,22,6,9,15,9,16,5,0,22,0,6,15,9,16,8,6,22,0,4,0,16,5,0,22,16,12,15,22,16,5,0,22,0,6,15,22,16,12,15,22,0,4,0,16,5,0,22,16,12,15,22,16,5,0,22,0,6,15,22,16,12,15,22,0,4,0,10,3,0,22,16,12,15,22,16,5,0,14,0,6,15,22,16,12,15,22,0,3,0,0,0,0,22,16,12,15,22,16,5,0,0,0,6,15,22,16,12,15,22,0,0,0,0,0,0,10,16,9,7,22,7,2,0,0,0,3,7,22,7,9,15,10,0,0,0,0,0,0,0,16,5,0,22,0,0,0,0,0,0,0,22,0,6,15,0,0,0,0,0,0,0,0,16,5,0,22,0,0,0,0,0,0,0,22,0,6,15,0,0,0,0,16,5,0,22,16,12,15,22,16,5,0,22,0,6,15,22,16,12,15,22,0,4,0,16,5,0,22,16,12,15,22,16,5,0,22,0,6,15,22,16,12,15,22,0,4,0,16,5,0,22,6,9,15,8,16,5,0,22,0,6,15,8,16,8,5,22,0,4,0,16,5,0,9,7,5,6,10,7,2,0,22,0,3,6,10,7,5,7,9,0,4,0,16,5,0,0,16,5,0,22,0,0,0,22,0,0,0,22,0,6,15,0,0,4,5,16,7,3,0,16,10,9,22,0,1,3,22,3,1,0,22,10,10,15,0,3,6,22,16,12,15,0,16,12,15,22,0,6,15,22,16,5,0,22,16,12,15,0,16,10,22,16,12,15,0,16,12,15,22,0,6,15,22,16,5,0,22,16,12,15,0,16,10,22,9,9,15,23,28,12,15,26,25,11,15,12,16,11,25,25,16,12,28,22,16,8,0,0,0,0,23,6,2,3,6,20,5,0,0,0,6,19,6,3,2,6,23,0,0,0,9,3,0,22,0,3,9,0,16,5,0,13,0,6,15,0,9,3,0,22,0,2
0,0,0,0,13,4,0,22,0,7,14,0,17,4,0,22,0,7,14,0,0,0,0,0,0,0,0,13,4,0,14,0,7,14,0,11,3,0,22,0,5,9,0,0,0,0,0,0,0,0,13,4,0,0,0,7,17,4,2,2,5,23,0,0,0,0,0,0,0,0,0,0,0,12,11,13,11,16,11,26,24,17,12,28,22,16,8,7,0,0,0,0,0,0,0,0,0,7,14,22,17,4,0,22,17,12,14,0,17,12,14,0,0,0,0,0,0,0,0,0,7,14,22,17,4,0,22,17,12,14,0,17,12,14,0,0,0,0,0,0,0,0,0,2,3,22,4,1,0,22,11,11,14,0,4,9,14,0,0,0,0,0,0,0,0,0,0,0,22,0,0,0,22,0,7,14,0,0,7,14,0,0,0,0,0,0,0,0,5,1,0,22,0,2,5,11,6,5,7,8,0,7,14,0,0,0,0,0,0,0,0,13,4,0,22,0,7,14,7,17,7,4,22,0,7,14,0,0,0,0,0,0,0,0,13,4,0,22,0,7,14,22,17,12,14,22,0,7,14,0,0,0,0,0,0,0,0,13,4,0,22,0,7,14,22,17,12,14,22,0,7,14,0,0,0,0,0,0,0,0,0,0,0,0,0,0,0,22,0,8,14,0,0,0,0,0,0,0,0,0,0,0,0,0,0,0,0,0,0,0,22,0,7,14,0,0,0,0,0,0,0,0,0,0,0,0,5,1,0,0,0,3,5,22,7,9,14,9,0,0,0,0,0,0,0,0,0,0,0,13,4,0,0,0,7,14,22,17,12,14,22,0,0,0,0,0,0,0,0,0,0,0,13,4,0,13,0,7,14,22,17,12,14,22,0,4,8,0,0,0,0,0,0,0,0,13,4,0,22,0,7,14,22,17,12,14,22,0,7,14,0,0,0,0,0,0,0,0,13,4,0,22,0,7,14,22,17,12,14,22,0,7,14,0,0,0,0,0,0,0,0,13,4,0,22,0,7,14,9,17,8,6,22,0,7,14,0,0,0,0,0,0,0,0,13,6,2,22,3,8,14,4,17,6,2,22,3,8,14,0,0,0,0,0,0,0,0,13,12,14,22,17,12,14,22,17,12,14,22,17,12,14,0,0,0,0,0,0,0,0,13,12,14,22,17,12,14,22,17,12,14,22,17,12,14,0,0,0,0
0,0,0,0,0,0,0,0,0,0,0,0,0,0,0,0,0,0,0,0,0,0,0,0,0,0,0,0,0,0,0,0,0,0,0,0,0,0,0,0,0,0,0,0,0,0,0,0,0,0,0,0,0,0,0,0,0,0,0,0,0,0,0,0,0,0,0,0,0,0,0,0,0,0,0,0,0,0,0,0,0,0,0,0,0,0,0,0,0,0,0,0,0,0,0,0,0,0,0,0,0,0,0,0,0,0,0,0,0,0,0,0,0,0,0,0,0,0,0,0,0,0,0,0,0,0,0,0,0,0,0,0,0,0,0,0,0,0,8,8,8,8,8,8,8,8,8,8,8,8,8,8,8,8,8,8,8,8,8,8,8,18,18,18,18,18,18,18,18,18,18,18,18,18,18,18,18,13,0,0,0,0,0,0,29,29,29,29,29,29,29,29,29,29,29,29,29,29,29,29,20,0,0,0,16,29,1,21,1,0,26,21,0,0,1,16,29,1,0,2,6,29,11,2,0,0,0,16,29,1,21,13,8,26,21,0,3,18,16,29,1,0,22,6,29,11,22,0,0,0,16,29,1,21,13,8,26,21,0,3,18,16,29,1,0,22,6,29,11,22,0,0,0,16,29,1,21,12,7,26,21,0,3,16,16,29,1,0,19,6,29,11,19,0,0,0,16,29,1,21,0,6,27,23,6,0,5,20,29,8,1,2,12,29,16,4,0,0,0,16,29,1,21,1,29,29,29,27,0,21,29,29,29,7,11,29,29,29,17,0,0,0,7,12,0,13,0,11,11,11,11,0,8,11,11,11,3,4,11,11,11,7,0,0,0,0,0,0,17,17,17,17,17,17,17,17,17,17,17,17,17,17,17,17,17,17,17,17,17,17,17,0,0,0,0,0,0,0,0,0,0,0,0,0,0,0,0,0,0,0,0,0,0,0,0,0,0,0,0,0,0,0,0,0,0,0,0,0,0,0,0,0,0,0,0,0,0,0,0,0,0,0,0,0,0,0,0,0,0,0,0,0,0,0,0,0,0,0,0,0,0,0,0,0,0,0,0,0,0,0,0,0,0,0,0,0,0,0,0,0,0,0,0,0,0,0,0,0,0,0,0,0,0,0,0,0,0,0,0,0,0,0,0,0,0,0,0,0,0,0,0,0,0,0,0,0,0,0,0,0,0,0,0,0,0,0,0,0,0
12,0,6,29,11,15,0,2,12,0,1,1,1,0,0,0,0,0,0,3,18,0,13,18,0,6,29,11,22,0,3,18,12,29,29,27,0,0,0,0,0,0,3,18,0,13,13,0,6,29,11,16,0,2,13,0,19,14,0,0,0,0,0,0,0,3,18,0,13,19,19,22,29,23,19,19,19,7,0,18,13,0,0,0,0,0,0,0,3,18,0,13,28,28,28,28,28,28,28,28,10,0,18,13,0,0,0,0,0,0,0,3,18,0,13,0,0,0,0,0,0,0,0,0,0,18,13,0,0,0,0,0,0,0,3,18,0,13,0,0,0,0,0,0,0,0,0,0,18,13,0,0,0,0,0,0,0,3,18,0,13,17,17,17,17,17,17,17,17,1,0,18,13,8,17,17,17,17,0,0,3,18,0,13,17,17,17,17,17,17,17,17,17,17,25,23,17,17,17,0,0,0,0,3,18,0,13,14,14,24,21,14,14,14,14,14,14,24,21,14,14,14,0,0,0,0,3,18,0,13,3,0,18,13,0,0,0,0,3,0,18,13,0,0,2,1,0,0,0,3,18,0,13,18,9,18,14,1,2,0,3,18,9,18,14,1,2,13,8,0,0,0,3,18,0,13,18,16,18,14,15,22,0,3,18,16,18,14,15,22,13,8,0,0,0,3,18,0,13,18,16,18,14,15,22,0,3,18,16,18,14,15,22,13,8,0,0,0,3,18,0,13,18,6,18,14,15,1,0,3,18,6,18,14,15,1,13,8,0,0,0,0,0,0,13,18,0,18,16,1,0,0,3,18,0,18,16,1,0,13,8,0,0,0,0,0,0,1,0,0,18,28,10,0,0,0,0,0,18,28,10,0,0,0,0,0,0,0,0,0,0,7,7,7,7,7,7,7,7,7,7,7,7,7,7,7,7,7,7,7,7,7,7,7,8,8,8,8,8,8,8,8,8,8,8,8,8,8,8,8,8,8,8,8,8,8,8,0,0,0,0,0,0,0,0,0,0,0,0,6,4,0,11,0,1,9,0,6,4,0,0,0,0,0,0,0,0,8,14,0,0,0,13,8,0,22,0,3,18,0,13,8,0,0,0,0,0,0,0,0,16,29,1,0,0,13,8,0,22,0,3,18,0,13,8,0,13,21,21,13,0,0,0,16,29,1,0,0,13,8,0,22,0,3,18,0,13,8,0
0,2,11,4,0,10,8,0,6,11,0,2,11,4,0,10,8,0,6,11,0,2,11,0,0,0,0,0,0,0,0,0,0,0,0,0,0,0,0,0,0,0,0,0,0,0,17,17,17,17,17,17,17,17,17,17,17,17,17,17,17,17,17,17,17,17,17,17,17,0,0,0,0,0,0,0,0,0,0,0,0,0,0,0,0,0,0,0,0,0,0,0,3,15,0,11,7,0,19,0,3,15,0,11,7,0,19,0,3,15,0,11,7,0,19,3,18,0,13,8,0,22,0,3,18,0,13,8,0,22,0,3,18,0,13,8,0,22,3,18,0,13,8,0,22,0,3,18,0,13,8,0,22,0,3,18,0,13,8,0,22,3,18,0,13,8,0,22,0,3,18,0,13,8,0,22,0,3,18,0,13,8,0,22,3,18,0,13,8,0,22,0,3,18,0,13,8,0,22,0,3,18,0,13,8,0,22,3,20,3,16,8,0,23,3,7,18,0,13,11,3,23,0,3,20,3,16,8,0,23,3,29,28,29,8,0,23,28,29,18,0,13,29,28,28,0,3,29,28,29,8,0,23,5,18,3,13,9,3,22,2,5,18,3,13,9,3,22,2,5,18,3,13,9,3,22,12,18,22,13,12,18,22,13,12,18,22,13,12,18,22,13,12,18,22,13,12,18,22,12,18,22,13,12,18,22,13,12,18,22,13,12,18,22,13,12,18,22,13,12,18,22,11,10,22,7,9,18,13,13,11,10,22,7,9,18,13,13,11,10,22,7,9,18,13,8,0,22,0,4,18,1,13,8,0,22,0,3,18,1,13,9,1,22,0,3,18,0,8,0,22,13,12,18,22,13,8,0,22,0,3,18,22,13,12,18,22,0,3,18,0,8,0,22,13,12,18,22,13,8,0,22,0,3,18,22,13,12,18,22,0,3,18,0,8,0,22,13,12,18,22,13,8,0,22,0,3,18,22,13,12,18,22,0,3,18,0,0,0,22,13,12,18,22,13,8,0,0,0,3,18,22,13,12,18,22,0,0,0,0,0,0,18,13,12,15,22,11,7,0,0,0,3,15,22,11,11,18,18,0,0,0,0,0,0,0,13,8,0,22,0,0,0,0,0,0,0,22,0,3,18,0,0,0,0,0,0,0,0,13,8,0,22,0,0,0,0,0,0,0,22,0,3,18,0,0,0,0,0
0,0,0,0,13,12,14,22,17,12,14,22,17,12,14,22,17,12,14,0,0,0,0,0,0,0,0,13,12,14,22,17,12,14,22,17,12,14,22,17,12,14,0,0,0,0,0,0,0,0,13,12,14,22,17,12,14,22,17,12,14,22,17,12,14,0,0,0,0,0,0,0,0,6,10,14,11,17,8,7,22,8,10,14,11,17,8,7,0,0,0,0,0,0,0,0,3,13,14,0,17,11,7,23,0,7,18,7,21,4,0,0,0,0,0,0,0,0,0,11,26,14,0,14,25,25,24,0,6,25,25,27,4,0,0,0,0,0,0,0,0,0,1,8,14,0,3,3,1,22,0,3,3,3,17,4,0,0,0,0,0,0,0,0,0,13,12,14,4,28,29,14,22,0,24,28,24,17,4,0,0,0,0,0,0,0,0,0,13,12,14,0,0,7,14,22,0,0,0,22,17,4,0,0,0,0,0,0,0,0,0,13,12,14,0,5,9,14,22,0,2,4,22,17,4,0,0,0,0,0,0,0,0,0,10,11,14,0,17,11,11,22,0,7,14,17,17,4,0,0,0,0,0,0,0,0,0,4,15,14,0,17,13,9,23,0,7,19,9,21,4,0,0,0,0,0,0,0,0,0,10,22,11,0,13,22,22,19,0,6,22,22,22,3,0,0,0,0,0,0,0,0,0,0,0,0,0,0,0,0,0,0,0,0,0,0,0,0,0,0,0,0,0,0,0,0,7,17,17,17,17,17,17,17,17,17,17,17,17,17,3,0,0,0,0,0,0,0,0,0,1,2,0,2,0,0,3,0,1,2,0,2,0,0,0,0,0,0,0,0,0,0,0,7,14,0,17,4,0,22,0,7,14,0,17,4,0,0,0,0,0,0,0,0,0,0,7,14,0,17,4,0,22,0,7,14,0,17,4,0,0,0,0,0,0,0,0,0,0,7,14,0,17,4,0,22,0,7,14,0,17,4,0,0,0,0,0,0,0,0,0,0,7,14,0,17,4,0,22,0,7,14,0,17,4,0,0,0,0,0,0,0,0,0,0,7,14,0,17,4,0,22,0,7,14,0,17,4,0,0,0,0,0,0,0,0,0,6,18,14,0,17,16,13,23,0,7,21,13,23,4,0,0,0,0,0,0,0,0,0,8,21,14,0,17,20,18,24,0,7,24,18,25,4,0,0,0,0,0
17,0,5,12,0,13,4,0,17,0,5,12,0,13,4,0,17,0,5,12,0,13,4,22,0,6,15,0,16,5,0,22,0,6,15,0,16,5,0,22,0,6,15,0,16,5,22,0,6,15,0,16,5,0,22,0,6,15,0,16,5,0,22,0,6,15,0,16,5,22,0,6,15,0,16,5,0,22,0,6,15,0,16,5,0,22,0,6,15,0,16,5,22,0,6,15,0,16,5,0,22,0,6,15,0,16,5,0,22,0,6,15,0,16,5,23,1,8,15,0,16,7,1,23,0,6,16,1,17,5,0,23,1,8,15,0,16,7,26,29,29,15,0,16,29,29,25,0,6,29,29,29,5,0,26,29,29,15,0,16,27,23,2,8,15,2,16,7,2,23,1,7,16,3,17,6,1,23,2,8,15,2,16,7,22,16,12,15,22,16,12,15,22,16,12,15,22,16,12,15,22,16,12,15,22,16,10,22,16,12,15,22,16,12,15,22,16,12,15,22,16,12,15,22,16,12,15,22,16,10,14,16,10,10,22,10,10,15,14,16,10,10,22,10,10,15,14,16,10,10,22,10,8,0,16,5,0,22,0,6,15,0,16,5,0,22,0,6,15,0,16,5,0,22,0,4,0,16,12,15,22,16,12,15,0,16,5,0,22,16,12,15,22,16,5,0,22,0,4,0,16,12,15,22,16,12,15,0,16,5,0,22,16,12,15,22,16,5,0,22,0,4,0,16,12,15,22,16,12,15,0,16,5,0,22,16,12,15,22,16,5,0,22,0,4,0,16,12,15,22,16,12,15,0,0,0,0,22,16,12,15,22,16,5,0,0,0,4,0,14,12,15,19,16,12,13,0,0,0,0,19,16,12,13,22,14,5,0,0,0,4,0,0,6,15,0,16,5,0,0,0,0,0,0,16,5,0,22,0,0,0,0,0,0,0,0,6,15,0,16,5,0,0,0,0,0,0,16,5,0,22,0,0,0,0,0,0,0,10,10,15,13,16,10,9,0,10,3,0,13,16,10,9,22,10,3,0,13,0,2,0,16,12,15,22,16,12,15,0,16,5,0,22,16,12,15,22,16,5,0,22,0,4,0,16,11,12,22,13,11,15,0,16,5,0,22,13,11,15,17,16,5,0,22,0,4,0,13,4,0,17,0,5,12,0,13,4,0,17,0,5,12,0,13,4,0,17,0,3
0,0,29,13,0,25,23,0,14,29,3,0,21,6,7,20,21,12,12,20,21,0,0,0,0,29,13,0,25,23,0,14,29,3,0,21,0,1,20,18,12,12,17,21,0,0,0,0,17,8,0,25,23,0,14,29,3,0,21,0,1,20,0,11,10,0,21,0,0,0,0,0,0,0,25,23,0,14,29,3,0,21,12,12,20,21,12,12,20,21,0,0,0,0,25,11,0,25,23,0,14,29,3,0,11,12,12,20,21,12,12,20,21,0,0,0,0,29,13,0,25,23,0,14,29,3,0,0,4,6,20,8,6,6,8,21,0,0,0,0,29,13,0,25,23,0,14,29,3,0,17,4,5,20,7,0,0,6,21,0,0,0,0,29,13,0,25,23,0,14,29,3,0,21,12,12,20,21,0,1,20,21,0,0,0,0,29,13,0,25,23,0,14,29,3,0,21,12,12,20,21,0,1,20,21,0,0,0,0,29,13,0,25,23,0,14,29,3,0,21,12,12,20,21,0,1,20,21,0,0,0,0,29,13,0,25,23,0,14,29,3,0,21,10,10,20,21,0,1,20,21,0,0,0,0,29,13,0,25,23,0,14,29,3,0,21,0,1,20,21,0,1,20,21,0,0,0,0,29,13,0,25,23,0,14,29,3,0,17,0,1,16,21,0,1,20,16,0,0,0,0,29,13,0,25,23,0,14,29,3,0,0,0,0,0,21,0,1,20,0,0,0,0,0,29,13,0,25,23,0,14,29,3,0,4,2,0,18,28,0,1,28,18,0,0,0,0,29,13,0,25,23,0,14,29,3,4,29,13,0,6,8,0,0,8,6,0,0,0,0,29,13,0,25,23,0,14,29,3,4,29,13,0,0,0,0,0,0,0,0,0,0,0,29,13,0,25,23,0,14,29,3,4,29,13,0,0,0,0,0,0,0,0,0,0,0,29,13,0,25,23,0,14,29,3,4,29,13,0,0,0,0,0,0,0,0,0,0,0,29,13,0,25,23,0,14,29,3,3,19,9,0,0,0,0,0,0,0,0,0,0,0,29,13,0,4,4,0,14,29,3,0,0,0,0,21,27,0,1,27,21,0,0,0,0,29,13,0,5,5,0,14,29,3,0,0,0,0,3,23,0,1,22,3,0,0,0,0,29,13,0,25,23,0,14,29,3,0,8,0,0,8,21,0,1,20,8,0,0
0,0,0,0,0,0,0,0,0,0,0,0,0,0,0,0,0,0,0,0,0,0,0,0,0,0,0,0,0,0,0,0,0,0,0,0,0,0,0,0,0,0,0,0,0,0,0,0,0,0,0,0,0,0,0,0,0,0,0,0,0,0,0,0,0,0,0,0,0,0,0,0,0,0,0,0,0,0,0,0,0,0,0,0,0,0,0,0,0,0,0,0,0,0,0,0,0,0,0,0,0,0,0,0,0,0,0,0,0,0,0,0,0,0,0,0,0,0,0,0,0,0,0,0,0,0,0,0,0,0,0,0,0,0,0,0,0,0,8,8,8,8,8,8,8,8,8,8,8,8,8,8,8,8,8,8,8,8,8,8,8,17,18,18,18,18,18,18,18,18,18,18,18,18,18,18,18,18,13,0,0,0,0,0,26,29,29,29,29,29,29,29,29,29,29,29,29,29,29,29,29,20,0,0,6,29,11,26,21,1,0,26,21,0,0,1,16,29,1,0,2,6,29,11,2,0,0,6,29,11,26,21,13,8,26,21,0,3,18,16,29,1,0,22,6,29,11,22,0,0,6,29,11,26,21,13,8,26,21,0,3,18,16,29,1,0,22,6,29,11,22,0,0,6,29,11,26,21,12,7,26,21,0,3,16,16,29,1,0,19,6,29,11,19,0,0,6,29,11,26,21,0,6,27,23,6,0,5,20,29,8,1,2,12,29,16,4,0,0,6,29,11,26,21,1,29,29,29,27,0,21,29,29,29,7,11,29,29,29,17,0,0,3,12,5,16,13,0,11,11,11,11,0,8,11,11,11,3,4,11,11,11,7,0,0,0,0,0,17,17,17,17,17,17,17,17,17,17,17,17,17,17,17,17,17,17,17,17,17,17,17,0,0,0,0,0,0,0,0,0,0,0,0,0,0,0,0,0,0,0,0,0,0,0,0,0,0,0,0,0,0,0,0,0,0,0,0,0,0,0,0,0,0,0,0,0,0,0,0,0,0,0,0,0,0,0,0,0,0,0,0,0,0,0,0,0,0,0,0,0,0,0,0,0,0,0,0,0,0,0,0,0,0,0,0,0,0,0,0,0,0,0,0,0,0,0,0,0,0,0,0,0,0,0,0,0,0,0,0,0,0,0,0,0,0,0,0,0,0,0,0,0,0,0,0,0,0,0,0,0,0,0,0,0,0,0,0,0,0
7,19,11,12,11,9,22,6,7,19,11,12,11,9,22,6,7,19,11,12,11,9,22,11,19,22,12,12,19,22,12,12,19,22,12,12,19,22,12,12,19,22,12,12,19,22,11,19,22,12,12,19,22,12,12,19,22,12,12,19,22,12,12,19,22,12,12,19,22,9,4,22,3,5,19,5,12,10,4,22,3,5,19,5,12,10,4,22,3,5,19,5,10,7,22,5,6,19,0,12,9,0,22,5,6,19,9,12,9,0,22,0,2,19,9,11,19,22,12,12,19,0,12,9,0,22,12,12,19,22,12,9,0,22,0,2,19,22,11,19,22,12,12,19,0,12,9,0,22,12,12,19,22,12,9,0,22,0,2,19,22,11,19,22,12,12,19,0,8,6,0,22,12,12,19,22,12,9,0,14,0,2,19,22,11,19,22,12,12,19,0,0,0,0,22,12,12,19,22,12,9,0,0,0,2,19,22,7,19,10,12,11,9,0,0,0,0,10,12,11,9,22,6,4,0,0,0,1,9,22,2,19,0,12,9,0,0,0,0,0,0,12,9,0,22,0,0,0,0,0,0,0,22,2,19,0,12,9,0,0,0,0,0,0,12,9,0,22,0,0,0,0,0,0,0,22,11,19,22,12,12,19,0,12,9,0,22,12,12,19,22,12,9,0,22,0,2,19,22,11,19,22,12,12,19,0,12,9,0,22,12,12,19,22,12,9,0,22,0,2,19,22,10,7,22,4,6,19,0,12,9,0,22,4,6,19,8,12,9,0,22,0,2,19,8,5,9,9,6,5,8,0,12,9,0,9,6,5,8,10,5,4,0,22,0,1,8,10,2,19,0,12,9,0,0,12,9,0,0,12,9,0,22,0,0,0,22,0,0,0,22,2,19,13,12,9,0,5,12,10,4,0,12,11,11,22,0,0,4,22,3,2,0,22,2,19,22,12,9,0,22,12,12,19,0,12,12,19,22,0,2,19,22,12,9,0,22,2,19,22,12,9,0,22,12,12,19,0,12,12,19,22,0,2,19,22,12,9,0,22,25,19,22,12,27,17,22,6,8,19,19,27,12,19,22,25,11,19,12,12,12,25,29,13,4,4,3,9,19,0,0,0,0,22,6,2,3,5,16,9,0,0,0,2,22,6,8,0,13,0,2,19,0,7,5,0,22,0,1,11,0,12,9,0,13,0,2,19,0
0,3,18,0,13,8,0,22,0,3,18,0,13,8,0,22,0,3,18,0,13,8,0,10,10,18,16,13,11,13,22,10,10,18,16,13,11,13,22,10,10,18,16,13,11,13,13,12,18,22,13,12,18,22,13,12,18,22,13,12,18,22,13,12,18,22,13,12,18,13,12,18,22,13,12,18,22,13,12,18,22,13,12,18,22,13,12,18,22,13,12,18,13,12,18,22,13,12,18,22,13,12,18,22,13,12,18,22,13,12,18,22,13,12,18,2,5,18,3,13,9,3,22,2,5,18,3,13,9,3,22,2,5,18,3,13,9,3,17,19,18,0,13,21,17,26,0,3,25,17,23,8,0,23,17,19,18,0,13,21,17,14,14,9,0,13,19,14,14,0,3,24,14,14,4,0,23,14,14,9,0,13,19,14,6,13,13,3,13,10,13,13,7,3,18,11,13,12,0,22,6,13,13,3,13,10,13,13,22,18,4,13,12,25,18,10,3,18,23,18,17,0,22,13,22,18,4,13,12,25,13,8,0,0,13,12,18,0,0,3,18,22,0,0,0,22,13,8,0,0,13,12,18,13,11,12,0,13,12,18,15,0,3,18,22,9,5,0,22,13,11,12,0,13,12,18,6,7,18,0,13,10,8,22,0,3,18,9,13,8,0,22,6,7,18,0,13,10,8,19,21,18,0,13,22,19,26,0,3,26,19,24,8,0,23,19,21,18,0,13,22,19,12,12,8,0,6,12,12,12,0,1,12,12,12,3,0,10,12,12,8,0,6,12,12,7,7,7,7,7,7,7,7,7,7,7,7,7,7,7,7,7,7,7,7,7,7,7,8,8,8,8,8,8,8,8,8,8,8,8,8,8,8,8,8,8,8,8,8,8,8,0,2,10,0,7,4,0,12,0,2,10,0,7,4,0,12,0,2,10,0,7,4,0,0,3,18,0,13,8,0,22,0,3,18,0,13,8,0,22,0,3,18,0,13,8,0,0,3,18,0,13,8,0,22,0,3,18,0,13,8,0,22,0,3,18,0,13,8,0,0,3,18,0,13,8,0,22,0,3,18,0,13,8,0,22,0,3,18,0,13,8,0,0,3,18,0,13,8,0,22,0,3,18,0,13,8,0,22,0,3,18,0,13,8,0,5,7,18,9,13,10,7,22,5,7,18,9,13,10,7,22,5,7,18,9,13,10,7
0,0,0,3,18,22,13,12,18,22,0,0,0,0,13,12,18,22,13,12,18,0,0,0,0,0,3,15,22,11,11,18,18,0,0,0,0,11,11,18,18,13,12,15,0,0,0,0,0,0,0,22,0,3,18,0,0,0,0,0,0,3,18,0,13,8,0,0,0,0,0,0,0,0,22,0,3,18,0,0,0,0,0,0,3,18,0,13,8,0,0,0,0,15,0,2,12,22,9,9,18,15,0,2,12,0,9,9,18,15,13,11,12,0,9,0,22,0,3,18,22,13,12,18,22,0,3,18,0,13,12,18,22,13,12,18,0,13,0,22,0,3,18,16,13,11,13,22,0,3,18,0,13,11,13,22,9,10,18,0,13,0,22,0,3,14,3,10,7,2,17,0,3,18,0,10,7,2,17,1,4,14,0,13,0,22,0,0,0,22,0,3,18,0,0,3,18,0,0,3,18,0,13,8,0,0,13,0,22,0,0,0,22,3,6,18,0,0,3,18,0,0,3,18,6,13,8,0,0,13,17,22,12,8,0,22,13,12,18,0,12,12,18,20,0,3,18,22,13,8,0,20,13,18,22,13,8,0,22,13,12,18,0,13,12,18,22,0,3,18,22,13,8,0,22,13,18,19,13,11,15,26,13,12,24,15,13,12,16,22,7,17,18,22,13,20,10,22,12,5,0,4,6,25,16,7,7,17,26,4,2,0,6,13,20,10,12,7,18,18,6,0,0,5,0,3,18,0,3,2,0,22,0,0,4,0,13,8,0,5,0,3,18,0,3,0,22,0,3,18,0,13,8,0,22,0,3,18,0,13,8,0,22,0,3,18,0,13,5,22,4,6,18,0,13,8,0,22,4,6,18,6,13,8,0,22,0,3,18,6,13,18,22,13,12,18,1,13,9,1,22,13,12,18,22,13,9,1,22,0,4,18,22,13,18,22,13,12,18,22,13,12,18,22,13,12,18,22,13,12,18,22,13,12,18,22,13,15,22,11,11,18,22,13,12,18,22,11,11,18,18,13,12,18,22,13,12,18,18,13,0,22,0,3,18,22,13,12,18,22,0,3,18,0,13,12,18,22,13,12,18,0,13,0,22,0,3,18,3,13,9,3,22,0,3,18,0,13,9,3,22,2,5,18,0,13,12,22,9,9,18,15,13,11,12,22,9,9,18,15,13,11,12,22,9,9,18,15,13
11,10,22,7,8,18,12,13,11,10,22,7,8,18,12,13,11,10,22,7,8,18,12,21,17,26,0,3,25,17,23,8,0,23,17,19,18,0,13,21,17,26,0,3,25,17,19,14,25,0,3,24,14,21,8,0,23,14,16,18,0,13,19,14,25,0,3,24,14,8,0,22,0,3,18,0,13,8,0,22,0,3,18,0,13,8,0,22,0,3,18,0,8,0,22,0,3,18,0,13,8,0,22,0,3,18,0,13,8,0,22,0,3,18,0,8,0,22,0,3,18,0,13,8,0,22,0,3,18,0,13,8,0,22,0,3,18,0,8,0,22,0,3,18,0,13,8,0,22,0,3,18,0,13,8,0,22,0,3,18,0,8,0,22,0,3,18,0,13,8,0,22,0,3,18,0,13,8,0,22,0,3,18,0,1,0,4,0,0,3,0,2,1,0,4,0,0,3,0,2,1,0,4,0,0,3,0,17,17,17,17,17,17,17,17,17,17,17,17,17,17,17,17,17,17,17,17,17,17,17,0,0,0,0,0,0,0,0,0,0,0,0,0,0,0,0,0,0,0,0,0,0,0,21,21,21,0,2,21,21,21,6,0,17,21,21,13,0,10,21,21,21,0,2,21,21,16,10,25,0,3,23,10,19,8,0,23,10,13,18,0,13,16,10,25,0,3,23,10,11,13,22,0,3,18,16,13,8,0,22,10,10,18,0,13,11,13,22,0,3,18,16,7,18,22,0,1,7,22,13,8,0,9,13,12,18,0,5,7,18,22,0,1,7,22,3,18,22,0,0,0,22,13,8,0,0,13,12,18,0,0,3,18,22,0,0,0,22,28,18,22,0,19,27,28,13,8,10,27,28,12,18,0,27,28,18,22,0,19,27,28,4,3,22,0,3,4,4,13,8,1,4,4,5,18,0,4,4,3,22,0,3,4,4,23,23,27,0,3,23,23,26,8,0,19,23,24,18,0,11,23,23,27,0,3,23,23,15,8,24,0,3,22,8,18,8,0,23,8,11,18,0,13,15,8,24,0,3,22,8,10,8,22,6,8,18,10,13,10,8,22,6,8,18,10,13,10,8,22,6,8,18,10,12,18,22,13,12,18,22,13,12,18,22,13,12,18,22,13,12,18,22,13,12,18,22,12,18,22,13,12,18,22,13,12,18,22,13,12,18,22,13,12,18,22,13,12,18,22
11,0,26,21,0,16,29,1,6,29,11,0,18,27,25,25,25,2,6,29,11,9,25,11,0,26,21,0,16,29,1,6,29,11,0,18,13,0,0,0,0,6,29,11,0,0,11,0,26,21,0,16,29,1,6,29,11,0,18,13,1,17,17,17,20,29,22,17,17,11,0,26,21,0,16,29,1,6,29,11,0,18,13,1,29,29,29,29,29,29,29,29,11,0,26,21,0,16,29,1,6,29,11,0,18,13,0,0,0,0,0,0,0,0,0,11,0,26,21,0,16,29,1,6,29,11,0,18,13,14,17,17,17,17,17,17,17,17,11,0,26,21,0,16,29,1,6,29,11,0,18,13,0,0,0,0,0,0,0,0,0,10,0,26,21,0,16,29,1,6,29,11,0,18,22,15,15,15,15,14,0,0,18,17,0,0,26,21,0,16,29,1,6,29,11,0,18,29,29,29,29,29,27,0,0,22,0,6,0,26,21,0,16,29,1,6,29,11,0,18,15,2,2,2,2,2,0,0,22,0,11,0,26,21,0,16,29,1,6,29,11,0,18,13,0,0,0,0,0,0,0,22,0,11,0,26,21,0,16,29,1,6,29,11,0,18,13,15,17,17,17,17,17,17,26,0,11,0,26,21,0,16,29,1,6,29,11,0,18,13,0,0,0,0,0,0,0,23,5,11,0,26,21,0,16,29,1,1,5,2,0,18,28,27,27,27,27,26,0,0,8,10,11,0,26,21,0,16,29,1,0,0,0,0,13,20,20,20,20,20,19,0,0,0,0,11,0,26,21,0,16,29,1,0,0,0,3,7,7,7,7,7,7,7,7,7,7,7,11,0,26,21,0,16,29,1,0,0,0,4,8,8,8,8,8,8,8,8,8,8,8,11,0,26,21,0,16,29,1,0,0,0,0,0,0,0,11,11,11,11,11,11,7,0,11,0,26,21,0,16,29,1,6,29,11,0,0,0,1,29,29,29,29,29,29,17,1,11,0,26,21,0,16,29,1,6,29,11,0,0,0,0,6,6,6,12,29,16,4,0,11,0,26,21,0,16,29,1,6,29,11,0,0,0,0,0,0,0,6,29,11,0,0,11,0,26,21,0,16,29,1,6,29,11,0,17,27,27,27,27,2,6,29,11,10,27,11,0,26,21,0,16,29,1,6,29,11,0,18,16,4,4,4,0,6,29,11,1,4
4,14,4,0,0,0,0,6,12,12,12,12,12,12,2,6,12,12,12,12,12,12,2,8,29,9,0,0,0,0,0,0,0,0,0,0,0,0,0,0,0,0,0,0,0,0,8,29,9,0,15,17,17,17,17,17,17,17,17,17,17,17,17,17,17,17,17,17,5,8,29,9,0,0,0,0,0,0,0,0,0,0,4,4,1,0,0,0,0,0,0,0,8,29,9,0,15,10,0,10,15,0,0,0,4,29,29,6,0,0,2,2,2,2,0,8,29,9,0,28,19,0,18,29,0,0,9,2,13,22,6,0,0,25,29,29,29,8,8,29,9,0,28,19,0,18,29,0,0,22,0,0,15,6,0,0,13,15,15,15,4,8,29,9,0,28,19,0,18,29,0,0,22,0,0,15,6,0,0,0,0,0,0,0,6,22,7,0,28,19,0,18,29,0,0,22,0,0,15,20,17,17,17,17,17,10,0,0,0,0,0,28,19,0,18,29,0,0,1,0,0,16,6,0,0,0,0,0,0,0,5,19,6,0,26,17,0,17,26,0,0,0,4,29,29,6,0,0,25,29,29,29,8,8,29,9,0,0,0,0,0,0,0,0,0,2,17,17,4,0,0,14,17,17,17,5,8,29,9,0,2,2,2,2,2,2,2,2,2,2,2,2,2,2,2,2,2,2,0,8,29,9,0,12,13,13,13,13,13,13,13,13,13,13,13,13,13,13,13,13,13,4,8,29,9,0,0,0,0,0,1,14,14,14,12,0,19,13,0,0,0,0,0,0,0,8,29,9,0,9,6,0,0,3,29,29,29,25,0,28,19,0,6,9,0,2,9,2,8,29,9,0,28,19,0,0,0,3,29,21,3,0,28,19,0,18,29,0,8,29,8,8,29,9,0,28,19,0,0,15,6,28,19,15,6,28,19,0,18,29,0,8,29,8,8,29,9,0,28,19,0,0,15,6,28,19,15,6,28,19,0,18,29,0,8,29,8,8,29,9,0,28,19,0,0,15,6,28,19,15,6,28,19,0,18,29,0,8,29,8,4,14,4,0,14,9,0,0,0,2,29,20,2,2,29,19,0,9,14,0,4,14,4,0,0,0,0,0,0,0,0,6,29,29,29,29,29,29,19,0,0,0,0,0,0,0,0,0,0,0,0,0,0,0,3,15,15,15,15,15,15,10,0,0,0,0,0,0,0
21,0,14,25,1,5,25,9,0,22,18,0,14,25,1,5,25,9,0,22,18,0,0,21,0,16,29,1,6,29,11,0,26,21,0,16,29,1,6,29,11,0,26,21,0,0,21,0,16,29,1,6,29,11,0,26,21,0,16,29,1,6,29,11,0,26,21,0,0,21,0,16,29,1,6,29,11,0,26,21,0,16,29,1,6,29,11,0,26,21,0,0,21,0,16,29,1,6,29,11,0,26,21,0,16,29,1,6,29,11,0,26,21,0,0,21,0,0,0,0,0,0,0,0,0,0,0,0,0,0,0,0,0,0,0,0,0,0,21,0,0,0,0,0,0,0,0,0,0,0,0,0,0,0,0,0,0,0,0,0,0,21,0,0,0,0,0,0,0,0,0,0,0,0,0,0,0,0,0,0,0,0,0,0,21,0,0,0,8,17,17,17,17,17,17,17,17,17,17,17,17,17,17,17,17,17,0,21,0,0,0,0,0,0,0,0,0,0,0,0,0,4,9,9,9,9,9,9,3,0,21,0,0,0,0,0,0,0,0,0,0,0,0,0,14,29,29,29,29,29,29,11,0,21,0,10,18,1,4,18,7,0,17,13,0,0,0,4,13,29,17,8,13,29,11,0,21,0,16,29,1,6,29,11,0,26,21,0,0,0,18,6,29,11,18,6,29,11,0,21,0,16,29,1,6,29,11,0,26,21,0,0,0,22,6,29,11,22,6,29,11,0,21,0,16,29,1,6,29,11,0,26,21,0,0,0,22,6,29,11,22,6,29,11,0,21,0,16,29,1,6,29,11,0,26,21,0,0,0,3,6,29,11,3,6,29,11,0,21,0,3,5,0,1,5,2,0,5,4,0,0,0,11,28,29,28,16,6,29,11,0,21,0,0,0,0,0,0,0,0,0,0,0,0,0,8,20,20,20,12,6,26,10,0,21,0,0,0,3,7,7,7,7,7,7,7,7,7,7,7,7,7,7,7,7,7,7,21,0,0,0,4,8,8,8,8,8,8,8,8,8,8,8,8,8,8,8,8,8,8,21,0,0,0,0,0,0,0,0,0,0,0,0,0,0,0,0,0,0,0,0,9,11,21,0,16,29,1,6,29,11,0,26,21,0,16,29,1,6,29,11,0,0,0,22,29,21,0,16,29,1,6,29,11,0,26,21,0,16,29,1,6,29,11,0,0,0,5,10
11,0,26,21,0,0,0,0,0,22,0,3,18,0,13,8,0,22,0,3,18,0,13,11,0,26,21,0,0,0,0,0,22,0,3,18,0,13,8,0,22,0,3,18,0,13,11,0,26,21,0,0,0,0,0,22,0,3,18,0,13,8,0,22,0,3,18,0,13,11,0,26,21,0,0,0,0,0,22,0,3,18,0,13,8,0,22,0,3,18,0,13,11,0,26,21,0,0,0,1,7,22,5,7,18,9,13,10,7,22,5,7,18,9,13,11,0,26,21,0,0,0,3,18,22,13,12,18,22,13,12,18,22,13,12,18,22,13,4,0,10,8,0,0,0,3,18,22,13,12,18,22,13,12,18,22,13,12,18,22,13,0,0,0,0,0,0,0,3,18,22,13,12,18,22,13,12,18,22,13,12,18,22,13,17,11,0,0,0,0,0,1,9,22,6,8,18,11,13,10,9,22,6,8,18,11,13,0,0,0,0,0,0,0,0,0,23,7,10,18,0,13,14,7,24,0,3,21,7,18,0,0,0,0,0,0,0,0,0,20,25,25,18,0,11,25,25,27,0,3,25,25,27,9,0,22,18,0,0,0,0,1,3,3,5,18,0,3,3,2,22,0,2,3,3,13,11,0,26,21,0,0,0,0,10,28,29,12,18,0,28,29,18,22,0,20,28,28,13,11,0,26,21,0,0,0,0,0,0,13,12,18,0,0,3,18,22,0,0,0,22,13,11,0,26,21,0,0,0,0,0,7,13,12,18,0,4,6,18,22,0,1,6,22,13,11,0,26,21,0,0,0,0,0,22,10,10,18,0,13,12,14,22,0,3,18,17,13,0,0,0,0,0,0,0,0,0,23,9,12,18,0,13,15,9,25,0,3,22,9,19,0,0,0,0,0,0,0,0,0,18,22,22,14,0,10,22,22,22,0,3,22,22,22,0,0,0,0,0,0,0,0,0,0,0,0,0,0,0,0,0,0,0,0,0,0,0,17,11,0,0,0,0,0,0,14,17,17,17,17,17,17,17,17,17,17,17,17,17,17,0,0,0,0,0,0,0,0,0,4,0,0,3,0,2,1,0,4,0,0,3,0,2,0,0,0,0,0,0,0,0,0,22,0,3,18,0,13,8,0,22,0,3,18,0,13,7,0,17,13,0,0,0,0,0,22,0,3,18,0,13,8,0,22,0,3,18,0,13
22,0,3,18,0,0,0,0,0,0,0,1,1,1,2,12,0,9,5,26,21,0,2,22,0,3,18,0,0,0,0,0,0,12,29,29,27,3,18,0,13,8,26,21,0,3,22,0,3,18,0,0,0,0,0,0,0,0,29,4,2,13,0,9,6,26,21,0,2,22,0,3,18,0,0,0,0,0,0,0,0,28,3,0,16,19,19,19,28,27,19,19,22,0,3,18,0,0,0,0,0,0,0,0,28,3,0,24,28,28,28,28,28,28,28,22,0,3,18,0,0,0,0,0,0,0,0,28,3,0,0,0,0,0,0,0,0,0,22,0,3,18,0,0,0,0,0,0,0,0,28,3,0,0,0,0,0,0,0,0,0,22,0,3,18,0,0,8,17,17,17,17,0,28,3,0,10,17,17,17,17,17,17,17,22,0,3,18,0,0,0,0,8,17,17,17,29,19,17,17,17,17,17,17,17,17,17,22,0,3,18,0,0,0,0,7,14,14,14,29,16,14,14,14,14,14,14,29,16,14,22,0,3,18,0,0,0,0,4,0,0,0,28,3,0,3,0,0,0,0,28,3,0,22,0,3,18,0,0,0,0,22,1,0,1,28,10,7,18,0,1,0,1,28,10,7,22,0,3,18,0,0,0,0,22,13,9,15,28,14,9,18,0,13,9,15,28,14,9,22,0,3,18,0,0,0,0,22,13,9,15,28,14,9,18,0,13,9,15,28,14,9,22,0,0,0,0,0,0,0,22,0,1,15,28,8,6,18,0,0,1,15,28,8,6,2,0,0,0,0,0,0,0,22,0,0,3,29,3,3,18,0,0,0,3,29,3,3,0,0,0,0,0,0,0,0,0,0,0,24,28,3,0,0,0,0,0,24,28,3,0,7,7,7,7,7,7,7,7,7,7,7,7,7,7,7,7,7,7,7,7,7,7,7,8,8,8,8,8,8,8,8,8,8,8,8,8,8,8,8,8,8,8,8,8,8,8,4,0,11,0,1,9,0,6,4,0,11,0,0,0,0,0,0,0,0,0,0,0,0,8,0,22,0,3,18,0,13,8,0,22,0,0,0,8,14,0,0,0,0,0,0,0,8,0,22,0,3,18,0,13,8,0,22,0,0,0,16,29,1,0,0,0,0,0,0,8,0,22,0,3,18,0,13,8,0,22,0,0,0,16,29,1,0,0,2,21,21,21
11,0,26,21,0,16,29,1,6,29,11,0,26,21,0,16,29,1,0,22,13,8,0,11,0,26,21,0,16,29,1,6,29,11,0,26,21,0,16,29,1,0,22,13,8,0,11,0,26,21,0,16,29,1,6,29,11,0,26,21,0,1,1,0,0,9,13,8,0,11,0,17,14,0,11,19,1,4,19,7,0,17,14,0,0,0,5,5,5,17,8,0,11,0,0,0,0,0,0,0,0,0,0,0,0,0,0,0,1,10,10,10,10,3,0,11,0,0,0,0,0,0,0,0,0,0,0,0,0,0,0,0,0,14,17,17,17,17,11,0,6,7,7,7,2,0,0,0,0,3,7,7,7,7,7,7,7,7,7,7,7,11,0,7,8,8,8,3,0,0,0,0,4,8,8,8,8,8,8,8,8,8,8,8,11,0,0,0,0,0,0,0,0,0,0,0,0,0,0,0,14,19,19,19,5,14,25,11,0,0,0,0,0,0,0,0,0,0,0,0,0,0,0,21,29,29,29,7,16,29,11,0,26,21,0,16,28,1,6,28,11,0,26,21,0,0,2,16,29,2,2,16,29,11,0,26,21,0,16,29,1,6,29,11,0,26,21,0,3,18,16,29,5,18,16,29,11,0,26,21,0,16,29,1,6,29,11,0,26,21,0,3,18,16,29,5,18,16,29,11,0,26,21,0,16,29,1,6,29,11,0,26,21,0,3,15,16,29,5,15,16,29,11,0,23,19,0,14,25,1,6,25,10,0,23,19,0,0,6,20,29,9,7,20,29,11,0,0,0,0,0,0,0,0,0,0,0,0,0,0,0,25,29,29,29,29,29,29,11,0,0,0,0,0,0,0,0,0,0,0,0,0,0,0,9,10,10,10,10,10,10,11,0,14,17,17,17,6,0,0,0,0,8,17,17,17,17,17,17,17,17,17,17,17,11,0,0,0,0,0,0,0,0,0,0,0,0,0,0,0,0,0,0,0,0,0,0,11,0,9,8,0,6,10,0,2,10,4,0,0,14,29,29,29,29,29,29,11,0,0,11,0,26,21,0,16,29,1,6,29,11,0,0,9,21,29,23,18,21,29,11,0,0,11,0,26,21,0,16,29,1,6,29,11,0,0,10,6,29,11,10,6,29,11,0,0,11,0,26,21,0,16,29,1,6,29,11,0,0,22,6,29,11,22,6,29,11,0,0
15,22,13,12,18,22,13,12,18,22,11,7,0,0,26,21,0,14,25,1,5,25,9,18,16,13,11,13,22,9,10,18,16,13,8,0,0,26,21,0,16,29,1,6,29,11,18,0,13,9,2,22,1,5,18,0,13,8,0,0,26,21,0,16,29,1,6,29,11,18,0,13,12,18,22,13,12,18,0,13,8,0,0,26,21,0,16,29,1,6,29,11,18,16,13,12,18,22,13,12,18,16,13,8,0,0,26,21,0,16,29,1,6,29,11,18,22,13,12,18,22,13,12,18,22,13,8,0,0,26,21,0,0,0,0,0,0,0,18,22,13,9,1,22,1,4,18,22,13,8,0,0,26,21,0,0,0,0,0,0,0,18,7,13,8,0,22,0,3,18,7,13,8,0,0,26,21,0,0,0,0,0,0,0,18,0,13,8,0,22,0,3,18,0,13,8,0,0,26,21,0,0,2,17,17,17,17,5,0,13,8,0,6,0,3,18,0,4,2,0,0,26,21,0,0,0,0,0,0,0,0,5,13,20,10,11,7,17,18,5,0,0,0,0,26,21,0,0,0,0,0,0,0,15,22,7,18,18,22,13,20,10,22,11,7,0,0,26,21,0,10,18,1,4,18,7,18,22,0,3,18,22,13,8,0,22,13,8,0,0,26,21,0,16,29,1,6,29,11,18,21,0,3,18,22,13,8,0,21,13,8,0,0,26,21,0,16,29,1,6,29,11,18,0,0,3,18,6,13,8,0,0,13,8,0,0,26,21,0,16,29,1,6,29,11,18,0,0,3,18,0,13,8,0,0,13,8,0,0,26,21,0,16,29,1,6,29,11,18,0,9,6,3,16,2,4,13,0,13,8,0,0,26,21,0,3,5,0,1,5,2,18,0,13,11,12,22,9,9,18,0,13,8,0,0,26,21,0,0,0,0,0,0,0,18,0,13,12,18,22,13,12,18,0,13,8,0,0,26,21,0,0,1,7,7,7,7,13,0,9,10,18,16,13,11,13,0,9,6,0,0,26,21,0,0,1,8,8,8,8,0,0,0,3,18,0,13,8,0,0,0,0,0,0,26,21,0,0,0,0,0,0,0,0,0,0,3,18,0,13,8,0,0,0,0,0,0,26,21,0,16,29,1,6,29,11,0,0,10,10,18,16,13,11,13,0,0,0,0,0,26,21,0,16,29,1,6,29,11
8,0,0,0,16,29,1,2,17,17,17,17,17,17,17,17,17,17,17,17,17,17,17,5,0,0,0,16,29,1,0,0,0,0,0,0,0,0,0,0,0,0,0,0,0,0,0,0,0,0,16,29,1,0,0,0,0,0,0,0,0,0,0,4,29,29,29,29,29,4,0,0,0,16,29,1,2,8,3,0,8,6,0,0,0,0,3,18,28,27,18,18,8,0,0,0,16,29,1,6,29,11,0,26,21,0,0,0,0,6,4,26,21,6,4,8,0,0,0,16,29,1,6,29,11,0,26,21,0,0,0,0,13,8,26,21,13,8,8,0,0,0,16,29,1,6,29,11,0,26,21,0,0,0,0,13,8,26,21,13,8,8,0,0,0,16,29,1,6,29,11,0,26,21,0,0,0,0,6,4,26,21,6,4,8,0,0,0,16,29,1,3,15,6,0,14,11,0,0,0,0,1,17,28,26,16,0,8,0,0,0,16,29,1,0,0,0,0,0,0,0,0,0,0,1,29,29,29,27,0,8,0,0,0,16,29,1,0,0,0,0,0,0,0,0,0,0,0,0,0,0,0,0,8,0,0,0,16,29,1,2,17,17,17,17,17,17,17,17,17,17,17,17,17,17,17,0,0,0,0,16,29,1,0,0,0,0,0,0,0,0,0,0,0,0,0,0,0,0,0,0,0,0,16,29,1,4,20,8,0,18,15,0,11,20,1,4,20,8,0,0,0,0,0,0,0,16,29,1,6,29,11,0,26,21,0,16,29,1,6,29,11,0,0,0,0,0,0,0,16,29,1,6,29,11,0,26,21,0,16,29,1,6,29,11,0,0,2,5,0,0,0,16,29,1,6,29,11,0,26,21,0,16,29,1,6,29,11,0,0,3,8,0,0,0,16,29,1,6,29,11,0,26,21,0,16,29,1,6,29,11,0,0,3,8,0,0,0,16,29,1,6,29,11,0,26,21,0,16,29,1,6,29,11,0,0,3,8,0,0,0,16,29,1,6,29,11,0,26,21,0,12,21,1,5,21,8,0,0,0,8,0,0,0,4,7,0,6,29,11,0,26,21,0,0,0,0,0,0,0,0,0,0,8,0,0,0,2,4,0,6,29,11,0,26,21,0,0,1,7,7,7,7,7,7,7,8,0,0,0,16,29,1,6,29,11,0,26,21,0,0,1,8,8,8,8,8,8,8
0,0,0,0,0,0,0,0,0,0,0,0,0,0,0,0,0,0,0,0,0,0,0,0,0,0,0,0,0,0,0,0,0,0,0,0,0,0,0,0,0,0,0,0,0,0,0,0,0,0,0,0,0,0,0,0,0,0,0,0,0,0,0,0,0,0,0,0,0,0,0,0,0,0,0,0,0,0,0,0,0,0,0,0,0,0,0,0,0,0,0,0,0,0,0,0,0,0,0,0,0,0,0,0,0,0,0,0,0,0,0,0,0,0,0,0,0,0,0,0,0,0,0,0,0,0,0,0,0,0,0,0,0,0,0,0,0,0,8,8,8,8,8,8,8,8,8,8,8,8,8,8,8,8,8,8,8,8,8,8,8,7,0,0,0,0,0,4,18,18,18,18,18,18,18,18,18,18,18,18,18,18,18,18,11,0,0,0,0,0,6,29,29,29,29,29,29,29,29,29,29,29,29,29,29,29,29,11,0,0,0,0,0,6,29,11,2,6,29,11,0,1,0,26,21,0,0,1,16,29,11,0,0,0,0,0,6,29,11,22,6,29,11,0,13,8,26,21,0,3,18,16,29,11,0,0,0,0,0,6,29,11,22,6,29,11,0,13,8,26,21,0,3,18,16,29,11,0,0,0,0,0,6,29,11,19,6,29,11,0,12,7,26,21,0,3,16,16,29,11,0,0,0,0,0,6,29,11,2,12,29,16,4,0,6,27,23,6,0,5,20,29,11,0,0,0,0,0,6,29,11,11,29,29,29,17,1,29,29,29,27,0,21,29,29,7,0,0,0,0,0,4,17,7,4,11,11,11,7,0,11,11,11,11,0,8,11,11,17,17,17,17,17,17,17,17,17,17,17,17,17,17,17,17,17,17,17,17,17,17,17,0,0,0,0,0,0,0,0,0,0,0,0,0,0,0,0,0,0,0,0,0,0,0,0,0,0,0,0,0,0,0,0,0,0,0,0,0,0,0,0,0,0,0,0,0,0,0,0,0,0,0,0,0,0,0,0,0,0,0,0,0,0,0,0,0,0,0,0,0,0,0,0,0,0,0,0,0,0,0,0,0,0,0,0,0,0,0,0,0,0,0,0,0,0,0,0,0,0,0,0,0,0,0,0,0,0,0,0,0,0,0,0,0,0,0,0,0,0,0,0,0,0,0,0,0,0,0,0,0,0,0,0,0,0,0,0,0,0
9,2,0,0,0,6,29,11,0,0,22,0,3,18,0,13,8,0,22,0,3,18,0,22,6,0,0,0,6,29,11,0,0,22,0,3,18,0,13,8,0,22,0,3,18,0,0,0,0,0,0,6,29,11,0,0,22,0,3,18,0,13,8,0,22,0,3,18,0,0,0,0,0,0,1,5,2,0,0,22,0,3,18,0,13,8,0,22,0,3,18,0,0,0,0,0,0,0,0,0,0,0,12,0,2,10,0,7,4,0,12,0,2,10,0,7,7,7,7,7,7,7,7,7,7,7,7,7,7,7,7,7,7,7,7,7,7,7,8,8,8,8,8,8,8,8,8,8,8,8,8,8,8,8,8,8,8,8,8,8,8,11,11,11,11,11,11,11,11,8,0,0,0,0,0,0,0,0,0,0,0,0,0,0,4,4,4,13,14,14,14,14,13,9,2,0,16,29,1,0,0,0,0,0,0,0,16,4,0,0,5,6,6,6,6,6,17,8,0,16,29,1,0,0,0,0,0,0,0,16,8,0,0,0,0,0,14,0,0,13,8,0,16,29,1,0,0,0,0,0,0,0,16,8,0,0,0,0,0,22,0,0,13,8,0,16,29,1,0,0,13,8,0,0,0,16,6,0,0,0,0,0,16,0,0,13,8,0,16,29,1,0,0,13,8,0,0,0,16,15,15,15,15,15,15,15,5,0,13,8,0,16,29,1,0,0,13,8,0,0,0,16,14,14,14,14,14,14,14,14,9,13,8,0,16,29,1,0,0,13,8,0,0,0,6,2,2,2,2,2,2,6,20,2,13,8,0,16,29,1,0,0,13,8,0,0,0,0,17,17,17,17,17,6,3,18,0,13,8,0,16,29,1,0,0,13,8,0,0,0,0,0,0,0,0,0,0,3,18,0,13,8,0,16,29,1,0,0,13,8,0,0,0,0,13,13,13,13,13,13,16,18,0,13,8,0,16,29,1,0,0,13,8,0,0,0,0,2,2,2,2,9,14,14,13,8,13,8,0,16,29,1,0,0,13,8,0,0,0,0,6,0,0,0,2,16,12,5,3,13,8,0,16,29,1,0,0,13,8,0,0,0,0,8,0,0,0,0,13,12,18,0,13,8,0,16,29,1,0,0,13,8,0,6,0,0,8,0,0,0,0,13,12,18,0,13,8,0,16,29,1,0,0,13,8,0,22,0,0
3,3,3,0,3,3,20,16,3,3,3,0,0,0,0,0,13,8,0,22,6,7,18,28,28,28,0,24,28,29,29,28,28,28,0,0,0,0,0,13,9,3,22,2,5,18,7,7,7,7,0,0,18,13,3,7,7,7,7,0,0,0,13,12,18,22,13,12,18,8,8,8,8,0,0,18,13,4,8,8,8,8,0,0,0,13,12,18,22,13,12,18,0,0,0,0,0,0,18,13,0,0,0,0,0,0,0,0,7,8,18,12,13,11,10,17,17,17,17,6,0,18,13,0,0,0,0,0,0,0,0,0,3,25,17,23,8,0,29,29,29,29,10,0,18,13,0,0,0,0,0,0,0,0,0,3,24,14,21,8,0,12,8,0,2,6,0,18,13,0,0,0,0,0,6,10,0,0,3,18,0,13,8,0,11,22,0,3,18,5,26,24,18,0,0,0,0,16,29,1,0,3,18,0,13,8,0,11,22,0,3,18,3,12,12,12,0,0,0,0,16,29,1,0,3,18,0,13,8,0,16,8,7,8,3,0,0,0,0,0,0,0,0,14,25,1,0,3,18,0,13,8,0,29,29,29,29,10,0,0,0,0,0,0,0,0,0,0,0,0,3,18,0,13,8,0,10,10,10,10,4,0,0,0,0,0,0,0,0,0,0,0,0,0,3,0,2,1,0,17,17,17,17,17,17,17,17,17,17,17,17,17,17,17,17,17,17,17,17,17,17,17,0,0,0,0,0,0,0,0,0,0,0,0,0,0,0,0,0,0,0,0,0,0,0,0,0,0,0,14,17,17,17,17,17,17,17,17,17,17,17,6,0,0,0,9,8,0,12,0,0,0,0,0,0,0,0,0,2,17,17,17,17,17,17,18,0,0,26,21,0,18,0,0,0,0,0,0,19,0,0,0,0,0,0,0,0,0,22,0,0,26,21,0,18,0,0,0,0,0,0,22,0,0,0,0,0,3,18,0,0,22,0,0,26,21,0,18,0,0,0,0,0,0,22,0,0,0,0,0,3,18,0,0,22,0,0,26,21,0,18,0,0,0,0,0,0,9,0,0,0,0,0,1,7,0,0,22,0,0,26,21,0,18,0,12,19,17,17,17,17,17,17,17,17,17,17,17,0,0,22,0,0,26,21,0,18,0,13,8,14,17,17,17,17,17,17,17,17,17,20,19,6,22,0,0,26,21,0
16,0,1,16,0,9,8,0,16,0,1,16,0,9,8,0,16,0,1,16,0,9,8,21,0,1,20,0,11,10,0,21,0,1,20,0,11,10,0,21,0,1,20,0,11,10,21,0,1,20,0,11,10,0,21,0,1,20,0,11,10,0,21,0,1,20,0,11,10,21,0,1,20,0,11,10,0,21,0,1,20,0,11,10,0,21,0,1,20,0,11,10,21,0,1,20,0,11,10,0,21,0,1,20,0,11,10,0,21,0,1,20,0,11,10,21,2,3,20,0,11,12,1,22,0,1,21,1,13,10,0,21,2,3,20,0,11,11,21,29,29,20,0,11,29,29,29,0,1,29,29,29,10,0,21,29,29,20,0,11,22,21,3,4,20,2,12,11,3,22,2,3,21,3,12,11,2,21,3,4,20,2,12,11,21,12,12,20,21,12,12,20,21,12,12,20,21,12,12,20,21,12,12,20,21,12,10,21,12,12,20,21,12,12,20,21,12,12,20,21,12,12,20,21,12,12,20,21,12,10,13,12,12,13,21,8,8,20,13,12,12,13,21,8,8,20,13,12,12,13,21,8,6,0,11,10,0,21,0,1,20,0,11,10,0,21,0,1,20,0,11,10,0,21,0,0,0,11,12,20,21,12,12,20,0,11,10,0,21,12,12,20,21,12,10,0,21,0,0,0,11,12,20,21,12,12,20,0,11,10,0,21,12,12,20,21,12,10,0,21,0,0,0,11,12,20,21,12,12,20,0,11,10,0,21,12,12,20,21,12,10,0,21,0,0,0,11,12,20,21,12,12,20,0,0,0,0,21,12,12,20,21,12,10,0,0,0,0,0,10,11,20,19,12,12,18,0,0,0,0,19,12,12,18,21,11,9,0,0,0,0,0,0,1,20,0,11,10,0,0,0,0,0,0,11,10,0,21,0,0,0,0,0,0,0,0,1,20,0,11,10,0,0,0,0,0,0,11,10,0,21,0,0,0,0,0,0,0,7,8,20,13,12,12,12,0,7,6,0,13,12,12,12,21,8,6,0,13,0,0,0,11,12,20,21,12,12,20,0,11,10,0,21,12,12,20,21,12,10,0,21,0,0,0,11,12,16,21,10,10,20,0,11,10,0,21,10,10,20,16,12,10,0,21,0,0,0,9,8,0,16,0,1,16,0,9,8,0,16,0,1,16,0,9,8,0,16,0,0
17,17,17,17,17,17,17,17,17,17,17,17,17,17,17,17,17,17,17,17,17,17,17,0,0,0,0,0,0,0,0,0,0,0,0,0,0,0,0,0,0,0,0,0,0,0,0,0,0,2,6,6,6,6,6,6,6,6,6,6,6,6,6,6,6,6,6,0,0,25,1,0,11,29,29,29,29,29,29,29,29,29,29,29,29,29,29,29,29,27,0,6,29,1,0,4,11,11,11,22,29,13,11,11,11,11,11,22,29,13,11,11,11,0,6,29,1,0,0,0,0,0,16,29,1,0,0,0,0,0,16,29,1,0,0,0,0,6,29,1,0,6,14,14,3,16,29,1,11,14,14,14,3,16,29,1,11,14,13,0,6,28,1,0,7,17,17,4,16,29,1,13,17,17,17,4,16,29,1,13,17,16,0,6,0,0,0,7,18,18,18,25,29,19,18,18,17,0,13,25,29,19,18,18,17,0,0,0,0,0,11,29,29,29,29,29,29,29,29,27,0,21,29,29,29,29,29,27,0,0,0,0,0,0,0,0,0,0,0,0,0,0,0,0,0,0,0,0,0,0,0,0,0,17,17,17,17,17,17,17,17,17,17,17,17,17,17,17,17,17,17,17,17,17,17,17,0,0,8,10,10,10,10,10,10,10,10,10,10,10,10,10,10,10,10,10,10,10,8,0,0,16,21,21,21,21,21,21,21,21,21,21,21,21,21,21,21,21,21,21,24,23,0,0,0,0,0,0,4,2,0,0,0,0,0,7,0,0,0,0,0,1,6,8,23,0,0,0,0,0,0,13,8,0,0,0,0,0,22,0,0,0,0,0,3,18,8,23,0,0,0,0,0,0,13,8,0,0,0,0,0,22,0,0,0,0,0,3,18,8,23,0,0,6,8,8,8,9,9,8,8,8,8,8,10,1,3,8,8,8,9,10,15,23,0,0,16,23,23,23,23,23,23,23,23,23,23,23,4,8,23,23,23,23,23,25,23,0,0,0,0,0,0,0,0,0,20,20,20,20,20,20,20,20,20,20,20,18,8,23,0,0,0,0,0,0,0,0,0,11,11,11,11,11,11,11,11,11,11,11,10,8,23,8,8,8,8,8,8,8,8,8,8,8,8,8,8,8,8,8,8,8,8,3,8,23,7,7,7,7,7,7,7,7,7,7,7,7,7,7,7,7,7,7,7,7,2,5,15
3,18,0,13,8,0,22,0,3,18,0,13,8,0,22,0,0,0,0,13,8,0,22,3,18,0,13,8,0,22,0,3,18,0,13,8,0,22,0,0,0,0,13,8,0,22,3,18,0,13,8,0,22,0,3,18,0,13,8,0,22,0,0,0,0,13,8,0,22,3,18,0,13,8,0,22,0,3,18,0,13,8,0,22,0,0,0,0,13,8,0,22,3,17,0,12,8,0,20,0,3,17,0,12,8,0,20,0,0,0,0,12,8,0,20,0,0,0,0,0,0,0,0,0,0,0,0,0,0,0,0,0,0,0,0,0,0,0,17,17,17,17,17,17,17,17,17,17,17,17,17,17,17,17,0,0,8,17,17,17,17,0,1,1,1,0,0,1,1,1,1,0,0,1,1,1,0,0,0,0,0,1,1,1,3,29,29,29,8,0,23,29,29,18,0,13,29,29,28,0,0,0,0,13,29,29,28,3,19,8,14,8,0,23,5,7,18,0,13,11,7,23,0,0,0,0,13,11,7,23,3,18,22,13,8,0,22,13,12,18,0,13,12,18,22,0,0,0,0,13,12,18,22,0,1,22,13,8,0,1,13,12,18,0,0,4,18,22,0,0,0,0,0,4,18,22,5,7,24,13,8,2,7,18,12,18,0,7,10,18,22,0,0,0,0,7,10,18,22,17,25,24,13,8,9,25,25,11,18,0,25,25,15,22,0,0,0,0,25,25,15,22,0,3,3,16,8,0,3,3,7,18,0,1,3,3,23,0,0,0,0,1,3,3,23,3,29,28,29,8,0,23,28,29,18,0,13,29,28,28,0,0,0,0,13,29,28,28,3,18,0,13,8,0,22,0,3,18,0,13,8,0,22,0,0,0,0,13,8,0,22,11,18,18,13,12,15,22,11,11,18,18,13,12,15,22,11,7,0,18,13,12,15,22,12,18,22,13,12,18,22,13,12,18,22,13,12,18,22,13,8,0,22,13,12,18,22,12,18,22,13,12,18,22,13,12,18,22,13,12,18,22,13,8,0,22,13,12,18,22,12,18,22,13,12,18,22,13,12,18,22,13,12,18,22,13,8,0,22,13,12,18,22,4,18,2,13,9,1,22,1,4,18,2,13,9,1,22,1,0,0,2,13,9,1,22,3,18,0,13,8,0,22,0,3,18,0,13,8,0,22,0,0,0,0,13,8,0,22
0,0,0,0,0,0,0,0,0,0,0,0,0,0,0,0,0,0,0,0,0,0,0,0,0,0,0,0,0,0,0,0,0,0,0,0,0,0,0,0,0,0,0,0,0,0,0,0,0,0,0,0,0,0,0,0,0,0,0,0,0,0,0,0,0,0,0,0,0,0,0,0,0,0,0,0,0,0,0,0,0,0,0,0,0,0,0,0,0,0,0,0,0,0,0,0,0,0,0,0,0,0,0,0,0,0,0,0,0,0,0,0,0,0,0,8,0,7,8,8,8,8,8,8,8,8,8,8,8,8,8,8,8,8,8,8,8,8,11,0,0,0,0,0,0,0,0,0,0,0,0,5,10,10,10,10,10,10,10,10,10,11,0,19,16,0,12,21,1,5,21,8,0,0,14,29,29,29,29,29,29,29,29,29,11,0,26,21,0,16,29,1,6,29,11,0,0,3,13,29,16,7,7,7,27,24,7,11,0,26,21,0,16,29,1,6,29,11,0,0,19,6,29,11,19,0,0,26,21,11,11,0,26,21,0,16,29,1,6,29,11,0,0,22,6,29,11,22,0,0,26,21,13,11,0,26,21,0,16,29,1,6,29,11,0,0,22,6,29,11,22,0,0,26,21,13,11,0,26,21,0,16,29,1,6,29,11,0,0,3,6,29,11,3,0,0,26,21,1,11,0,18,15,0,11,20,1,4,20,8,0,0,11,29,29,29,17,1,28,29,29,27,11,0,0,0,0,0,0,0,0,0,0,0,0,7,19,19,19,11,1,19,19,19,18,11,0,7,8,8,8,8,8,8,8,8,8,8,8,8,8,8,8,8,8,8,8,8,11,0,6,7,7,7,7,7,7,7,7,7,7,7,7,7,7,7,7,7,7,7,7,8,0,0,0,0,0,0,0,0,0,0,0,0,0,0,0,0,0,0,0,0,0,0,0,0,0,0,0,0,0,0,0,0,0,0,0,0,0,0,0,0,0,0,0,0,0,0,0,0,0,0,0,0,0,0,0,0,0,0,0,0,0,0,0,0,0,0,0,0,0,0,0,0,0,0,0,0,0,0,0,0,0,0,0,0,0,0,0,0,0,0,0,0,0,0,0,0,0,0,0,0,0,0,0,0,0,0,0,0,0,0,0,0,0,0,0,0,0,0,0,0,0,0,0,0,0,0,0,0,0,0,0,0,0,0,0,0,0
4,14,14,14,14,14,14,14,14,14,14,14,10,0,0,0,0,0,0,0,0,0,0,0,0,0,2,1,0,0,13,17,17,17,17,17,22,9,0,0,0,0,0,0,0,0,0,0,0,12,9,0,0,0,0,0,6,0,0,12,9,0,0,0,0,0,0,0,0,0,0,0,12,9,0,0,0,0,0,22,0,0,12,9,0,0,0,0,0,0,7,5,0,0,0,12,9,0,0,0,0,0,22,0,0,12,9,0,0,0,0,0,0,12,9,1,5,5,6,6,5,5,5,5,5,7,2,0,12,9,0,0,0,0,0,0,12,9,4,14,14,14,14,14,14,14,14,14,14,8,2,12,9,0,0,0,0,0,0,12,9,3,12,12,12,12,12,12,12,12,12,14,24,9,12,9,0,0,0,0,0,0,12,9,0,6,7,7,7,7,7,7,7,3,2,19,0,12,9,0,0,0,0,0,0,12,9,0,7,8,8,8,8,8,8,8,3,2,19,0,12,9,0,0,0,0,0,0,12,9,1,3,3,3,3,3,3,3,3,3,6,19,0,12,9,0,0,0,0,0,0,12,9,3,12,12,12,12,12,12,12,13,14,14,10,1,12,9,0,0,0,0,0,0,12,9,0,0,0,5,3,0,0,0,7,21,19,14,10,12,9,0,0,0,0,0,0,12,9,0,0,0,12,9,0,0,0,0,12,12,13,0,12,9,0,0,0,0,0,0,12,9,0,0,0,12,9,0,0,0,0,12,12,19,0,12,9,0,0,0,0,0,0,12,9,0,0,0,3,2,0,0,0,0,12,12,13,0,12,9,0,0,0,0,0,0,12,9,4,15,15,15,15,15,15,15,15,22,20,15,11,12,9,0,0,0,0,0,0,12,9,0,0,0,0,0,0,0,12,14,14,14,14,14,20,9,0,0,0,0,0,0,12,9,0,0,0,0,0,0,0,2,2,2,2,2,2,2,0,0,0,0,0,0,0,12,9,5,17,17,17,17,17,17,17,17,17,17,17,17,17,17,17,17,17,12,0,0,12,9,0,0,0,0,0,0,0,0,0,0,0,0,0,0,0,0,0,0,0,0,0,12,9,8,28,0,21,29,29,29,29,29,29,1,0,0,0,0,0,0,0,0,0,0,12,9,6,18,0,13,24,29,20,18,18,18,1,0,0,0,0,0,0,0,0,0,0,12,9
0,0,0,0,0,7,14,0,17,4,0,22,0,7,14,0,17,4,0,0,0,0,0,0,0,0,0,0,7,14,0,17,4,0,22,0,7,14,0,17,4,0,0,0,0,0,0,0,0,0,0,7,14,0,17,4,0,22,0,7,14,0,17,4,0,0,0,0,0,0,0,0,0,0,7,14,0,17,4,0,22,0,7,14,0,17,4,0,0,0,0,0,0,0,0,0,5,9,14,9,17,8,5,22,7,9,14,9,17,8,5,0,0,0,0,0,0,0,0,13,12,14,22,17,12,14,22,17,12,14,22,17,12,14,0,0,0,0,0,0,0,0,13,12,14,22,17,12,14,22,17,12,14,22,17,12,14,0,0,0,0,0,0,0,0,13,12,14,22,17,12,14,22,17,12,14,22,17,12,14,0,0,0,0,0,0,0,0,6,10,14,11,17,8,7,22,8,10,14,11,17,8,7,0,0,0,0,0,0,0,0,3,13,14,0,17,11,7,23,0,7,18,7,21,4,0,0,0,0,0,0,0,0,0,11,26,14,0,14,25,25,24,0,6,25,25,27,4,0,0,0,0,0,0,0,0,0,1,8,14,0,3,3,1,22,0,3,3,3,17,4,0,0,0,0,0,0,0,0,0,13,12,14,4,28,29,14,22,0,24,28,24,17,4,0,0,0,0,0,0,0,0,0,13,12,14,0,0,7,14,22,0,0,0,22,17,4,0,0,0,0,0,0,0,0,0,13,12,14,0,5,9,14,22,0,2,4,22,17,4,0,0,0,0,0,0,0,0,0,10,11,14,0,17,11,11,22,0,7,14,17,17,4,0,0,0,0,0,0,0,0,0,4,15,14,0,17,13,9,23,0,7,19,9,21,4,0,0,0,0,0,0,0,0,0,10,22,11,0,13,22,22,19,0,6,22,22,22,3,0,0,0,0,0,0,0,0,0,0,0,0,0,0,0,0,0,0,0,0,0,0,0,0,0,0,0,0,0,0,0,0,7,17,17,17,17,17,17,17,17,17,17,17,17,17,3,0,0,0,0,0,0,0,0,0,1,2,0,3,0,0,4,0,1,2,0,3,0,0,0,0,0,0,0,0,0,0,0,7,14,0,17,4,0,22,0,7,14,0,17,4,0,0,0,0,0,0,0,0,0,0,7,14,0,17,4,0,22,0,7,14,0,17,4,0,0,0,0,0
11,0,26,21,0,16,29,1,6,29,11,0,18,13,0,0,0,0,0,0,0,22,0,11,0,26,21,0,16,29,1,6,29,11,0,18,25,21,21,21,21,20,0,0,22,0,11,0,19,16,0,12,21,1,6,29,11,0,18,28,26,26,26,26,25,0,0,23,11,11,0,0,0,0,0,0,0,6,29,11,0,18,13,0,0,0,0,0,0,0,3,4,11,0,18,15,0,11,20,1,6,29,11,0,18,13,6,7,7,7,7,7,7,7,7,11,0,26,21,0,16,29,1,6,29,11,0,18,13,7,8,8,8,8,8,8,8,8,11,0,26,21,0,16,29,1,6,29,11,0,18,13,1,19,19,19,19,19,19,19,19,11,0,26,21,0,16,29,1,6,29,11,0,18,13,1,28,28,28,29,29,29,28,28,7,0,26,21,0,16,29,1,6,29,11,0,18,13,0,0,0,0,6,29,11,0,0,0,0,26,21,0,16,29,1,6,29,11,0,18,21,13,13,13,1,6,29,11,5,13,9,0,26,21,0,16,29,1,6,29,11,0,12,18,18,18,18,1,6,29,11,6,18,11,0,26,21,0,16,29,1,6,29,11,0,0,0,0,0,0,0,6,29,11,0,0,11,0,26,21,0,16,29,1,6,29,11,0,0,0,1,15,15,15,19,29,21,9,1,11,0,26,21,0,16,29,1,2,11,4,0,0,0,1,29,29,29,29,29,29,17,1,11,0,26,21,0,16,29,1,0,0,0,0,0,0,0,2,2,2,2,2,2,1,0,11,0,26,21,0,16,29,1,0,0,0,8,17,17,17,17,17,17,17,17,17,17,17,11,0,26,21,0,16,29,1,0,0,0,0,0,0,0,0,0,0,0,0,0,0,0,11,0,26,21,0,16,29,1,0,0,0,0,18,29,29,29,29,29,27,0,0,0,0,11,0,26,21,0,16,29,1,5,25,9,0,18,24,18,18,18,18,17,0,0,15,17,11,0,26,21,0,16,29,1,6,29,11,0,18,13,1,1,1,1,1,1,1,23,0,11,0,26,21,0,16,29,1,6,29,11,0,18,13,13,14,14,14,14,14,14,25,0,11,0,26,21,0,16,29,1,6,29,11,0,18,13,0,0,0,0,0,0,0,22,0,11,0,26,21,0,16,29,1,6,29,11,0,18,20,11,11,11,11,11,0,0,22,0
21,0,15,29,2,0,22,0,2,19,22,0,2,19,22,0,2,19,0,12,12,19,0,21,0,15,29,2,0,10,0,1,8,22,0,2,19,9,0,1,9,0,5,7,19,0,21,0,15,29,2,0,0,0,0,3,23,0,2,21,2,0,0,0,0,0,6,19,0,21,0,15,29,2,0,0,0,0,23,28,0,2,28,21,0,0,0,0,3,28,19,0,21,0,15,29,2,5,28,12,0,0,0,0,0,0,0,0,0,0,0,0,0,0,0,21,0,15,29,2,5,29,12,0,0,0,0,0,0,0,0,0,0,0,0,0,0,0,21,0,15,29,2,5,29,12,0,0,0,0,0,0,0,0,0,0,0,0,0,0,0,21,0,15,29,2,5,29,12,0,0,0,0,0,0,0,0,0,0,0,0,0,0,0,21,0,15,29,2,5,25,11,0,6,7,0,0,7,5,0,0,0,0,1,7,5,0,21,0,15,29,2,0,0,0,0,20,28,0,2,28,18,0,0,0,0,3,25,19,0,21,0,15,29,2,0,0,0,0,0,22,0,2,19,0,0,0,0,0,0,2,19,0,11,0,8,15,1,0,16,0,2,14,22,0,2,19,16,0,2,14,0,9,10,19,0,0,0,0,0,0,0,22,0,2,19,22,0,2,19,22,0,2,19,0,12,12,19,0,19,0,14,26,2,0,22,9,9,19,22,0,2,19,22,9,9,19,16,12,12,19,0,21,0,15,29,2,0,22,12,12,19,22,0,2,19,22,12,12,19,22,12,12,19,0,21,0,15,29,2,0,22,12,12,19,22,0,2,19,22,12,12,19,22,12,12,19,0,21,0,15,29,2,0,22,12,12,19,22,0,2,19,22,12,12,19,22,12,12,19,0,21,0,15,29,2,0,19,4,6,19,8,0,1,7,22,4,6,16,8,12,11,7,0,21,0,15,29,2,0,0,4,6,19,8,6,6,7,22,4,3,0,8,12,11,7,11,21,0,15,29,2,0,11,12,12,19,22,12,12,19,22,12,11,9,22,12,12,19,22,21,0,15,29,2,0,22,12,12,19,22,12,12,19,22,12,12,19,22,12,12,19,22,21,0,15,29,2,0,22,0,3,19,0,12,10,0,22,0,3,19,0,12,10,0,22,21,0,15,29,2,0,22,0,2,19,18,12,12,15,22,0,2,19,0,12,12,15,22
12,18,22,13,12,18,22,13,12,16,0,12,11,18,22,13,12,18,22,13,12,18,19,10,18,16,12,10,13,22,10,6,0,0,0,2,13,22,10,10,16,16,13,11,13,0,3,18,0,0,0,0,22,0,1,8,0,6,4,0,22,0,0,0,0,13,8,0,10,12,18,22,0,3,18,22,13,12,18,0,13,12,18,22,13,8,0,22,13,12,18,22,12,18,22,0,3,18,22,13,12,18,0,13,12,18,22,13,8,0,22,13,12,18,22,12,18,22,0,3,18,22,13,12,18,0,13,12,18,22,13,8,0,22,13,12,18,22,12,18,22,0,3,18,22,13,12,18,0,13,12,18,22,13,8,0,22,13,12,18,22,4,18,22,0,3,18,22,1,4,18,0,13,9,1,22,13,8,0,22,13,9,1,22,3,18,22,0,3,18,22,0,3,18,0,13,8,0,22,13,8,0,22,13,8,0,22,0,1,22,0,3,18,2,0,0,2,0,1,1,0,2,13,8,0,22,1,0,0,3,0,11,25,0,3,24,9,0,0,0,0,0,0,0,6,21,8,0,23,13,0,0,0,0,15,18,0,2,18,13,0,5,8,0,0,0,0,9,18,5,0,15,18,0,2,8,0,0,0,0,0,0,0,0,16,29,1,0,0,0,0,0,0,0,0,0,0,6,29,0,0,0,0,0,0,0,0,16,29,1,0,0,0,0,0,0,0,0,0,0,6,29,0,0,0,0,0,0,0,0,16,29,1,0,0,0,0,0,0,0,0,0,0,6,29,0,0,0,0,0,0,0,0,16,29,1,0,0,0,0,0,0,0,0,0,0,6,29,0,14,17,0,2,17,12,0,9,15,1,0,0,0,8,17,5,0,14,17,0,3,15,0,12,25,0,3,24,10,0,0,0,0,0,0,0,7,21,8,0,23,14,0,0,0,0,1,22,0,3,18,1,0,0,1,0,0,0,0,1,13,8,0,22,0,0,0,1,3,18,22,0,3,18,22,0,3,18,0,13,8,0,22,13,8,0,22,13,8,0,22,4,18,22,0,3,18,22,0,4,18,0,13,9,0,22,13,8,0,22,13,9,0,22,12,18,22,0,3,18,22,13,12,18,0,13,12,18,22,13,8,0,22,13,12,18,22,12,18,22,0,3,18,22,13,12,18,0,13,12,18,22,13,8,0,22,13,12,18,22
0,0,0,0,0,11,29,2,5,29,12,0,25,22,0,2,19,0,0,0,0,0,0,0,0,0,0,0,11,29,2,5,29,12,0,25,22,0,2,19,0,0,0,0,0,0,0,0,0,0,0,11,29,2,5,29,12,0,25,22,0,2,19,4,0,0,0,0,0,0,0,0,0,0,11,29,2,5,29,12,0,25,22,0,2,19,4,0,0,0,0,0,0,0,0,0,0,11,29,2,5,29,12,0,25,22,0,1,10,4,0,0,0,0,0,0,0,0,0,0,11,29,2,5,29,12,0,25,22,0,0,0,4,0,0,0,0,0,0,0,0,0,0,7,17,1,5,29,12,0,25,22,0,0,0,4,0,0,0,0,0,0,0,0,0,0,0,0,0,5,29,12,0,25,22,0,0,0,4,0,0,0,0,0,0,0,0,0,0,9,25,2,5,29,12,0,25,22,0,0,0,4,0,0,0,0,0,0,0,0,0,0,11,29,2,5,29,12,0,25,22,0,0,0,4,0,0,0,0,0,0,0,0,0,0,11,29,2,5,29,12,0,22,19,0,0,0,4,0,0,0,0,0,0,0,0,0,0,11,29,2,5,29,12,0,0,0,0,0,0,4,0,0,0,0,0,0,0,0,0,0,11,29,2,5,29,12,0,0,0,0,0,0,0,0,0,0,0,0,0,0,0,0,0,11,29,2,5,29,12,0,0,0,2,17,17,6,0,0,0,0,0,0,0,0,0,0,11,29,2,5,29,12,0,0,0,0,0,0,0,0,0,0,0,0,0,0,0,0,0,11,29,2,5,29,12,0,9,8,0,5,10,1,0,0,0,0,0,0,0,0,0,0,11,29,2,5,29,12,0,25,22,0,15,29,2,0,0,0,0,0,0,0,0,0,0,11,29,2,5,29,12,0,25,22,0,15,29,2,0,0,0,0,0,0,0,0,0,0,11,29,2,5,29,12,0,25,22,0,15,29,2,0,0,0,0,0,0,0,0,0,0,11,29,2,5,29,12,0,25,22,0,15,29,2,0,0,0,0,0,0,0,0,0,0,11,29,2,5,29,12,0,25,22,0,15,29,2,0,0,0,0,0,0,0,0,0,0,11,29,2,5,29,12,0,25,22,0,15,29,2,0,0,0,0,0,0,0,0,0,0,11,29,2,5,29,12,0,1,1,0,1,1,0,0,0,0,0,0
0,26,21,0,16,29,1,6,29,11,0,0,22,13,9,6,24,13,12,21,6,13,12,0,26,21,0,16,29,1,6,29,11,0,0,22,13,8,0,22,13,12,18,0,13,12,0,26,21,0,16,29,1,6,29,11,0,0,22,8,5,0,22,13,12,18,0,8,9,0,26,21,0,16,29,1,6,29,11,0,0,22,0,0,0,22,0,3,18,0,0,3,0,26,21,0,16,29,1,6,29,11,0,0,22,0,0,0,19,0,3,15,0,0,3,0,10,8,0,6,11,0,2,11,4,0,0,22,0,3,18,0,13,8,0,22,0,3,0,0,0,0,0,0,0,0,0,0,0,0,22,0,3,18,22,13,12,18,22,0,3,17,17,17,17,17,17,17,17,11,0,0,0,22,0,3,18,22,13,12,18,22,0,3,7,7,7,7,0,0,0,0,0,0,0,0,8,0,1,6,22,5,7,18,8,0,1,25,25,29,25,2,0,0,0,0,0,0,0,0,0,0,0,22,0,3,18,0,0,0,0,0,28,3,0,0,9,0,0,0,0,0,0,0,0,1,22,0,4,18,1,0,0,7,6,28,8,3,3,22,0,0,0,0,0,0,0,3,18,22,13,12,18,22,0,0,9,15,28,14,9,18,22,0,0,0,0,0,5,0,3,18,22,13,12,18,22,0,0,9,15,28,14,9,18,22,0,0,0,0,0,22,0,3,18,22,13,12,18,22,0,3,5,12,28,12,6,7,9,0,0,0,0,0,22,0,3,18,22,13,12,18,22,0,3,0,0,28,3,0,0,0,0,0,0,0,0,22,0,3,18,17,13,12,14,22,0,3,23,23,29,24,23,23,16,0,0,0,0,0,22,0,3,18,0,13,8,0,22,0,3,8,8,29,11,8,8,6,0,0,0,0,0,22,12,11,18,19,13,12,16,22,12,11,0,0,28,3,14,17,17,17,11,0,0,0,22,13,12,18,22,13,12,18,22,13,12,0,0,28,3,0,0,0,0,0,0,0,0,19,13,12,16,22,12,11,18,19,13,12,0,0,28,3,0,0,0,0,0,0,0,0,0,13,14,7,24,0,3,21,7,18,8,0,0,28,3,0,0,0,4,18,7,0,0,0,13,26,25,27,0,3,28,25,27,8,0,0,28,3,0,0,0,6,29,11,0,0,0,13,8,0,22,0,3,18,0,13,8
0,0,0,0,0,0,0,0,0,0,0,0,0,0,0,0,0,0,0,0,0,0,0,0,0,0,0,0,0,0,0,0,0,0,0,0,0,0,0,0,0,0,0,0,0,0,0,0,0,0,0,0,0,0,0,0,0,0,0,0,0,0,0,0,0,0,0,0,0,0,0,0,0,0,0,0,0,0,0,0,0,0,0,0,0,0,0,0,0,0,0,0,0,0,0,0,0,0,0,0,0,0,0,0,0,0,0,0,0,0,0,0,0,0,0,0,0,0,0,0,0,0,0,0,0,0,0,0,0,0,0,0,0,0,0,0,0,0,8,8,8,8,8,8,8,8,8,8,8,8,8,8,8,8,8,8,8,8,8,8,8,18,7,0,0,0,0,0,4,18,18,18,18,18,18,18,18,18,18,18,18,18,18,18,29,11,0,0,0,0,0,6,29,29,29,29,29,29,29,29,29,29,29,29,29,29,29,29,11,0,0,0,0,0,6,29,11,2,6,29,11,0,1,0,26,21,0,0,1,16,29,11,0,0,0,0,0,6,29,11,22,6,29,11,0,13,8,26,21,0,3,18,16,29,11,0,0,0,0,0,6,29,11,22,6,29,11,0,13,8,26,21,0,3,18,16,29,11,0,0,0,0,0,6,29,11,19,6,29,11,0,12,7,26,21,0,3,16,16,29,11,0,0,0,0,0,6,29,11,2,12,29,16,4,0,6,27,23,6,0,5,20,29,11,0,0,0,0,0,6,29,11,11,29,29,29,17,1,29,29,29,27,0,21,29,17,7,0,0,0,0,0,4,17,7,4,11,11,11,7,0,11,11,11,11,0,8,11,17,17,17,17,17,17,17,17,17,17,17,17,17,17,17,17,17,17,17,17,17,17,17,0,0,0,0,0,0,0,0,0,0,0,0,0,0,0,0,0,0,0,0,0,0,0,0,0,0,0,0,0,0,0,0,0,0,0,0,0,0,0,0,0,0,0,0,0,0,0,0,0,0,0,0,0,0,0,0,0,0,0,0,0,0,0,0,0,0,0,0,0,0,0,0,0,0,0,0,0,0,0,0,0,0,0,0,0,0,0,0,0,0,0,0,0,0,0,0,0,0,0,0,0,0,0,0,0,0,0,0,0,0,0,0,0,0,0,0,0,0,0,0,0,0,0,0,0,0,0,0,0,0,0,0,0,0,0,0,0,0
0,22,10,11,12,12,19,8,6,22,10,11,12,12,19,8,6,0,0,0,12,29,5,0,27,17,21,12,0,19,19,17,22,0,9,23,17,25,2,0,0,0,0,12,29,5,0,26,14,19,12,0,19,16,14,22,0,9,21,14,24,2,0,0,0,0,12,29,5,0,22,0,9,12,0,19,2,0,22,0,9,12,0,19,2,0,20,23,0,12,29,5,0,22,0,9,12,0,19,2,0,22,0,9,12,0,19,2,0,22,25,0,12,29,5,0,22,0,9,12,0,19,2,0,22,0,9,12,0,19,2,0,22,25,0,12,29,5,0,22,0,9,12,0,19,2,0,22,0,9,12,0,19,2,0,7,8,0,12,29,5,0,22,0,9,12,0,19,2,0,22,0,9,12,0,19,2,0,0,0,0,12,29,5,0,4,0,1,2,0,3,0,0,4,0,1,2,0,3,0,0,0,0,0,12,29,5,3,17,17,17,17,17,17,17,17,17,17,17,17,17,17,17,2,0,0,0,12,29,5,0,0,0,0,0,0,0,0,0,0,0,0,0,0,0,0,0,0,0,0,12,29,5,0,21,21,21,9,0,14,21,21,16,0,7,21,21,21,2,0,0,0,0,12,29,5,0,25,10,17,12,0,19,12,10,22,0,9,19,10,23,2,0,6,7,0,12,29,5,0,22,14,12,12,0,19,10,9,22,0,9,12,16,19,2,0,22,25,0,12,29,5,0,9,19,12,12,0,7,11,12,22,0,3,5,22,19,2,0,22,25,0,12,29,5,0,0,19,12,12,0,0,9,12,22,0,0,0,22,19,2,0,22,25,0,12,29,5,5,27,29,12,12,6,27,28,12,22,0,25,27,22,19,2,0,22,25,0,12,29,5,0,4,4,10,12,1,4,4,2,22,0,4,4,3,19,2,0,12,13,0,12,29,5,0,23,23,25,12,0,15,23,23,22,0,7,23,23,27,2,0,0,0,0,12,29,5,0,25,8,15,12,0,19,11,8,22,0,9,18,8,22,2,0,0,0,0,12,29,5,0,22,9,11,12,10,19,7,6,22,9,11,12,10,19,7,6,0,0,0,12,29,5,0,22,19,12,12,22,19,12,12,22,19,12,12,22,19,12,12,0,0,0,12,29,5,0,22,19,12,12,22,19,12,12,22,19,12,12,22,19,12,12,0,0,0,12,29,5
7,8,8,8,8,8,8,15,25,5,5,5,5,5,1,3,18,22,0,3,18,22,0,27,27,27,27,26,0,0,8,29,29,29,29,29,29,7,3,18,22,0,3,18,22,0,20,20,20,20,19,0,0,3,12,12,12,12,12,12,3,3,18,22,0,3,18,22,0,7,7,7,7,7,7,7,7,7,7,7,7,7,5,0,3,18,22,0,3,18,22,0,8,8,8,8,8,8,8,8,8,8,8,8,8,6,0,3,18,22,0,3,18,22,0,0,0,0,0,0,15,17,17,17,17,17,17,6,0,0,3,18,22,0,3,18,22,0,13,10,0,0,0,22,0,1,9,9,9,0,0,0,0,3,18,8,0,1,6,22,0,26,21,0,2,10,22,0,3,21,6,6,0,0,0,0,3,18,2,0,0,1,22,0,26,21,0,3,18,22,0,3,18,0,9,6,0,0,0,3,18,22,0,3,18,22,0,19,16,0,3,18,22,0,3,18,0,13,8,0,0,0,3,18,22,0,3,18,22,0,0,0,0,0,1,22,0,3,18,0,13,27,25,25,25,26,18,19,0,3,15,23,25,0,7,15,15,15,26,0,3,18,0,13,13,6,6,6,6,4,0,0,0,0,5,6,0,0,1,6,6,6,5,9,18,0,13,8,0,0,0,0,0,0,0,0,0,0,0,0,0,1,10,10,10,10,10,6,0,0,0,0,0,0,0,0,0,0,0,0,0,0,17,17,17,17,17,17,17,17,17,17,17,17,17,17,17,17,17,17,17,17,17,17,17,0,0,0,0,0,0,4,3,0,0,0,0,0,0,0,0,0,0,0,0,0,0,0,1,29,29,29,27,0,26,21,0,0,0,0,0,0,0,0,0,0,0,0,0,0,0,1,18,28,27,17,0,26,21,0,0,8,6,0,5,8,0,2,8,3,0,8,6,0,6,4,26,21,6,4,26,21,0,0,26,21,0,16,29,1,6,29,11,0,26,21,0,13,8,26,21,13,8,26,21,0,0,26,21,0,16,29,1,6,29,11,0,26,21,0,13,8,26,21,13,8,26,21,0,0,26,21,0,16,29,1,6,29,11,0,26,21,0,6,4,26,21,6,4,26,21,0,0,26,21,0,16,29,1,6,29,11,0,26,21,0,2,17,28,26,17,17,28,21,0,0,14,11,0,9,15,1,3,15,6,0,14,11,0
0,0,0,0,21,0,0,0,12,10,0,0,10,11,7,6,0,0,1,3,3,26,9,0,0,0,0,21,0,0,0,0,0,0,0,0,0,0,0,0,0,9,28,28,28,23,0,0,0,0,21,0,5,7,7,7,7,7,7,7,7,7,7,7,7,7,7,7,6,0,0,0,0,21,0,6,8,8,8,8,8,8,8,8,8,8,8,8,8,8,8,7,0,0,0,0,21,0,0,0,0,0,0,0,0,0,0,0,0,0,0,0,0,0,0,0,0,0,0,21,0,0,0,0,5,17,17,17,17,17,17,17,17,17,17,17,17,14,0,0,0,0,21,0,0,0,0,9,29,29,29,29,29,29,29,29,29,29,29,29,23,0,0,0,0,21,0,0,0,0,0,4,29,15,0,4,4,24,25,4,4,0,14,23,0,0,0,0,21,0,0,0,0,0,3,29,14,0,10,11,23,25,10,11,0,13,23,0,0,0,0,21,0,0,0,0,0,3,29,14,0,10,11,23,25,10,11,0,13,23,0,0,0,0,21,0,0,0,0,2,10,29,18,5,0,8,25,26,8,0,5,18,23,0,0,0,0,21,0,0,0,0,9,29,29,29,20,0,29,29,29,29,0,19,29,23,0,0,0,0,21,0,0,0,0,3,10,10,10,7,0,10,10,10,10,0,7,10,8,0,0,0,0,21,0,12,17,17,17,17,17,17,17,17,17,17,17,17,17,17,17,13,0,0,0,0,21,0,0,0,0,0,0,0,0,0,0,0,0,0,0,0,0,0,0,0,0,0,0,21,0,0,0,0,6,17,17,17,17,17,17,17,17,17,17,17,13,0,0,0,0,0,21,0,0,0,0,0,0,0,0,0,0,0,12,17,17,17,17,17,14,0,0,0,0,21,0,0,0,0,0,0,0,9,10,0,0,0,0,0,0,0,0,4,0,0,0,0,21,0,0,0,0,0,0,0,10,11,0,0,0,0,0,20,1,0,4,0,0,0,0,21,0,0,0,0,0,0,0,10,11,0,0,0,0,0,20,1,0,4,15,16,0,0,21,0,0,0,0,0,0,0,4,4,0,0,0,0,0,8,0,0,4,23,25,0,0,21,0,0,0,23,17,17,17,17,17,17,17,17,17,17,17,7,0,4,23,25,0,0,21,0,0,0,21,6,17,17,17,17,17,17,17,17,17,17,22,13,4
0,0,0,0,0,0,0,0,0,0,0,0,0,0,0,0,0,0,0,0,0,0,0,0,0,0,0,0,0,0,0,0,0,0,0,0,0,0,0,0,0,0,0,0,0,0,0,0,0,0,0,0,0,0,0,0,0,0,0,0,0,0,0,0,0,0,0,0,0,0,0,0,0,0,0,0,0,0,0,0,0,0,0,0,0,0,0,0,0,0,0,0,0,0,0,0,0,0,0,0,0,0,0,0,0,0,0,0,0,0,0,0,0,0,0,0,0,0,0,0,0,0,0,0,0,0,0,0,0,0,0,0,0,0,0,0,0,0,8,8,8,8,8,8,8,8,8,8,8,8,8,8,8,8,8,8,8,8,8,8,8,0,0,0,0,0,3,18,18,18,18,18,18,18,18,18,18,18,18,18,18,18,18,18,0,26,21,0,0,4,29,29,29,29,29,29,29,29,29,29,29,29,29,29,29,29,29,0,26,21,0,0,1,0,26,21,1,0,0,16,29,2,1,0,6,29,11,2,6,29,0,26,21,0,0,13,8,26,21,13,8,0,16,29,5,18,0,6,29,11,22,6,29,0,26,21,0,0,13,8,26,21,13,8,0,16,29,5,18,0,6,29,11,22,6,29,0,26,21,0,0,12,7,26,21,12,7,0,16,29,5,16,0,6,29,11,19,6,29,0,26,21,0,0,0,6,27,23,6,0,5,20,29,8,1,2,12,29,16,4,6,29,0,11,9,0,0,1,29,29,29,27,0,21,29,29,29,7,11,29,29,29,17,6,29,0,0,0,0,0,0,11,11,11,11,0,8,11,11,11,3,4,11,11,11,7,4,17,17,17,17,17,17,17,17,17,17,17,17,17,17,17,17,17,17,17,17,17,17,17,17,0,0,0,0,0,0,0,0,0,0,0,0,0,0,0,0,0,0,0,0,0,0,0,0,0,0,0,0,0,0,0,0,0,0,0,0,0,0,0,0,0,0,0,0,0,0,0,0,0,0,0,0,0,0,0,0,0,0,0,0,0,0,0,0,0,0,0,0,0,0,0,0,0,0,0,0,0,0,0,0,0,0,0,0,0,0,0,0,0,0,0,0,0,0,0,0,0,0,0,0,0,0,0,0,0,0,0,0,0,0,0,0,0,0,0,0,0,0,0,0,0,0,0,0,0,0,0,0,0,0,0,0,0,0,0,0,0,0
1,8,8,11,29,20,8,8,8,3,4,27,0,2,29,15,0,22,25,0,12,29,5,0,3,2,2,29,15,0,3,3,3,8,27,0,2,29,15,0,22,25,0,12,29,5,5,28,19,2,29,15,0,23,28,28,28,27,0,2,29,15,0,22,25,0,12,29,5,0,0,0,2,29,15,0,0,0,0,0,0,0,2,29,15,0,22,25,0,12,29,5,1,2,1,8,29,18,5,5,5,2,0,0,0,2,29,15,0,22,25,0,12,29,5,5,11,7,29,29,29,29,29,29,11,0,0,0,2,21,11,0,22,25,0,12,29,5,2,5,3,12,12,12,12,12,12,5,0,0,0,0,0,0,0,22,25,0,12,29,5,1,7,7,7,7,7,7,7,7,7,7,7,6,0,0,0,0,22,25,0,12,29,5,1,8,8,8,8,8,8,8,8,8,8,8,7,0,0,0,0,22,25,0,12,29,5,0,0,0,0,0,11,19,19,19,19,19,18,0,0,0,0,0,22,25,0,12,29,5,1,9,9,0,0,17,28,28,28,28,29,27,0,1,14,7,0,22,25,0,12,29,5,1,6,22,2,0,0,0,0,0,0,4,27,0,2,29,15,0,22,25,0,12,29,5,0,0,19,18,17,17,17,17,17,17,8,27,0,2,29,15,0,22,25,0,12,29,5,1,0,19,2,0,0,0,0,0,0,4,27,0,2,29,15,0,22,25,0,12,29,5,0,0,19,2,0,1,1,1,1,1,6,27,0,2,29,15,0,22,25,0,12,29,5,0,0,19,2,0,17,29,29,29,29,29,27,0,2,29,15,0,22,25,0,12,29,5,3,17,22,2,0,10,17,17,17,17,19,27,0,2,29,15,0,22,25,0,12,29,5,0,0,0,0,0,0,0,0,0,0,4,27,0,2,29,15,0,22,25,0,12,29,5,3,17,17,17,17,17,17,17,17,17,7,27,0,2,29,15,0,22,25,0,12,29,5,0,0,0,0,0,0,0,0,0,0,4,27,0,2,29,15,0,22,25,0,12,29,5,5,29,29,29,29,29,29,29,29,11,4,27,0,2,29,15,0,22,25,0,12,29,5,3,18,18,20,29,24,18,18,18,7,4,27,0,2,29,15,0,22,25,0,12,29,5,0,0,0,2,29,15,0,0,0,0,4,27,0,2,29,15,0,22,25,0,12,29,5
0,26,21,0,16,29,1,1,10,23,19,1,22,0,3,18,16,29,1,0,22,6,29,0,26,21,0,16,29,1,0,0,18,13,0,5,9,10,10,21,29,11,9,10,14,29,0,8,7,0,5,9,0,0,0,18,13,0,14,29,29,29,29,29,29,29,29,29,29,0,0,0,0,0,0,0,0,0,18,13,0,4,8,8,8,8,8,8,8,8,8,8,7,0,0,0,0,0,0,0,0,18,13,0,0,0,0,0,0,0,0,0,0,0,0,8,0,0,2,17,17,17,17,5,18,13,0,4,17,17,17,17,17,17,17,17,17,17,8,0,0,0,0,1,7,7,7,21,18,7,5,1,7,7,7,7,7,7,7,0,0,8,0,0,0,0,4,25,25,25,28,27,25,17,4,25,25,25,28,27,25,24,0,0,8,0,0,0,0,0,0,0,0,18,13,0,0,0,0,0,0,18,13,0,0,0,0,8,0,0,0,0,4,4,6,12,18,14,11,10,0,1,6,12,18,14,11,10,0,0,8,0,0,0,0,13,12,18,16,18,14,15,22,0,3,18,16,18,14,15,22,0,0,2,0,0,0,0,13,12,18,16,18,14,15,22,0,3,18,16,18,14,15,22,0,0,0,0,0,0,0,13,9,4,8,18,14,7,19,0,0,4,8,18,14,7,19,0,0,0,0,0,0,0,6,4,0,0,18,13,0,0,0,0,0,0,18,13,0,0,0,0,0,0,0,0,0,0,0,0,14,27,26,23,23,23,23,23,23,27,26,23,23,23,23,2,0,0,0,0,0,0,0,5,8,8,8,8,8,8,8,8,8,8,8,8,8,8,8,0,0,2,17,17,17,17,17,17,17,17,17,17,17,17,17,17,17,17,17,17,17,8,0,0,0,0,0,0,0,0,0,0,0,0,0,0,0,0,0,0,0,0,0,0,8,0,0,0,11,20,1,4,20,8,0,18,15,0,0,0,0,7,7,7,7,7,7,8,0,0,0,16,29,1,6,29,11,0,26,21,0,0,0,0,26,29,29,29,29,29,8,0,0,0,16,29,1,6,29,11,0,26,21,0,0,0,0,26,24,10,10,10,10,8,0,0,0,16,29,1,6,29,11,0,26,21,0,0,0,0,26,21,0,0,0,0,8,0,0,0,16,29,1,6,29,11,0,26,21,0,0,0,0,26,21,3,23,23,23
0,16,13,0,10,17,1,6,29,11,0,0,0,0,3,18,22,13,12,18,22,0,0,0,0,0,0,0,0,0,6,29,11,0,0,0,0,3,15,22,11,11,18,18,0,0,0,22,18,0,14,25,1,6,29,11,0,0,0,0,0,0,22,0,3,18,0,0,0,0,26,21,0,16,29,1,6,29,11,0,0,0,0,0,0,22,0,3,18,0,0,0,0,26,21,0,16,29,1,6,29,11,0,0,15,0,2,12,22,9,9,18,15,0,2,0,26,21,0,16,29,1,6,29,11,0,0,22,0,3,18,22,13,12,18,22,0,3,0,26,21,0,16,29,1,6,29,11,0,0,22,0,3,18,16,13,11,13,22,0,3,0,26,21,0,16,29,1,6,29,11,0,0,22,0,3,14,3,10,7,2,17,0,3,0,26,21,0,16,29,1,6,29,11,0,0,22,0,0,0,22,0,3,18,0,0,3,0,26,21,0,16,29,1,6,29,11,0,0,22,0,0,0,22,3,6,18,0,0,3,0,26,21,0,16,29,1,6,29,11,0,0,22,12,8,0,22,13,12,18,0,12,12,0,26,21,0,16,29,1,6,29,11,0,0,22,13,8,0,22,13,12,18,0,13,12,0,8,7,0,5,9,0,6,25,10,0,0,19,13,11,15,26,13,12,24,15,13,12,0,0,0,0,0,0,0,0,0,0,0,0,0,4,6,25,16,7,7,17,26,4,2,0,0,0,0,0,0,0,3,17,6,0,0,5,0,3,18,0,3,2,0,22,0,0,17,17,17,17,17,17,0,6,29,11,0,0,22,0,3,18,0,13,8,0,22,0,3,0,0,0,0,0,0,0,6,29,11,0,0,22,4,6,18,0,13,8,0,22,4,6,0,0,0,0,0,0,0,6,29,11,0,0,22,13,12,18,1,13,9,1,22,13,12,0,8,6,0,5,8,0,6,29,11,0,0,22,13,12,18,22,13,12,18,22,13,12,0,26,21,0,16,29,1,6,29,11,0,0,22,11,11,18,22,13,12,18,22,11,11,0,26,21,0,16,29,1,6,29,11,0,0,22,0,3,18,22,13,12,18,22,0,3,0,26,21,0,16,29,1,6,29,11,0,0,22,0,3,18,3,13,9,3,22,0,3,0,26,21,0,16,29,1,6,29,11,0,0,22,9,9,18,15,13,11,12,22,9,9
14,14,14,14,14,14,14,14,10,0,0,0,11,20,1,0,0,0,0,0,0,0,11,1,0,0,14,17,17,17,17,17,23,8,0,16,29,1,0,0,0,0,0,0,0,16,8,0,0,0,0,0,6,0,0,13,8,0,16,29,1,0,0,0,0,0,0,0,16,8,0,0,0,0,0,22,0,0,13,8,0,16,29,1,0,0,8,5,0,0,0,16,8,0,0,0,0,0,22,0,0,13,8,0,16,29,1,0,0,13,8,0,0,0,16,6,5,5,5,5,5,7,2,0,13,8,0,16,29,1,0,0,13,8,0,0,0,16,14,14,14,14,14,14,14,8,2,13,8,0,16,29,1,0,0,13,8,0,0,0,12,12,12,12,12,12,12,15,23,9,13,8,0,16,29,1,0,0,13,8,0,0,0,0,7,7,7,7,7,2,3,18,0,13,8,0,16,29,1,0,0,13,8,0,0,0,0,8,8,8,8,8,3,3,18,0,13,8,0,16,29,1,0,0,13,8,0,0,0,0,3,3,3,3,3,3,7,18,0,13,8,0,16,29,1,0,0,13,8,0,0,0,0,12,12,12,12,14,14,14,10,1,13,8,0,16,29,1,0,0,13,8,0,0,0,0,3,0,0,0,7,21,19,14,10,13,8,0,16,29,1,0,0,13,8,0,0,0,0,8,0,0,0,0,13,11,13,0,13,8,0,16,29,1,0,0,13,8,0,0,0,0,8,0,0,0,0,13,12,18,0,13,8,0,16,29,1,0,0,13,8,0,21,0,0,2,0,0,0,0,13,11,13,0,13,8,0,16,29,1,0,0,13,8,0,22,0,0,15,15,15,15,15,22,20,15,11,13,8,0,5,9,0,0,0,13,8,0,22,0,0,0,0,0,12,14,14,14,14,14,21,8,0,0,0,0,0,0,13,8,0,22,0,0,0,0,0,2,2,2,2,2,2,2,0,0,0,0,0,0,0,13,8,0,22,0,0,17,17,17,17,17,17,17,17,17,17,17,17,17,17,11,0,0,13,8,0,22,0,0,0,0,0,0,0,0,0,0,0,0,0,0,0,0,0,0,0,13,8,0,22,0,0,29,29,29,29,29,29,0,0,0,0,0,0,0,0,0,0,0,13,8,0,22,0,0,25,29,19,18,18,18,0,0,0,0,0,0,5,8,0,0,0,13,8,0,22,0,0
18,22,13,12,18,22,13,12,16,0,12,11,18,22,13,12,18,22,13,12,18,19,13,18,16,12,10,13,22,10,6,0,0,0,2,13,22,10,10,16,16,13,11,13,0,10,18,0,0,0,0,22,0,1,8,0,6,4,0,22,0,0,0,0,13,8,0,10,0,18,22,0,3,18,22,13,12,18,0,13,12,18,22,13,8,0,22,13,12,18,22,13,18,22,0,3,18,22,13,12,18,0,13,12,18,22,13,8,0,22,13,12,18,22,13,18,22,0,3,18,22,13,12,18,0,13,12,18,22,13,8,0,22,13,12,18,22,13,18,22,0,3,18,22,13,12,18,0,13,12,18,22,13,8,0,22,13,12,18,22,13,18,22,0,3,18,22,1,4,18,0,13,9,1,22,13,8,0,22,13,9,1,22,1,18,22,0,3,18,22,0,3,18,0,13,8,0,22,13,8,0,22,13,8,0,22,0,1,22,0,3,18,2,0,0,2,0,1,1,0,2,13,8,0,22,1,0,0,3,0,11,25,0,3,24,9,0,0,0,0,0,0,0,6,21,8,0,23,13,0,0,0,0,15,18,0,2,18,13,0,0,8,6,0,0,0,9,18,5,0,15,18,0,0,0,0,0,0,0,0,0,0,0,0,26,21,0,0,0,0,0,0,0,0,0,0,0,0,0,0,0,0,0,0,0,0,0,26,21,0,0,0,0,0,0,0,0,0,0,0,0,0,0,0,0,0,0,0,0,0,26,21,0,0,0,0,0,0,0,0,0,0,0,0,0,0,0,0,0,0,0,0,0,26,21,0,0,0,0,0,0,0,0,0,0,0,0,0,14,17,0,2,17,12,0,0,14,11,0,0,0,8,17,5,0,14,17,0,0,0,0,12,25,0,3,24,10,0,0,0,0,0,0,0,7,21,8,0,23,14,0,0,0,0,1,22,0,3,18,1,0,0,1,0,0,0,0,1,13,8,0,22,0,0,0,1,0,18,22,0,3,18,22,0,3,18,0,13,8,0,22,13,8,0,22,13,8,0,22,0,18,22,0,3,18,22,0,4,18,0,13,9,0,22,13,8,0,22,13,9,0,22,0,18,22,0,3,18,22,13,12,18,0,13,12,18,22,13,8,0,22,13,12,18,22,13,18,22,0,3,18,22,13,12,18,0,13,12,18,22,13,8,0,22,13,12,18,22,13
18,22,13,12,18,0,6,27,11,0,26,21,0,16,29,1,6,29,11,0,0,28,3,18,9,13,10,8,0,0,0,0,0,26,21,0,16,29,1,6,29,11,0,0,28,7,18,0,13,8,0,0,3,14,5,0,26,21,0,16,29,1,6,29,11,0,0,28,28,18,0,13,8,0,0,6,29,11,0,26,21,0,16,29,1,6,29,11,0,0,0,0,18,0,13,8,0,0,6,29,11,0,26,21,0,16,29,1,6,29,11,0,0,0,0,18,0,13,8,0,0,6,29,11,0,26,21,0,16,29,1,6,29,11,0,0,0,0,10,0,7,5,0,0,6,29,11,0,26,21,0,16,29,1,6,29,11,0,0,0,0,7,7,7,7,2,0,6,29,11,0,26,21,0,16,29,1,6,29,11,0,6,7,7,8,8,8,8,3,0,6,29,11,0,26,21,0,16,29,1,6,29,11,0,7,8,8,11,11,11,3,0,0,6,29,11,0,26,21,0,16,29,1,6,29,11,0,0,19,19,26,20,25,8,0,0,6,29,11,0,26,21,0,16,29,1,6,29,11,0,0,28,29,18,9,13,8,0,0,6,29,11,0,26,21,0,16,29,1,6,29,11,0,0,28,3,18,22,10,6,0,0,6,29,11,0,26,21,0,16,29,1,6,29,11,0,0,28,7,18,22,0,0,0,0,6,29,11,0,26,21,0,16,29,1,6,29,11,0,0,28,3,18,23,17,16,0,0,6,29,11,0,26,21,0,16,29,1,6,29,11,0,0,28,5,18,11,14,13,0,0,6,29,11,0,26,21,0,16,29,1,6,29,11,0,0,28,29,24,13,13,4,0,0,6,29,11,0,26,21,0,16,29,1,6,29,11,0,0,28,18,25,18,24,8,0,0,6,29,11,0,26,21,0,16,29,1,6,29,11,0,0,28,3,18,3,13,9,2,0,6,29,11,0,26,21,0,16,29,1,6,29,11,0,0,28,6,18,22,13,12,18,0,6,29,11,0,26,21,0,16,29,1,6,29,11,0,0,28,3,18,22,13,12,18,0,6,29,11,0,26,21,0,16,29,1,6,29,11,0,0,28,3,18,22,13,12,18,0,6,29,11,0,26,21,0,16,29,1,6,29,11,0,0,28,3,18,17,13,12,14,0,6,29,11,0,26,21,0,16,29,1,6,29,11,0,0,28,3
18,19,13,12,15,22,11,11,18,19,13,12,15,22,11,11,18,19,13,12,15,0,11,18,0,13,8,0,22,0,3,18,0,13,8,0,22,0,3,18,0,13,8,0,0,0,29,27,28,8,0,23,27,28,18,0,13,28,27,28,0,3,29,27,28,8,0,0,0,4,4,16,8,0,3,4,8,18,0,2,4,4,23,0,0,4,4,16,8,0,0,0,23,23,13,8,8,23,23,11,18,0,23,23,15,22,0,16,23,23,13,8,0,0,0,8,24,13,8,3,8,18,12,18,0,8,11,18,22,0,6,8,24,13,8,0,0,0,0,22,13,8,0,0,13,12,18,0,0,3,18,22,0,0,0,22,13,8,0,0,0,18,22,13,8,0,22,13,12,18,0,13,12,18,22,0,3,18,22,13,8,0,0,0,18,2,13,8,0,22,1,4,18,0,13,9,1,22,0,3,18,2,13,8,0,0,0,29,29,29,8,0,23,29,29,18,0,13,29,29,28,0,3,29,29,29,8,0,0,0,2,2,2,0,0,2,2,2,1,0,1,2,2,2,0,0,2,2,2,0,0,0,0,17,17,17,17,17,17,17,17,17,17,17,17,17,17,17,17,17,17,17,17,6,0,2,0,0,0,0,0,0,0,0,0,0,0,0,0,0,0,0,0,0,0,0,0,0,0,16,0,12,7,0,19,0,3,16,0,12,7,0,19,0,3,16,0,12,7,0,0,0,18,0,13,8,0,22,0,3,18,0,13,8,0,22,0,3,18,0,13,8,0,0,0,18,0,13,8,0,22,0,3,18,0,13,8,0,22,0,3,18,0,13,8,0,0,0,18,0,13,8,0,22,0,3,18,0,13,8,0,22,0,3,18,0,13,8,0,0,0,18,0,13,8,0,22,0,3,18,0,13,8,0,22,0,3,18,0,13,8,0,0,0,18,16,13,11,13,22,10,10,18,16,13,11,13,22,10,10,18,16,13,11,13,0,10,18,22,13,12,18,22,13,12,18,22,13,12,18,22,13,12,18,22,13,12,18,0,13,18,22,13,12,18,22,13,12,18,22,13,12,18,22,13,12,18,22,13,12,18,0,13,18,22,13,12,18,22,13,12,18,22,13,12,18,22,13,12,18,22,13,12,18,0,13,18,3,13,9,3,22,2,5,18,3,13,9,3,22,2,5,18,3,13,9,3,0,2
8,0,22,0,3,18,0,13,8,0,0,0,3,18,0,13,8,0,22,0,3,18,0,8,0,22,0,3,18,0,13,8,0,0,0,3,18,0,13,8,0,22,0,3,18,0,8,0,22,0,3,18,0,13,8,0,0,0,3,18,0,13,8,0,22,0,3,18,0,2,0,5,0,0,4,0,3,2,0,0,0,0,4,0,3,2,0,5,0,0,4,0,17,17,17,17,17,17,17,17,17,6,0,2,17,17,17,17,17,17,17,17,17,17,17,0,0,0,0,0,0,0,0,0,0,0,0,0,0,0,0,0,0,0,0,0,0,0,21,21,21,0,2,21,21,21,6,0,0,0,2,21,21,21,6,0,17,21,21,13,0,16,10,25,0,3,23,10,19,8,0,0,0,3,23,10,19,8,0,23,10,13,18,0,11,13,22,0,3,18,16,13,8,0,0,0,3,18,16,13,8,0,22,10,10,18,0,7,18,22,0,1,7,22,13,8,0,0,0,1,7,22,13,8,0,9,13,12,18,0,3,18,22,0,0,0,22,13,8,0,0,0,0,0,22,13,8,0,0,13,12,18,0,28,18,22,0,19,27,28,13,8,0,0,0,19,27,28,13,8,10,27,28,12,18,0,4,3,22,0,3,4,4,13,8,0,0,0,3,4,4,13,8,1,4,4,5,18,0,23,23,27,0,3,23,23,26,8,0,0,0,3,23,23,26,8,0,19,23,24,18,0,15,8,24,0,3,22,8,18,8,0,0,0,3,22,8,18,8,0,23,8,11,18,0,10,8,22,6,8,18,10,13,10,8,0,6,8,18,10,13,10,8,22,6,8,18,10,12,18,22,13,12,18,22,13,12,18,0,13,12,18,22,13,12,18,22,13,12,18,22,12,18,22,13,12,18,22,13,12,18,0,13,12,18,22,13,12,18,22,13,12,18,22,12,18,22,13,12,18,22,13,12,18,0,13,12,18,22,13,12,18,22,13,12,18,22,10,8,22,6,7,18,9,13,10,8,0,6,7,18,9,13,10,8,22,6,7,18,9,8,0,22,0,3,18,0,13,8,0,0,0,3,18,0,13,8,0,22,0,3,18,0,8,0,22,0,3,18,0,13,8,0,0,0,3,18,0,13,8,0,22,0,3,18,0,8,0,22,0,3,18,0,13,8,0,0,0,3,18,0,13,8,0,22,0,3,18,0
0,0,13,7,5,9,0,6,5,10,0,0,3,18,0,0,0,0,0,13,8,0,0,0,0,0,0,0,0,0,0,0,0,0,0,3,18,0,0,0,0,0,13,8,0,0,7,7,7,7,7,7,7,7,7,7,7,2,3,18,0,0,0,0,0,13,8,1,7,8,8,8,8,8,8,8,8,8,8,8,3,3,18,0,0,0,0,0,13,8,1,8,0,0,0,0,0,0,0,0,0,0,0,0,3,18,0,0,0,0,0,13,8,0,0,17,17,17,17,17,17,17,16,0,0,0,0,3,18,0,0,0,0,0,13,8,0,0,29,29,29,29,29,29,29,27,0,0,0,0,3,18,0,0,0,0,0,13,8,0,0,29,12,8,0,0,27,22,0,0,0,0,0,3,18,0,0,0,0,0,13,8,0,0,29,11,22,0,0,26,21,0,0,0,0,0,3,18,0,0,0,0,0,13,8,0,0,29,11,22,0,0,26,21,0,0,0,0,0,3,18,0,0,0,0,0,13,8,0,0,29,16,5,0,7,27,24,7,0,0,0,0,3,18,0,0,0,0,0,13,8,0,0,29,29,17,2,29,29,29,27,0,0,0,0,3,18,0,0,0,0,0,13,8,0,0,10,10,6,1,10,10,10,10,0,0,0,0,3,18,0,0,0,0,0,13,8,0,0,17,17,17,17,17,17,17,17,17,17,17,6,3,18,0,0,0,0,0,13,8,2,17,0,0,0,0,0,0,0,0,0,0,0,0,3,18,0,0,0,0,0,13,8,0,0,17,17,17,17,17,17,17,17,0,0,0,0,3,18,0,0,0,0,0,13,8,0,0,17,6,0,0,0,0,0,0,0,0,0,0,3,18,0,0,0,0,0,13,8,0,0,0,0,0,0,19,0,0,0,0,0,0,0,3,18,0,0,0,0,0,13,8,0,0,0,0,0,0,22,0,0,0,0,0,0,0,3,18,0,0,0,0,0,13,8,0,0,0,0,0,0,22,0,0,0,0,0,0,0,3,18,0,0,0,0,0,13,8,0,0,0,0,0,0,9,0,0,0,0,0,0,0,3,18,0,4,19,7,0,13,8,0,0,17,17,17,17,17,17,17,17,18,16,0,0,3,18,0,6,29,11,0,13,8,0,0,17,17,17,17,17,17,17,17,4,18,0,0,3,18,0,6,29,11,0,13,8,0,0
18,9,13,10,7,22,13,12,18,22,13,10,7,22,5,7,18,22,13,12,18,22,5,18,22,13,12,18,22,13,12,18,22,13,12,18,22,13,12,18,22,13,12,18,22,13,18,22,13,12,18,22,6,7,18,9,13,12,18,22,13,12,18,9,13,10,8,22,13,18,15,13,11,12,22,0,3,18,0,13,11,12,22,9,9,18,0,13,8,0,22,9,18,0,13,8,0,22,0,3,18,0,13,8,0,22,0,3,18,0,13,8,0,22,0,18,0,8,5,0,22,0,2,12,0,13,8,0,14,0,3,18,0,8,5,0,22,0,18,0,0,0,0,23,5,2,3,4,17,8,0,0,0,3,21,5,2,2,5,24,0,17,20,6,8,17,21,28,12,18,23,26,11,17,11,12,11,26,28,13,12,28,26,12,0,22,13,12,18,0,13,12,18,22,0,3,18,22,13,8,0,22,13,12,18,0,13,0,22,13,12,18,0,13,12,18,22,0,3,18,22,13,8,0,22,13,12,18,0,13,0,6,13,10,5,0,13,11,12,22,0,1,5,22,3,2,0,22,8,9,18,0,3,0,0,13,8,0,0,13,8,0,22,0,0,0,22,0,0,0,22,0,3,18,0,0,6,0,13,8,0,8,6,5,6,11,5,3,0,22,0,1,6,11,5,5,9,8,0,18,0,13,8,0,22,4,6,18,7,13,8,0,22,0,3,18,7,13,10,6,22,0,18,0,13,8,0,22,13,12,18,22,13,8,0,22,0,3,18,22,13,12,18,22,0,18,0,13,8,0,22,13,12,18,22,13,8,0,22,0,3,18,22,13,12,18,22,0,0,0,0,0,0,0,13,9,0,22,0,0,0,0,0,0,0,22,0,4,18,0,0,0,0,0,0,0,0,13,8,0,22,0,0,0,0,0,0,0,22,0,3,18,0,0,7,0,0,0,0,9,13,10,7,22,5,3,0,0,0,1,7,22,5,7,18,9,0,18,0,0,0,0,22,13,12,18,22,13,8,0,0,0,3,18,22,13,12,18,22,0,18,0,7,5,0,22,13,12,18,22,13,8,0,13,0,3,18,22,13,12,18,22,0,18,0,13,8,0,22,13,12,18,22,13,8,0,22,0,3,18,22,13,12,18,22,0,18,0,13,8,0,22,13,12,18,22,13,8,0,22,0,3,18,22,13,12,18,22,0
0,0,0,0,22,16,12,15,22,16,5,0,0,0,0,0,0,16,12,15,22,16,10,0,0,0,0,18,16,11,12,22,13,4,0,0,0,0,0,0,13,11,15,18,16,9,0,0,0,0,0,16,5,0,22,0,0,0,0,0,0,0,0,0,6,15,0,16,5,0,0,0,0,0,16,5,0,22,0,0,0,0,0,0,0,0,0,6,15,0,16,5,0,11,3,0,15,16,10,10,22,11,3,0,15,0,4,10,0,11,10,15,15,16,9,0,16,5,0,22,16,12,15,22,16,5,0,22,0,6,15,0,16,12,15,22,16,10,0,16,5,0,22,11,11,15,16,16,5,0,22,0,6,15,0,16,10,11,22,11,9,0,16,5,0,17,2,6,12,3,13,4,0,22,0,6,15,0,13,5,2,17,2,4,0,16,5,0,0,16,5,0,22,0,0,0,22,0,6,15,0,0,6,15,0,16,5,0,16,5,0,0,16,7,4,22,0,0,0,22,0,6,15,0,0,6,15,6,16,5,20,16,12,14,0,16,12,15,22,0,6,14,22,0,6,15,20,0,6,15,22,16,5,22,16,12,15,0,16,12,15,22,0,6,15,22,0,6,15,22,0,6,15,22,16,5,22,14,12,15,14,23,12,15,25,15,10,15,19,0,6,13,22,9,19,15,22,16,17,6,0,2,4,25,17,7,8,15,24,8,4,0,0,0,0,6,16,19,9,12,9,18,0,3,1,0,22,0,1,3,0,16,5,0,5,0,1,3,0,16,5,0,5,0,4,0,16,5,0,22,0,6,15,0,16,5,0,22,0,6,15,0,16,5,0,22,0,4,6,16,8,4,22,0,6,15,0,16,8,4,22,0,6,15,6,16,5,0,22,0,4,22,16,12,15,22,1,7,15,1,16,12,15,22,0,6,15,22,16,6,1,22,1,5,22,16,12,15,22,16,12,15,22,16,12,15,22,0,6,15,22,16,12,15,22,16,10,18,16,11,12,22,16,12,15,22,16,11,12,22,0,6,15,18,16,12,15,22,16,10,0,16,5,0,22,16,12,15,22,16,5,0,22,0,6,15,0,16,12,15,22,16,10,0,16,5,0,22,2,7,15,3,16,5,0,22,0,6,15,0,16,7,2,22,2,5,15,16,10,10,22,11,10,15,15,16,10,10,22,0,6,15,15,16,10,10,22,11,8
0,0,0,0,0,0,0,0,0,0,0,0,0,0,0,0,0,0,0,0,0,0,0,0,0,0,0,0,0,0,0,0,0,0,0,0,0,0,0,0,0,0,0,0,0,0,0,0,0,0,0,0,0,0,0,0,0,0,0,0,0,0,0,0,0,0,0,0,0,0,0,0,0,0,0,0,0,0,0,0,0,0,0,0,0,0,0,0,0,0,0,0,0,0,0,0,0,0,0,0,0,0,0,0,0,0,0,0,0,0,0,0,0,0,0,0,0,0,0,0,0,0,0,0,0,0,0,0,0,0,0,0,0,0,0,0,0,0,8,8,8,8,8,8,8,8,8,8,8,8,8,8,8,8,8,8,8,8,8,8,8,18,18,18,18,18,18,18,18,18,18,18,18,18,18,18,18,13,0,0,0,0,0,0,29,29,29,29,29,29,29,29,29,29,29,29,29,29,29,29,21,0,0,0,0,0,0,16,29,2,1,0,6,29,11,2,0,0,26,21,1,0,26,21,0,0,0,0,0,0,16,29,5,18,0,6,29,11,22,0,0,26,21,13,8,26,21,0,0,0,0,0,0,16,29,5,18,0,6,29,11,22,0,0,26,21,13,8,26,21,0,0,0,0,0,0,16,29,5,16,0,6,29,11,19,0,0,26,21,12,7,26,21,0,0,0,0,0,0,20,29,8,1,2,12,29,16,4,0,6,27,23,6,0,26,21,0,0,0,0,0,0,29,29,29,7,11,29,29,29,17,1,29,29,29,27,0,26,21,0,0,0,0,0,0,11,11,11,3,4,11,11,11,7,0,11,11,11,11,0,16,13,0,0,0,0,0,0,17,17,17,17,17,17,17,17,17,17,17,17,17,17,17,17,17,17,17,17,17,17,17,0,0,0,0,0,0,0,0,0,0,0,0,0,0,0,0,0,0,0,0,0,0,0,0,0,0,0,0,0,0,0,0,0,0,0,0,0,0,0,0,0,0,0,0,0,0,0,0,0,0,0,0,0,0,0,0,0,0,0,0,0,0,0,0,0,0,0,0,0,0,0,0,0,0,0,0,0,0,0,0,0,0,0,0,0,0,0,0,0,0,0,0,0,0,0,0,0,0,0,0,0,0,0,0,0,0,0,0,0,0,0,0,0,0,0,0,0,0,0,0,0,0,0,0,0,0,0,0,0,0,0,0,0,0,0,0,0,0
0,0,0,0,7,14,14,14,14,14,14,14,14,14,14,14,10,0,0,0,11,20,1,18,0,0,0,0,0,0,2,1,0,0,14,17,17,17,17,17,23,8,0,16,29,1,18,0,0,0,0,0,0,13,8,0,0,0,0,0,6,0,0,13,8,0,16,29,1,18,0,0,0,0,0,0,13,8,0,0,0,0,0,22,0,0,13,8,0,16,29,1,18,0,0,0,0,0,0,13,8,0,0,0,0,0,22,0,0,13,8,0,16,29,1,18,0,0,5,5,5,5,6,6,5,5,5,5,5,7,2,0,13,8,0,16,29,1,18,0,3,23,12,14,14,14,14,14,14,14,14,14,14,8,2,13,8,0,16,29,1,18,0,3,18,6,12,12,12,12,12,12,12,12,12,15,23,9,13,8,0,16,29,1,18,0,3,18,0,6,7,7,7,7,7,7,7,2,3,18,0,13,8,0,16,29,1,18,0,3,18,0,7,8,8,8,8,8,8,8,3,3,18,0,13,8,0,16,29,1,18,0,3,18,1,3,3,3,3,3,3,3,3,3,7,18,0,13,8,0,16,29,1,18,0,3,18,6,12,12,12,12,12,12,12,14,14,14,10,1,13,8,0,16,29,1,18,0,3,18,0,0,0,5,3,0,0,0,7,21,19,14,10,13,8,0,16,29,1,18,0,3,18,0,0,0,13,8,0,0,0,0,13,11,13,0,13,8,0,16,29,1,18,0,3,18,0,0,0,13,8,0,0,0,0,13,12,18,0,13,8,0,16,29,1,18,0,3,18,0,0,0,4,2,0,0,0,0,13,11,13,0,13,8,0,16,29,1,18,0,3,24,15,15,15,15,15,15,15,15,15,22,20,15,11,13,8,0,5,9,0,18,0,0,0,0,0,0,0,0,0,0,12,14,14,14,14,14,21,8,0,0,0,0,1,0,0,0,0,0,0,0,0,0,0,2,2,2,2,2,2,2,0,0,0,0,0,11,17,17,17,17,17,17,17,17,17,17,17,17,17,17,17,17,17,17,17,17,17,11,0,0,0,0,0,0,0,0,0,0,0,0,0,0,0,0,0,0,0,0,0,0,0,7,2,29,29,29,27,0,22,29,29,29,29,29,29,0,0,0,0,0,0,0,0,0,5,1,18,28,27,17,0,14,25,29,19,18,18,18,0,0,0,0,0,0,5,8,0
0,22,13,12,18,22,13,8,0,0,0,3,18,22,13,12,18,22,0,0,0,0,0,0,18,13,12,15,22,11,7,0,0,0,3,15,22,11,11,18,18,0,0,0,0,0,0,0,13,8,0,22,0,0,0,0,0,0,0,22,0,3,18,0,0,0,0,0,0,0,0,13,8,0,22,0,0,0,0,0,0,0,22,0,3,18,0,0,0,0,0,0,0,15,13,11,12,22,9,5,0,15,0,2,12,22,9,9,18,15,0,2,12,0,9,0,22,13,12,18,22,13,8,0,22,0,3,18,22,13,12,18,22,0,3,18,0,13,0,22,9,10,18,16,13,8,0,22,0,3,18,16,13,11,13,22,0,3,18,0,13,0,17,1,4,14,3,10,6,0,22,0,3,14,3,10,7,2,17,0,3,18,0,13,0,0,13,8,0,22,0,0,0,22,0,0,0,22,0,3,18,0,0,3,18,0,13,0,0,13,10,5,22,0,0,0,22,0,0,0,22,3,6,18,0,0,3,18,0,13,17,0,13,12,18,22,0,3,17,22,12,8,0,22,13,12,18,0,12,12,18,0,13,18,0,13,12,18,22,0,3,18,22,13,8,0,22,13,12,18,0,13,12,18,0,13,18,12,22,12,18,23,15,8,18,19,13,11,15,26,13,12,24,15,13,12,16,0,12,5,23,17,7,10,13,23,10,5,0,4,6,25,16,7,7,17,26,4,2,0,0,0,0,22,0,0,4,0,13,8,0,5,0,3,18,0,3,2,0,22,0,0,4,0,3,0,22,0,3,18,0,13,8,0,22,0,3,18,0,13,8,0,22,0,3,18,0,13,5,22,0,3,18,0,13,10,5,22,4,6,18,0,13,8,0,22,4,6,18,0,13,18,22,0,4,18,1,13,12,18,22,13,12,18,1,13,9,1,22,13,12,18,0,13,18,22,13,12,18,22,13,12,18,22,13,12,18,22,13,12,18,22,13,12,18,0,13,15,22,13,12,18,22,13,12,15,22,11,11,18,22,13,12,18,22,11,11,18,0,13,0,22,13,12,18,22,13,8,0,22,0,3,18,22,13,12,18,22,0,3,18,0,13,0,22,2,5,18,3,13,8,0,22,0,3,18,3,13,9,3,22,0,3,18,0,13,12,22,9,9,18,15,13,11,12,22,9,9,18,15,13,11,12,22,9,9,18,0,13
11,18,22,13,12,18,22,13,12,18,19,13,12,18,22,13,12,18,22,13,12,16,0,2,13,22,10,10,16,16,13,11,13,0,10,10,18,16,12,10,13,22,10,6,0,0,4,0,22,0,0,0,0,13,8,0,10,0,3,18,0,0,0,0,22,0,1,8,0,12,18,22,13,8,0,22,13,12,18,22,13,12,18,22,0,3,18,22,13,12,18,0,12,18,22,13,8,0,22,13,12,18,22,13,12,18,22,0,3,18,22,13,12,18,0,12,18,22,13,8,0,22,13,12,18,22,13,12,18,22,0,3,18,22,13,12,18,0,12,18,22,13,8,0,22,13,12,18,22,13,12,18,22,0,3,18,22,13,12,18,0,9,1,22,13,8,0,22,13,9,1,22,1,4,18,22,0,3,18,22,1,4,18,0,8,0,22,13,8,0,22,13,8,0,22,0,3,18,22,0,3,18,22,0,3,18,0,1,0,2,13,8,0,22,1,0,0,3,0,0,1,22,0,3,18,2,0,0,2,0,0,0,6,21,8,0,23,13,0,0,0,0,0,11,25,0,3,24,9,0,0,0,0,0,0,9,18,5,0,15,18,0,0,0,0,0,15,18,0,2,18,13,0,0,2,8,0,0,0,0,0,0,0,0,0,0,0,0,0,0,0,0,0,0,0,0,0,6,29,0,0,0,0,0,0,0,0,0,0,0,0,0,0,0,0,0,0,0,0,0,6,29,0,0,0,0,0,0,0,0,0,0,0,0,0,0,0,0,0,0,0,0,0,6,29,0,0,0,0,0,0,0,0,0,0,0,0,0,0,0,0,0,0,0,0,0,6,29,0,0,8,17,5,0,14,17,0,0,0,0,0,14,17,0,2,17,12,0,0,3,15,0,0,7,21,8,0,23,14,0,0,0,0,0,12,25,0,3,24,10,0,0,0,0,0,0,1,13,8,0,22,0,0,0,1,0,0,1,22,0,3,18,1,0,0,1,0,8,0,22,13,8,0,22,13,8,0,22,0,3,18,22,0,3,18,22,0,3,18,0,9,0,22,13,8,0,22,13,9,0,22,0,4,18,22,0,3,18,22,0,4,18,0,12,18,22,13,8,0,22,13,12,18,22,13,12,18,22,0,3,18,22,13,12,18,0,12,18,22,13,8,0,22,13,12,18,22,13,12,18,22,0,3,18,22,13,12,18,0
7,14,11,17,8,7,22,8,10,14,11,17,8,7,22,8,10,14,11,17,8,7,22,7,14,22,17,12,14,22,17,12,14,22,17,12,14,22,17,12,14,22,17,12,14,22,7,14,22,17,12,14,22,17,12,14,22,17,12,14,22,17,12,14,22,17,12,14,22,1,3,22,4,9,14,5,17,6,3,22,4,9,14,5,17,6,3,22,4,9,14,5,3,5,22,7,9,14,0,17,4,0,22,7,9,14,9,17,4,0,22,0,7,14,9,7,14,22,17,12,14,0,17,4,0,22,17,12,14,22,17,4,0,22,0,7,14,22,7,14,22,17,12,14,0,17,4,0,22,17,12,14,22,17,4,0,22,0,7,14,22,7,14,22,17,12,14,0,11,3,0,22,17,12,14,22,17,4,0,14,0,7,14,22,7,14,22,17,12,14,0,0,0,0,22,17,12,14,22,17,4,0,0,0,7,14,22,7,14,10,17,8,6,0,0,0,0,10,17,8,6,22,8,2,0,0,0,3,6,22,7,14,0,17,4,0,0,0,0,0,0,17,4,0,22,0,0,0,0,0,0,0,22,7,14,0,17,4,0,0,0,0,0,0,17,4,0,22,0,0,0,0,0,0,0,22,7,14,22,17,12,14,0,17,4,0,22,17,12,14,22,17,4,0,22,0,7,14,22,7,14,22,17,12,14,0,17,4,0,22,17,12,14,22,17,4,0,22,0,7,14,22,2,5,22,6,9,14,0,17,4,0,22,6,9,14,8,17,4,0,22,0,7,14,8,3,6,9,8,5,6,0,17,4,0,9,8,5,6,10,7,2,0,22,0,3,6,10,7,14,0,17,4,0,0,17,4,0,0,17,4,0,22,0,0,0,22,0,0,0,22,7,14,13,17,4,0,5,17,6,3,0,17,9,8,22,0,1,3,22,4,1,0,22,7,14,22,17,4,0,22,17,12,14,0,17,12,14,22,0,7,14,22,17,4,0,22,7,14,22,17,4,0,22,17,12,14,0,17,12,14,22,0,7,14,22,17,4,0,22,21,14,22,17,26,12,22,9,10,14,24,28,12,14,27,25,12,14,12,17,11,25,24,5,3,4,4,13,14,0,0,0,0,24,6,2,2,6,20,4,0,0,0,7,18,5,0,0,13,0,7,14,0,10,2,0,22,0,4,8,0,17,4,0,13,0,7,14,0
21,0,16,29,1,0,0,13,8,0,22,0,3,18,0,13,8,0,22,0,3,18,0,21,0,16,29,1,0,16,13,11,13,22,10,10,18,16,13,11,13,22,10,10,18,16,21,0,16,29,1,0,22,13,12,18,22,13,12,18,22,13,12,18,22,13,12,18,22,21,0,16,29,1,0,22,13,12,18,22,13,12,18,22,13,12,18,22,13,12,18,22,21,0,16,29,1,0,22,13,12,18,22,13,12,18,22,13,12,18,22,13,12,18,22,21,0,16,29,1,0,3,13,9,3,22,2,5,18,3,13,9,3,22,2,5,18,3,21,0,16,29,1,0,0,13,21,17,26,0,3,25,17,23,8,0,23,17,19,18,0,19,0,14,25,1,0,0,13,19,14,14,0,3,24,14,14,4,0,23,14,14,9,0,0,0,0,0,0,0,0,13,10,13,13,7,3,18,11,13,12,0,22,6,13,13,3,12,0,9,17,1,0,0,13,12,25,18,10,3,18,23,18,17,0,22,13,22,18,4,21,0,16,29,1,0,0,13,12,18,0,0,3,18,22,0,0,0,22,13,8,0,0,21,0,16,29,1,0,0,13,12,18,15,0,3,18,22,9,5,0,22,13,11,12,0,21,0,16,29,1,0,0,13,10,8,22,0,3,18,9,13,8,0,22,6,7,18,0,21,0,16,29,1,0,0,13,22,19,26,0,3,26,19,24,8,0,23,19,21,18,0,21,0,16,29,1,0,0,6,12,12,12,0,1,12,12,12,3,0,10,12,12,8,0,21,0,16,29,1,0,3,7,7,7,7,7,7,7,7,7,7,7,7,7,7,7,7,21,0,16,29,1,0,4,8,8,8,8,8,8,8,8,8,8,8,8,8,8,8,8,21,0,16,29,1,0,0,7,4,0,12,0,2,10,0,7,4,0,12,0,2,10,0,21,0,16,29,1,0,0,13,8,0,22,0,3,18,0,13,8,0,22,0,3,18,0,21,0,16,29,1,0,0,13,8,0,22,0,3,18,0,13,8,0,22,0,3,18,0,21,0,16,29,1,0,0,13,8,0,22,0,3,18,0,13,8,0,22,0,3,18,0,21,0,16,29,1,0,0,13,8,0,22,0,3,18,0,13,8,0,22,0,3,18,0,21,0,16,29,1,0,9,13,10,7,22,5,7,18,9,13,10,7,22,5,7,18,9
0,0,0,0,0,0,0,0,0,0,0,0,0,0,0,0,0,0,0,0,0,0,0,0,0,0,0,0,0,0,0,0,0,0,0,0,0,0,0,0,0,0,0,0,0,0,0,0,0,0,0,0,0,0,0,0,0,0,0,0,0,0,0,0,0,0,0,0,0,0,0,0,0,0,0,0,0,0,0,0,0,0,0,0,0,0,0,0,0,0,0,0,0,0,0,0,0,0,0,0,0,0,0,0,0,0,0,0,0,0,0,0,0,0,0,0,0,0,0,0,0,0,0,0,0,0,0,0,0,0,0,0,0,0,0,0,0,0,8,8,8,8,8,8,8,8,8,8,8,8,8,8,8,8,8,8,8,8,8,8,8,18,18,18,18,18,18,18,18,18,18,18,18,18,18,6,0,0,0,0,0,0,0,0,29,29,29,29,29,29,29,29,29,29,29,29,29,29,10,0,0,0,6,29,11,0,26,6,29,11,0,1,0,26,21,0,0,1,16,29,2,1,0,0,0,6,29,11,0,26,6,29,11,0,13,8,26,21,0,3,18,16,29,5,18,0,0,0,6,29,11,0,26,6,29,11,0,13,8,26,21,0,3,18,16,29,5,18,0,0,0,6,29,11,0,26,6,29,11,0,12,7,26,21,0,3,16,16,29,5,16,0,0,0,6,29,11,0,26,12,29,16,4,0,6,27,23,6,0,5,20,29,8,1,0,0,0,6,29,11,0,26,29,29,29,17,1,29,29,29,27,0,21,29,29,29,7,0,0,0,3,12,5,0,11,11,11,11,7,0,11,11,11,11,0,8,11,11,11,3,0,0,0,0,0,0,0,0,17,17,17,17,17,17,17,17,17,17,17,17,17,17,17,17,17,17,17,17,17,17,17,0,0,0,0,0,0,0,0,0,0,0,0,0,0,0,0,0,0,0,0,0,0,0,0,0,0,0,0,0,0,0,0,0,0,0,0,0,0,0,0,0,0,0,0,0,0,0,0,0,0,0,0,0,0,0,0,0,0,0,0,0,0,0,0,0,0,0,0,0,0,0,0,0,0,0,0,0,0,0,0,0,0,0,0,0,0,0,0,0,0,0,0,0,0,0,0,0,0,0,0,0,0,0,0,0,0,0,0,0,0,0,0,0,0,0,0,0,0,0,0,0,0,0,0,0,0,0,0,0,0,0,0,0,0,0,0,0,0
11,0,26,21,0,0,0,3,18,9,13,12,18,22,13,12,18,9,13,10,7,22,13,10,0,23,19,0,0,0,3,18,22,13,12,18,22,13,12,18,22,13,12,18,22,13,0,0,0,0,0,0,0,3,18,22,13,10,8,22,6,7,18,22,13,12,18,22,6,0,0,0,0,0,0,0,3,18,15,13,8,0,22,0,3,18,15,13,11,12,22,0,17,17,17,0,0,0,0,3,18,0,13,8,0,22,0,3,18,0,13,8,0,22,0,0,0,0,0,0,0,0,2,12,0,13,8,0,14,0,3,18,0,8,5,0,22,0,4,0,9,8,0,0,0,0,0,0,13,13,3,3,2,9,18,0,0,0,0,23,5,11,0,26,21,0,0,0,1,9,20,12,27,18,22,13,27,17,20,6,8,17,21,28,11,0,26,21,0,0,0,3,18,22,0,3,18,22,13,8,0,22,13,12,18,0,13,11,0,26,21,0,0,0,3,18,22,0,3,18,22,13,8,0,22,13,12,18,0,13,11,0,26,21,0,0,0,3,18,6,0,3,18,14,13,8,0,6,13,10,5,0,13,11,0,26,21,0,0,0,3,18,0,0,3,18,0,13,8,0,0,13,8,0,0,13,11,0,26,21,0,0,0,3,18,0,5,5,9,8,6,5,6,0,13,8,0,8,6,0,0,1,1,0,0,0,3,18,0,13,10,6,22,4,6,18,0,13,8,0,22,4,0,0,0,0,0,0,0,3,18,0,13,12,18,22,13,12,18,0,13,8,0,22,13,17,17,17,17,6,0,0,3,18,0,13,12,18,22,13,12,18,0,13,8,0,22,13,0,0,0,0,0,0,0,0,0,0,0,4,18,0,13,9,0,0,0,0,0,0,13,0,0,0,0,0,0,0,0,0,0,0,3,18,0,13,8,0,0,0,0,0,0,13,0,3,14,0,0,0,0,0,0,0,5,7,18,9,13,10,7,0,0,0,0,9,13,7,8,18,0,0,0,0,0,0,0,13,12,18,22,13,12,18,0,0,0,0,22,13,13,12,18,0,0,0,0,2,10,0,13,12,18,22,13,12,18,0,7,5,0,22,13,13,12,18,0,0,0,0,3,18,0,13,12,18,22,13,12,18,0,13,8,0,22,13,0,0,1,0,0,0,0,3,18,0,13,12,18,22,13,12,18,0,13,8,0,22,13
0,6,4,0,11,0,1,9,0,0,0,0,16,29,1,6,29,11,0,26,21,0,0,0,13,8,0,22,0,3,18,0,0,0,0,16,29,1,6,29,11,0,26,21,0,0,0,13,8,0,22,0,3,18,0,0,0,0,16,29,1,6,29,11,0,26,21,0,16,0,13,8,0,22,0,3,18,0,0,0,0,16,29,1,6,29,11,0,26,21,0,16,0,13,8,0,22,0,3,18,0,0,0,0,16,29,1,6,29,11,0,26,21,0,16,0,13,8,0,22,0,3,18,0,0,0,0,16,29,1,6,29,11,0,26,21,0,16,23,26,8,0,23,23,24,18,0,0,0,0,16,29,1,6,29,11,0,26,21,0,14,8,18,8,0,23,8,11,18,0,0,0,0,16,29,1,6,29,11,0,26,21,0,0,19,13,12,15,22,11,11,18,19,0,0,0,16,29,1,6,29,11,0,26,21,0,0,22,13,12,18,22,13,12,18,22,0,0,0,16,29,1,6,29,11,0,26,21,0,0,22,12,12,18,20,13,12,17,22,0,0,0,16,29,1,6,29,11,0,26,21,0,0,22,0,3,18,0,13,8,0,22,0,0,0,16,29,1,6,29,11,0,26,21,0,6,22,10,10,18,16,13,8,0,22,0,0,0,16,29,1,6,29,11,0,26,21,0,16,22,13,12,18,22,13,8,0,22,0,0,0,16,29,1,6,29,11,0,26,21,0,16,22,13,12,18,22,13,8,0,22,0,0,0,16,29,1,6,29,11,0,26,21,0,16,22,13,12,18,22,13,8,0,6,0,0,0,15,27,1,6,27,11,0,25,20,0,16,22,13,12,18,22,13,8,0,0,0,0,0,0,0,0,0,0,0,0,0,0,0,16,3,13,9,2,22,1,1,0,0,0,0,0,8,14,0,3,14,5,0,13,10,0,16,0,13,8,0,22,0,0,0,0,0,0,0,16,29,1,6,29,11,0,26,21,0,1,7,13,10,6,22,4,2,0,7,0,0,0,16,29,1,6,29,11,0,26,21,0,0,22,13,12,18,22,13,8,0,22,0,0,0,16,29,1,6,29,11,0,26,21,0,0,22,13,12,18,22,13,8,0,22,0,0,0,16,29,1,6,29,11,0,26,21,0,0,22,0,4,18,0,13,8,0,22,0,0,0,16,29,1,6,29,11,0,26,21,0,2
0,26,21,0,16,29,1,6,29,11,0,0,0,13,8,0,22,0,3,18,0,13,8,0,26,21,0,16,29,1,6,29,11,0,0,0,13,8,0,22,0,3,18,0,13,8,0,26,21,0,16,29,1,6,29,11,0,0,0,13,8,0,22,0,3,18,0,13,8,0,26,21,0,16,29,1,6,29,11,0,0,0,13,8,0,22,0,3,18,0,13,8,0,26,21,0,16,29,1,6,29,11,0,0,9,13,10,7,22,5,7,18,9,13,10,0,26,21,0,16,29,1,6,29,11,0,0,22,13,12,18,22,13,12,18,22,13,12,0,10,8,0,6,11,0,6,29,11,0,0,22,13,12,18,22,13,12,18,22,13,12,0,0,0,0,0,0,0,6,29,11,0,0,22,13,12,18,22,13,12,18,22,13,12,17,17,17,17,17,17,0,6,29,11,0,0,11,13,10,9,22,6,8,18,11,13,10,0,0,0,0,0,0,0,6,29,11,0,0,0,13,14,7,24,0,3,21,7,18,8,0,0,0,0,0,0,0,6,29,11,0,0,0,11,25,25,27,0,3,25,25,27,8,0,22,18,0,14,25,1,6,29,11,0,0,0,3,3,2,22,0,2,3,3,13,8,0,26,21,0,16,29,1,6,29,11,0,0,0,28,29,18,22,0,20,28,28,13,8,0,26,21,0,16,29,1,6,29,11,0,0,0,0,3,18,22,0,0,0,22,13,8,0,26,21,0,16,29,1,6,29,11,0,0,0,4,6,18,22,0,1,6,22,13,8,0,26,21,0,16,29,1,6,29,11,0,0,0,13,12,14,22,0,3,18,17,13,8,0,0,0,0,0,0,0,6,29,11,0,0,0,13,15,9,25,0,3,22,9,19,8,0,0,0,0,0,0,0,6,29,11,0,0,0,10,22,22,22,0,3,22,22,22,6,0,0,0,0,0,0,0,6,29,11,0,0,0,0,0,0,0,0,0,0,0,0,0,17,17,17,17,17,17,0,6,29,11,0,0,8,17,17,17,17,17,17,17,17,17,17,0,0,0,0,0,0,0,6,29,11,0,0,0,2,1,0,4,0,0,3,0,2,1,0,0,0,0,0,0,0,6,29,11,0,0,0,13,8,0,22,0,3,18,0,13,8,0,17,13,0,10,18,1,6,29,11,0,0,0,13,8,0,22,0,3,18,0,13,8
0,3,18,0,13,8,0,22,0,3,18,0,13,8,0,22,0,0,0,0,13,8,0,0,3,18,0,13,8,0,22,0,3,18,0,13,8,0,22,0,0,0,0,13,8,0,0,3,18,0,13,8,0,22,0,3,18,0,13,8,0,22,0,0,0,0,13,8,0,0,3,18,0,13,8,0,22,0,3,18,0,13,8,0,22,0,0,0,0,13,8,0,5,7,18,9,13,10,7,22,5,7,18,9,13,10,7,22,5,3,0,9,13,10,7,13,12,18,22,13,12,18,22,13,12,18,22,13,12,18,22,13,8,0,22,13,12,18,13,12,18,22,13,12,18,22,13,12,18,22,13,12,18,22,13,8,0,22,13,12,18,13,12,18,22,13,12,18,22,13,12,18,22,13,12,18,22,13,8,0,22,13,12,18,6,8,18,11,13,10,9,22,6,8,18,11,13,10,9,22,6,4,0,11,13,10,9,0,3,21,7,18,8,0,23,7,10,18,0,13,14,7,24,0,0,0,0,13,14,7,0,3,25,25,27,8,0,20,25,25,18,0,11,25,25,27,0,0,0,0,11,25,25,0,2,3,3,13,8,1,3,3,5,18,0,3,3,2,22,0,0,0,0,3,3,2,0,20,28,28,13,8,10,28,29,12,18,0,28,29,18,22,0,0,0,0,28,29,18,0,0,0,22,13,8,0,0,13,12,18,0,0,3,18,22,0,0,0,0,0,3,18,0,1,6,22,13,8,0,7,13,12,18,0,4,6,18,22,0,0,0,0,4,6,18,0,3,18,17,13,8,0,22,10,10,18,0,13,12,14,22,0,0,0,0,13,12,14,0,3,22,9,19,8,0,23,9,12,18,0,13,15,9,25,0,0,0,0,13,15,9,0,3,22,22,22,6,0,18,22,22,14,0,10,22,22,22,0,0,0,0,10,22,22,0,0,0,0,0,0,0,0,0,0,0,0,0,0,0,0,0,0,0,0,0,0,0,17,17,17,17,17,17,17,17,17,17,17,17,17,17,17,17,17,0,0,8,17,17,17,0,0,3,0,2,1,0,4,0,0,3,0,2,1,0,4,0,0,0,0,2,1,0,0,3,18,0,13,8,0,22,0,3,18,0,13,8,0,22,0,0,0,0,13,8,0,0,3,18,0,13,8,0,22,0,3,18,0,13,8,0,22,0,0,0,0,13,8,0
6,13,12,18,0,0,16,29,1,6,29,11,0,26,21,0,16,29,1,6,29,11,0,0,13,12,18,0,0,16,29,1,6,29,11,0,26,21,0,16,29,1,6,29,11,0,0,8,9,18,0,0,16,29,1,6,29,11,0,26,21,0,16,29,1,6,29,11,0,0,0,3,18,0,0,16,29,1,6,29,11,0,26,21,0,16,29,1,6,29,11,0,0,0,3,18,0,0,16,29,1,6,29,11,0,26,21,0,16,29,1,6,29,11,0,22,0,3,18,0,0,6,11,0,2,11,4,0,10,8,0,6,11,0,2,11,4,0,22,0,3,18,0,0,0,0,0,0,0,0,0,0,0,0,0,0,0,0,0,0,0,22,0,3,18,0,0,0,14,17,17,17,17,17,17,17,17,17,17,17,17,17,17,17,8,0,1,6,0,0,0,0,0,0,0,2,7,7,7,7,7,7,7,7,7,7,7,0,0,0,0,0,0,0,0,0,0,0,6,26,28,25,25,25,25,25,25,26,28,25,1,0,0,0,0,0,0,0,1,8,0,0,8,23,0,0,0,0,0,0,8,23,0,22,0,0,0,0,0,0,0,3,18,4,4,11,23,7,11,7,0,4,4,11,23,7,22,0,0,4,0,0,0,0,3,18,22,10,14,23,16,13,8,0,22,10,14,23,16,22,0,3,18,0,0,0,0,3,18,22,10,14,23,16,13,8,0,22,10,14,23,16,22,0,3,18,0,0,0,0,1,7,9,8,13,23,13,6,4,0,9,8,13,23,13,22,0,3,18,0,0,0,0,0,0,0,0,8,23,0,0,0,0,0,0,8,23,0,22,0,3,18,0,0,0,0,0,19,23,23,25,28,23,23,0,19,23,23,25,28,23,22,12,11,18,0,0,0,0,0,7,8,8,15,25,8,8,0,7,8,8,8,8,8,22,13,12,18,0,0,0,14,17,17,17,11,8,23,0,0,15,17,17,17,17,17,17,19,13,12,16,0,0,0,0,0,0,0,0,8,23,0,0,0,0,0,0,0,0,0,7,18,8,0,0,0,0,0,0,0,0,0,8,23,0,1,7,7,7,7,7,7,7,25,27,8,0,0,0,10,18,1,0,0,0,8,23,0,4,29,29,29,29,29,29,29,0,13,8,0,0,0,16,29,1,0,0,0,8,23,0,1,10,10,10,15,29,18,10
2,19,22,0,2,19,22,0,2,19,0,12,9,0,22,12,9,0,22,12,9,0,22,6,19,22,0,2,19,22,4,6,19,0,12,11,7,22,12,9,0,22,12,11,7,22,11,19,22,0,2,19,22,12,12,19,0,12,12,19,22,12,9,0,22,12,12,19,22,11,19,22,0,2,19,22,12,12,19,0,12,12,19,22,12,9,0,22,12,12,19,22,11,19,22,0,2,19,22,12,12,19,0,12,12,19,22,12,9,0,22,12,12,19,22,9,19,16,0,2,13,22,9,9,19,0,12,12,13,22,9,6,0,16,12,12,13,22,3,19,0,2,1,0,22,0,0,3,0,2,1,0,22,0,0,3,0,12,10,0,3,11,19,22,12,12,19,22,12,10,3,0,2,4,19,22,12,12,19,22,12,12,19,3,11,19,22,12,12,19,22,12,12,19,0,12,12,19,22,12,12,19,22,12,12,19,22,6,19,8,12,11,7,22,4,6,19,0,12,11,7,22,4,6,19,8,12,11,7,22,2,19,10,12,11,9,22,0,2,19,0,12,9,0,22,6,7,19,10,12,9,0,22,3,19,22,12,12,19,22,0,3,19,0,12,10,1,22,12,12,19,22,12,10,1,22,11,19,22,12,12,19,22,12,12,19,0,12,12,19,22,12,12,19,22,12,12,19,22,11,19,17,12,12,15,22,12,12,19,0,12,12,19,22,9,10,19,17,12,12,19,22,11,19,0,12,9,0,22,12,12,19,0,12,12,19,22,0,2,19,0,12,12,19,22,2,19,0,12,9,0,22,0,2,19,0,12,9,0,22,0,2,19,0,12,9,0,22,2,19,0,12,9,0,22,0,2,19,0,12,9,0,22,0,2,19,0,12,9,0,22,2,19,0,0,0,0,22,0,0,0,0,0,0,0,22,0,0,0,0,12,9,0,0,8,28,25,10,10,25,29,7,6,3,0,2,3,11,22,25,11,16,19,27,11,11,3,9,6,24,12,12,22,6,12,12,19,0,12,12,19,5,16,12,19,22,6,5,19,22,8,0,22,12,12,19,0,12,12,19,0,12,12,19,0,12,12,19,22,0,2,19,22,5,0,22,12,12,19,0,7,9,19,0,12,11,11,0,12,12,19,22,0,1,11,22,0,0,22,0,2,19,0,0,2,19,0,12,9,0,0,12,9,0,22,0,0,0,22
19,28,0,0,0,0,0,0,0,0,0,0,0,0,0,0,0,0,0,0,0,0,0,19,28,0,0,0,0,0,0,0,0,0,0,0,0,0,0,0,0,0,0,0,0,0,19,28,0,0,0,0,0,0,0,0,0,0,0,0,0,0,0,0,0,0,0,0,0,19,28,0,0,0,0,0,0,0,0,0,0,0,0,0,0,0,0,0,0,0,0,0,6,9,0,0,0,2,7,4,0,4,7,2,0,0,0,0,4,7,1,0,7,7,0,0,0,0,0,0,6,26,15,0,16,25,6,0,0,0,0,14,27,5,0,26,23,0,0,0,0,0,0,0,6,15,0,16,5,0,0,0,0,0,0,16,5,0,22,0,0,16,0,5,11,0,12,11,15,0,16,11,11,0,12,4,0,16,16,5,0,22,12,4,22,0,6,15,0,16,12,15,0,16,12,15,0,16,5,0,22,16,5,0,22,16,5,22,0,6,15,16,16,12,15,0,16,12,15,16,16,10,11,22,16,5,0,22,16,9,22,0,6,15,22,16,12,15,0,16,12,15,22,16,12,15,22,16,5,0,22,16,10,22,0,6,15,22,16,12,15,0,16,12,15,22,16,12,15,22,16,5,0,22,16,10,22,0,6,15,22,16,12,15,0,16,12,15,22,16,12,15,22,16,5,0,22,16,10,19,0,5,13,8,16,8,5,0,6,9,15,8,14,7,5,22,6,2,0,8,16,7,0,0,0,0,8,16,8,5,11,6,9,15,8,0,2,5,22,6,5,7,8,16,7,11,0,3,7,22,16,12,15,22,16,12,15,22,8,9,15,22,16,12,15,22,16,10,22,0,6,15,22,16,12,15,22,16,12,15,22,16,12,15,22,16,12,15,22,16,10,22,0,6,15,0,16,6,0,22,0,7,15,0,16,6,0,22,0,7,15,0,16,6,22,0,6,15,0,16,11,12,22,13,11,15,0,16,5,0,22,13,11,15,18,16,5,22,0,6,15,9,16,12,15,22,16,12,15,9,16,8,6,22,16,12,15,22,16,7,22,0,6,15,22,16,12,15,22,16,12,15,22,16,12,15,22,16,12,15,22,16,10,22,0,6,15,22,16,9,6,22,7,9,15,22,16,12,15,22,7,9,15,9,16,10,22,0,6,15,15,16,5,0,22,0,6,15,15,16,10,10,22,0,6,15,0,16,9
21,0,3,18,16,29,5,18,0,6,29,11,22,0,3,18,3,23,19,10,0,0,0,24,9,10,10,21,29,11,10,9,14,29,17,10,9,10,4,0,18,13,0,0,0,0,29,29,29,29,29,29,29,29,29,29,29,29,29,29,29,10,0,18,13,0,0,0,0,8,8,8,8,8,8,8,8,8,8,8,8,8,8,8,3,0,18,13,0,0,0,0,0,0,0,0,0,0,0,0,0,0,0,0,0,0,0,0,0,18,13,0,0,0,0,17,17,17,17,17,17,17,17,17,17,17,17,17,17,17,1,0,18,13,8,17,17,17,0,0,0,0,0,0,0,7,7,7,7,7,7,7,0,6,7,21,18,7,7,7,0,0,0,0,0,0,0,2,25,25,28,27,25,25,25,0,20,25,28,27,25,25,25,0,14,11,10,15,0,0,0,0,0,18,13,0,0,0,0,0,0,18,13,0,0,0,0,16,13,12,18,0,0,1,8,12,18,14,11,7,0,1,8,12,18,14,11,7,4,2,16,13,12,18,0,0,3,18,16,18,14,15,22,0,3,18,16,18,14,15,22,13,8,16,13,12,18,0,0,3,18,16,18,14,15,22,0,3,18,16,18,14,15,22,13,8,8,11,11,18,0,0,3,16,8,18,14,7,5,0,3,16,8,18,14,7,5,13,8,0,0,0,3,0,0,0,0,0,18,13,0,0,0,0,0,0,18,13,0,0,6,4,23,23,23,23,23,23,23,23,23,27,26,23,23,23,23,23,23,27,26,10,0,0,0,8,8,8,8,8,8,8,8,8,8,8,8,8,8,8,8,8,8,8,3,0,0,0,17,17,17,17,17,17,17,17,17,17,17,17,17,17,17,17,17,17,17,17,17,17,17,0,0,0,0,0,0,0,0,0,0,0,0,0,0,0,0,0,0,0,0,0,0,0,3,0,0,6,7,7,7,7,7,7,5,0,0,18,15,0,11,20,1,4,20,8,0,13,0,0,22,29,29,29,29,29,29,21,0,0,26,21,0,16,29,1,6,29,11,0,13,0,0,8,10,10,10,10,10,28,21,0,0,26,21,0,16,29,1,6,29,11,0,13,0,0,0,0,0,0,0,0,26,21,0,0,26,21,0,16,29,1,6,29,11,0,26,23,23,23,23,23,23,23,0,26,21,0,0,26,21,0,16,29,1,6,29,11,0
7,14,9,17,8,5,22,17,12,14,22,17,8,5,22,7,9,14,22,17,12,14,22,7,14,22,17,12,14,22,17,12,14,22,17,12,14,22,17,12,14,22,17,12,14,22,7,14,22,17,12,14,22,7,10,14,9,17,12,14,22,17,12,14,9,17,8,6,22,7,14,15,17,10,9,22,0,7,14,0,17,10,9,22,11,11,14,0,17,4,0,22,7,14,0,17,4,0,22,0,7,14,0,17,4,0,22,0,7,14,0,17,4,0,22,7,14,0,11,3,0,22,0,5,9,0,17,4,0,14,0,7,14,0,11,3,0,22,11,14,0,0,0,0,23,5,2,2,5,20,4,0,0,0,7,17,4,2,2,5,23,21,13,20,8,9,13,25,28,12,14,27,26,11,13,11,16,11,26,24,17,12,28,22,0,0,22,17,12,14,0,17,12,14,22,0,7,14,22,17,4,0,22,17,12,14,0,0,0,22,17,12,14,0,17,12,14,22,0,7,14,22,17,4,0,22,17,12,14,0,0,0,6,17,7,3,0,17,10,9,22,0,2,3,22,4,1,0,22,11,11,14,0,0,0,0,17,4,0,0,17,4,0,22,0,0,0,22,0,0,0,22,0,7,14,0,2,5,0,17,4,0,8,8,5,5,11,6,1,0,22,0,2,5,11,6,5,7,8,7,14,0,17,4,0,22,5,9,14,7,17,4,0,22,0,7,14,7,17,7,4,22,7,14,0,17,4,0,22,17,12,14,22,17,4,0,22,0,7,14,22,17,12,14,22,7,14,0,17,4,0,22,17,12,14,22,17,4,0,22,0,7,14,22,17,12,14,22,0,0,0,0,0,0,0,17,5,0,22,0,0,0,0,0,0,0,22,0,8,14,0,0,0,0,0,0,0,0,17,4,0,22,0,0,0,0,0,0,0,22,0,7,14,0,3,5,0,0,0,0,9,17,8,5,22,7,1,0,0,0,3,5,22,7,9,14,9,7,14,0,0,0,0,22,17,12,14,22,17,4,0,0,0,7,14,22,17,12,14,22,7,14,0,10,2,0,22,17,12,14,22,17,4,0,13,0,7,14,22,17,12,14,22,7,14,0,17,4,0,22,17,12,14,22,17,4,0,22,0,7,14,22,17,12,14,22,7,14,0,17,4,0,22,17,12,14,22,17,4,0,22,0,7,14,22,17,12,14,22
7,18,22,13,12,18,22,5,7,18,9,13,12,18,22,13,12,18,9,13,10,7,22,12,18,22,13,12,18,22,13,12,18,22,13,12,18,22,13,12,18,22,13,12,18,22,12,18,9,13,10,8,22,13,12,18,22,13,10,8,22,6,7,18,22,13,12,18,22,9,18,0,13,8,0,22,9,9,18,15,13,8,0,22,0,3,18,15,13,11,12,22,3,18,0,13,8,0,22,0,3,18,0,13,8,0,22,0,3,18,0,13,8,0,22,3,18,0,8,5,0,22,0,2,12,0,13,8,0,14,0,3,18,0,8,5,0,22,3,21,5,2,2,5,24,0,0,0,0,13,13,3,3,2,9,18,0,0,0,0,23,11,26,28,13,12,28,26,12,10,9,20,12,27,18,22,13,27,17,20,6,8,17,21,8,0,22,13,12,18,0,13,12,18,22,0,3,18,22,13,8,0,22,13,12,18,0,8,0,22,13,12,18,0,13,12,18,22,0,3,18,22,13,8,0,22,13,12,18,0,2,0,22,8,9,18,0,3,6,18,6,0,3,18,14,13,8,0,6,13,10,5,0,0,0,22,0,3,18,0,0,3,18,0,0,3,18,0,13,8,0,0,13,8,0,0,1,6,11,5,5,9,8,0,3,18,0,5,5,9,8,6,5,6,0,13,8,0,8,3,18,7,13,10,6,22,0,3,18,0,13,10,6,22,4,6,18,0,13,8,0,22,3,18,22,13,12,18,22,0,3,18,0,13,12,18,22,13,12,18,0,13,8,0,22,3,18,22,13,12,18,22,0,3,18,0,13,12,18,22,13,12,18,0,13,8,0,22,0,0,22,0,4,18,0,0,0,0,0,0,4,18,0,13,9,0,0,0,0,0,0,0,0,22,0,3,18,0,0,0,0,0,0,3,18,0,13,8,0,0,0,0,0,0,1,7,22,5,7,18,9,0,0,0,0,5,7,18,9,13,10,7,0,0,0,0,9,3,18,22,13,12,18,22,0,0,0,0,13,12,18,22,13,12,18,0,0,0,0,22,3,18,22,13,12,18,22,0,2,10,0,13,12,18,22,13,12,18,0,7,5,0,22,3,18,22,13,12,18,22,0,3,18,0,13,12,18,22,13,12,18,0,13,8,0,22,3,18,22,13,12,18,22,0,3,18,0,13,12,18,22,13,12,18,0,13,8,0,22
25,17,23,8,0,0,6,29,11,0,0,0,0,0,0,0,0,0,0,0,18,13,0,14,14,21,8,0,0,6,29,11,0,18,15,0,11,20,1,4,20,8,0,18,13,6,13,13,13,8,0,0,6,29,11,0,26,21,0,16,29,1,6,29,11,0,18,13,22,18,26,13,8,0,0,6,29,11,0,26,21,0,16,29,1,6,29,11,0,18,13,8,0,22,13,8,0,0,6,29,11,0,26,21,0,16,29,1,6,29,11,0,18,13,1,12,22,13,8,0,0,6,29,11,0,26,21,0,16,29,1,6,29,11,0,18,13,22,18,16,13,8,0,0,6,29,11,0,26,21,0,16,29,1,6,29,11,0,18,13,13,26,19,24,8,0,0,6,29,11,0,19,16,0,12,21,1,5,21,8,0,18,16,3,12,12,12,3,0,0,6,29,11,0,0,0,0,0,0,0,0,0,0,0,18,28,28,7,7,7,7,2,0,6,29,11,0,1,7,7,7,7,7,7,5,0,0,6,7,7,8,8,8,8,3,0,6,29,11,0,1,8,8,8,8,8,8,6,0,0,7,8,8,9,0,7,4,0,0,6,29,11,0,0,0,0,0,0,0,0,0,0,0,0,0,0,18,0,13,8,0,0,6,29,11,0,13,10,0,8,14,0,3,14,5,0,0,0,0,18,0,13,8,0,0,6,29,11,0,26,21,0,16,29,1,6,29,11,0,0,0,0,18,0,13,8,0,0,6,29,11,0,26,21,0,16,29,1,6,29,11,0,0,0,0,18,0,13,8,0,0,6,29,11,0,26,21,0,16,29,1,6,29,11,0,0,27,27,18,9,13,10,7,0,6,29,11,0,26,21,0,16,29,1,6,29,11,0,0,28,8,18,22,13,12,18,0,6,29,11,0,26,21,0,16,29,1,6,29,11,0,0,28,3,18,22,13,12,18,0,6,29,11,0,26,21,0,16,29,1,6,29,11,0,0,28,3,18,22,13,12,18,0,6,29,11,0,26,21,0,16,29,1,6,29,11,0,0,28,3,18,11,13,10,9,0,6,29,11,0,26,21,0,16,29,1,6,29,11,0,0,28,6,21,7,18,8,0,0,6,29,11,0,26,21,0,16,29,1,6,29,11,0,0,28,3,28,25,25,7,0,0,6,29,11,0,26,21,0,16,29,1,6,29,11,0,0,28,9
16,22,13,12,18,22,13,12,18,22,12,11,18,22,13,12,18,22,13,12,18,19,13,0,16,13,11,13,19,10,10,18,16,0,2,13,22,10,10,16,16,13,11,13,0,10,8,0,13,8,0,0,0,3,18,0,6,4,0,22,0,0,0,0,13,8,0,10,0,18,22,13,12,18,0,13,12,18,22,13,12,18,22,13,8,0,22,13,12,18,22,13,18,22,13,12,18,0,13,12,18,22,13,12,18,22,13,8,0,22,13,12,18,22,13,18,22,13,12,18,0,13,12,18,22,13,12,18,22,13,8,0,22,13,12,18,22,13,18,22,13,12,18,0,13,12,18,22,13,12,18,22,13,8,0,22,13,12,18,22,13,18,2,13,12,18,0,13,12,18,2,13,9,1,22,13,8,0,22,13,9,1,22,1,18,0,13,12,18,0,13,12,18,0,13,8,0,22,13,8,0,22,13,8,0,22,0,2,0,1,4,18,0,13,9,1,0,1,1,0,2,13,8,0,22,1,0,0,3,0,0,0,2,16,18,0,13,18,5,0,0,0,0,6,21,8,0,23,13,0,0,0,0,0,0,3,18,12,0,8,18,6,0,0,0,0,9,18,5,0,15,18,0,0,0,0,0,0,0,0,0,0,0,0,0,0,0,0,0,0,0,0,0,0,0,0,0,0,0,0,0,0,0,0,0,0,0,0,0,0,0,0,0,0,0,0,0,0,0,0,0,0,0,0,0,0,0,0,0,0,0,0,0,0,0,0,0,0,0,0,0,0,0,0,0,0,0,0,0,0,0,0,0,0,0,0,0,0,0,0,0,0,0,0,0,0,0,0,0,0,2,17,11,0,8,17,6,0,0,0,0,8,17,5,0,14,17,0,0,0,0,0,0,2,16,18,0,13,19,5,0,0,0,0,7,21,8,0,23,14,0,0,0,0,1,0,0,4,18,0,13,9,1,0,0,0,0,1,13,8,0,22,0,0,0,1,0,18,0,13,12,18,0,13,12,18,0,13,8,0,22,13,8,0,22,13,8,0,22,0,18,0,13,12,18,0,13,12,18,0,13,9,0,22,13,8,0,22,13,9,0,22,0,18,22,13,12,18,0,13,12,18,22,13,12,18,22,13,8,0,22,13,12,18,22,13,18,22,13,12,18,0,13,12,18,22,13,12,18,22,13,8,0,22,13,12,18,22,13
0,0,0,0,0,0,0,0,0,0,0,0,0,0,0,0,0,0,0,0,0,0,0,0,0,0,0,0,0,0,0,0,0,0,0,0,0,0,0,0,0,0,0,0,0,0,0,0,0,0,0,0,0,0,0,0,0,0,0,0,0,0,0,0,0,0,0,0,0,0,0,0,0,0,0,0,0,0,0,0,0,0,0,0,0,0,0,0,0,0,0,0,0,0,0,0,0,0,0,0,0,0,0,0,0,0,0,0,0,0,0,0,0,0,0,15,0,0,7,8,8,8,8,8,8,8,8,8,8,8,8,8,8,8,8,8,8,8,21,0,0,0,0,0,0,0,0,0,0,0,0,0,5,10,10,10,10,10,10,10,10,21,0,12,21,1,5,21,8,0,19,16,0,0,0,14,29,29,29,29,29,29,29,29,21,0,16,29,1,6,29,11,0,26,21,0,0,0,3,13,29,16,7,7,7,27,24,21,0,16,29,1,6,29,11,0,26,21,0,0,0,19,6,29,11,19,0,0,26,21,21,0,16,29,1,6,29,11,0,26,21,0,0,0,22,6,29,11,22,0,0,26,21,21,0,16,29,1,6,29,11,0,26,21,0,0,0,22,6,29,11,22,0,0,26,21,21,0,16,29,1,6,29,11,0,26,21,0,0,0,3,6,29,11,3,0,0,26,21,21,0,11,20,1,4,20,8,0,18,15,0,0,0,11,29,29,29,17,1,28,29,29,21,0,0,0,0,0,0,0,0,0,0,0,0,0,7,19,19,19,11,1,19,19,19,21,0,0,7,8,8,8,8,8,8,8,8,8,8,8,8,8,8,8,8,8,8,8,21,0,0,6,7,7,7,7,7,7,7,7,7,7,7,7,7,7,7,7,7,7,7,16,0,0,0,0,0,0,0,0,0,0,0,0,0,0,0,0,0,0,0,0,0,0,0,0,0,0,0,0,0,0,0,0,0,0,0,0,0,0,0,0,0,0,0,0,0,0,0,0,0,0,0,0,0,0,0,0,0,0,0,0,0,0,0,0,0,0,0,0,0,0,0,0,0,0,0,0,0,0,0,0,0,0,0,0,0,0,0,0,0,0,0,0,0,0,0,0,0,0,0,0,0,0,0,0,0,0,0,0,0,0,0,0,0,0,0,0,0,0,0,0,0,0,0,0,0,0,0,0,0,0,0,0,0,0,0,0,0
21,0,16,29,1,0,0,0,3,18,9,13,12,18,22,13,12,18,9,13,10,7,22,19,0,14,25,1,0,0,0,3,18,22,13,12,18,22,13,12,18,22,13,12,18,22,0,0,0,0,0,0,0,0,3,18,22,13,10,8,22,6,7,18,22,13,12,18,22,0,0,0,0,0,0,0,0,3,18,15,13,8,0,22,0,3,18,15,13,11,12,22,17,17,17,17,0,0,0,0,3,18,0,13,8,0,22,0,3,18,0,13,8,0,22,0,0,0,0,0,0,0,0,2,12,0,13,8,0,14,0,3,18,0,8,5,0,22,8,0,6,10,0,0,0,0,0,0,0,13,13,3,3,2,9,18,0,0,0,0,23,21,0,16,29,1,0,0,0,1,9,20,12,27,18,22,13,27,17,20,6,8,17,21,21,0,16,29,1,0,0,0,3,18,22,0,3,18,22,13,8,0,22,13,12,18,0,21,0,16,29,1,0,0,0,3,18,22,0,3,18,22,13,8,0,22,13,12,18,0,21,0,16,29,1,0,0,0,3,18,6,0,3,18,14,13,8,0,6,13,10,5,0,21,0,16,29,1,0,0,0,3,18,0,0,3,18,0,13,8,0,0,13,8,0,0,21,0,16,29,1,0,0,0,3,18,0,5,5,9,8,6,5,6,0,13,8,0,8,1,0,1,1,0,0,0,0,3,18,0,13,10,6,22,4,6,18,0,13,8,0,22,0,0,0,0,0,0,0,0,3,18,0,13,12,18,22,13,12,18,0,13,8,0,22,17,17,17,17,17,6,0,0,3,18,0,13,12,18,22,13,12,18,0,13,8,0,22,13,0,0,0,0,0,0,0,0,0,0,0,4,18,0,13,9,0,0,0,0,0,0,11,0,0,0,0,0,0,0,0,0,0,0,3,18,0,13,8,0,0,0,0,0,0,0,0,3,14,0,0,0,0,0,0,0,5,7,18,9,13,10,7,0,0,0,0,9,13,7,8,18,0,0,0,0,0,0,0,13,12,18,22,13,12,18,0,0,0,0,22,16,13,12,18,0,0,0,0,2,10,0,13,12,18,22,13,12,18,0,7,5,0,22,16,13,12,18,0,0,0,0,3,18,0,13,12,18,22,13,12,18,0,13,8,0,22,7,0,0,1,0,0,0,0,3,18,0,13,12,18,22,13,12,18,0,13,8,0,22
0,0,0,0,0,9,12,14,17,0,0,22,25,0,12,29,5,2,29,15,0,22,25,0,0,0,0,0,3,4,14,17,0,0,7,8,0,4,9,1,0,9,5,0,22,25,19,21,21,21,21,21,21,25,17,0,0,0,0,0,0,0,0,0,0,0,0,22,25,9,10,10,10,10,10,10,10,6,0,0,0,0,0,0,0,0,0,0,0,0,22,25,14,17,17,17,17,17,17,17,14,0,0,11,17,17,17,17,17,17,2,0,0,22,25,0,0,0,0,0,0,0,0,0,0,0,0,0,0,0,0,0,0,0,0,0,22,25,25,29,29,29,29,29,21,0,0,0,0,0,0,0,0,0,0,0,0,0,0,22,25,16,27,28,18,18,18,13,0,0,0,0,6,7,0,3,8,1,0,8,4,0,22,25,0,22,25,0,17,17,13,0,0,0,0,22,25,0,12,29,5,2,29,15,0,22,25,0,22,25,0,14,14,10,0,0,0,0,22,25,0,12,29,5,2,29,15,0,22,25,0,22,25,0,0,0,0,0,0,0,0,22,25,0,12,29,5,2,29,15,0,22,25,10,25,27,11,11,11,8,0,0,0,0,22,25,0,12,29,5,2,29,15,0,22,25,25,29,29,29,29,29,21,0,0,0,0,12,13,0,6,15,3,1,15,8,0,12,13,6,6,6,6,6,6,5,0,0,0,0,0,0,0,0,0,0,0,0,0,0,0,0,0,0,0,0,0,0,0,0,0,0,0,0,0,0,0,0,0,0,0,0,0,0,0,14,17,17,17,17,17,17,17,17,17,17,17,17,17,17,17,17,17,2,0,0,0,0,8,9,9,9,9,9,8,0,0,0,0,0,0,0,0,0,0,0,0,0,0,0,0,25,29,29,29,29,29,25,0,0,0,0,16,18,0,9,20,4,2,20,11,0,0,0,9,8,8,11,29,20,7,0,0,0,0,22,25,0,12,29,5,2,29,15,0,0,0,1,0,15,5,29,15,15,2,0,0,0,22,25,0,12,29,5,2,29,15,0,0,0,1,0,19,5,29,15,19,2,0,0,0,22,25,0,12,29,5,2,29,15,0,0,0,1,0,19,5,29,15,19,2,0,0,0,22,25,0,12,29,5,2,29,15,0,0,0,1,0,3,3,29,15,3,0,0,0,0,22,25,0,12,29,5,2,29,15,0,20,23
23,25,0,13,29,4,0,0,0,5,29,25,25,25,13,0,23,25,0,23,25,25,20,23,25,0,13,29,4,0,0,0,5,26,0,0,0,0,0,23,25,0,0,0,0,0,23,25,0,13,29,4,0,0,0,5,26,0,11,17,17,17,27,27,17,17,17,17,14,23,25,0,13,29,4,0,0,0,5,26,0,18,29,29,29,29,29,29,29,29,29,23,23,25,0,13,29,4,0,0,0,5,26,0,0,0,0,0,0,0,0,0,0,0,0,23,25,0,13,29,4,0,0,0,5,26,6,17,17,17,17,17,17,17,17,17,17,13,23,25,0,13,29,4,0,0,0,5,26,0,0,0,0,0,0,0,0,0,0,0,0,23,25,0,13,29,4,0,0,0,5,28,15,15,15,15,15,5,0,8,19,17,17,13,23,25,0,13,29,4,0,0,0,5,29,29,29,29,29,29,10,0,10,11,0,0,0,23,25,0,13,29,4,0,0,0,5,27,2,2,2,2,2,1,0,10,11,0,0,0,23,25,0,13,29,4,0,0,0,5,26,0,0,0,0,0,0,0,10,11,1,9,7,23,25,0,13,29,4,0,0,0,5,26,7,17,17,17,17,17,17,21,11,0,6,5,23,25,0,13,29,4,0,0,0,5,26,0,0,0,0,0,0,0,10,15,5,5,4,23,25,0,13,29,4,0,0,0,5,29,27,27,27,27,27,10,0,4,10,10,10,8,23,25,0,13,29,4,0,0,0,4,20,20,20,20,20,20,7,0,0,0,0,0,0,23,25,0,13,29,4,0,0,0,7,7,7,7,7,7,7,7,7,7,7,7,7,6,23,25,0,13,29,4,0,0,0,8,8,8,8,8,8,8,8,8,8,8,8,8,7,23,25,0,13,29,4,0,0,0,0,0,0,7,11,11,11,11,11,11,0,7,11,9,23,25,0,13,29,4,0,0,0,0,0,0,18,29,29,29,29,29,29,0,18,29,23,23,25,0,13,29,4,0,0,0,0,0,0,4,6,6,6,25,26,6,0,4,6,5,23,25,0,13,29,4,0,0,0,0,0,0,0,0,0,0,23,25,0,0,0,0,0,23,25,0,13,29,4,0,0,0,5,27,27,27,27,14,0,23,25,0,26,27,27,22,23,25,0,13,29,4,0,0,0,5,27,4,4,4,2,0,23,25,0,4,4,4,3
26,21,9,5,0,0,0,0,26,21,0,3,18,0,6,29,11,0,13,8,0,16,29,26,21,13,8,0,0,0,0,26,21,0,3,18,0,6,29,11,0,13,8,0,16,29,26,21,9,6,0,0,0,0,26,21,0,3,18,0,6,29,11,0,13,8,0,16,29,28,27,18,0,0,0,0,0,26,21,0,3,18,0,6,29,11,0,13,8,0,16,29,28,28,27,0,0,0,0,0,14,11,0,3,18,0,6,29,11,0,13,8,0,9,15,0,0,0,0,0,0,0,0,0,0,0,3,18,0,6,29,11,0,13,8,0,0,0,0,0,0,0,0,0,0,0,0,0,0,3,18,0,6,29,11,0,13,8,0,0,0,17,17,17,17,17,17,17,17,17,17,6,3,18,0,6,29,11,0,13,8,2,17,17,17,17,17,17,17,17,17,17,17,17,0,3,18,0,6,29,11,0,13,8,0,14,17,14,29,16,14,14,14,14,14,14,25,0,3,18,0,6,29,11,0,13,8,0,23,14,0,28,3,0,3,0,0,0,0,22,0,3,18,0,6,29,11,0,13,8,0,22,0,1,28,10,7,18,0,1,0,1,22,0,3,18,0,6,29,11,0,13,8,0,22,0,15,28,14,9,18,0,13,9,15,22,0,3,18,0,6,29,11,0,13,8,0,22,10,15,28,14,9,18,0,13,9,15,22,0,3,18,0,6,29,11,0,13,8,0,22,10,15,28,8,6,18,0,0,1,15,22,0,3,18,0,6,29,11,0,13,8,0,22,10,3,29,3,3,18,0,0,0,3,23,0,3,18,0,6,29,11,0,13,8,0,23,3,24,28,3,0,0,0,0,0,24,28,0,3,18,0,6,29,11,0,13,8,0,23,28,7,7,7,7,7,7,7,7,7,7,2,3,18,0,6,29,11,0,13,8,1,7,7,8,8,8,8,8,8,8,8,8,8,3,3,18,0,6,29,11,0,13,8,1,8,8,19,11,1,19,19,19,18,0,0,0,0,3,18,0,6,29,11,0,13,8,0,0,0,29,17,2,28,29,29,27,0,0,0,0,3,18,0,6,29,11,0,13,8,0,0,0,11,7,0,0,26,21,0,0,0,0,0,3,18,0,6,29,11,0,13,8,0,0,0,11,22,0,0,26,21,0,0,0,0,0,3,18,0,4,19,7,0,13,8,0,0,0
9,15,0,4,15,5,0,14,11,0,9,15,0,4,15,5,0,14,11,0,0,27,20,0,0,0,0,0,0,0,0,0,0,0,0,0,0,0,0,0,0,0,0,0,27,20,0,0,0,0,0,0,0,0,0,0,0,0,0,0,0,0,0,0,0,0,0,27,20,11,17,17,17,17,17,17,17,17,17,17,17,17,17,17,17,17,17,0,0,0,27,20,0,0,0,0,0,0,0,0,0,0,4,9,9,9,5,3,14,5,0,0,0,27,20,12,20,0,5,20,7,0,0,0,0,12,29,29,29,16,7,29,10,0,0,0,27,20,17,29,0,7,29,10,0,0,0,0,3,14,29,16,5,7,29,10,0,0,0,27,20,17,29,0,7,29,10,0,0,0,0,18,7,29,10,18,7,29,10,0,0,0,27,20,17,29,0,7,29,10,0,0,0,0,22,7,29,10,22,7,29,10,0,0,0,27,20,17,29,0,7,29,10,0,0,0,0,22,7,29,10,22,7,29,10,0,0,0,27,20,17,29,0,7,29,10,0,0,0,0,3,7,29,10,3,7,29,10,0,0,0,27,20,13,21,0,5,21,8,0,0,0,0,14,28,29,28,27,28,29,10,0,0,0,27,20,0,0,0,0,0,0,0,0,0,0,11,20,20,20,20,20,20,7,0,0,0,27,20,5,7,7,7,7,7,7,7,7,7,7,7,7,7,7,7,7,7,0,0,0,0,0,6,8,8,8,8,8,8,8,8,8,8,8,8,8,8,8,8,8,0,0,1,2,0,0,0,0,0,0,0,0,0,0,3,27,27,27,2,0,0,0,0,0,0,17,29,0,8,14,0,3,14,5,0,0,0,0,4,4,29,2,0,0,0,13,10,0,17,29,0,17,29,0,7,29,10,0,0,0,0,21,0,29,2,0,0,0,27,20,0,17,29,0,17,29,0,7,29,10,0,0,0,0,22,0,29,2,0,0,0,27,20,0,17,29,0,17,29,0,7,29,10,0,0,0,0,22,0,29,2,0,0,0,27,20,0,17,29,0,17,29,0,7,29,10,0,0,0,0,22,0,29,2,0,0,0,27,20,0,17,29,0,5,9,0,2,9,3,0,0,0,0,14,0,29,2,0,0,0,9,6,0,5,9,0,0,0,0,0,0,0,0,0,0,1,13,13,29,2,0,0,0,0,0,0,0,0,0
18,22,13,12,18,22,13,12,18,19,13,12,18,22,13,12,18,22,13,12,15,0,11,13,22,9,10,18,16,13,11,13,22,9,10,18,16,13,11,13,22,9,10,18,0,13,0,22,1,5,18,3,13,8,0,22,0,3,18,3,13,9,2,22,0,3,18,0,13,0,22,13,12,18,22,13,8,0,22,0,3,18,22,13,12,18,22,0,3,18,0,13,13,22,13,12,18,22,13,11,13,22,10,10,18,22,13,12,18,22,10,10,18,0,13,18,22,13,12,18,22,13,12,18,22,13,12,18,22,13,12,18,22,13,12,18,0,13,18,22,1,4,18,2,13,12,18,22,13,12,18,2,13,9,1,22,13,12,18,0,13,6,22,0,3,18,0,13,10,6,22,4,6,18,0,13,8,0,22,4,6,18,0,13,0,22,0,3,18,0,13,8,0,22,0,3,18,0,13,8,0,22,0,3,18,0,13,0,22,0,1,5,0,13,8,0,6,0,3,18,0,4,2,0,22,0,1,5,0,4,4,23,15,6,9,12,22,9,4,0,3,6,24,15,6,6,15,26,3,2,0,0,0,18,13,23,12,18,23,17,9,18,19,13,11,17,26,13,12,25,16,13,12,15,0,11,18,0,13,12,18,22,0,3,18,22,13,8,0,22,13,12,18,0,13,12,18,0,13,17,0,13,12,18,22,0,3,17,22,13,8,0,22,13,12,18,0,13,12,18,0,13,0,0,13,10,5,22,0,0,0,22,0,0,0,22,4,6,18,0,0,3,18,0,13,0,0,13,8,0,22,0,0,0,22,0,0,0,22,0,3,18,0,0,3,18,0,13,0,16,2,4,13,3,9,6,0,22,0,2,13,3,9,6,3,16,0,3,18,0,13,0,22,9,9,18,15,13,8,0,22,0,3,18,15,13,11,12,22,0,3,18,0,13,0,22,13,12,18,22,13,8,0,22,0,3,18,22,13,12,18,22,0,3,18,0,13,0,16,13,11,13,22,9,6,0,16,0,2,13,22,9,10,18,16,0,2,13,0,9,0,0,13,8,0,22,0,0,0,0,0,0,0,22,0,3,18,0,0,0,0,0,0,0,0,13,8,0,22,0,0,0,0,0,0,0,22,0,3,18,0,0,0,0,0,0,0,16,13,11,13,22,10,6,0,0,0,2,13,22,10,10,18,16,0,0,0,0,0
8,0,22,0,3,18,0,13,8,0,22,0,0,0,16,29,1,6,29,11,0,26,21,8,0,22,0,3,18,0,13,8,0,22,0,0,0,16,29,1,2,11,4,0,10,8,8,0,22,0,3,18,0,13,8,0,22,0,0,0,16,29,1,0,0,0,0,0,0,8,0,22,0,3,18,0,13,8,0,22,0,0,0,16,29,1,0,0,0,0,0,0,8,0,20,0,3,17,0,12,8,0,20,0,0,0,16,29,1,0,0,0,0,0,0,0,0,0,0,0,0,0,0,0,0,0,0,0,0,16,29,1,0,0,0,0,0,0,17,17,17,17,17,17,17,17,17,17,17,17,0,0,16,29,1,0,8,17,17,17,17,0,0,1,1,1,1,0,0,1,1,1,0,0,0,4,7,0,0,0,0,0,0,0,8,0,23,29,29,18,0,13,29,29,28,0,0,0,2,4,0,4,20,8,0,18,15,8,0,23,5,7,18,0,13,11,7,23,0,0,0,16,29,1,6,29,11,0,26,21,8,0,22,13,12,18,0,13,12,18,22,0,0,0,16,29,1,6,29,11,0,26,21,8,0,1,13,12,18,0,0,4,18,22,0,0,0,16,29,1,6,29,11,0,26,21,8,2,7,18,12,18,0,7,10,18,22,0,0,0,16,29,1,6,29,11,0,26,21,8,9,25,25,11,18,0,25,25,15,22,0,0,0,16,29,1,6,29,11,0,26,21,8,0,3,3,7,18,0,1,3,3,23,0,0,0,16,29,1,5,21,8,0,19,16,8,0,23,28,29,18,0,13,29,28,28,0,0,0,16,29,1,0,0,0,0,0,0,8,0,22,0,3,18,0,13,8,0,22,0,0,0,16,29,1,0,3,7,7,7,7,12,15,22,11,11,18,18,13,12,15,22,11,7,0,16,29,1,0,4,8,8,8,8,12,18,22,13,12,18,22,13,12,18,22,13,8,0,16,29,1,0,0,0,0,0,0,12,18,22,13,12,18,22,13,12,18,22,13,8,0,16,29,1,3,14,5,0,13,10,12,18,22,13,12,18,22,13,12,18,22,13,8,0,16,29,1,6,29,11,0,26,21,9,1,22,1,4,18,2,13,9,1,22,1,0,0,16,29,1,6,29,11,0,26,21,8,0,22,0,3,18,0,13,8,0,22,0,0,0,16,29,1,6,29,11,0,26,21
11,0,26,21,0,0,0,3,18,22,3,10,18,22,13,13,4,22,13,12,18,5,17,11,0,26,21,0,0,0,3,18,22,0,3,18,22,13,8,0,22,13,12,18,0,13,11,0,26,21,0,0,0,3,18,13,0,3,18,22,13,8,0,13,13,11,11,0,13,11,0,26,21,0,0,0,3,18,0,0,3,18,0,13,8,0,0,13,8,0,0,13,11,0,26,21,0,0,0,3,18,0,0,3,15,0,11,7,0,0,13,8,0,0,11,4,0,10,8,0,0,0,3,18,0,13,8,0,22,0,3,18,0,13,8,0,22,0,0,0,0,0,0,0,0,3,18,0,13,12,18,22,13,12,18,0,13,8,0,22,13,17,17,17,17,6,0,0,3,18,0,13,12,18,22,13,12,18,0,13,8,0,22,13,0,0,0,0,0,0,0,1,6,0,5,7,18,8,13,10,6,0,5,3,0,8,13,0,0,0,0,0,0,0,0,0,0,0,3,18,0,13,8,0,0,0,0,0,0,13,0,1,8,0,0,0,0,0,0,0,0,4,18,1,13,9,1,0,0,0,0,1,13,2,5,18,0,0,0,0,0,0,0,13,12,18,22,13,12,18,0,0,0,0,22,13,13,12,18,0,0,0,0,0,4,0,13,12,18,22,13,12,18,0,3,2,0,22,13,13,12,18,0,0,0,0,3,18,0,13,12,18,22,13,12,18,0,13,8,0,22,13,5,5,7,0,0,0,0,3,18,0,13,12,18,22,13,12,18,0,13,8,0,22,13,0,0,0,0,0,0,0,3,18,0,13,12,14,22,10,10,18,0,13,8,0,22,10,23,23,8,0,0,0,0,3,18,0,13,8,0,22,0,3,18,0,13,8,0,22,0,8,8,3,0,0,0,0,3,18,19,13,12,16,22,12,11,18,19,13,12,16,22,12,17,17,17,17,6,0,0,3,18,22,13,12,18,22,13,12,18,22,13,12,18,22,13,0,0,0,0,0,0,0,3,16,22,12,11,18,19,13,12,16,22,12,11,18,19,13,0,0,0,0,0,0,0,0,0,23,7,10,18,0,13,14,7,24,0,3,21,7,18,0,0,17,13,0,0,0,0,0,23,25,25,18,0,13,26,25,27,0,3,28,25,27,0,0,26,21,0,0,0,0,0,22,0,3,18,0,13,8,0,22,0,3,18,0,13
13,8,0,0,0,8,0,0,0,0,0,22,5,3,0,22,0,3,18,0,0,0,0,9,18,17,17,17,17,17,17,17,17,17,20,17,17,6,22,0,2,19,17,17,17,17,0,0,0,0,0,0,0,0,2,17,17,17,17,17,17,21,0,0,0,0,0,0,0,0,0,0,0,0,0,0,0,0,0,0,0,0,0,0,0,0,0,0,0,0,0,0,17,17,17,17,17,17,17,17,17,17,17,17,17,17,17,17,17,17,17,17,17,17,17,0,0,0,0,0,0,7,9,9,9,2,4,9,9,9,5,0,9,9,9,9,0,7,0,0,0,0,0,0,22,29,29,29,7,12,29,29,29,17,2,29,29,29,27,0,22,0,0,17,13,0,0,6,20,29,10,2,3,13,29,17,5,0,8,27,24,8,0,6,0,0,26,21,0,3,18,16,29,1,0,22,6,29,11,0,13,8,26,21,13,8,0,0,0,26,21,0,3,18,16,29,1,0,22,6,29,11,0,13,8,26,21,13,8,0,0,0,26,21,0,1,6,16,29,1,0,8,6,29,11,0,5,3,26,21,5,3,0,0,0,26,21,0,0,22,29,29,29,29,29,29,29,29,29,29,29,29,29,29,29,29,0,0,5,4,0,0,14,18,18,18,18,18,18,18,18,18,18,18,18,18,18,18,18,0,0,0,0,0,0,0,0,0,0,0,0,0,0,0,0,0,0,0,0,0,0,0,7,7,7,7,7,7,7,7,7,7,7,7,7,7,7,7,7,7,7,7,7,7,7,8,8,8,8,8,8,8,8,8,8,8,8,8,8,8,8,8,8,8,8,8,8,8,27,27,27,27,27,27,27,27,27,27,27,27,27,27,27,27,27,27,27,27,27,27,27,4,4,4,4,4,4,4,29,8,4,4,4,4,4,4,29,8,4,4,4,4,4,4,0,0,0,0,7,4,0,28,3,0,0,0,7,4,0,28,3,0,0,0,7,4,0,4,4,8,0,13,9,14,28,8,4,8,0,13,9,14,28,8,4,8,0,13,9,14,10,9,18,0,13,9,15,28,14,9,18,0,13,9,15,28,14,9,18,0,13,9,15,10,8,13,0,13,9,15,28,14,8,13,0,13,9,15,28,14,8,13,0,13,9,15,6,3,0,0,13,9,1,28,10,3,0,0,13,9,1,28,10,3,0,0,13,9,1
0,1,5,0,4,3,5,6,4,3,5,0,4,2,0,6,4,3,5,6,4,2,0,0,1,7,0,5,7,18,9,13,10,7,0,5,3,0,9,13,10,7,22,5,3,0,0,0,0,0,0,3,18,0,13,8,0,0,0,0,0,0,13,8,0,22,0,0,0,0,0,0,0,0,4,18,0,13,9,0,0,0,0,0,0,13,9,0,22,0,0,0,0,0,0,0,13,12,18,22,13,12,18,0,0,0,0,22,13,12,18,22,13,8,0,0,0,3,0,13,12,18,22,13,12,18,0,2,1,0,22,13,12,18,22,13,8,0,0,3,18,0,13,12,18,22,13,12,18,0,13,8,0,22,13,12,18,22,13,8,0,0,3,18,0,13,12,18,22,13,12,18,0,13,8,0,22,13,12,18,22,13,8,0,0,3,18,0,13,12,15,22,11,11,18,0,13,8,0,22,11,11,18,18,13,8,0,0,3,18,0,13,8,0,22,0,3,18,0,13,8,0,22,0,3,18,0,13,8,0,11,11,18,19,13,12,15,22,11,11,18,19,13,12,15,22,11,11,18,19,13,12,15,13,12,18,22,13,12,18,22,13,12,18,22,13,12,18,22,13,12,18,22,13,12,18,13,12,17,22,12,12,18,20,13,12,17,22,12,12,18,20,13,12,17,22,12,12,18,17,8,0,23,6,10,18,0,13,13,6,24,0,3,21,6,17,8,0,23,6,10,18,27,8,0,23,25,26,18,0,13,27,25,28,0,3,28,25,27,8,0,23,25,26,18,13,8,0,22,0,3,18,0,13,8,0,22,0,3,18,0,13,8,0,22,0,3,18,13,8,0,22,0,3,18,0,13,8,0,22,0,3,18,0,13,8,0,22,0,3,18,13,8,0,22,0,3,18,0,13,8,0,22,0,3,18,0,13,8,0,22,0,3,18,13,8,0,22,0,3,18,0,13,8,0,22,0,3,18,0,13,8,0,22,0,3,18,13,8,0,22,0,3,18,0,13,8,0,22,0,3,18,0,13,8,0,22,0,3,18,7,5,0,13,0,2,10,0,7,5,0,13,0,2,10,0,7,5,0,13,0,2,10,6,6,6,6,6,6,6,6,6,6,6,6,6,6,6,6,6,6,6,6,6,6,6,9,9,9,9,9,9,9,9,9,9,9,9,9,9,9,9,9,9,9,9,9,9,9
29,11,0,0,3,18,0,13,8,0,22,0,3,18,0,13,8,0,22,0,3,18,0,29,11,0,0,3,18,0,13,8,0,22,0,3,18,0,13,8,0,22,0,3,18,0,29,11,0,0,3,18,0,13,8,0,22,0,3,18,0,13,8,0,22,0,3,18,0,29,11,0,0,3,18,0,13,8,0,22,0,3,18,0,13,8,0,22,0,3,18,0,29,11,0,5,7,18,9,13,10,7,22,5,7,18,9,13,10,7,22,5,7,18,9,29,11,0,13,12,18,22,13,12,18,22,13,12,18,22,13,12,18,22,13,12,18,22,29,11,0,13,12,18,22,13,12,18,22,13,12,18,22,13,12,18,22,13,12,18,22,29,11,0,13,12,18,22,13,12,18,22,13,12,18,22,13,12,18,22,13,12,18,22,29,11,0,6,8,18,11,13,10,9,22,6,8,18,11,13,10,9,22,6,8,18,11,29,11,0,0,3,21,7,18,8,0,23,7,10,18,0,13,14,7,24,0,3,21,7,29,11,0,0,3,25,25,27,8,0,20,25,25,18,0,11,25,25,27,0,3,25,25,29,11,0,0,2,3,3,13,8,1,3,3,5,18,0,3,3,2,22,0,2,3,3,29,11,0,0,20,28,28,13,8,10,28,29,12,18,0,28,29,18,22,0,20,28,28,29,11,0,0,0,0,22,13,8,0,0,13,12,18,0,0,3,18,22,0,0,0,22,29,11,0,0,1,6,22,13,8,0,7,13,12,18,0,4,6,18,22,0,1,6,22,29,11,0,0,3,18,17,13,8,0,22,10,10,18,0,13,12,14,22,0,3,18,17,29,11,0,0,3,22,9,19,8,0,23,9,12,18,0,13,15,9,25,0,3,22,9,29,11,0,0,3,22,22,22,6,0,18,22,22,14,0,10,22,22,22,0,3,22,22,29,11,0,0,0,0,0,0,0,0,0,0,0,0,0,0,0,0,0,0,0,0,0,29,11,0,2,17,17,17,17,17,17,17,17,17,17,17,17,17,17,17,17,17,17,17,29,11,0,0,0,3,0,2,1,0,4,0,0,3,0,2,1,0,4,0,0,3,0,29,11,0,0,3,18,0,13,8,0,22,0,3,18,0,13,8,0,22,0,3,18,0,29,11,0,0,3,18,0,13,8,0,22,0,3,18,0,13,8,0,22,0,3,18,0
0,0,0,0,13,8,0,22,5,7,18,9,13,8,0,22,0,3,18,9,13,10,7,0,0,0,0,13,8,0,22,13,12,18,22,13,8,0,22,0,3,18,22,13,12,18,0,0,0,0,13,8,0,22,13,12,18,22,13,8,0,22,0,3,18,22,13,12,18,0,0,0,0,8,5,0,22,13,12,18,22,13,8,0,14,0,3,18,22,13,12,18,0,0,0,0,0,0,0,22,13,12,18,22,13,8,0,0,0,3,18,22,13,12,18,0,0,0,0,0,0,0,10,13,10,8,22,6,4,0,0,0,1,8,22,6,8,18,0,0,0,0,0,0,0,0,13,8,0,22,0,0,0,0,0,0,0,22,0,3,18,0,0,0,0,0,0,0,0,13,8,0,22,0,0,0,0,0,0,0,22,0,3,18,17,0,0,0,13,8,0,22,13,12,18,22,13,8,0,22,0,3,18,22,13,12,18,0,0,0,0,13,8,0,22,13,12,18,22,13,8,0,22,0,3,18,22,13,12,18,9,8,0,0,13,8,0,22,5,7,18,8,13,8,0,22,0,3,18,8,13,10,6,26,21,0,0,13,8,0,9,6,5,8,10,6,3,0,22,0,1,8,10,6,5,8,26,21,0,0,13,8,0,0,13,8,0,22,0,0,0,22,0,0,0,22,0,3,18,26,21,0,0,13,9,4,0,13,11,11,22,0,0,4,22,3,2,0,22,8,9,18,26,21,0,0,13,12,18,0,13,12,18,22,0,3,18,22,13,8,0,22,13,12,18,26,21,0,0,13,12,18,0,13,12,18,22,0,3,18,22,13,8,0,22,13,12,18,26,21,0,0,7,8,18,20,27,12,18,23,25,11,18,12,13,12,25,28,13,12,28,1,1,0,0,0,0,0,23,6,2,3,5,17,8,0,0,0,3,21,6,2,2,6,0,0,0,0,7,5,0,22,0,2,10,0,13,8,0,13,0,3,18,0,7,5,0,0,0,0,0,13,8,0,22,0,3,18,0,13,8,0,22,0,3,18,0,13,8,0,0,0,0,0,13,11,12,22,0,3,18,0,13,11,12,22,8,9,18,0,13,8,0,4,3,0,0,13,12,18,22,5,7,18,9,13,12,18,22,13,12,18,9,13,10,7,26,21,0,0,13,12,18,22,13,12,18,22,13,12,18,22,13,12,18,22,13,12,18
11,0,26,21,0,0,0,3,18,22,2,9,18,22,13,13,3,22,13,12,18,4,17,8,0,19,16,0,0,0,0,3,14,13,27,17,19,12,27,18,14,2,4,12,23,26,0,0,0,0,0,0,0,0,0,0,13,8,0,0,0,3,18,0,0,0,0,22,0,7,7,7,0,0,0,0,3,17,0,13,8,0,20,0,3,18,0,12,8,0,22,0,8,8,8,0,0,0,0,3,18,0,13,8,0,22,0,3,18,0,13,8,0,22,0,0,0,0,0,0,0,0,3,18,22,13,8,0,22,0,3,18,22,13,12,18,22,0,5,0,13,10,0,0,0,3,18,22,13,11,13,22,10,10,18,22,13,12,18,22,10,11,0,26,21,0,0,0,3,18,22,13,12,18,22,13,12,18,22,13,12,18,22,13,11,0,26,21,0,0,0,3,18,3,13,12,18,22,13,12,18,3,13,9,2,22,13,11,0,26,21,0,0,0,3,18,0,13,10,9,22,6,8,18,0,13,8,0,22,6,11,0,26,21,0,0,0,3,18,7,13,10,6,22,4,6,18,7,13,10,6,22,4,3,0,8,7,0,0,0,3,18,22,13,12,18,22,13,12,18,22,13,12,18,22,13,0,0,0,0,0,0,0,0,3,22,13,12,18,22,13,12,18,22,2,5,18,22,13,0,0,0,0,0,0,0,0,2,1,13,9,1,4,0,4,18,1,1,1,1,22,0,17,11,0,0,0,0,0,3,18,15,13,11,12,0,9,9,18,15,13,11,12,22,9,0,0,0,0,0,0,0,3,18,22,13,12,18,0,13,12,18,22,13,12,18,22,13,0,0,0,0,0,0,0,3,18,22,13,12,18,0,13,12,18,22,13,12,18,22,13,3,0,8,6,0,0,0,3,18,22,13,12,18,0,13,12,18,22,13,12,18,22,13,11,0,26,21,0,0,0,3,18,9,13,12,18,0,13,12,18,9,13,10,8,22,13,11,0,26,21,0,0,0,3,18,0,13,12,18,0,13,12,18,0,13,8,0,22,13,11,0,26,21,0,0,0,1,8,0,6,7,18,0,13,10,8,0,6,4,0,9,13,11,0,26,21,0,0,0,0,0,0,0,7,18,0,13,11,1,0,0,0,0,1,16,6,0,14,11,0,8,14,0,0,0,4,28,18,0,13,28,10,0,0,0,0,14,28
18,12,13,11,10,22,7,8,18,12,13,11,10,22,7,8,18,12,13,11,10,0,7,25,17,23,8,0,23,17,19,18,0,13,21,17,26,0,3,25,17,23,8,0,0,0,24,14,21,8,0,23,14,16,18,0,13,19,14,25,0,3,24,14,21,8,0,0,0,18,0,13,8,0,22,0,3,18,0,13,8,0,22,0,3,18,0,13,8,0,0,0,18,0,13,8,0,22,0,3,18,0,13,8,0,22,0,3,18,0,13,8,0,0,0,18,0,13,8,0,22,0,3,18,0,13,8,0,22,0,3,18,0,13,8,0,0,0,18,0,13,8,0,22,0,3,18,0,13,8,0,22,0,3,18,0,13,8,0,0,0,18,0,13,8,0,22,0,3,18,0,13,8,0,22,0,3,18,0,13,8,0,0,0,3,0,2,1,0,4,0,0,3,0,2,1,0,4,0,0,3,0,2,1,0,0,0,17,17,17,17,17,17,17,17,17,17,17,17,17,17,17,17,17,17,17,17,6,0,2,0,0,0,0,0,0,0,0,0,0,0,0,0,0,0,0,0,0,0,0,0,0,0,21,21,21,6,0,17,21,21,13,0,10,21,21,21,0,2,21,21,21,6,0,0,0,23,10,19,8,0,23,10,13,18,0,13,16,10,25,0,3,23,10,19,8,0,0,0,18,16,13,8,0,22,10,10,18,0,13,11,13,22,0,3,18,16,13,8,0,0,0,7,22,13,8,0,9,13,12,18,0,5,7,18,22,0,1,7,22,13,8,0,0,0,0,22,13,8,0,0,13,12,18,0,0,3,18,22,0,0,0,22,13,8,0,0,0,27,28,13,8,10,27,28,12,18,0,27,28,18,22,0,19,27,28,13,8,0,0,0,4,4,13,8,1,4,4,5,18,0,4,4,3,22,0,3,4,4,13,8,0,0,0,23,23,26,8,0,19,23,24,18,0,11,23,23,27,0,3,23,23,26,8,0,0,0,22,8,18,8,0,23,8,11,18,0,13,15,8,24,0,3,22,8,18,8,0,0,0,18,10,13,10,8,22,6,8,18,10,13,10,8,22,6,8,18,10,13,10,8,0,6,18,22,13,12,18,22,13,12,18,22,13,12,18,22,13,12,18,22,13,12,18,0,13,18,22,13,12,18,22,13,12,18,22,13,12,18,22,13,12,18,22,13,12,18,0,13
8,0,19,2,0,22,0,9,12,0,19,2,0,0,12,29,5,2,29,15,0,22,25,8,16,19,10,9,22,14,12,12,16,19,10,9,0,12,29,5,2,29,15,0,22,25,8,22,19,12,12,22,19,12,12,22,19,12,12,0,12,29,5,2,29,15,0,22,25,8,22,19,12,12,22,19,12,12,22,19,12,12,0,12,29,5,2,29,15,0,22,25,8,22,19,12,12,22,19,12,12,22,19,12,12,0,12,29,5,2,29,15,0,22,25,8,3,19,4,2,22,3,10,12,3,19,4,2,0,12,29,5,2,29,15,0,22,25,8,0,19,19,17,22,0,9,23,17,25,2,0,0,12,29,5,2,29,15,0,22,25,4,0,19,16,14,11,0,9,21,14,14,1,0,0,11,25,5,2,29,15,0,22,25,12,0,19,7,13,13,5,9,12,13,13,9,0,0,0,0,0,2,29,15,0,22,25,16,0,19,12,23,18,6,9,12,27,18,13,0,0,7,17,3,2,29,15,0,22,25,0,0,19,12,12,0,0,9,12,22,0,0,0,0,12,29,5,2,29,15,0,22,25,5,0,19,12,12,15,0,9,12,22,13,1,0,0,12,29,5,2,29,15,0,22,25,8,0,19,7,5,22,0,9,12,9,19,2,0,0,12,29,5,2,29,15,0,22,25,8,0,19,20,19,22,0,9,24,19,26,2,0,0,12,29,5,2,29,15,0,22,25,3,0,8,12,12,9,0,4,12,12,12,1,0,0,12,29,5,2,29,15,0,22,25,6,7,7,7,7,7,7,7,7,7,7,7,1,0,12,29,5,2,29,15,0,22,25,7,8,8,8,8,8,8,8,8,8,8,8,1,0,12,29,5,2,29,15,0,22,25,4,0,10,1,0,12,0,5,6,0,10,1,0,0,12,29,5,2,29,15,0,22,25,8,0,19,2,0,22,0,9,12,0,19,2,0,0,12,29,5,2,29,15,0,22,25,8,0,19,2,0,22,0,9,12,0,19,2,0,0,12,29,5,2,29,15,0,22,25,8,0,19,2,0,22,0,9,12,0,19,2,0,0,12,29,5,2,29,15,0,22,25,8,0,19,2,0,22,0,9,12,0,19,2,0,0,12,29,5,2,29,15,0,22,25,8,9,19,6,5,22,7,11,12,9,19,6,5,0,12,29,5,2,29,15,0,22,25
22,13,12,18,22,0,0,0,0,13,12,18,22,13,12,18,0,0,0,0,22,13,12,22,13,12,18,22,0,3,17,0,13,12,18,22,13,12,18,0,12,8,0,22,13,12,22,13,12,18,22,0,3,18,0,13,12,18,22,13,12,18,0,13,8,0,22,13,12,22,13,12,18,22,0,3,18,0,13,12,18,22,13,12,18,0,13,8,0,22,13,12,2,13,9,1,22,0,3,18,0,13,9,1,22,1,4,18,0,13,8,0,22,1,4,12,13,11,10,22,7,8,18,12,13,11,10,22,7,8,18,12,13,11,10,22,7,8,22,13,12,18,22,13,12,18,22,13,12,18,22,13,12,18,22,13,12,18,22,13,12,22,13,12,18,22,13,12,18,22,13,12,18,22,13,12,18,22,13,12,18,22,13,12,22,2,5,18,4,13,9,3,22,2,5,18,4,13,9,3,22,2,5,18,4,13,9,28,0,3,29,27,28,8,0,23,27,28,18,0,13,28,27,28,0,3,29,27,28,8,23,0,3,20,4,16,8,0,23,4,8,18,0,13,12,4,23,0,3,20,4,16,8,22,0,3,18,0,13,8,0,22,0,3,18,0,13,8,0,22,0,3,18,0,13,8,22,0,3,18,0,13,8,0,22,0,3,18,0,13,8,0,22,0,3,18,0,13,8,22,0,3,18,0,13,8,0,22,0,3,18,0,13,8,0,22,0,3,18,0,13,8,22,0,3,18,0,13,8,0,22,0,3,18,0,13,8,0,22,0,3,18,0,13,8,19,0,3,16,0,12,7,0,19,0,3,16,0,12,7,0,19,0,3,16,0,12,7,0,0,0,0,0,0,0,0,0,0,0,0,0,0,0,0,0,0,0,0,0,0,0,17,17,17,17,17,17,17,17,17,17,17,17,17,17,17,17,17,17,17,17,17,17,17,1,0,0,1,1,1,0,0,1,1,1,1,0,0,1,1,1,0,0,1,1,1,0,28,0,3,29,29,29,8,0,23,29,29,18,0,13,29,29,28,0,3,29,29,29,8,23,0,3,19,2,14,8,0,23,1,5,18,0,13,9,2,23,0,3,19,2,14,8,22,0,3,18,22,13,8,0,22,13,12,18,0,13,12,18,22,0,3,18,22,13,8,22,0,0,1,22,13,8,0,1,13,12,18,0,0,4,18,22,0,0,1,22,13,8
0,0,0,0,0,0,0,0,0,0,0,0,0,0,0,0,0,0,0,0,0,0,0,0,0,0,0,0,0,0,0,0,0,0,0,0,0,0,0,0,0,0,0,0,0,0,0,0,0,0,0,0,0,0,0,0,0,0,0,0,0,0,0,0,0,0,0,0,0,0,0,0,0,0,0,0,0,0,0,0,0,0,0,0,0,0,0,0,0,0,0,0,0,0,0,0,0,0,0,0,0,0,0,0,0,0,0,0,0,0,0,0,0,0,0,0,0,0,0,0,0,0,0,0,0,0,0,0,0,0,0,0,0,0,0,0,0,0,8,8,8,8,8,8,8,8,8,8,8,8,8,8,8,8,8,8,8,8,8,8,8,7,7,7,7,7,7,7,7,7,7,7,7,7,7,7,7,7,7,7,7,7,7,7,20,20,12,1,20,20,20,19,0,15,20,20,20,5,0,0,0,0,1,1,0,0,1,29,28,16,1,27,29,29,26,0,20,29,29,28,7,0,0,0,0,16,29,1,6,29,29,11,0,2,1,26,21,0,0,3,16,29,2,3,0,0,0,0,16,29,1,6,29,29,11,0,13,8,26,21,0,3,18,16,29,5,18,0,0,0,0,16,29,1,6,29,29,11,0,13,8,26,21,0,3,18,16,29,5,18,0,0,0,0,16,29,1,6,29,29,11,0,11,7,26,21,0,3,15,16,29,5,15,0,0,0,0,16,29,1,6,29,29,17,8,8,8,27,24,8,8,8,20,29,10,3,0,0,0,0,16,29,1,6,29,29,29,29,29,29,29,29,29,29,29,29,29,29,10,0,0,0,0,6,10,0,2,10,9,9,9,9,9,9,9,9,9,9,9,9,9,3,0,0,0,0,0,0,0,0,0,0,0,0,0,0,0,0,0,0,0,0,0,0,0,0,0,0,0,0,0,0,0,0,0,0,0,0,0,0,0,0,0,0,0,0,0,0,0,0,0,0,0,0,0,0,0,0,0,0,0,0,0,0,0,0,0,0,0,0,0,0,0,0,0,0,0,0,0,0,0,0,0,0,0,0,0,0,0,0,0,0,0,0,0,0,0,0,0,0,0,0,0,0,0,0,0,0,0,0,0,0,0,0,0,0,0,0,0,0,0,0,0,0,0,0,0,0,0,0,0,0,0,0,0,0,0,0,0,0,0,0,0,0,0,0,0,0,0
3,18,22,13,12,18,22,0,0,0,0,13,12,18,22,13,12,18,0,0,0,0,22,3,15,22,11,11,18,18,0,0,0,0,11,11,18,18,13,12,15,0,0,0,0,18,0,0,22,0,3,18,0,0,0,0,0,0,3,18,0,13,8,0,0,0,0,0,0,0,0,22,0,3,18,0,0,0,0,0,0,3,18,0,13,8,0,0,0,0,0,0,2,12,22,9,9,18,15,0,2,12,0,9,9,18,15,13,11,12,0,9,5,0,15,3,18,22,13,12,18,22,0,3,18,0,13,12,18,22,13,12,18,0,13,8,0,22,3,18,16,13,11,13,22,0,3,18,0,13,11,13,22,9,10,18,0,13,8,0,22,3,14,3,10,7,2,17,0,3,18,0,10,7,2,17,1,4,14,0,13,8,0,17,0,0,22,0,3,18,0,0,3,18,0,0,3,18,0,13,8,0,0,13,8,0,0,0,0,22,3,6,18,0,0,3,18,0,0,3,18,6,13,8,0,0,13,8,0,0,8,0,22,13,12,18,0,12,12,18,20,0,3,18,22,13,8,0,20,13,12,17,0,8,0,22,13,12,18,0,13,12,18,22,0,3,18,22,13,8,0,22,13,12,18,0,11,15,26,13,12,24,15,13,12,16,22,7,17,18,22,13,20,10,22,12,11,18,12,6,25,16,7,7,17,26,4,2,0,6,13,20,10,12,7,18,18,6,0,1,5,23,3,18,0,3,2,0,22,0,0,4,0,13,8,0,5,0,3,18,0,3,2,0,22,3,18,0,13,8,0,22,0,3,18,0,13,8,0,22,0,3,18,0,13,8,0,22,6,18,0,13,8,0,22,4,6,18,6,13,8,0,22,0,3,18,6,13,10,5,22,12,18,1,13,9,1,22,13,12,18,22,13,9,1,22,0,4,18,22,13,12,18,22,12,18,22,13,12,18,22,13,12,18,22,13,12,18,22,13,12,18,22,13,12,18,22,11,18,22,13,12,18,22,11,11,18,18,13,12,18,22,13,12,18,18,13,12,15,22,3,18,22,13,12,18,22,0,3,18,0,13,12,18,22,13,12,18,0,13,8,0,22,3,18,3,13,9,3,22,0,3,18,0,13,9,3,22,2,5,18,0,13,8,0,22,9,18,15,13,11,12,22,9,9,18,15,13,11,12,22,9,9,18,15,13,11,12,22
14,5,0,0,0,0,7,14,14,14,14,14,14,14,14,14,14,14,10,0,0,0,0,17,17,26,0,0,0,0,0,0,2,1,0,0,14,17,17,17,17,17,23,8,0,0,0,0,22,0,0,0,0,0,0,13,8,0,0,0,0,0,6,0,0,13,8,0,0,0,0,22,0,0,0,0,0,0,13,8,0,0,0,0,0,22,0,0,13,8,0,0,0,0,22,0,0,0,0,0,0,13,8,0,0,0,0,0,22,0,0,13,8,0,0,0,0,22,0,0,5,5,5,5,6,6,5,5,5,5,5,7,2,0,13,8,0,0,3,1,22,0,3,23,12,14,14,14,14,14,14,14,14,14,14,8,2,13,8,0,0,18,4,22,0,3,18,6,12,12,12,12,12,12,12,12,12,15,23,9,13,8,0,0,8,0,22,0,3,18,0,6,7,7,7,7,7,7,7,2,3,18,0,13,8,0,0,8,0,22,0,3,18,0,7,8,8,8,8,8,8,8,3,3,18,0,13,8,0,0,8,0,22,0,3,18,1,3,3,3,3,3,3,3,3,3,7,18,0,13,8,0,0,5,0,22,0,3,18,6,12,12,12,12,12,12,12,14,14,14,10,1,13,8,0,0,14,5,22,0,3,18,0,0,0,5,3,0,0,0,7,21,19,14,10,13,8,0,0,6,0,22,0,3,18,0,0,0,13,8,0,0,0,0,13,11,13,0,13,8,0,0,8,0,22,0,3,18,0,0,0,13,8,0,0,0,0,13,12,18,0,13,8,0,0,6,0,22,0,3,18,0,0,0,4,2,0,0,0,0,13,11,13,0,13,8,0,0,15,5,22,0,3,24,15,15,15,15,15,15,15,15,15,22,20,15,11,13,8,0,0,14,14,25,0,0,0,0,0,0,0,0,0,0,12,14,14,14,14,14,21,8,0,0,2,2,2,0,0,0,0,0,0,0,0,0,0,2,2,2,2,2,2,2,0,0,0,17,17,17,17,17,17,17,17,17,17,17,17,17,17,17,17,17,17,17,17,17,17,17,0,0,0,0,0,0,0,0,0,0,0,0,0,0,0,0,0,0,0,0,0,0,0,29,29,17,2,29,29,29,27,0,22,29,29,29,29,29,29,0,0,0,0,0,0,0,29,23,11,1,18,28,27,17,0,14,25,29,19,18,18,18,0,0,0,0,0,0,0
0,17,14,0,11,19,1,6,29,11,0,0,0,13,10,8,22,0,3,18,9,13,8,0,0,0,0,0,0,0,6,29,11,0,0,0,13,22,19,26,0,3,26,19,24,8,0,0,0,0,0,0,0,6,29,11,0,0,0,6,12,12,12,0,1,12,12,12,3,7,7,7,7,7,7,0,6,29,11,0,0,3,7,7,7,7,7,7,7,7,7,7,8,8,8,8,8,8,0,6,29,11,0,0,4,8,8,8,8,8,8,8,8,8,8,0,0,0,0,0,0,0,6,29,11,0,0,0,7,4,0,12,0,2,10,0,7,4,0,0,0,0,0,0,0,6,29,11,0,0,0,13,8,0,22,0,3,18,0,13,8,0,26,21,0,16,28,1,6,29,11,0,0,0,13,8,0,22,0,3,18,0,13,8,0,26,21,0,16,29,1,6,29,11,0,0,0,13,8,0,22,0,3,18,0,13,8,0,26,21,0,16,29,1,1,5,2,0,0,0,13,8,0,22,0,3,18,0,13,8,0,26,21,0,16,29,1,1,6,2,0,0,9,13,10,7,22,5,7,18,9,13,10,0,23,19,0,14,25,1,6,29,11,0,0,22,13,12,18,22,13,12,18,22,13,12,0,0,0,0,0,0,0,6,29,11,0,0,22,13,12,18,22,13,12,18,22,13,12,0,0,0,0,0,0,0,6,29,11,0,0,22,13,12,18,22,13,12,18,22,13,12,17,17,17,17,17,17,0,6,29,11,0,0,11,13,10,9,22,6,8,18,11,13,10,0,0,0,0,0,0,0,6,29,11,0,0,0,13,14,7,24,0,3,21,7,18,8,0,9,8,0,6,10,0,6,29,11,0,0,0,11,25,25,27,0,3,25,25,27,8,0,26,21,0,16,29,1,6,29,11,0,0,0,3,3,2,22,0,2,3,3,13,8,0,26,21,0,16,29,1,6,29,11,0,0,0,28,29,18,22,0,20,28,28,13,8,0,26,21,0,16,29,1,6,29,11,0,0,0,0,3,18,22,0,0,0,22,13,8,0,26,21,0,16,29,1,6,29,11,0,0,0,4,6,18,22,0,1,6,22,13,8,0,26,21,0,16,29,1,6,29,11,0,0,0,13,12,18,22,0,3,18,22,13,8,0,26,21,0,16,29,1,6,29,11,0,0,0,13,16,10,25,0,3,22,10,19,8
0,0,2,27,14,0,21,24,0,12,27,5,2,27,14,0,21,24,0,12,27,5,0,0,0,2,29,15,0,22,25,0,12,29,5,2,29,15,0,22,25,0,12,29,5,0,0,0,2,29,15,0,22,25,0,12,29,5,2,29,15,0,22,25,0,12,29,5,0,0,0,2,29,15,0,22,25,0,12,29,5,2,29,15,0,22,25,0,12,29,5,0,0,0,2,26,14,0,20,23,0,11,26,5,2,26,14,0,20,23,0,11,26,5,0,0,0,0,0,0,0,0,0,0,0,0,0,0,0,0,0,0,0,0,0,0,0,0,0,0,0,0,0,0,0,0,0,0,0,0,0,0,0,0,0,0,0,0,0,0,0,0,0,0,0,0,0,0,0,0,0,0,0,0,0,0,0,0,0,0,0,0,0,0,0,3,15,15,15,15,15,15,15,15,15,15,15,15,15,15,15,15,7,0,0,0,0,0,2,12,12,12,12,12,12,6,0,0,0,0,0,0,0,0,0,0,0,0,0,0,0,5,29,29,29,29,29,29,14,0,0,0,0,0,0,0,0,0,0,0,0,0,0,0,5,29,10,5,16,29,10,2,0,0,0,2,21,11,0,16,19,0,9,21,4,0,0,5,29,5,20,12,29,5,20,0,0,0,2,29,15,0,22,25,0,12,29,5,0,0,5,29,5,22,12,29,5,22,0,0,0,2,29,15,0,22,25,0,12,29,5,0,0,5,29,5,22,12,29,5,22,0,0,0,2,29,15,0,22,25,0,12,29,5,0,0,5,29,5,2,13,29,6,1,0,0,0,2,29,15,0,22,25,0,12,29,5,0,0,5,29,5,17,29,29,29,11,0,0,0,0,2,1,0,2,2,0,1,2,0,0,0,4,23,4,10,17,17,17,7,0,0,0,0,0,0,0,0,0,0,0,0,0,0,0,2,10,10,10,10,10,10,10,10,10,10,10,10,10,10,10,10,5,0,0,0,0,0,1,5,5,5,5,5,5,5,5,5,5,5,5,5,5,5,5,2,0,0,0,0,0,0,0,0,0,0,3,3,0,1,3,0,0,3,2,0,3,3,0,1,3,0,0,0,0,0,0,0,0,22,25,0,12,29,5,2,29,15,0,22,25,0,12,29,5,0,0,0,0,0,0,0,21,24,0,12,27,5,2,27,14,0,21,24,0,12,27,5,0
0,0,0,0,0,0,0,0,0,0,0,0,0,0,0,0,0,0,0,0,20,16,1,0,0,0,0,0,0,0,0,0,0,0,0,0,0,0,0,0,0,0,0,26,21,1,6,26,10,0,24,19,0,15,26,1,6,26,10,0,24,19,0,0,0,0,26,21,0,6,29,11,0,26,21,0,16,29,1,6,29,11,0,26,21,0,0,0,0,26,21,13,6,29,11,0,26,21,0,16,29,1,6,29,11,0,26,21,0,0,0,0,26,21,13,6,29,11,0,26,21,0,16,29,1,6,29,11,0,26,21,0,0,0,0,26,21,12,6,27,11,0,25,20,0,15,27,1,6,27,11,0,25,20,0,0,0,0,26,23,5,0,0,0,0,0,0,0,0,0,0,0,0,0,0,0,0,0,0,0,0,26,29,29,0,0,0,0,0,0,0,0,0,0,0,0,0,0,0,0,0,0,0,0,11,12,12,15,15,15,15,15,15,15,15,15,15,15,15,15,15,15,15,15,15,15,15,15,15,15,0,0,0,0,0,0,0,0,0,0,0,0,0,0,0,0,0,0,0,0,0,0,0,0,0,0,0,8,6,0,5,8,0,2,8,3,0,8,6,0,0,0,0,0,0,6,0,0,0,0,26,21,0,16,29,1,6,29,11,0,26,21,0,0,0,0,0,0,6,0,0,0,0,26,21,0,16,29,1,6,29,11,0,26,21,0,0,0,0,0,0,6,0,0,0,0,26,21,0,16,29,1,6,29,11,0,26,21,0,0,3,0,0,0,6,0,0,0,0,26,21,0,16,29,1,6,29,11,0,26,21,0,3,18,0,0,0,6,0,0,0,0,26,21,0,16,29,1,6,29,11,0,26,21,0,3,18,0,0,0,6,0,0,0,0,26,21,0,16,29,1,6,29,11,0,26,21,0,3,18,0,0,0,6,0,0,0,0,3,2,0,2,3,0,0,3,1,0,3,2,0,3,18,0,0,0,6,0,0,0,0,0,0,0,0,0,0,0,0,0,0,0,0,0,3,18,0,0,0,2,0,0,14,17,17,17,17,17,17,17,17,17,17,17,6,0,0,3,18,0,2,17,17,0,0,0,0,0,0,0,0,0,0,0,0,0,0,0,0,0,3,18,0,0,0,0,0,0,0,0,0,0,0,0,0,0,0,0,0,0,0,0,0,3,14,0,0,0,0
9,22,6,8,18,11,13,10,9,22,6,8,18,11,13,10,9,22,6,8,18,11,13,18,22,13,12,18,22,13,12,18,22,13,12,18,22,13,12,18,22,13,12,18,22,13,18,22,13,12,18,22,13,12,18,22,13,12,18,22,13,12,18,22,13,12,18,22,13,18,5,13,9,4,22,3,6,18,5,13,9,4,22,3,6,18,5,13,9,4,22,3,18,0,13,10,7,22,5,7,18,0,13,8,0,22,5,7,18,9,13,8,0,22,0,18,0,13,12,18,22,13,12,18,0,13,8,0,22,13,12,18,22,13,8,0,22,0,18,0,13,12,18,22,13,12,18,0,13,8,0,22,13,12,18,22,13,8,0,22,0,12,0,13,12,18,22,13,12,18,0,8,5,0,22,13,12,18,22,13,8,0,14,0,0,0,13,12,18,22,13,12,18,0,0,0,0,22,13,12,18,22,13,8,0,0,0,0,0,6,8,18,10,13,10,8,0,0,0,0,10,13,10,8,22,6,4,0,0,0,0,0,0,3,18,0,13,8,0,0,0,0,0,0,13,8,0,22,0,0,0,0,0,0,0,0,3,18,0,13,8,0,0,0,0,0,0,13,8,0,22,0,0,0,0,0,18,0,13,12,18,22,13,12,18,0,13,8,0,22,13,12,18,22,13,8,0,22,0,18,0,13,12,18,22,13,12,18,0,13,8,0,22,13,12,18,22,13,8,0,22,0,18,0,13,10,6,22,5,7,18,0,13,8,0,22,5,7,18,8,13,8,0,22,0,18,0,6,5,8,9,6,5,8,0,13,8,0,9,6,5,8,10,6,3,0,22,0,18,0,0,3,18,0,13,8,0,0,13,8,0,0,13,8,0,22,0,0,0,22,0,18,5,0,3,18,13,13,8,0,5,13,9,4,0,13,11,11,22,0,0,4,22,3,18,22,0,3,18,22,13,8,0,22,13,12,18,0,13,12,18,22,0,3,18,22,13,18,22,0,3,18,22,13,8,0,22,13,12,18,0,13,12,18,22,0,3,18,22,13,10,22,12,26,18,22,13,27,16,22,7,8,18,20,27,12,18,23,25,11,18,12,13,0,0,13,13,4,4,3,10,18,0,0,0,0,23,6,2,3,5,17,8,0,0,0,10,0,13,8,0,13,0,3,18,0,7,5,0,22,0,2,10,0,13,8,0,13,0
3,16,0,0,23,13,13,13,13,13,13,5,0,13,8,0,0,0,3,18,0,2,13,3,18,0,0,23,2,2,2,2,2,2,1,0,13,8,0,0,0,3,18,0,0,2,3,18,0,0,22,0,0,0,9,9,9,9,9,19,8,0,0,0,3,22,9,9,9,2,12,3,7,24,0,0,2,29,29,29,29,29,29,8,0,0,0,3,29,29,29,29,0,0,12,29,28,0,0,0,8,8,8,8,8,18,8,0,0,0,3,22,8,8,8,0,0,4,10,10,0,0,0,0,0,0,0,0,13,8,0,0,0,3,18,0,0,0,17,17,17,17,17,17,17,17,17,17,17,17,11,13,8,0,0,0,3,18,8,17,17,0,0,0,0,0,0,0,0,0,0,0,0,0,13,8,0,0,0,3,18,0,0,0,21,21,21,20,0,16,21,21,21,21,21,20,0,13,8,0,0,0,3,18,0,16,21,29,28,26,25,0,20,28,29,27,26,26,25,0,13,8,0,0,0,3,18,0,20,26,29,11,0,0,0,0,16,29,1,0,0,0,0,13,8,0,0,0,3,18,0,0,0,29,11,10,23,23,7,16,29,1,2,15,15,15,22,8,0,0,0,3,24,15,15,15,29,11,3,8,8,2,16,29,1,0,0,0,0,0,0,0,0,0,0,0,0,0,0,29,23,19,19,19,19,25,29,20,19,19,18,0,0,0,0,0,0,0,0,0,15,19,28,28,28,28,28,28,28,28,28,28,28,27,0,0,0,0,0,0,0,0,0,22,28,0,0,0,0,0,0,0,0,0,0,0,0,0,0,0,0,0,0,0,0,0,0,0,0,0,0,0,0,0,0,0,0,0,0,0,0,0,0,0,0,0,0,0,0,0,0,17,17,17,17,17,17,17,17,17,17,17,17,17,17,17,17,17,17,17,17,17,17,17,9,2,0,0,0,0,0,0,0,0,0,0,0,0,0,0,0,0,0,1,0,0,0,29,7,0,0,0,0,0,0,0,0,3,15,0,13,8,0,0,0,3,18,0,11,7,8,2,0,13,20,17,17,17,17,6,3,18,0,13,8,0,0,0,3,18,0,13,8,11,11,11,20,8,0,0,0,0,0,3,18,0,13,8,0,0,0,3,18,0,13,8,4,4,4,16,8,3,17,17,17,17,17,13,0,13,11,12,0,8,9,18,0,9,18
18,12,13,11,10,22,7,8,18,12,13,11,10,22,7,8,18,12,13,11,10,22,7,25,17,23,8,0,23,17,19,18,0,13,21,17,26,0,3,25,17,23,8,0,23,17,24,14,21,8,0,23,14,16,18,0,13,19,14,25,0,3,24,14,21,8,0,23,14,18,0,13,8,0,22,0,3,18,0,13,8,0,22,0,3,18,0,13,8,0,22,0,18,0,13,8,0,22,0,3,18,0,13,8,0,22,0,3,18,0,13,8,0,22,0,18,0,13,8,0,22,0,3,18,0,13,8,0,22,0,3,18,0,13,8,0,22,0,18,0,13,8,0,22,0,3,18,0,13,8,0,22,0,3,18,0,13,8,0,22,0,18,0,13,8,0,22,0,3,18,0,13,8,0,22,0,3,18,0,13,8,0,22,0,3,0,2,1,0,4,0,0,3,0,2,1,0,4,0,0,3,0,2,1,0,4,0,17,17,17,17,17,17,17,17,17,17,17,17,17,17,17,17,17,17,17,17,17,17,17,0,0,0,0,0,0,0,0,0,0,0,0,0,0,0,0,0,0,0,0,0,0,0,21,21,21,6,0,17,21,21,13,0,10,21,21,21,0,2,21,21,21,6,0,17,21,23,10,19,8,0,23,10,13,18,0,13,16,10,25,0,3,23,10,19,8,0,23,10,18,16,13,8,0,22,10,10,18,0,13,11,13,22,0,3,18,16,13,8,0,22,10,7,22,13,8,0,9,13,12,18,0,5,7,18,22,0,1,7,22,13,8,0,9,13,0,22,13,8,0,0,13,12,18,0,0,3,18,22,0,0,0,22,13,8,0,0,13,27,28,13,8,10,27,28,12,18,0,27,28,18,22,0,19,27,28,13,8,10,27,28,4,4,13,8,1,4,4,5,18,0,4,4,3,22,0,3,4,4,13,8,1,4,4,23,23,26,8,0,19,23,24,18,0,11,23,23,27,0,3,23,23,26,8,0,19,23,22,8,18,8,0,23,8,11,18,0,13,15,8,24,0,3,22,8,18,8,0,23,8,18,10,13,10,8,22,6,8,18,10,13,10,8,22,6,8,18,10,13,10,8,22,6,18,22,13,12,18,22,13,12,18,22,13,12,18,22,13,12,18,22,13,12,18,22,13,18,22,13,12,18,22,13,12,18,22,13,12,18,22,13,12,18,22,13,12,18,22,13
0,0,0,0,14,29,3,0,4,10,28,13,1,20,0,11,10,25,23,0,1,20,7,0,0,0,0,14,29,3,0,0,0,26,5,0,8,9,10,10,26,25,9,10,10,12,0,0,0,0,4,9,1,0,0,0,26,5,0,22,29,29,29,29,29,29,29,29,22,0,0,0,0,0,0,0,0,0,0,26,5,0,6,8,8,8,8,8,8,8,8,6,18,0,0,0,0,0,0,0,0,0,26,5,0,0,0,0,0,0,0,0,0,0,0,21,0,0,0,7,17,17,17,17,1,26,5,0,9,17,17,17,17,17,17,17,17,13,21,0,0,0,0,0,3,7,7,7,27,12,7,3,3,7,7,7,7,7,7,5,0,21,0,0,0,0,0,10,25,25,25,29,25,25,10,10,25,25,25,29,25,25,17,0,21,0,0,0,0,0,0,0,0,0,26,5,0,0,0,0,0,0,26,5,0,0,0,21,0,0,0,0,0,7,4,3,12,26,12,6,9,0,3,3,12,26,12,6,9,0,21,0,0,0,0,0,21,12,10,16,26,14,9,20,0,11,10,16,26,14,9,20,0,6,0,0,0,0,0,21,12,10,16,26,14,9,20,0,11,10,16,26,14,9,20,0,0,0,0,0,0,0,21,3,2,8,26,10,5,18,0,2,2,8,26,10,5,18,0,0,0,0,0,0,0,10,0,0,0,26,5,0,0,0,0,0,0,26,5,0,0,0,0,0,0,0,0,0,0,0,0,20,29,25,23,23,23,23,23,23,29,25,23,23,18,7,0,0,0,0,0,0,0,0,7,8,8,8,8,8,8,8,8,8,8,8,8,6,21,0,0,0,7,17,17,17,17,17,17,17,17,17,17,17,17,17,17,17,17,17,13,21,0,0,0,0,0,0,0,0,0,0,0,0,0,0,0,0,0,0,0,0,0,0,21,0,0,0,10,20,2,3,20,9,0,17,16,0,10,20,2,1,7,7,7,7,6,21,0,0,0,14,29,3,4,29,13,0,25,23,0,14,29,3,4,29,29,29,29,22,21,0,0,0,14,29,3,4,29,13,0,25,23,0,14,29,3,4,29,19,10,10,8,21,0,0,0,14,29,3,4,29,13,0,25,23,0,14,29,3,4,29,13,0,0,0,21,0,0,0,14,29,3,4,29,13,0,25,23,0,14,29,3,4,29,13,10,23,18
10,12,17,22,14,12,14,22,14,12,17,22,14,12,17,22,12,6,0,0,6,25,9,10,11,12,22,10,10,17,16,14,11,12,22,10,10,17,16,14,7,0,0,7,29,10,10,8,2,22,0,4,17,0,14,8,2,22,1,6,17,0,14,7,0,0,7,29,10,10,12,17,22,0,4,17,0,14,12,17,22,14,12,17,0,14,7,0,0,7,29,10,10,12,17,22,10,10,17,16,14,12,17,22,14,12,17,16,14,7,0,0,7,29,10,10,12,17,22,14,12,17,22,14,12,17,22,14,12,17,22,14,7,0,0,7,29,10,10,8,1,22,14,12,17,22,14,8,1,22,1,5,17,22,14,7,0,0,7,29,10,10,7,0,22,4,7,17,7,14,7,0,22,0,4,17,7,14,7,0,0,7,29,10,10,7,0,22,0,4,17,0,14,7,0,22,0,4,17,0,14,7,0,0,7,29,10,3,2,0,22,0,1,5,0,14,7,0,6,0,4,17,0,4,2,0,0,7,29,10,5,6,15,25,3,1,0,5,14,19,9,11,7,18,17,5,0,0,0,0,7,29,10,10,12,24,15,14,12,14,22,8,19,17,22,14,20,10,22,12,6,0,0,7,29,10,10,12,17,0,14,12,17,22,0,4,17,22,14,7,0,22,14,7,0,0,7,29,10,10,12,17,0,13,12,17,21,0,4,17,22,14,7,0,21,14,7,0,0,7,29,10,3,7,17,0,0,4,17,0,0,4,17,6,14,7,0,0,14,7,0,0,7,29,10,0,4,17,0,0,4,17,0,0,4,17,0,14,7,0,0,14,7,0,0,7,29,10,7,6,2,16,0,4,17,0,10,6,2,16,2,4,12,0,14,7,0,0,7,29,10,10,11,11,22,0,4,17,0,14,11,11,22,9,10,17,0,14,7,0,0,7,29,10,10,12,17,22,0,4,17,0,14,12,17,22,14,12,17,0,14,7,0,0,7,29,10,7,10,17,16,0,3,12,0,10,10,17,16,14,11,12,0,10,5,0,0,7,29,10,0,4,17,0,0,0,0,0,0,4,17,0,14,7,0,0,0,0,0,0,7,29,10,0,4,17,0,0,0,0,0,0,4,17,0,14,7,0,0,0,0,0,0,7,29,10,8,10,17,16,0,0,0,0,10,10,17,16,14,11,13,0,0,0,0,0,7,29,10
15,12,16,22,15,12,16,22,15,11,14,22,15,12,16,22,15,12,16,22,13,11,16,11,10,16,16,15,11,11,22,11,10,16,16,15,11,11,22,11,10,16,16,15,11,11,0,5,16,3,15,7,2,22,0,5,16,0,15,7,2,22,2,6,16,0,15,6,0,0,5,16,22,15,12,16,22,0,5,16,0,15,12,16,22,15,12,16,0,15,6,0,11,11,16,22,15,12,16,22,11,11,16,16,15,12,16,22,15,12,16,16,15,11,12,15,12,16,22,15,12,16,22,15,12,16,22,15,12,16,22,15,12,16,22,15,12,16,15,12,16,2,15,7,1,22,15,12,16,22,15,7,1,22,1,6,16,22,15,12,16,5,8,16,0,15,6,0,22,5,8,16,7,15,6,0,22,0,5,16,7,15,8,5,0,5,16,0,15,6,0,22,0,5,16,0,15,6,0,22,0,5,16,0,15,6,0,0,5,16,0,4,2,0,22,0,1,5,0,15,6,0,6,0,5,16,0,4,2,0,3,7,23,14,7,6,15,25,3,1,0,5,15,19,9,11,8,18,16,5,0,1,3,15,10,17,25,15,12,24,15,15,11,14,22,9,19,16,22,15,20,9,22,13,11,16,15,6,0,22,15,12,16,0,15,12,16,22,0,5,16,22,15,6,0,22,15,12,16,14,6,0,22,15,12,16,0,14,12,16,21,0,5,16,22,15,6,0,21,15,12,15,0,0,0,22,4,8,16,0,0,5,16,0,0,5,16,6,15,6,0,0,15,6,0,0,0,0,22,0,5,16,0,0,5,16,0,0,5,16,0,15,6,0,0,15,6,0,0,4,11,3,11,5,2,16,0,5,16,0,11,5,2,16,2,5,11,0,15,6,0,0,5,16,15,15,10,11,22,0,5,16,0,15,10,11,22,10,10,16,0,15,6,0,0,5,16,22,15,12,16,22,0,5,16,0,15,12,16,22,15,12,16,0,15,6,0,0,4,11,22,11,10,16,16,0,4,11,0,11,10,16,16,15,11,11,0,11,4,0,0,0,0,22,0,5,16,0,0,0,0,0,0,5,16,0,15,6,0,0,0,0,0,0,0,0,22,0,5,16,0,0,0,0,0,0,5,16,0,15,6,0,0,0,0,0,0,4,12,22,11,11,16,16,0,0,0,0,11,11,16,16,15,11,12,0,0,0,0
3,3,3,3,3,3,3,3,3,3,3,3,3,3,3,3,3,3,1,1,3,3,3,29,29,29,29,29,29,29,29,29,29,29,29,29,29,29,29,29,29,7,12,29,29,29,29,15,14,14,18,29,20,14,14,14,28,25,14,14,14,23,29,15,3,6,18,29,20,29,1,0,0,6,29,11,0,0,0,26,21,0,0,0,16,29,1,0,0,6,29,11,29,28,7,12,28,29,28,16,2,27,29,29,26,0,21,29,29,28,7,12,28,29,28,20,20,5,9,20,20,20,12,2,20,20,20,19,0,16,20,20,20,5,9,20,20,20,0,0,0,0,0,0,0,0,0,0,0,0,0,0,0,0,0,0,0,0,0,0,0,29,29,29,29,29,29,29,29,29,29,29,29,29,29,29,29,8,0,0,0,0,13,29,6,6,6,6,6,6,6,6,6,6,6,6,6,6,6,6,4,3,3,3,3,5,6,12,12,12,12,12,12,12,12,12,12,12,12,12,12,12,12,12,12,12,12,12,12,12,7,7,7,7,7,7,2,3,7,7,7,7,7,7,2,0,0,0,0,0,0,0,0,29,29,29,29,29,29,7,11,29,29,29,29,29,29,7,0,0,0,0,0,0,0,0,10,10,10,21,29,12,2,4,10,10,10,21,29,12,2,3,17,22,0,3,18,21,0,0,0,0,16,29,1,0,0,0,0,0,16,29,1,0,3,18,22,0,3,18,22,0,23,18,0,16,29,1,16,23,23,23,4,16,29,1,0,3,18,22,0,3,18,22,0,8,6,0,16,29,1,6,8,8,8,1,16,29,1,0,3,18,22,0,3,18,22,0,3,3,3,18,29,5,3,3,3,3,3,18,29,5,1,3,18,22,0,3,18,22,0,29,29,29,29,29,29,29,29,29,29,29,29,29,29,7,0,0,22,0,3,18,0,0,14,14,14,14,14,14,14,14,14,14,14,14,14,14,3,0,0,22,0,3,18,0,0,13,13,13,13,13,13,13,13,13,13,13,13,13,13,13,13,5,22,0,3,18,6,13,2,2,2,2,2,2,2,2,2,2,2,2,2,2,2,2,1,22,0,3,18,1,2,1,1,1,1,0,1,9,9,9,9,9,9,9,0,0,1,9,22,0,3,18,11,0,4,4,4,2,0,0,4,4,4,4,4,4,4,0,0,0,3,3,0,0,3,3,0
21,5,6,20,8,12,10,0,21,0,1,20,8,12,11,8,21,0,1,20,0,0,0,21,12,12,20,21,12,10,0,21,0,1,20,21,12,12,20,21,0,1,20,0,0,0,21,12,12,20,21,12,10,0,21,0,1,20,21,12,12,20,21,0,1,20,0,0,0,21,12,12,20,21,12,10,0,13,0,1,20,21,12,12,20,21,0,1,13,0,0,0,21,12,12,20,21,12,10,0,0,0,1,20,21,12,12,20,21,0,0,0,0,0,0,10,12,11,9,21,6,5,0,0,0,0,9,21,6,7,20,10,0,0,0,0,0,0,0,11,10,0,21,0,0,0,0,0,0,0,21,0,1,20,0,0,0,0,0,0,0,0,11,10,0,21,0,0,0,0,0,0,0,21,0,1,20,0,0,0,0,0,0,0,21,12,12,20,21,12,10,0,21,0,1,20,21,12,12,20,21,0,1,20,0,0,0,21,12,12,20,21,12,10,0,21,0,1,20,21,12,12,20,21,0,1,20,0,0,0,21,5,6,20,8,12,10,0,21,0,1,20,8,12,11,7,21,0,1,20,0,1,8,9,6,5,9,10,5,4,0,21,0,0,9,10,5,5,9,9,0,1,20,0,4,22,0,11,10,0,21,0,0,0,21,0,0,0,21,0,1,20,0,0,1,20,0,4,22,0,11,12,12,21,0,0,4,21,3,2,0,21,8,8,20,0,2,4,20,0,4,22,0,11,12,20,21,0,1,20,21,12,10,0,21,12,12,20,0,11,12,20,0,4,22,0,11,12,20,21,0,1,20,21,12,10,0,21,12,12,20,0,11,12,20,0,4,22,19,27,12,20,21,26,11,20,11,12,12,25,28,12,12,28,25,12,11,11,0,4,22,21,7,2,4,5,16,10,0,0,0,1,23,6,2,2,6,23,0,0,0,0,0,1,21,0,1,11,0,11,10,0,12,0,1,20,0,6,6,0,21,0,1,11,0,0,0,21,0,1,20,0,11,10,0,21,0,1,20,0,11,10,0,21,0,1,20,0,0,0,21,0,1,20,0,11,12,13,21,8,8,20,0,11,10,0,21,8,8,20,0,0,0,21,5,6,20,8,12,12,20,21,12,12,20,8,12,11,8,21,12,12,20,0,0,3,21,12,12,20,21,12,12,20,21,12,12,20,21,12,12,20,21,12,12,20,0,4,22
0,16,5,0,22,0,6,15,0,16,5,0,22,0,6,15,0,16,5,0,22,0,4,0,10,3,0,22,0,4,10,0,16,5,0,14,0,6,15,0,10,3,0,22,0,3,0,0,0,0,23,5,2,2,5,19,5,0,0,0,6,18,5,2,2,5,23,0,0,20,8,9,14,24,28,12,15,26,26,11,14,11,15,11,26,25,16,12,28,23,15,7,22,16,12,15,0,16,12,15,22,0,6,15,22,16,5,0,22,16,12,15,0,16,10,22,16,12,15,0,16,12,15,22,0,6,15,22,16,5,0,22,16,12,15,0,16,10,6,16,7,4,0,16,10,10,22,0,1,4,22,4,1,0,22,10,10,15,0,4,6,0,16,5,0,0,16,5,0,22,0,0,0,22,0,0,0,22,0,6,15,0,0,4,0,16,5,0,8,8,5,5,11,6,2,0,22,0,2,5,11,6,5,7,8,0,4,0,16,5,0,22,5,8,15,7,16,5,0,22,0,6,15,7,16,8,5,22,0,4,0,16,5,0,22,16,12,15,22,16,5,0,22,0,6,15,22,16,12,15,22,0,4,0,16,5,0,22,16,12,15,22,16,5,0,22,0,6,15,22,16,12,15,22,0,4,0,0,0,0,0,16,6,0,22,0,0,0,0,0,0,0,22,0,7,15,0,0,0,0,0,0,0,0,16,5,0,22,0,0,0,0,0,0,0,22,0,6,15,0,0,0,0,0,0,0,9,16,8,6,22,6,2,0,0,0,2,6,22,6,9,15,9,0,0,0,0,0,0,22,16,12,15,22,16,5,0,0,0,6,15,22,16,12,15,22,0,0,0,9,3,0,22,16,12,15,22,16,5,0,13,0,6,15,22,16,12,15,22,0,2,0,16,5,0,22,16,12,15,22,16,5,0,22,0,6,15,22,16,12,15,22,0,4,0,16,5,0,22,16,12,15,22,16,5,0,22,0,6,15,22,16,12,15,22,0,4,0,16,5,0,22,7,9,15,9,16,5,0,22,0,6,15,9,16,9,6,22,0,4,4,16,7,3,22,3,8,15,4,16,7,3,22,3,8,15,4,16,7,3,22,3,6,22,16,12,15,22,16,12,15,22,16,12,15,22,16,12,15,22,16,12,15,22,16,10,22,16,12,15,22,16,12,15,22,16,12,15,22,16,12,15,22,16,12,15,22,16,10
22,13,12,18,22,5,7,18,9,13,12,18,22,13,12,18,9,13,10,7,22,13,12,22,13,12,18,22,13,12,18,22,13,12,18,22,13,12,18,22,13,12,18,22,13,12,9,13,10,8,22,13,12,18,22,13,10,8,22,6,7,18,22,13,12,18,22,6,7,0,13,8,0,22,9,9,18,15,13,8,0,22,0,3,18,15,13,11,12,22,0,3,0,13,8,0,22,0,3,18,0,13,8,0,22,0,3,18,0,13,8,0,22,0,3,0,8,5,0,22,0,2,12,0,13,8,0,14,0,3,18,0,8,5,0,22,0,2,5,2,2,5,24,0,0,0,0,13,13,3,3,2,9,18,0,0,0,0,23,5,2,28,13,12,28,26,12,10,9,20,12,27,18,22,13,27,17,20,6,8,17,21,28,12,22,13,12,18,0,13,12,18,22,0,3,18,22,13,8,0,22,13,12,18,0,13,12,22,13,12,18,0,13,12,18,22,0,3,18,22,13,8,0,22,13,12,18,0,13,12,22,8,9,18,0,3,6,18,6,0,3,18,14,13,8,0,6,13,10,5,0,13,11,22,0,3,18,0,0,3,18,0,0,3,18,0,13,8,0,0,13,8,0,0,13,8,11,5,5,9,8,0,3,18,0,5,5,9,8,6,5,6,0,13,8,0,8,6,5,7,13,10,6,22,0,3,18,0,13,10,6,22,4,6,18,0,13,8,0,22,4,6,22,13,12,18,22,0,3,18,0,13,12,18,22,13,12,18,0,13,8,0,22,13,12,22,13,12,18,22,0,3,18,0,13,12,18,22,13,12,18,0,13,8,0,22,13,12,22,0,4,18,0,0,0,0,0,0,4,18,0,13,9,0,0,0,0,0,0,13,9,22,0,3,18,0,0,0,0,0,0,3,18,0,13,8,0,0,0,0,0,0,13,8,22,5,7,18,9,0,0,0,0,5,7,18,9,13,10,7,0,0,0,0,9,13,10,22,13,12,18,22,0,0,0,0,13,12,18,22,13,12,18,0,0,0,0,22,13,12,22,13,12,18,22,0,2,10,0,13,12,18,22,13,12,18,0,7,5,0,22,13,12,22,13,12,18,22,0,3,18,0,13,12,18,22,13,12,18,0,13,8,0,22,13,12,22,13,12,18,22,0,3,18,0,13,12,18,22,13,12,18,0,13,8,0,22,13,12
6,24,13,12,21,6,13,12,18,0,13,12,18,5,17,12,18,23,6,6,18,22,13,0,22,13,12,18,0,13,12,18,0,13,12,18,0,13,12,18,22,0,3,18,22,13,0,22,13,12,18,0,8,9,18,0,13,11,11,0,13,12,18,22,0,2,11,22,8,0,22,0,3,18,0,0,3,18,0,13,8,0,0,13,8,0,22,0,0,0,22,0,0,19,0,3,15,0,0,3,18,0,13,8,0,0,11,7,0,19,0,0,0,22,0,18,0,13,8,0,22,0,3,18,0,13,8,0,22,0,3,18,0,13,8,0,22,0,18,22,13,12,18,22,0,3,18,0,13,8,0,22,13,12,18,22,13,8,0,22,0,18,22,13,12,18,22,0,3,18,0,13,8,0,22,13,12,18,22,13,8,0,22,0,6,22,5,7,18,8,0,1,6,0,5,3,0,8,13,10,6,22,5,3,0,8,0,0,22,0,3,18,0,0,0,0,0,0,0,0,0,13,8,0,22,0,0,0,0,0,1,22,0,4,18,1,0,0,0,0,0,0,0,1,13,9,1,22,0,0,0,0,0,18,22,13,12,18,22,0,0,0,0,0,0,0,22,13,12,18,22,13,8,0,0,0,18,22,13,12,18,22,0,0,4,0,3,2,0,22,13,12,18,22,13,8,0,5,0,18,22,13,12,18,22,0,3,18,0,13,8,0,22,13,12,18,22,13,8,0,22,0,18,22,13,12,18,22,0,3,18,0,13,8,0,22,13,12,18,22,13,8,0,22,0,18,17,13,12,14,22,0,3,18,0,13,8,0,22,10,10,18,17,13,8,0,22,0,18,0,13,8,0,22,0,3,18,0,13,8,0,22,0,3,18,0,13,8,0,22,0,18,19,13,12,16,22,12,11,18,0,13,12,16,22,12,11,18,19,13,12,16,22,12,18,22,13,12,18,22,13,12,18,0,13,12,18,22,13,12,18,22,13,12,18,22,13,16,22,12,11,18,19,13,12,16,0,12,11,18,19,13,12,16,22,12,11,18,19,13,7,24,0,3,21,7,18,8,0,0,0,3,21,7,18,8,0,23,7,10,18,0,13,25,27,0,3,28,25,27,8,0,0,0,3,28,25,27,8,0,23,25,25,18,0,13,0,22,0,3,18,0,13,8,0,0,0,3,18,0,13,8,0,22,0,3,18,0,13
0,1,20,0,11,10,0,21,0,1,20,0,11,10,0,21,0,1,20,0,11,10,0,0,1,20,0,11,10,0,21,0,1,20,0,11,10,0,21,0,1,20,0,11,10,0,0,1,20,0,11,10,0,21,0,1,20,0,11,10,0,21,0,1,20,0,11,10,0,0,1,20,0,11,10,0,21,0,1,20,0,11,10,0,21,0,1,20,0,11,10,0,4,6,20,8,12,11,8,21,5,6,20,8,12,11,8,21,5,6,20,8,12,11,5,11,12,20,21,12,12,20,21,12,12,20,21,12,12,20,21,12,12,20,21,12,12,12,11,12,20,21,12,12,20,21,12,12,20,21,12,12,20,21,12,12,20,21,12,12,12,11,12,20,21,12,12,20,21,12,12,20,21,12,12,20,21,12,12,20,21,12,12,12,5,7,20,10,12,11,10,21,6,7,20,10,12,11,10,21,6,7,20,10,12,11,6,0,1,23,7,16,10,0,21,8,9,20,0,11,16,7,24,0,1,23,7,16,10,0,0,1,25,25,26,10,0,18,25,25,20,0,9,25,25,28,0,1,25,25,26,10,0,0,2,3,3,12,10,1,3,3,3,20,0,3,3,2,21,0,2,3,3,12,10,0,0,18,28,29,12,10,8,28,29,12,20,0,28,29,20,21,0,18,28,29,12,10,0,0,0,0,21,12,10,0,0,11,12,20,0,0,1,20,21,0,0,0,21,12,10,0,0,0,6,21,12,10,0,7,12,12,20,0,3,5,20,21,0,0,6,21,12,10,0,0,1,20,16,12,10,0,21,10,10,20,0,11,12,16,21,0,1,20,16,12,10,0,0,1,23,9,17,10,0,21,10,11,20,0,11,17,9,24,0,1,23,9,17,10,0,0,1,22,22,22,8,0,16,22,22,16,0,9,22,22,22,0,1,22,22,22,8,0,0,0,0,0,0,0,0,0,0,0,0,0,0,0,0,0,0,0,0,0,0,0,0,1,17,17,17,17,17,17,17,17,17,17,17,17,17,17,17,17,17,17,17,17,17,7,0,0,4,0,2,2,0,4,0,0,4,0,2,2,0,4,0,0,4,0,2,2,0,0,1,20,0,11,10,0,21,0,1,20,0,11,10,0,21,0,1,20,0,11,10,0,0,1,20,0,11,10,0,21,0,1,20,0,11,10,0,21,0,1,20,0,11,10,0
2,2,2,2,6,18,0,1,29,29,29,29,29,29,13,0,0,0,16,29,1,6,29,9,3,0,0,3,18,0,0,12,12,12,12,12,23,13,0,0,0,16,29,1,6,29,6,2,0,0,3,18,0,0,0,0,0,0,0,18,13,0,0,0,16,29,1,6,29,17,17,17,7,3,24,13,13,13,13,13,13,10,18,13,0,0,0,16,29,1,6,29,0,0,0,0,3,20,2,2,2,2,2,2,2,18,13,0,0,0,16,29,1,6,29,17,17,17,17,17,13,0,1,17,17,17,17,17,25,13,0,0,0,16,29,1,6,29,0,0,0,0,0,0,0,1,29,29,29,29,29,29,13,0,0,0,16,29,1,6,29,0,0,0,0,0,0,0,0,0,0,0,0,0,0,0,0,0,0,16,29,1,6,29,17,17,17,17,17,17,17,17,17,17,17,17,17,17,17,6,0,0,16,29,1,6,29,1,1,1,1,0,1,1,1,1,1,1,1,0,0,0,0,0,0,16,29,1,6,29,29,29,29,27,0,21,29,29,29,29,29,27,0,0,0,0,0,0,16,29,1,6,29,17,17,17,15,0,12,24,29,17,17,17,15,0,0,0,0,0,0,16,29,1,6,29,1,0,0,0,0,0,16,29,1,0,0,0,0,0,0,0,0,0,16,29,1,6,29,1,12,17,17,17,3,16,29,1,4,17,17,17,17,8,0,0,0,16,29,1,6,29,1,10,14,14,14,2,16,29,1,3,14,14,14,24,13,0,0,0,16,29,1,6,29,1,0,0,0,0,0,16,29,1,0,0,0,0,18,13,0,0,0,16,29,1,6,29,28,27,27,27,27,27,29,29,28,27,27,26,0,18,13,0,0,0,16,29,1,6,29,20,20,20,20,20,20,20,20,20,20,20,19,0,18,13,0,0,0,4,7,0,1,7,7,7,7,7,7,7,7,7,7,7,7,7,5,18,13,0,0,0,2,4,0,1,4,8,8,8,8,8,8,8,8,8,8,8,8,6,18,13,0,0,0,16,29,1,6,29,3,3,3,3,3,2,0,0,0,0,0,0,0,18,13,0,0,0,16,29,1,6,29,12,12,12,12,15,18,0,1,25,25,25,25,25,28,13,0,0,0,16,29,1,6,29,0,0,0,0,3,18,0,1,22,22,22,22,22,27,13,0,0,0,16,29,1,6,29
0,0,0,0,22,16,12,15,22,16,5,0,0,0,6,15,22,16,12,15,22,0,0,0,0,0,0,18,16,11,12,22,13,4,0,0,0,5,12,22,13,11,15,18,0,0,0,0,0,0,0,16,5,0,22,0,0,0,0,0,0,0,22,0,6,15,0,0,0,0,0,0,0,0,16,5,0,22,0,0,0,0,0,0,0,22,0,6,15,0,0,0,0,11,3,0,15,16,10,10,22,11,3,0,15,0,4,10,22,11,10,15,15,0,3,0,16,5,0,22,16,12,15,22,16,5,0,22,0,6,15,22,16,12,15,22,0,4,0,16,5,0,22,11,11,15,16,16,5,0,22,0,6,15,16,16,10,11,22,0,4,0,16,5,0,17,2,6,12,3,13,4,0,22,0,5,12,3,13,5,2,17,0,4,0,16,5,0,0,16,5,0,22,0,0,0,22,0,0,0,22,0,6,15,0,0,4,0,16,5,0,0,16,7,4,22,0,0,0,22,0,0,0,22,4,8,15,0,0,4,20,16,12,14,0,16,12,15,22,0,6,14,22,15,5,0,22,16,12,15,0,15,10,22,16,12,15,0,16,12,15,22,0,6,15,22,16,5,0,22,16,12,15,0,16,10,22,14,12,15,14,23,12,15,25,15,10,15,19,16,9,15,24,16,12,23,13,16,10,6,0,2,4,25,17,7,8,15,24,8,4,0,5,8,23,14,9,7,17,24,5,1,0,3,1,0,22,0,1,3,0,16,5,0,5,0,6,15,0,3,1,0,22,0,1,0,16,5,0,22,0,6,15,0,16,5,0,22,0,6,15,0,16,5,0,22,0,4,6,16,8,4,22,0,6,15,0,16,8,4,22,5,8,15,0,16,5,0,22,5,6,22,16,12,15,22,1,7,15,1,16,12,15,22,16,12,15,1,16,6,1,22,16,10,22,16,12,15,22,16,12,15,22,16,12,15,22,16,12,15,22,16,12,15,22,16,10,18,16,11,12,22,16,12,15,22,16,11,12,22,13,11,15,22,16,12,15,22,13,9,0,16,5,0,22,16,12,15,22,16,5,0,22,0,6,15,22,16,12,15,22,0,4,0,16,5,0,22,2,7,15,3,16,5,0,22,0,6,15,3,16,7,2,22,0,4,15,16,10,10,22,11,10,15,15,16,10,10,22,11,10,15,15,16,10,10,22,11,8
10,19,22,12,12,19,22,12,12,19,19,12,12,19,22,12,12,19,22,12,12,17,22,2,14,22,9,9,17,16,12,12,14,0,9,10,19,16,11,10,14,22,9,7,0,16,4,0,22,0,0,0,0,12,9,0,10,0,2,19,0,0,0,0,22,0,1,9,0,11,19,22,12,9,0,22,12,12,19,22,12,12,19,22,0,2,19,22,12,12,19,22,11,19,22,12,9,0,22,12,12,19,22,12,12,19,22,0,2,19,22,12,12,19,22,11,19,22,12,9,0,22,12,12,19,22,12,12,19,22,0,2,19,22,12,12,19,22,11,19,22,12,9,0,22,12,12,19,22,12,12,19,22,0,2,19,22,12,12,19,22,9,1,22,12,9,0,22,12,10,1,22,1,3,19,22,0,2,19,22,1,3,19,2,8,0,22,12,9,0,22,12,9,0,22,0,2,19,22,0,2,19,22,0,2,19,0,1,0,2,12,9,0,22,1,0,0,3,0,0,1,22,0,2,19,2,0,0,2,0,0,0,6,20,9,0,22,13,0,0,0,0,0,11,26,0,2,24,10,0,0,0,0,0,0,8,18,6,0,14,18,1,0,0,0,0,15,18,0,1,18,13,0,0,0,0,1,0,0,0,0,0,0,0,0,0,0,0,0,0,0,0,0,0,0,0,0,0,0,1,0,0,0,0,0,0,0,0,0,0,0,0,0,0,0,0,0,0,0,0,0,0,1,0,0,0,0,0,0,0,0,0,0,0,0,0,0,0,0,0,0,0,0,0,0,1,0,0,0,0,0,0,0,0,0,0,0,0,0,0,0,0,0,0,0,0,0,0,1,0,8,17,5,0,13,17,1,0,0,0,0,14,17,0,1,17,13,0,0,0,0,0,0,6,21,9,0,22,14,0,0,0,0,0,11,26,0,2,24,10,0,0,0,0,0,0,1,12,9,0,22,0,0,0,1,0,0,1,22,0,2,19,1,0,0,1,0,8,0,22,12,9,0,22,12,9,0,22,0,2,19,22,0,2,19,22,0,2,19,0,9,0,22,12,9,0,22,12,10,0,22,0,3,19,22,0,2,19,22,0,3,19,0,11,19,22,12,9,0,22,12,12,19,22,12,12,19,22,0,2,19,22,12,12,19,22,11,19,22,12,9,0,22,12,12,19,22,12,12,19,22,0,2,19,22,12,12,19,22
0,1,26,17,22,10,0,21,18,18,20,0,11,22,17,26,0,1,26,17,22,10,0,0,0,14,14,20,10,0,10,14,15,20,0,5,14,14,25,0,0,14,14,20,10,0,0,8,13,13,12,10,4,13,13,7,20,0,13,13,9,21,0,8,13,13,12,10,0,0,12,18,27,12,10,5,18,23,12,20,0,18,19,20,21,0,12,18,27,12,10,0,0,0,0,21,12,10,0,0,11,12,20,0,0,1,20,21,0,0,0,21,12,10,0,0,1,13,21,12,10,0,14,12,12,20,0,7,9,20,21,0,1,13,21,12,10,0,0,1,20,15,12,10,0,21,9,9,20,0,11,12,14,21,0,1,20,15,12,10,0,0,1,26,19,23,10,0,21,20,20,20,0,11,23,19,27,0,1,26,19,23,10,0,0,0,12,12,12,4,0,9,12,12,9,0,5,12,12,12,0,0,12,12,12,4,0,0,7,7,7,7,7,7,7,7,7,7,7,7,7,7,7,7,7,7,7,7,7,3,0,8,8,8,8,8,8,8,8,8,8,8,8,8,8,8,8,8,8,8,8,8,3,0,0,10,0,6,5,0,10,0,1,11,0,5,5,0,11,0,0,10,0,6,5,0,0,1,20,0,11,10,0,21,0,1,20,0,11,10,0,21,0,1,20,0,11,10,0,0,1,20,0,11,10,0,21,0,1,20,0,11,10,0,21,0,1,20,0,11,10,0,0,1,20,0,11,10,0,21,0,1,20,0,11,10,0,21,0,1,20,0,11,10,0,0,1,20,0,11,10,0,21,0,1,20,0,11,10,0,21,0,1,20,0,11,10,0,4,6,20,8,12,11,8,21,5,6,20,8,12,11,8,21,5,6,20,8,12,11,5,11,12,20,21,12,12,20,21,12,12,20,21,12,12,20,21,12,12,20,21,12,12,12,11,12,20,21,12,12,20,21,12,12,20,21,12,12,20,21,12,12,20,21,12,12,12,11,12,20,21,12,12,20,21,12,12,20,21,12,12,20,21,12,12,20,21,12,12,12,5,7,20,10,12,11,10,21,6,7,20,10,12,11,10,21,6,7,20,10,12,11,6,0,1,23,7,16,10,0,21,8,9,20,0,11,16,7,24,0,1,23,7,16,10,0,0,1,28,25,25,9,0,21,25,25,17,0,11,26,25,25,0,1,28,25,25,9,0
3,3,3,3,3,3,3,3,3,3,3,3,3,3,3,3,3,3,3,1,1,3,3,29,29,29,29,29,29,29,29,29,29,29,29,29,29,29,29,29,29,29,7,12,29,29,23,29,15,14,14,18,29,20,14,14,14,28,25,14,14,14,23,29,15,3,6,18,29,16,29,1,0,0,6,29,11,0,0,0,26,21,0,0,0,16,29,1,0,0,6,29,29,29,28,7,12,28,29,28,16,2,27,29,29,26,0,21,29,29,28,7,12,28,29,20,20,20,5,9,20,20,20,12,2,20,20,20,19,0,16,20,20,20,5,9,20,20,0,0,0,0,0,0,0,0,0,0,0,0,0,0,0,0,0,0,0,0,0,0,0,29,29,29,29,29,29,29,29,29,29,29,29,29,29,29,29,29,8,0,0,0,0,13,6,6,6,6,6,6,6,6,6,6,6,6,6,6,6,6,6,4,3,3,3,3,5,12,12,12,12,12,12,12,12,12,12,12,12,12,12,12,12,12,12,12,12,12,12,12,3,7,7,7,7,7,7,2,3,7,7,7,7,7,7,2,0,0,0,0,0,0,0,11,29,29,29,29,29,29,7,11,29,29,29,29,29,29,7,0,0,0,0,0,0,0,4,10,10,10,21,29,12,2,4,10,10,10,21,29,12,2,3,17,22,0,3,18,21,0,0,0,0,16,29,1,0,0,0,0,0,16,29,1,0,3,18,22,0,3,18,22,23,23,18,0,16,29,1,16,23,23,23,4,16,29,1,0,3,18,22,0,3,18,22,8,8,6,0,16,29,1,6,8,8,8,1,16,29,1,0,3,18,22,0,3,18,22,1,3,3,3,18,29,5,3,3,3,3,3,18,29,5,1,3,18,22,0,3,18,22,11,29,29,29,29,29,29,29,29,29,29,29,29,29,29,7,0,0,22,0,3,18,0,5,14,14,14,14,14,14,14,14,14,14,14,14,14,14,3,0,0,22,0,3,18,0,13,13,13,13,13,13,13,13,13,13,13,13,13,13,13,13,13,5,22,0,3,18,6,2,2,2,2,2,2,2,2,2,2,2,2,2,2,2,2,2,1,22,0,3,18,1,1,1,1,1,1,0,1,9,9,9,9,9,9,9,0,0,1,9,22,0,3,18,11,4,4,4,4,2,0,0,4,4,4,4,4,4,4,0,0,0,3,3,0,0,3,3
0,3,18,0,13,8,0,22,0,3,18,0,13,8,0,22,0,3,18,0,13,8,0,0,3,18,0,13,8,0,22,0,3,18,0,13,8,0,22,0,3,18,0,13,8,0,0,3,18,0,13,8,0,22,0,3,18,0,13,8,0,22,0,3,18,0,13,8,0,0,3,18,0,13,8,0,22,0,3,18,0,13,8,0,22,0,3,18,0,13,8,0,5,7,18,9,13,10,7,22,5,7,18,9,13,10,7,22,5,7,18,9,13,10,7,13,12,18,22,13,12,18,22,13,12,18,22,13,12,18,22,13,12,18,22,13,12,18,13,12,18,22,13,12,18,22,13,12,18,22,13,12,18,22,13,12,18,22,13,12,18,13,12,18,22,13,12,18,22,13,12,18,22,13,12,18,22,13,12,18,22,13,12,18,6,8,18,11,13,10,9,22,6,8,18,11,13,10,9,22,6,8,18,11,13,10,9,7,10,18,0,13,14,7,24,0,3,21,7,18,8,0,23,7,10,18,0,13,14,7,25,25,18,0,11,25,25,27,0,3,25,25,27,8,0,20,25,25,18,0,11,25,25,3,5,18,0,3,3,2,22,0,2,3,3,13,8,1,3,3,5,18,0,3,3,2,29,12,18,0,28,29,18,22,0,20,28,28,13,8,10,28,29,12,18,0,28,29,18,13,12,18,0,0,3,18,22,0,0,0,22,13,8,0,0,13,12,18,0,0,3,18,13,12,18,0,4,6,18,22,0,1,6,22,13,8,0,7,13,12,18,0,4,6,18,10,10,18,0,13,12,14,22,0,3,18,17,13,8,0,22,10,10,18,0,13,12,14,9,12,18,0,13,15,9,25,0,3,22,9,19,8,0,23,9,12,18,0,13,15,9,22,22,14,0,10,22,22,22,0,3,22,22,22,6,0,18,22,22,14,0,10,22,22,0,0,0,0,0,0,0,0,0,0,0,0,0,0,0,0,0,0,0,0,0,0,0,17,17,17,17,17,17,17,17,17,17,17,17,17,17,17,17,17,17,17,17,17,17,17,0,0,3,0,2,1,0,4,0,0,3,0,2,1,0,4,0,0,3,0,2,1,0,0,3,18,0,13,8,0,22,0,3,18,0,13,8,0,22,0,3,18,0,13,8,0,0,3,18,0,13,8,0,22,0,3,18,0,13,8,0,22,0,3,18,0,13,8,0
23,25,0,13,29,4,0,0,0,5,29,29,29,29,29,29,10,0,10,13,2,2,2,23,25,0,13,29,4,0,0,0,5,28,12,12,12,12,12,4,0,10,11,0,0,0,23,25,0,13,29,4,0,0,0,5,26,0,0,0,0,0,0,0,10,11,0,0,0,23,25,0,13,29,4,0,0,0,5,26,6,13,13,13,13,13,13,19,11,2,17,13,23,25,0,13,29,4,0,0,0,5,26,1,2,2,2,2,2,2,12,11,0,0,0,23,25,0,13,29,4,0,0,0,5,28,17,17,17,17,17,6,0,7,18,17,17,13,23,25,0,13,29,4,0,0,0,5,29,29,29,29,29,29,10,0,0,0,0,0,0,23,25,0,13,29,4,0,0,0,0,0,0,0,0,0,0,0,0,0,0,0,0,0,23,25,0,13,29,4,0,0,1,17,17,17,17,17,17,17,17,17,17,17,17,17,13,23,25,0,13,29,4,0,0,0,0,0,0,1,1,1,1,1,1,1,0,1,1,1,23,25,0,13,29,4,0,0,0,0,0,0,18,29,29,29,29,29,29,0,18,29,23,23,25,0,13,29,4,0,0,0,0,0,0,10,17,17,17,27,27,17,0,10,17,13,23,25,0,13,29,4,0,0,0,0,0,0,0,0,0,0,23,25,0,0,0,0,0,23,25,0,13,29,4,0,0,0,3,17,17,17,17,9,0,23,25,0,16,17,17,14,23,25,0,13,29,4,0,0,0,5,28,14,14,14,7,0,23,25,0,13,14,14,11,23,25,0,13,29,4,0,0,0,5,26,0,0,0,0,0,23,25,0,0,0,0,0,23,25,0,13,29,4,0,0,0,5,26,0,17,27,27,27,29,29,27,27,27,27,22,6,6,0,3,7,1,0,0,0,5,26,0,13,20,20,20,20,20,20,20,20,20,16,3,4,0,2,4,0,0,0,0,5,26,3,7,7,7,7,7,7,7,7,7,7,6,23,25,0,13,29,4,0,0,0,5,26,3,8,8,8,8,8,8,8,8,8,8,7,23,25,0,13,29,4,0,0,0,5,26,0,0,0,0,0,0,0,1,3,3,3,3,23,25,0,13,29,4,0,0,0,5,29,25,25,25,25,25,9,0,10,19,12,12,10,23,25,0,13,29,4,0,0,0,5,29,22,22,22,22,22,8,0,10,11,0,0,0
18,19,13,12,18,22,13,12,18,22,13,12,15,22,13,12,18,22,13,12,18,22,11,13,22,9,10,18,16,13,11,13,22,9,10,18,16,13,11,13,22,9,10,18,16,13,0,22,0,3,18,3,13,9,2,22,0,3,18,0,13,9,2,22,1,5,18,0,13,0,22,0,3,18,22,13,12,18,22,0,3,18,0,13,12,18,22,13,12,18,0,13,13,22,10,10,18,22,13,12,18,22,10,10,18,16,13,12,18,22,13,12,18,16,13,18,22,13,12,18,22,13,12,18,22,13,12,18,22,13,12,18,22,13,12,18,22,13,18,22,13,12,18,2,13,9,1,22,13,12,18,22,13,9,1,22,1,4,18,22,13,6,22,4,6,18,0,13,8,0,22,4,6,18,7,13,8,0,22,0,3,18,7,13,0,22,0,3,18,0,13,8,0,22,0,3,18,0,13,8,0,22,0,3,18,0,13,0,6,0,3,18,0,4,2,0,22,0,1,5,0,13,8,0,6,0,3,18,0,4,4,0,3,6,24,15,6,6,15,26,3,2,0,5,13,20,10,11,7,17,18,5,0,18,19,13,11,17,26,13,12,25,16,13,12,15,22,7,18,18,22,13,20,10,22,11,18,22,13,8,0,22,13,12,18,0,13,12,18,22,0,3,18,22,13,8,0,22,13,17,22,13,8,0,22,13,12,18,0,13,12,18,21,0,3,18,22,13,8,0,21,13,0,22,0,0,0,22,4,6,18,0,0,3,18,0,0,3,18,6,13,8,0,0,13,0,22,0,0,0,22,0,3,18,0,0,3,18,0,0,3,18,0,13,8,0,0,13,0,22,0,2,13,3,9,6,3,16,0,3,18,0,9,6,3,16,2,4,13,0,13,0,22,0,3,18,15,13,11,12,22,0,3,18,0,13,11,12,22,9,9,18,0,13,0,22,0,3,18,22,13,12,18,22,0,3,18,0,13,12,18,22,13,12,18,0,13,0,16,0,2,13,22,9,10,18,16,0,2,13,0,9,10,18,16,13,11,13,0,9,0,0,0,0,0,22,0,3,18,0,0,0,0,0,0,3,18,0,13,8,0,0,0,0,0,0,0,0,22,0,3,18,0,0,0,0,0,0,3,18,0,13,8,0,0,0,0,0,0,2,13,22,10,10,18,16,0,0,0,0,10,10,18,16,13,11,13,0,0
0,0,11,7,0,19,0,0,0,22,0,0,0,19,0,3,15,0,0,3,18,0,0,0,22,0,3,18,0,13,8,0,22,0,3,18,0,13,8,0,22,0,3,18,0,13,0,22,13,12,18,22,13,8,0,22,0,3,18,22,13,12,18,22,0,3,18,0,13,0,22,13,12,18,22,13,8,0,22,0,3,18,22,13,12,18,22,0,3,18,0,13,0,8,13,10,6,22,5,3,0,8,0,1,6,22,5,7,18,8,0,1,6,0,5,0,0,13,8,0,22,0,0,0,0,0,0,0,22,0,3,18,0,0,0,0,0,0,0,1,13,9,1,22,0,0,0,0,0,0,1,22,0,4,18,1,0,0,0,0,0,0,22,13,12,18,22,13,8,0,0,0,3,18,22,13,12,18,22,0,0,0,0,13,0,22,13,12,18,22,13,8,0,5,0,3,18,22,13,12,18,22,0,0,4,0,13,0,22,13,12,18,22,13,8,0,22,0,3,18,22,13,12,18,22,0,3,18,0,13,0,22,13,12,18,22,13,8,0,22,0,3,18,22,13,12,18,22,0,3,18,0,13,0,22,10,10,18,17,13,8,0,22,0,3,18,17,13,12,14,22,0,3,18,0,13,0,22,0,3,18,0,13,8,0,22,0,3,18,0,13,8,0,22,0,3,18,0,13,16,22,12,11,18,19,13,12,16,22,12,11,18,19,13,12,16,22,12,11,18,19,13,18,22,13,12,18,22,13,12,18,22,13,12,18,22,13,12,18,22,13,12,18,22,13,18,19,13,12,16,22,12,11,18,19,13,12,16,22,12,11,18,19,13,12,16,22,12,21,7,18,8,0,23,7,10,18,0,13,14,7,24,0,3,21,7,18,8,0,23,7,28,25,27,8,0,23,25,25,18,0,13,26,25,27,0,3,28,25,27,8,0,23,25,18,0,13,8,0,22,0,3,18,0,13,8,0,22,0,3,18,0,13,8,0,22,0,18,0,13,8,0,22,0,3,18,0,13,8,0,22,0,3,18,0,13,8,0,22,0,18,0,13,8,0,22,0,3,18,0,13,8,0,22,0,3,18,0,13,8,0,22,0,18,0,13,8,0,22,0,3,18,0,13,8,0,22,0,3,18,0,13,8,0,22,0,18,0,13,8,0,22,0,3,18,0,13,8,0,22,0,3,18,0,13,8,0,22,0
18,22,13,12,18,22,11,11,18,22,13,12,18,22,13,12,18,19,13,12,18,22,13,13,22,9,10,18,16,13,11,13,22,9,10,18,16,13,11,13,22,9,10,18,16,13,2,22,1,5,18,0,13,8,0,22,1,5,18,3,13,8,0,22,0,3,18,3,13,18,22,13,12,18,0,13,8,0,22,13,12,18,22,13,8,0,22,0,3,18,22,13,18,22,13,12,18,16,13,11,13,22,13,12,18,22,13,11,13,22,10,10,18,22,13,18,22,13,12,18,22,13,12,18,22,13,12,18,22,13,12,18,22,13,12,18,22,13,1,22,1,4,18,22,13,12,18,22,1,4,18,2,13,12,18,22,13,12,18,2,13,0,22,0,3,18,7,13,10,6,22,0,3,18,0,13,10,6,22,4,6,18,0,13,0,22,0,3,18,0,13,8,0,22,0,3,18,0,13,8,0,22,0,3,18,0,13,0,6,0,3,18,0,4,2,0,22,0,1,5,0,13,8,0,6,0,3,18,0,4,10,11,7,17,18,5,0,0,4,23,15,6,9,12,22,9,4,0,3,6,24,15,6,18,22,13,20,10,22,11,11,18,13,23,12,18,23,17,9,18,19,13,11,17,26,13,18,22,13,8,0,22,13,12,18,0,13,12,18,22,0,3,18,22,13,8,0,22,13,18,22,13,8,0,21,13,12,17,0,13,12,18,22,0,3,17,22,13,8,0,22,13,18,6,13,8,0,0,13,8,0,0,13,10,5,22,0,0,0,22,0,0,0,22,4,18,0,13,8,0,0,13,8,0,0,13,8,0,22,0,0,0,22,0,0,0,22,0,3,16,2,4,13,0,13,8,0,16,2,4,13,3,9,6,0,22,0,2,13,3,9,12,22,9,9,18,0,13,8,0,22,9,9,18,15,13,8,0,22,0,3,18,15,13,18,22,13,12,18,0,13,8,0,22,13,12,18,22,13,8,0,22,0,3,18,22,13,18,16,13,11,13,0,9,6,0,16,13,11,13,22,9,6,0,16,0,2,13,22,9,18,0,13,8,0,0,0,0,0,0,13,8,0,22,0,0,0,0,0,0,0,22,0,18,0,13,8,0,0,0,0,0,0,13,8,0,22,0,0,0,0,0,0,0,22,0,18,16,13,11,13,0,0,0,0,16,13,11,13,22,10,6,0,0,0,2,13,22,10
18,0,13,8,0,22,0,3,18,0,13,8,0,22,0,3,18,0,13,8,0,0,0,18,0,13,8,0,22,0,3,18,0,13,8,0,22,0,3,18,0,13,8,0,0,0,18,0,13,8,0,22,0,3,18,0,13,8,0,22,0,3,18,0,13,8,0,0,0,18,0,13,8,0,22,0,3,18,0,13,8,0,22,0,3,18,0,13,8,0,0,0,18,9,13,10,7,22,5,7,18,9,13,10,7,22,5,7,18,9,13,10,7,0,5,18,22,13,12,18,22,13,12,18,22,13,12,18,22,13,12,18,22,13,12,18,0,13,18,22,13,12,18,22,13,12,18,22,13,12,18,22,13,12,18,22,13,12,18,0,13,18,22,13,12,18,22,13,12,18,22,13,12,18,22,13,12,18,22,13,12,18,0,13,18,11,13,10,9,22,6,8,18,11,13,10,9,22,6,8,18,11,13,10,9,0,6,21,7,18,8,0,23,7,10,18,0,13,14,7,24,0,3,21,7,18,8,0,0,0,25,25,27,8,0,20,25,25,18,0,11,25,25,27,0,3,25,25,27,8,0,0,0,3,3,13,8,1,3,3,5,18,0,3,3,2,22,0,2,3,3,13,8,0,0,0,28,28,13,8,10,28,29,12,18,0,28,29,18,22,0,20,28,28,13,8,0,0,0,0,22,13,8,0,0,13,12,18,0,0,3,18,22,0,0,0,22,13,8,0,0,0,6,22,13,8,0,7,13,12,18,0,4,6,18,22,0,1,6,22,13,8,0,0,0,18,17,13,8,0,22,10,10,18,0,13,12,14,22,0,3,18,17,13,8,0,0,0,22,9,19,8,0,23,9,12,18,0,13,15,9,25,0,3,22,9,19,8,0,0,0,22,22,22,6,0,18,22,22,14,0,10,22,22,22,0,3,22,22,22,6,0,0,0,0,0,0,0,0,0,0,0,0,0,0,0,0,0,0,0,0,0,0,0,0,0,0,17,17,17,17,17,17,17,17,17,17,17,17,17,17,17,17,17,17,17,17,6,0,2,3,0,2,1,0,4,0,0,3,0,2,1,0,4,0,0,3,0,2,1,0,0,0,18,0,13,8,0,22,0,3,18,0,13,8,0,22,0,3,18,0,13,8,0,0,0,18,0,13,8,0,22,0,3,18,0,13,8,0,22,0,3,18,0,13,8,0,0,0
18,19,0,3,15,22,13,12,18,22,13,12,18,22,11,11,18,22,13,12,18,22,13,13,22,0,3,18,16,13,11,13,22,9,10,18,16,13,11,13,22,9,10,18,16,13,0,22,0,3,18,0,13,9,2,22,1,5,18,0,13,8,0,22,1,5,18,3,13,0,22,0,3,18,0,13,12,18,22,13,12,18,0,13,8,0,22,13,12,18,22,13,13,22,0,3,18,16,13,12,18,22,13,12,18,16,13,11,13,22,13,12,18,22,13,18,22,0,3,18,22,13,12,18,22,13,12,18,22,13,12,18,22,13,12,18,22,13,18,22,0,3,18,22,13,9,1,22,1,4,18,22,13,12,18,22,1,4,18,2,13,6,22,0,3,18,7,13,8,0,22,0,3,18,7,13,10,6,22,0,3,18,0,13,0,22,0,3,18,0,13,8,0,22,0,3,18,0,13,8,0,22,0,3,18,0,13,0,6,0,1,5,0,13,8,0,6,0,3,18,0,4,2,0,22,0,1,5,0,13,4,0,0,0,0,5,13,20,10,11,7,17,18,5,0,0,4,23,15,6,9,12,22,18,19,0,3,15,22,7,18,18,22,13,20,10,22,11,11,18,13,23,12,18,23,17,18,22,0,3,18,22,0,3,18,22,13,8,0,22,13,12,18,0,13,12,18,22,0,17,22,0,3,18,21,0,3,18,22,13,8,0,21,13,12,17,0,13,12,18,22,0,0,22,0,3,18,0,0,3,18,6,13,8,0,0,13,8,0,0,13,10,5,22,0,0,22,0,3,18,0,0,3,18,0,13,8,0,0,13,8,0,0,13,8,0,22,0,0,22,0,3,18,0,9,6,3,16,2,4,13,0,13,8,0,16,2,4,13,3,9,0,22,0,3,18,0,13,11,12,22,9,9,18,0,13,8,0,22,9,9,18,15,13,0,22,0,3,18,0,13,12,18,22,13,12,18,0,13,8,0,22,13,12,18,22,13,0,16,0,2,13,0,9,10,18,16,13,11,13,0,9,6,0,16,13,11,13,22,9,0,0,0,0,0,0,0,3,18,0,13,8,0,0,0,0,0,0,13,8,0,22,0,0,0,0,0,0,0,0,3,18,0,13,8,0,0,0,0,0,0,13,8,0,22,0,0,0,0,0,0,0,10,10,18,16,13,11,13,0,0,0,0,16,13,11,13,22,10
0,13,8,0,22,0,3,18,0,0,0,0,16,29,1,6,29,11,0,26,21,0,0,0,13,8,0,22,0,3,18,0,0,0,0,5,9,0,2,9,3,0,8,7,0,0,0,13,8,0,22,0,3,18,0,0,0,0,0,0,0,0,0,0,0,0,0,0,0,0,3,2,0,5,0,0,4,0,0,0,0,0,0,0,0,0,0,0,0,0,0,0,17,17,17,17,17,17,17,17,11,0,0,0,0,0,0,14,17,17,17,17,17,17,0,0,0,0,0,0,0,0,0,0,0,0,0,0,0,0,0,0,0,0,0,0,0,0,21,21,6,0,17,21,21,13,0,0,0,0,0,0,0,0,0,0,0,0,0,0,0,10,19,8,0,23,10,13,18,0,0,0,0,5,8,0,2,8,3,0,8,6,0,5,16,13,8,0,22,10,10,18,0,0,0,0,16,29,1,6,29,11,0,26,21,0,16,22,13,8,0,9,13,12,18,0,0,0,0,16,29,1,6,29,11,0,26,21,0,16,22,13,8,0,0,13,12,18,0,0,0,0,16,29,1,6,29,11,0,26,21,0,16,28,13,8,10,27,28,12,18,0,0,0,0,16,29,1,6,29,11,0,26,21,0,16,4,13,8,1,4,4,5,18,0,0,0,0,9,15,1,3,15,6,0,14,11,0,9,23,26,8,0,19,23,24,18,0,0,0,0,0,0,0,0,0,0,0,0,0,0,0,8,18,8,0,23,8,11,18,0,0,0,0,0,0,0,0,0,0,0,0,0,0,0,10,13,10,8,22,6,8,18,10,0,0,0,0,0,0,14,17,17,17,17,17,17,17,22,13,12,18,22,13,12,18,22,0,0,0,0,0,0,0,0,0,0,0,0,0,0,22,13,12,18,22,13,12,18,22,0,0,0,11,20,1,4,20,8,0,18,15,0,11,22,13,12,18,22,13,12,18,22,0,0,0,16,29,1,6,29,11,0,26,21,0,16,9,13,10,8,22,6,7,18,9,0,0,0,16,29,1,6,29,11,0,26,21,0,16,0,13,8,0,22,0,3,18,0,0,0,0,16,29,1,6,29,11,0,26,21,0,16,0,13,8,0,22,0,3,18,0,0,0,0,16,29,1,6,29,11,0,26,21,0,16,0,13,8,0,22,0,3,18,0,0,0,0,16,29,1,6,29,11,0,26,21,0,16
29,29,29,29,29,29,10,0,0,0,0,0,0,1,0,0,0,0,0,0,0,0,6,0,0,0,0,0,0,0,0,0,0,0,0,2,10,4,0,0,0,0,0,0,0,6,17,17,17,17,17,17,17,17,17,17,17,0,6,29,11,0,14,17,17,17,6,0,6,0,0,8,9,9,9,9,9,9,0,0,0,6,29,11,0,0,0,0,0,0,0,6,0,0,26,29,29,29,29,29,29,0,0,0,6,29,11,0,18,15,0,11,20,1,6,0,0,26,24,8,8,27,24,8,0,0,0,6,29,11,0,26,21,0,16,29,1,6,0,0,26,21,11,7,26,21,11,7,0,0,6,29,11,0,26,21,0,16,29,1,6,0,0,26,21,13,8,26,21,13,8,0,0,6,29,11,0,26,21,0,16,29,1,6,0,0,26,21,13,8,26,21,13,8,0,0,6,29,11,0,26,21,0,16,29,1,6,0,0,26,21,2,1,26,21,2,1,0,0,6,29,11,0,26,21,0,16,29,1,6,0,0,26,21,1,27,29,29,26,0,0,0,5,21,8,0,19,16,0,12,21,1,6,0,0,24,19,1,20,20,20,19,0,0,0,0,0,0,0,0,0,0,0,0,0,1,6,7,7,7,7,7,7,7,7,7,7,7,7,7,7,7,7,7,7,7,2,0,1,7,8,8,8,8,8,8,8,8,8,8,8,8,8,8,8,8,8,8,8,3,0,6,0,0,0,0,0,0,0,0,0,0,0,0,0,0,0,0,0,0,0,0,0,0,6,0,0,3,14,5,0,13,10,0,8,14,0,3,14,5,0,13,10,0,8,14,0,6,0,0,6,29,11,0,26,21,0,16,29,1,6,29,11,0,26,21,0,16,29,1,6,0,0,6,29,11,0,26,21,0,16,29,1,6,29,11,0,26,21,0,16,29,1,6,0,0,6,29,11,0,26,21,0,16,29,1,6,29,11,0,26,21,0,16,29,1,6,0,0,6,29,11,0,26,21,0,16,29,1,6,29,11,0,26,21,0,16,29,1,6,0,0,2,9,3,0,8,7,0,5,9,0,2,9,3,0,8,7,0,5,9,0,6,0,0,0,0,0,0,0,0,0,0,0,0,0,0,0,0,0,0,0,0,0,0,6,0,0,0,0,0,0,0,0,0,0,0,0,0,0,0,0,0,0,0,0,0,0,6
11,0,26,21,0,0,0,1,9,22,6,8,18,11,13,10,9,22,6,8,18,11,13,11,0,26,21,0,0,0,3,18,22,13,12,18,22,13,12,18,22,13,12,18,22,13,11,0,26,21,0,0,0,3,18,22,13,12,18,22,13,12,18,22,13,12,18,22,13,11,0,26,21,0,0,0,3,18,5,13,9,4,22,3,6,18,5,13,9,4,22,3,11,0,26,21,0,0,0,3,18,0,13,10,7,22,5,7,18,0,13,8,0,22,5,11,0,26,21,0,0,0,3,18,0,13,12,18,22,13,12,18,0,13,8,0,22,13,11,0,26,21,0,0,0,3,18,0,13,12,18,22,13,12,18,0,13,8,0,22,13,11,0,26,21,0,0,0,2,12,0,13,12,18,22,13,12,18,0,8,5,0,22,13,3,0,7,5,0,0,0,0,0,0,13,12,18,22,13,12,18,0,0,0,0,22,13,1,0,4,3,0,0,0,0,0,0,6,8,18,10,13,10,8,0,0,0,0,10,13,11,0,26,21,0,0,0,0,0,0,0,3,18,0,13,8,0,0,0,0,0,0,13,11,0,26,21,0,0,0,0,0,0,0,3,18,0,13,8,0,0,0,0,0,0,13,11,0,26,21,0,0,0,3,18,0,13,12,18,22,13,12,18,0,13,8,0,22,13,11,0,26,21,0,0,0,3,18,0,13,12,18,22,13,12,18,0,13,8,0,22,13,11,0,26,21,0,0,0,3,18,0,13,10,6,22,5,7,18,0,13,8,0,22,5,11,0,26,21,0,0,0,3,18,0,6,5,8,9,6,5,8,0,13,8,0,9,6,11,0,26,21,0,0,0,3,18,0,0,3,18,0,13,8,0,0,13,8,0,0,13,11,0,26,21,0,0,0,3,18,5,0,3,18,13,13,8,0,5,13,9,4,0,13,11,0,26,21,0,0,0,3,18,22,0,3,18,22,13,8,0,22,13,12,18,0,13,11,0,26,21,0,0,0,3,18,22,0,3,18,22,13,8,0,22,13,12,18,0,13,0,0,0,0,0,0,0,2,10,22,12,26,18,22,13,27,16,22,7,8,18,20,27,0,0,0,0,0,0,0,0,0,0,13,13,4,4,3,10,18,0,0,0,0,23,6,0,0,0,0,0,0,0,2,10,0,13,8,0,13,0,3,18,0,7,5,0,22,0
18,12,0,2,10,22,7,8,18,12,13,11,10,22,7,8,18,12,13,11,10,22,7,18,0,0,0,0,23,17,19,18,0,13,21,17,26,0,3,25,17,23,8,0,23,17,18,0,0,0,0,23,14,16,18,0,13,19,14,25,0,3,24,14,21,8,0,23,14,18,0,0,0,0,22,0,3,18,0,13,8,0,22,0,3,18,0,13,8,0,22,0,18,0,0,0,0,22,0,3,18,0,13,8,0,22,0,3,18,0,13,8,0,22,0,18,0,0,0,0,22,0,3,18,0,13,8,0,22,0,3,18,0,13,8,0,22,0,18,0,0,0,0,22,0,3,18,0,13,8,0,22,0,3,18,0,13,8,0,22,0,18,0,0,0,0,22,0,3,18,0,13,8,0,22,0,3,18,0,13,8,0,22,0,3,0,0,0,0,4,0,0,3,0,2,1,0,4,0,0,3,0,2,1,0,4,0,17,11,0,0,14,17,17,17,17,17,17,17,17,17,17,17,17,17,17,17,17,17,17,0,0,0,0,0,0,0,0,0,0,0,0,0,0,0,0,0,0,0,0,0,0,0,13,0,0,0,0,17,21,21,13,0,10,21,21,21,0,2,21,21,21,6,0,17,21,18,0,0,0,0,23,10,13,18,0,13,16,10,25,0,3,23,10,19,8,0,23,10,18,0,0,0,0,22,10,10,18,0,13,11,13,22,0,3,18,16,13,8,0,22,10,18,0,0,0,0,9,13,12,18,0,5,7,18,22,0,1,7,22,13,8,0,9,13,18,0,0,0,0,0,13,12,18,0,0,3,18,22,0,0,0,22,13,8,0,0,13,18,0,0,0,10,27,28,12,18,0,27,28,18,22,0,19,27,28,13,8,10,27,28,18,0,0,0,1,4,4,5,18,0,4,4,3,22,0,3,4,4,13,8,1,4,4,18,0,0,0,0,19,23,24,18,0,11,23,23,27,0,3,23,23,26,8,0,19,23,18,0,0,0,0,23,8,11,18,0,13,15,8,24,0,3,22,8,18,8,0,23,8,18,10,0,1,8,22,6,8,18,10,13,10,8,22,6,8,18,10,13,10,8,22,6,18,22,0,3,18,22,13,12,18,22,13,12,18,22,13,12,18,22,13,12,18,22,13,18,22,0,3,18,22,13,12,18,22,13,12,18,22,13,12,18,22,13,12,18,22,13
10,8,22,6,7,18,0,13,8,0,22,6,7,18,9,13,8,0,22,0,0,0,0,9,3,22,2,5,18,4,13,9,3,22,2,5,18,4,13,9,3,22,0,0,0,0,12,18,22,13,12,18,22,13,12,18,22,13,12,18,22,13,12,18,22,0,0,0,3,12,18,22,13,12,18,22,13,12,18,22,13,12,18,22,13,12,18,22,0,0,0,4,8,18,12,13,11,10,22,7,8,18,12,13,11,10,22,7,8,18,12,0,0,0,0,19,18,0,13,21,17,26,0,3,25,17,23,8,0,23,17,19,18,0,0,0,0,0,16,18,0,13,19,14,25,0,3,24,14,21,8,0,23,14,16,18,0,0,0,6,28,3,18,0,13,8,0,22,0,3,18,0,13,8,0,22,0,3,18,0,0,0,6,29,3,18,0,13,8,0,22,0,3,18,0,13,8,0,22,0,3,18,0,0,0,6,29,3,18,0,13,8,0,22,0,3,18,0,13,8,0,22,0,3,18,0,0,0,6,29,3,18,0,13,8,0,22,0,3,18,0,13,8,0,22,0,3,18,0,0,0,6,25,3,18,0,13,8,0,22,0,3,18,0,13,8,0,22,0,3,18,0,0,0,0,0,0,3,0,2,1,0,4,0,0,3,0,2,1,0,4,0,0,3,0,0,0,0,0,17,17,17,17,17,17,17,17,17,17,17,17,17,17,17,17,17,17,17,17,17,17,17,0,0,0,0,0,0,0,0,0,0,0,0,0,0,0,0,0,0,0,0,0,0,0,0,2,10,4,0,9,8,0,0,0,0,0,0,0,0,0,0,0,0,14,17,17,17,1,6,29,11,0,26,21,0,0,0,0,0,0,0,0,0,0,9,17,17,17,17,17,1,6,29,11,0,26,21,0,0,0,0,0,0,0,0,0,0,13,8,0,0,0,0,1,6,29,11,0,26,21,0,0,3,2,0,0,0,0,0,0,13,8,0,3,18,0,1,6,29,11,0,26,21,0,0,13,8,0,0,0,0,0,0,13,8,0,3,18,0,1,6,29,11,0,26,21,0,0,13,8,0,0,0,0,0,0,13,8,0,1,7,0,1,6,29,11,0,26,21,0,0,13,8,0,0,0,0,0,0,13,8,0,8,17,17,0,0,1,0,0,26,21,0,0,13,8,0,0,0,0,0,0,13,8,14,22,17,17
22,8,9,15,11,16,9,7,22,8,9,15,11,16,9,7,22,8,9,15,11,16,8,22,16,12,15,22,16,12,15,22,16,12,15,22,16,12,15,22,16,12,15,22,16,10,22,16,12,15,22,16,12,15,22,16,12,15,22,16,12,15,22,16,12,15,22,16,10,5,16,7,3,22,3,8,15,5,16,7,3,22,3,8,15,5,16,7,3,22,3,6,9,16,5,0,22,0,6,15,9,16,8,6,22,0,6,15,0,16,8,6,22,6,7,22,16,5,0,22,0,6,15,22,16,12,15,22,0,6,15,0,16,12,15,22,16,10,22,16,5,0,22,0,6,15,22,16,12,15,22,0,6,15,0,16,12,15,22,16,10,22,16,5,0,14,0,6,15,22,16,12,15,22,0,4,10,0,16,12,15,22,16,10,22,16,5,0,0,0,6,15,22,16,12,15,22,0,0,0,0,16,12,15,22,16,10,22,7,2,0,0,0,3,7,22,7,9,15,10,0,0,0,0,7,9,15,10,16,8,22,0,0,0,0,0,0,0,22,0,6,15,0,0,0,0,0,0,6,15,0,16,5,22,0,0,0,0,0,0,0,22,0,6,15,0,0,0,0,0,0,6,15,0,16,5,22,16,5,0,22,0,6,15,22,16,12,15,22,0,6,15,0,16,12,15,22,16,10,22,16,5,0,22,0,6,15,22,16,12,15,22,0,6,15,0,16,12,15,22,16,10,8,16,5,0,22,0,6,15,8,16,8,5,22,0,6,15,0,16,8,5,22,6,7,10,7,2,0,22,0,3,6,10,7,5,7,9,0,6,15,0,7,5,7,9,7,4,22,0,0,0,22,0,0,0,22,0,6,15,0,0,6,15,0,0,6,15,0,16,5,22,0,1,3,22,3,1,0,22,10,10,15,0,3,8,15,5,0,6,15,13,16,5,22,0,6,15,22,16,5,0,22,16,12,15,0,16,12,15,22,0,6,15,22,16,5,22,0,6,15,22,16,5,0,22,16,12,15,0,16,12,15,22,0,6,15,22,16,5,26,25,11,15,12,16,11,25,25,16,12,28,22,16,9,8,22,14,26,15,22,16,25,6,20,5,0,0,0,6,19,6,3,2,6,23,0,0,0,0,16,11,3,4,3,10,0,16,5,0,13,0,6,15,0,9,3,0,22,0,3,9,0,16,5,0,13,0,4
8,29,9,0,0,29,1,4,8,8,8,22,29,8,8,8,8,8,8,22,29,8,1,8,29,9,0,0,29,5,3,3,2,0,18,29,0,3,3,3,3,0,18,29,0,0,8,29,9,0,0,28,28,28,28,20,0,18,29,0,22,28,28,28,3,18,29,0,0,8,29,9,0,0,0,0,0,0,0,0,18,29,0,0,0,0,0,0,18,29,0,0,8,29,9,0,0,0,0,2,5,5,5,21,29,5,1,2,5,5,5,21,29,5,1,8,29,9,0,0,0,0,13,29,29,29,29,29,29,5,13,29,29,29,29,29,29,5,8,29,9,0,0,0,0,6,12,12,12,12,12,12,2,6,12,12,12,12,12,12,2,8,29,9,0,7,7,7,7,7,7,7,7,7,7,7,7,7,7,7,7,7,7,2,8,29,9,0,8,8,8,8,8,8,8,8,8,8,8,8,8,8,8,8,8,8,2,8,29,9,0,0,19,19,19,19,19,19,10,0,0,0,0,0,0,0,0,0,3,0,8,29,9,0,0,29,29,28,28,28,28,15,0,1,9,9,9,9,9,6,0,22,0,8,29,9,0,0,29,1,0,0,0,0,0,0,5,20,6,6,6,6,4,0,22,0,8,29,9,0,0,29,7,17,17,17,17,17,17,19,16,0,5,5,5,5,5,23,0,8,29,9,0,0,29,1,0,0,0,0,0,0,5,16,0,10,10,10,10,10,9,0,8,29,9,0,0,29,3,1,1,1,1,1,0,5,16,0,0,0,15,17,17,17,5,8,29,9,0,0,29,29,29,29,29,29,15,0,5,16,0,0,0,0,0,0,0,0,8,29,9,0,0,29,17,17,17,17,17,9,0,4,21,17,17,17,17,17,16,0,0,8,29,9,0,0,29,1,0,0,0,0,0,0,0,0,0,0,0,0,0,0,0,0,8,29,9,0,0,29,5,17,17,17,17,17,17,17,17,17,17,17,17,17,17,17,5,8,29,9,0,0,29,1,0,0,0,0,0,0,0,0,0,0,0,0,0,0,0,0,8,29,9,0,0,29,1,13,29,29,29,29,29,29,29,29,29,29,29,29,29,29,5,8,29,9,0,0,29,1,8,18,18,18,25,29,18,18,18,18,18,18,25,29,18,3,8,29,9,0,0,29,1,0,0,0,0,18,29,0,0,0,0,0,0,18,29,0,0
17,17,17,17,17,17,17,17,17,17,17,0,6,29,11,0,26,21,0,16,29,1,6,0,0,0,3,9,9,9,9,9,9,1,0,6,29,11,0,26,21,0,16,29,1,6,0,0,0,11,29,29,29,29,29,29,3,0,6,29,11,0,26,21,0,16,29,1,6,23,8,0,3,8,8,8,8,8,29,3,0,6,29,11,0,26,21,0,16,29,1,6,13,17,11,11,11,11,11,11,4,28,3,0,6,29,11,0,26,21,0,16,29,1,6,13,12,4,4,4,4,4,4,1,28,3,0,6,29,11,0,26,21,0,16,29,1,6,13,8,0,0,0,0,0,0,0,28,3,0,6,29,11,0,26,21,0,16,29,1,6,13,8,0,8,21,21,21,21,21,29,3,0,6,29,11,0,26,21,0,16,29,1,6,20,8,0,10,26,26,26,26,26,29,3,0,6,29,11,0,26,21,0,16,29,1,6,4,1,0,0,0,0,0,0,0,28,3,0,6,29,11,0,26,21,0,16,29,1,6,7,7,7,7,7,7,7,7,2,28,3,0,6,29,11,0,26,21,0,16,29,1,6,8,8,8,8,8,8,8,8,3,28,3,0,6,29,11,0,26,21,0,16,29,1,6,19,19,19,19,19,19,19,11,0,28,3,0,6,29,11,0,26,21,0,16,29,1,6,28,28,29,29,28,28,28,17,0,28,3,0,6,29,11,0,26,21,0,16,29,1,6,0,0,26,21,0,0,0,0,0,28,3,0,6,29,11,0,26,21,0,16,29,1,6,12,0,26,21,0,8,13,13,13,29,3,0,6,29,11,0,26,21,0,16,29,1,6,16,0,26,21,0,11,18,18,18,18,2,0,5,21,8,0,19,16,0,12,21,1,6,0,0,26,21,0,0,0,0,0,0,0,0,0,0,0,0,0,0,0,0,0,0,6,1,15,28,26,15,15,15,9,0,0,0,0,0,0,0,0,0,0,0,0,0,0,6,1,29,29,29,29,29,29,17,0,0,0,0,0,0,0,0,0,0,0,0,0,0,6,0,2,2,2,2,2,2,1,0,0,0,0,0,0,0,0,0,0,0,0,0,0,6,17,17,17,17,17,17,17,17,17,17,17,0,0,8,17,17,17,17,17,17,6,0,6,7,7,7,7,7,7,7,7,7,7,6,0,0,0,0,0,0,0,0,0,0,0,4
20,0,0,0,13,27,3,4,27,13,0,23,22,0,13,27,3,4,27,13,0,23,21,21,0,0,0,14,29,3,4,29,13,0,25,23,0,14,29,3,4,29,13,0,25,22,21,0,0,0,14,29,3,4,29,13,0,25,23,0,14,29,3,4,29,13,0,25,22,21,0,0,0,14,29,3,4,29,13,0,25,23,0,14,29,3,4,29,13,0,25,22,21,0,0,0,14,29,3,4,26,12,0,22,21,0,13,26,3,4,26,12,0,22,20,21,0,0,0,14,29,3,0,0,0,0,0,0,0,0,0,0,0,0,0,0,0,0,21,0,0,0,14,29,3,0,0,0,0,0,0,0,0,0,0,0,0,0,0,0,0,21,0,0,0,14,29,3,0,0,0,0,0,0,0,0,0,0,0,0,0,0,0,0,21,0,0,0,14,29,3,0,6,15,15,15,15,15,15,15,15,15,15,15,15,15,12,4,0,0,0,14,29,3,0,0,0,0,0,0,0,0,0,0,0,5,12,12,12,9,0,0,0,0,14,29,3,0,0,0,0,0,0,0,0,0,0,0,12,29,29,29,22,20,0,0,0,14,29,3,3,21,10,0,18,17,0,10,21,2,0,2,9,29,17,4,21,0,0,0,14,29,3,4,29,13,0,25,23,0,14,29,3,0,19,5,29,13,13,21,0,0,0,14,29,3,4,29,13,0,25,23,0,14,29,3,0,21,5,29,13,14,21,0,0,0,14,29,3,4,29,13,0,25,23,0,14,29,3,0,21,5,29,13,14,21,0,0,0,14,29,3,4,29,13,0,25,23,0,14,29,3,0,1,5,29,14,1,21,0,0,0,14,29,3,0,2,1,0,2,2,0,1,2,0,0,9,29,29,29,19,21,0,0,0,14,29,3,0,0,0,0,0,0,0,0,0,0,0,5,17,17,17,11,21,0,0,0,14,29,3,0,4,10,10,10,10,10,10,10,10,10,10,10,10,10,8,13,0,0,0,14,29,3,0,2,5,5,5,5,5,5,5,5,5,5,5,5,5,4,0,0,0,0,14,29,3,0,3,1,0,3,3,0,1,3,0,0,3,1,0,0,0,0,0,0,0,14,29,3,4,29,13,0,25,23,0,14,29,3,4,29,13,0,0,0,0,0,0,0,13,27,3,4,27,13,0,23,22,0,13,27,3,4,27,13,0,0,0
7,0,16,13,0,0,0,0,0,0,13,12,18,22,13,12,18,0,0,0,0,22,13,0,0,0,0,0,0,0,0,0,0,11,11,18,18,13,12,15,0,0,0,0,18,13,9,0,22,18,0,0,0,0,0,0,0,3,18,0,13,8,0,0,0,0,0,0,13,11,0,26,21,0,0,0,0,0,0,0,3,18,0,13,8,0,0,0,0,0,0,13,11,0,26,21,0,0,0,2,12,0,9,9,18,15,13,11,12,0,9,5,0,15,13,11,0,26,21,0,0,0,3,18,0,13,12,18,22,13,12,18,0,13,8,0,22,13,11,0,26,21,0,0,0,3,18,0,13,11,13,22,9,10,18,0,13,8,0,22,9,11,0,26,21,0,0,0,3,18,0,10,7,2,17,1,4,14,0,13,8,0,17,1,11,0,26,21,0,0,0,3,18,0,0,3,18,0,13,8,0,0,13,8,0,0,13,11,0,26,21,0,0,0,3,18,0,0,3,18,6,13,8,0,0,13,8,0,0,13,11,0,26,21,0,0,0,3,18,20,0,3,18,22,13,8,0,20,13,12,17,0,13,11,0,26,21,0,0,0,3,18,22,0,3,18,22,13,8,0,22,13,12,18,0,13,3,0,8,7,0,0,0,3,16,22,7,17,18,22,13,20,10,22,12,11,18,12,22,0,0,0,0,0,0,0,0,0,6,13,20,10,12,7,18,18,6,0,1,5,23,17,0,0,0,0,0,0,0,0,4,0,13,8,0,5,0,3,18,0,3,2,0,22,0,17,11,0,0,0,0,0,3,18,0,13,8,0,22,0,3,18,0,13,8,0,22,0,0,0,0,0,0,0,0,3,18,6,13,8,0,22,0,3,18,6,13,10,5,22,0,0,0,0,0,0,0,0,3,18,22,13,9,1,22,0,4,18,22,13,12,18,22,0,3,0,8,6,0,0,0,3,18,22,13,12,18,22,13,12,18,22,13,12,18,22,13,11,0,26,21,0,0,0,3,18,18,13,12,18,22,13,12,18,18,13,12,15,22,13,11,0,26,21,0,0,0,3,18,0,13,12,18,22,13,12,18,0,13,8,0,22,13,11,0,26,21,0,0,0,3,18,0,13,9,3,22,2,5,18,0,13,8,0,22,2,11,0,26,21,0,0,0,3,18,15,13,11,12,22,9,9,18,15,13,11,12,22,9
21,0,16,29,1,6,29,11,0,26,21,0,8,23,3,18,0,0,0,0,0,13,8,21,0,5,9,0,2,9,3,0,8,7,0,8,23,1,6,0,0,0,0,0,5,3,21,0,0,0,0,0,0,0,0,0,0,0,8,28,21,21,21,21,21,21,21,21,21,21,0,0,0,0,0,0,0,0,0,0,0,3,10,10,10,10,10,10,10,10,10,10,21,0,0,14,17,17,17,17,17,17,0,0,8,17,17,17,17,17,17,17,17,17,17,21,0,0,0,0,0,0,0,0,0,0,0,0,0,0,0,0,0,0,0,0,0,0,21,0,0,0,0,0,0,0,0,0,0,0,0,0,11,29,29,29,29,29,29,7,11,21,0,5,8,0,2,8,3,0,8,6,0,0,0,7,18,18,18,25,29,19,5,7,21,0,16,29,1,6,29,11,0,26,21,0,0,0,7,17,17,4,16,29,1,13,17,21,0,16,29,1,6,29,11,0,26,21,0,0,0,6,14,14,3,16,29,1,11,14,21,0,16,29,1,6,29,11,0,26,21,0,0,0,0,0,0,0,16,29,1,0,0,21,0,16,29,1,6,29,11,0,26,21,0,0,0,4,11,11,11,22,29,13,11,11,21,0,9,15,1,3,15,6,0,14,11,0,0,0,11,29,29,29,29,29,29,29,29,13,0,0,0,0,0,0,0,0,0,0,0,0,0,2,6,6,6,6,6,6,6,6,0,0,0,0,0,0,0,0,0,0,0,0,0,0,0,0,0,0,0,0,0,0,0,18,0,0,14,17,17,17,17,17,17,17,17,17,17,17,17,17,17,17,17,17,17,17,21,0,0,0,0,0,0,0,0,0,0,0,0,0,4,9,9,9,9,9,9,9,9,21,0,11,20,1,4,20,8,0,18,15,0,0,0,14,29,29,29,29,29,29,29,29,21,0,16,29,1,6,29,11,0,26,21,0,0,0,4,13,29,17,8,8,8,27,24,21,0,16,29,1,6,29,11,0,26,21,0,0,0,18,6,29,11,18,0,0,26,21,21,0,16,29,1,6,29,11,0,26,21,0,0,0,22,6,29,11,22,0,0,26,21,21,0,16,29,1,6,29,11,0,26,21,0,0,0,22,6,29,11,22,0,0,26,21,21,0,16,29,1,6,29,11,0,26,21,0,0,0,3,6,29,11,3,0,0,26,21
0,0,0,0,0,0,0,0,0,0,0,0,0,0,0,0,0,0,0,0,0,0,0,0,0,0,0,0,0,0,0,0,0,0,0,0,0,0,0,0,0,0,0,0,0,0,8,8,8,8,8,8,8,8,8,8,8,8,8,8,8,8,8,8,8,8,8,8,8,7,7,7,7,7,7,7,7,7,7,7,7,7,7,7,7,7,7,7,7,7,7,7,1,1,0,1,1,0,0,0,0,0,15,20,20,20,5,8,20,20,20,12,1,20,20,26,21,0,16,29,1,0,0,0,0,20,29,29,28,7,11,28,29,28,16,1,27,29,26,21,0,16,29,1,0,0,0,0,3,16,29,2,3,0,6,29,11,3,0,0,26,26,21,0,16,29,1,0,0,0,3,18,16,29,5,18,0,6,29,11,22,0,0,26,26,21,0,16,29,1,0,0,0,3,18,16,29,5,18,0,6,29,11,22,0,0,26,26,21,0,16,29,1,0,0,0,3,15,16,29,5,15,0,6,29,11,18,0,0,26,26,21,0,16,29,1,0,0,0,0,7,20,29,10,8,8,13,29,17,8,8,8,27,9,8,0,6,10,0,0,0,0,0,25,29,29,29,29,29,29,29,29,29,29,29,29,0,0,0,0,0,0,0,0,0,0,8,9,9,9,9,9,9,9,9,9,9,9,9,17,17,17,17,17,17,17,17,17,17,17,17,17,17,17,17,17,17,17,17,17,17,17,0,0,0,0,0,0,0,0,0,0,0,0,0,0,0,0,0,0,0,0,0,0,0,0,0,0,0,0,0,0,0,0,0,5,6,6,6,6,6,6,6,6,6,6,6,6,23,19,0,14,25,1,6,25,10,0,21,29,29,29,29,29,29,29,29,29,29,29,29,26,21,0,16,29,1,6,29,11,0,8,11,11,11,28,25,11,11,11,11,11,11,28,26,21,0,16,29,1,6,29,11,0,0,0,0,0,26,21,0,0,0,0,0,0,26,26,21,0,16,29,1,6,29,11,0,11,14,13,0,26,21,1,14,14,14,13,0,26,8,7,0,5,9,0,2,9,3,0,7,9,9,0,8,7,0,9,9,9,9,0,8,0,0,0,0,0,0,0,0,0,0,0,0,0,0,0,0,0,0,0,0,0,0,0,0,0,0,0,0,0,0,0,0,0,0,0,0,0,0,0,0,0,0,0,0,0,0
22,0,3,18,22,13,12,18,22,13,12,18,0,13,12,18,22,13,12,18,22,13,8,22,0,3,18,22,13,12,18,22,13,12,18,0,13,12,18,22,13,12,18,22,13,8,0,0,0,0,22,0,2,9,0,13,9,0,0,0,4,18,0,6,4,0,22,0,0,16,11,10,13,22,9,6,0,16,13,11,13,19,9,10,18,16,0,2,13,22,9,9,22,13,12,18,22,13,12,15,22,13,12,18,22,13,12,18,22,11,11,18,22,13,12,16,13,11,13,22,9,10,18,16,13,11,13,22,9,10,18,16,13,11,13,22,9,10,3,13,9,2,22,0,3,18,0,13,9,2,22,1,5,18,0,13,8,0,22,1,5,22,13,12,18,22,0,3,18,0,13,12,18,22,13,12,18,0,13,8,0,22,13,12,22,13,12,18,22,10,10,18,16,13,12,18,22,13,12,18,16,13,11,13,22,13,12,22,13,12,18,22,13,12,18,22,13,12,18,22,13,12,18,22,13,12,18,22,13,12,2,13,9,1,22,13,12,18,22,13,9,1,22,1,4,18,22,13,12,18,22,1,4,0,13,8,0,22,4,6,18,7,13,8,0,22,0,3,18,7,13,10,6,22,0,3,0,13,8,0,22,0,3,18,0,13,8,0,22,0,3,18,0,13,8,0,22,0,3,0,4,2,0,22,0,1,5,0,13,8,0,6,0,3,18,0,4,2,0,22,0,1,15,6,6,15,26,3,2,0,5,13,20,10,11,7,17,18,5,0,0,4,23,15,6,26,13,12,25,16,13,12,15,22,7,18,18,22,13,20,10,22,11,11,18,13,23,12,22,13,12,18,0,13,12,18,22,0,3,18,22,13,8,0,22,13,12,18,0,13,12,22,13,12,18,0,13,12,18,21,0,3,18,22,13,8,0,21,13,12,17,0,13,12,22,4,6,18,0,0,3,18,0,0,3,18,6,13,8,0,0,13,8,0,0,13,10,22,0,3,18,0,0,3,18,0,0,3,18,0,13,8,0,0,13,8,0,0,13,8,3,9,6,3,16,0,3,18,0,9,6,3,16,2,4,13,0,13,8,0,16,2,4,15,13,11,12,22,0,3,18,0,13,11,12,22,9,9,18,0,13,8,0,22,9,9,22,13,12,18,22,0,3,18,0,13,12,18,22,13,12,18,0,13,8,0,22,13,12
11,19,22,12,12,16,22,12,12,19,22,12,12,19,22,10,8,0,19,12,12,19,22,11,13,22,9,9,19,16,12,12,13,22,9,9,19,16,12,9,0,22,9,9,19,16,9,2,22,0,2,19,0,12,10,2,22,1,4,19,0,12,9,0,22,0,2,19,3,11,19,22,0,2,19,0,12,12,19,22,12,12,19,0,12,9,0,22,0,2,19,22,11,19,22,9,10,19,16,12,12,19,22,12,12,19,16,12,9,0,22,9,10,19,22,11,19,22,12,12,19,22,12,12,19,22,12,12,19,22,12,9,0,22,12,12,19,22,9,1,22,12,12,19,22,12,10,1,22,1,3,19,22,12,9,0,22,12,12,19,2,8,0,22,4,6,19,7,12,9,0,22,0,2,19,7,12,9,0,22,4,6,19,0,8,0,22,0,2,19,0,12,9,0,22,0,2,19,0,12,9,0,22,0,2,19,0,2,0,22,0,0,5,0,12,9,0,6,0,2,19,0,3,2,0,6,0,2,19,0,6,15,26,3,2,0,5,12,20,10,11,6,17,19,5,0,0,0,0,3,5,25,15,11,25,17,12,12,16,22,7,18,19,22,12,21,11,22,10,8,0,19,12,11,17,26,11,19,0,12,12,19,22,0,2,19,22,12,9,0,22,12,9,0,22,12,9,0,22,11,19,0,12,12,19,21,0,2,19,22,12,9,0,21,12,9,0,22,12,9,0,22,5,19,0,0,2,19,0,0,2,19,6,12,9,0,0,12,9,0,22,0,0,0,22,2,19,0,0,2,19,0,0,2,19,0,12,9,0,0,12,9,0,22,0,0,0,22,6,3,16,0,2,19,0,9,7,3,16,2,3,13,0,12,9,0,22,0,2,13,3,10,13,22,0,2,19,0,12,11,13,22,8,9,19,0,12,9,0,22,0,2,19,15,11,19,22,0,2,19,0,12,12,19,22,12,12,19,0,12,9,0,22,0,2,19,22,9,19,16,0,2,13,0,9,9,19,16,12,12,13,0,9,6,0,16,0,2,13,22,2,19,0,0,0,0,0,0,2,19,0,12,9,0,0,0,0,0,0,0,0,0,22,2,19,0,0,0,0,0,0,2,19,0,12,9,0,0,0,0,0,0,0,0,0,22,9,19,16,0,0,0,0,9,10,19,16,12,12,14,0,0,0,0,0,0,2,14,22
2,13,0,18,21,5,0,0,2,13,0,18,21,5,0,9,6,0,0,0,0,0,0,0,0,0,12,18,6,0,0,0,0,0,12,18,6,0,0,0,0,0,0,0,0,0,17,17,17,17,17,17,17,17,17,17,17,17,17,17,17,17,17,17,17,17,17,17,17,0,0,0,0,0,0,0,0,0,0,0,0,0,0,0,0,0,0,0,0,0,0,0,0,0,0,0,0,0,0,0,0,0,0,0,0,11,7,0,19,0,3,15,0,11,7,0,0,0,0,0,0,0,5,25,9,0,0,0,13,8,0,22,0,3,18,0,13,8,5,1,1,1,1,0,0,6,29,11,0,0,0,13,8,0,22,0,3,18,0,13,8,8,18,29,29,17,0,0,6,29,11,0,0,0,13,8,0,22,0,3,18,0,13,8,6,0,29,4,0,0,0,6,29,11,0,0,0,13,8,0,22,0,3,18,0,13,8,0,0,28,3,0,0,0,6,29,11,0,0,0,13,11,3,23,0,3,20,3,16,8,0,0,28,3,0,0,0,0,0,0,0,0,0,13,29,28,28,0,3,29,28,29,8,0,0,28,3,0,0,0,0,0,0,0,0,3,13,9,3,22,2,5,18,3,13,9,0,0,28,3,0,0,0,0,0,0,0,0,22,13,12,18,22,13,12,18,22,13,12,0,0,28,3,14,17,17,17,11,0,0,0,22,13,12,18,22,13,12,18,22,13,12,17,17,29,19,17,17,12,0,0,0,0,0,22,7,9,18,13,13,11,10,22,7,9,14,14,29,16,14,14,10,0,0,0,0,0,22,0,3,18,1,13,9,1,22,0,3,0,1,28,4,0,0,0,0,0,0,0,0,22,0,3,18,22,13,12,18,22,0,3,8,15,28,14,8,12,15,0,0,0,0,0,22,0,3,18,22,13,12,18,22,0,3,9,15,28,14,9,18,22,0,0,0,0,0,22,0,3,18,22,13,12,18,22,0,3,9,15,28,14,9,17,22,0,0,0,0,0,0,0,3,18,22,13,12,18,22,0,0,4,2,28,5,0,0,22,0,0,0,0,0,0,0,3,15,22,11,11,18,18,0,0,3,3,29,7,0,0,3,0,0,0,0,0,0,0,0,0,22,0,3,18,0,0,0,28,28,28,28,2,0,0,0,0,0,0,0,0,0,0,0,22,0,3,18,0,0,0
29,1,6,29,11,0,26,21,0,16,29,1,6,29,11,0,26,21,0,16,29,1,6,25,1,6,25,10,0,23,19,0,14,25,1,6,25,10,0,23,19,0,14,25,1,6,0,0,0,0,0,0,0,0,0,0,0,0,0,0,0,0,0,0,0,0,0,0,0,0,0,0,0,0,0,0,0,0,0,0,0,0,0,0,0,0,0,0,0,0,0,0,17,17,17,17,17,17,17,17,17,17,17,17,17,17,17,17,17,17,17,17,17,17,17,0,0,0,0,0,0,0,0,0,0,0,0,0,0,0,0,0,0,0,0,0,0,0,10,0,2,10,4,0,9,8,0,6,10,0,2,10,4,0,9,8,0,6,10,0,2,29,1,6,29,11,0,26,21,0,16,29,1,6,29,11,0,26,21,0,16,29,1,6,29,1,6,29,11,0,26,21,0,16,29,1,6,29,11,0,26,21,0,16,29,1,6,29,1,6,29,11,0,26,21,0,16,29,1,6,29,11,0,26,21,0,16,29,1,6,29,1,6,29,11,0,26,21,0,16,29,1,6,29,11,0,26,21,0,16,29,1,6,29,1,6,29,11,0,26,21,0,16,29,1,6,29,11,0,26,21,0,16,29,1,6,29,1,6,29,11,0,26,21,0,16,29,1,6,29,11,0,26,21,0,16,29,1,6,1,0,0,1,0,0,1,1,0,1,1,0,0,1,0,0,1,1,0,1,1,0,0,0,0,0,0,0,0,0,0,0,0,0,0,0,0,0,0,0,0,0,0,0,0,0,17,17,17,17,17,17,17,17,17,17,17,17,17,17,17,17,17,17,17,17,17,17,17,17,17,14,0,0,0,0,0,0,0,0,0,0,0,0,0,0,0,0,0,0,5,17,14,14,11,0,0,0,0,0,0,0,0,0,0,0,0,0,0,0,0,0,0,4,14,0,0,0,1,10,6,0,0,2,1,0,0,0,0,0,4,0,0,0,16,1,0,0,8,4,0,16,13,8,0,0,13,8,0,0,0,0,0,22,0,0,0,22,10,5,0,10,5,0,16,13,8,0,0,13,8,0,0,0,0,0,22,0,0,0,22,10,5,0,10,5,0,16,13,8,0,0,13,8,0,0,0,0,0,22,0,0,0,22,10,5,0,10,5,0,16,13,8,0,0,13,8,0,0,0,0,0,22,0,0,0,22,10,5,0
0,0,21,26,0,11,29,6,1,29,16,0,21,26,0,11,29,6,1,29,16,0,0,0,0,19,23,0,10,25,6,1,25,14,0,19,23,0,10,25,6,1,25,14,0,0,0,0,0,0,0,0,0,0,0,0,0,0,0,0,0,0,0,0,0,0,0,0,0,0,0,0,0,0,0,0,0,0,0,0,0,0,0,0,0,0,0,0,0,0,0,0,0,14,17,17,17,17,17,17,17,17,17,17,17,17,17,17,17,17,17,17,9,0,0,0,0,3,7,7,6,0,0,0,0,0,0,0,0,0,0,0,0,0,0,0,0,0,0,0,13,28,25,19,0,0,0,10,6,0,8,9,0,4,10,2,0,10,6,0,0,0,0,13,18,2,3,0,0,1,29,16,0,21,26,0,11,29,6,1,29,16,0,0,0,0,13,18,8,13,0,0,1,29,16,0,21,26,0,11,29,6,1,29,16,0,0,0,0,13,18,8,13,0,0,1,29,16,0,21,26,0,11,29,6,1,29,16,0,0,0,0,13,18,8,13,0,0,1,29,16,0,21,26,0,11,29,6,1,29,16,0,0,0,0,13,18,8,13,0,0,1,29,16,0,21,26,0,11,29,6,1,29,16,0,0,0,0,13,18,2,4,0,0,1,29,16,0,21,26,0,11,29,6,1,29,16,0,0,0,0,13,27,23,18,0,0,0,1,1,0,1,1,0,0,1,0,0,1,1,0,0,0,0,4,8,8,6,0,0,0,0,0,0,0,0,0,0,0,0,0,0,0,0,0,0,14,17,17,17,17,17,17,17,17,17,17,17,17,17,17,17,17,17,17,17,14,0,0,14,17,17,17,17,17,17,17,17,17,17,17,17,17,17,17,4,0,0,0,0,0,0,12,14,14,14,14,14,26,19,14,14,14,14,14,14,26,19,3,0,0,0,0,0,0,4,0,0,1,2,0,23,8,0,0,0,1,2,0,23,8,0,0,14,3,0,0,0,8,0,0,8,13,13,23,13,8,12,0,8,13,13,23,13,8,12,18,3,0,0,0,8,0,0,8,13,16,23,14,10,22,0,8,13,16,23,14,10,22,18,3,0,0,0,8,0,0,8,13,16,23,14,10,22,0,8,13,16,23,14,10,22,18,3,0,0,0,8,0,0,1,2,7,23,11,4,1,0,1,2,7,23,11,4,1,1,0,0,0
11,0,26,21,0,0,0,2,10,22,7,8,18,12,13,11,10,22,7,8,18,12,13,11,0,26,21,0,0,0,0,0,23,17,19,18,0,13,21,17,26,0,3,25,17,23,11,0,26,21,0,0,0,0,0,23,14,16,18,0,13,19,14,25,0,3,24,14,21,11,0,26,21,0,15,26,1,0,22,0,3,18,0,13,8,0,22,0,3,18,0,13,11,0,26,21,0,16,29,1,0,22,0,3,18,0,13,8,0,22,0,3,18,0,13,11,0,26,21,0,16,29,1,0,22,0,3,18,0,13,8,0,22,0,3,18,0,13,11,0,26,21,0,5,9,0,0,22,0,3,18,0,13,8,0,22,0,3,18,0,13,11,0,26,21,0,0,0,0,0,22,0,3,18,0,13,8,0,22,0,3,18,0,13,11,0,26,21,0,0,0,0,0,4,0,0,3,0,2,1,0,4,0,0,3,0,2,11,0,26,21,0,0,0,0,14,17,17,17,17,17,17,17,17,17,17,17,17,17,17,11,0,26,21,0,0,0,0,0,0,0,0,0,0,0,0,0,0,0,0,0,0,0,11,0,26,21,0,0,0,0,0,17,21,21,13,0,10,21,21,21,0,2,21,21,21,11,0,26,21,0,0,0,0,0,23,10,13,18,0,13,16,10,25,0,3,23,10,19,11,0,26,21,0,0,0,0,0,22,10,10,18,0,13,11,13,22,0,3,18,16,13,11,0,26,21,0,0,0,0,0,9,13,12,18,0,5,7,18,22,0,1,7,22,13,11,0,26,21,0,0,0,0,0,0,13,12,18,0,0,3,18,22,0,0,0,22,13,11,0,26,21,0,0,0,0,10,27,28,12,18,0,27,28,18,22,0,19,27,28,13,11,0,26,21,0,0,0,0,1,4,4,5,18,0,4,4,3,22,0,3,4,4,13,0,0,26,21,0,0,0,0,0,19,23,24,18,0,11,23,23,27,0,3,23,23,26,4,0,26,21,0,0,0,0,0,23,8,11,18,0,13,15,8,24,0,3,22,8,18,11,0,26,21,0,0,0,1,8,22,6,8,18,10,13,10,8,22,6,8,18,10,13,11,0,26,21,0,0,0,3,18,22,13,12,18,22,13,12,18,22,13,12,18,22,13,11,0,26,21,0,0,0,3,18,22,13,12,18,22,13,12,18,22,13,12,18,22,13
12,18,22,13,12,18,9,13,10,7,22,13,12,18,22,13,10,7,22,0,0,6,29,12,18,22,13,12,18,22,13,12,18,22,13,12,18,22,13,12,18,22,0,0,6,25,10,8,22,6,7,18,22,13,12,18,22,6,7,18,9,13,12,18,22,0,0,0,0,8,0,22,0,3,18,15,13,11,12,22,0,3,18,0,13,11,12,22,0,0,0,0,8,0,22,0,3,18,0,13,8,0,22,0,3,18,0,13,8,0,22,0,0,0,0,8,0,14,0,3,18,0,8,5,0,22,0,2,12,0,13,8,0,14,0,0,0,0,13,3,3,2,9,18,0,0,0,0,23,5,2,3,4,17,8,0,0,0,0,2,10,27,18,22,13,27,17,20,6,8,17,21,28,12,18,23,26,11,17,11,0,0,6,29,3,18,22,13,8,0,22,13,12,18,0,13,12,18,22,0,3,18,22,0,0,6,29,3,18,22,13,8,0,22,13,12,18,0,13,12,18,22,0,3,18,22,0,0,6,29,3,18,14,13,8,0,6,13,10,5,0,13,11,12,22,0,1,5,22,0,0,6,29,3,18,0,13,8,0,0,13,8,0,0,13,8,0,22,0,0,0,22,0,0,6,29,5,9,8,6,5,6,0,13,8,0,8,6,5,6,11,5,3,0,22,0,0,6,29,10,6,22,4,6,18,0,13,8,0,22,4,6,18,7,13,8,0,22,0,0,0,1,12,18,22,13,12,18,0,13,8,0,22,13,12,18,22,13,8,0,22,0,0,0,0,12,18,22,13,12,18,0,13,8,0,22,13,12,18,22,13,8,0,22,0,0,0,8,4,18,0,13,9,0,0,0,0,0,0,13,9,0,22,0,0,0,0,0,0,0,0,3,18,0,13,8,0,0,0,0,0,0,13,8,0,22,0,0,0,0,0,0,0,0,7,18,9,13,10,7,0,0,0,0,9,13,10,7,22,5,3,0,0,0,0,0,0,12,18,22,13,12,18,0,0,0,0,22,13,12,18,22,13,8,0,0,0,0,0,0,12,18,22,13,12,18,0,7,5,0,22,13,12,18,22,13,8,0,13,0,0,0,0,12,18,22,13,12,18,0,13,8,0,22,13,12,18,22,13,8,0,22,0,0,0,0,12,18,22,13,12,18,0,13,8,0,22,13,12,18,22,13,8,0,22,0,0,0,0
0,22,0,3,18,0,13,12,18,0,13,12,18,0,13,8,0,22,13,8,0,22,13,0,10,0,1,8,0,6,7,18,0,13,10,8,0,6,4,0,9,13,8,0,22,6,0,0,0,0,0,0,0,7,18,0,13,11,1,0,0,0,0,1,16,8,0,23,3,0,0,0,0,0,0,4,28,18,0,13,28,10,0,0,0,0,14,28,8,0,23,28,6,28,11,0,0,0,0,0,0,0,0,0,0,0,26,21,0,0,0,0,0,0,0,6,29,11,0,0,0,0,0,0,0,0,0,0,0,26,21,0,0,0,0,0,0,0,6,29,11,0,0,0,0,0,0,0,0,0,0,0,26,21,0,0,0,0,0,0,0,6,29,11,0,0,0,0,0,0,0,0,0,0,0,26,21,0,0,0,0,0,0,0,6,25,10,0,0,0,1,7,5,0,3,7,2,0,23,19,0,3,7,2,0,6,7,0,0,0,0,0,0,4,25,18,0,13,26,9,0,0,0,0,12,27,8,0,23,25,0,0,0,0,0,0,0,3,18,0,13,8,0,0,0,0,0,0,13,8,0,22,0,0,16,0,2,13,0,10,10,18,0,13,11,13,0,10,6,0,16,13,8,0,22,10,0,22,0,3,18,0,13,12,18,0,13,12,18,0,13,8,0,22,13,8,0,22,13,13,22,0,3,18,16,13,12,18,0,13,12,18,16,13,11,13,22,13,8,0,22,13,18,22,0,3,18,22,13,12,18,0,13,12,18,22,13,12,18,22,13,8,0,22,13,18,22,0,3,18,22,13,12,18,0,13,12,18,22,13,12,18,22,13,8,0,22,13,18,22,0,3,18,22,13,12,18,0,13,12,18,22,13,12,18,22,13,8,0,22,13,6,19,0,3,15,8,13,10,6,0,5,7,18,8,11,8,6,22,5,3,0,8,13,6,0,0,0,0,8,13,10,6,11,5,7,18,8,0,1,6,22,5,5,9,8,13,18,11,0,1,9,22,13,12,18,22,13,12,18,22,6,8,18,22,13,12,18,22,13,18,22,0,3,18,22,13,12,18,22,13,12,18,22,13,12,18,22,13,12,18,22,13,0,22,0,3,18,0,13,9,0,22,0,4,18,0,13,9,0,22,0,4,18,0,13,0,22,0,3,18,0,13,12,15,22,11,11,18,0,13,8,0,22,11,11,18,18,13
6,29,11,0,26,21,0,16,29,1,6,29,11,0,26,21,0,16,29,1,6,29,11,6,29,11,0,26,21,0,16,29,1,6,29,11,0,26,21,0,16,29,1,6,29,11,6,29,11,0,26,21,0,16,29,1,6,29,11,0,26,21,0,16,29,1,6,29,11,6,29,11,0,26,21,0,16,29,1,6,29,11,0,26,21,0,16,29,1,6,29,11,6,29,11,0,26,21,0,16,29,1,6,29,11,0,26,21,0,16,29,1,6,29,11,2,11,4,0,10,8,0,6,11,0,2,11,4,0,10,8,0,6,11,0,2,11,4,0,0,0,0,0,0,0,0,0,0,0,0,0,0,0,0,0,0,0,0,0,0,0,17,17,17,17,17,17,17,17,17,17,17,17,17,17,17,17,17,17,17,17,17,17,17,0,0,0,0,0,0,0,0,0,0,0,0,0,0,0,0,0,0,5,7,7,7,7,0,0,0,0,0,0,0,0,0,0,0,0,0,0,0,0,0,0,15,25,25,25,25,0,9,0,0,0,0,0,0,0,0,0,0,0,0,0,1,7,0,0,0,0,0,1,12,22,0,0,0,19,0,0,0,0,0,3,16,0,0,3,18,13,0,0,6,17,13,15,22,0,0,0,22,0,0,0,0,0,3,18,0,0,3,18,16,0,0,15,22,13,15,22,0,0,0,22,0,0,0,0,0,3,18,0,0,3,18,16,0,0,15,22,13,15,22,0,0,0,22,0,0,0,0,0,3,18,0,0,3,18,16,0,0,15,22,13,14,20,0,0,0,22,0,0,0,0,0,3,18,0,0,3,17,15,0,0,14,20,12,0,0,0,0,0,22,0,0,0,0,0,3,18,0,0,0,0,0,0,0,0,0,0,0,0,0,0,0,22,0,0,0,0,0,3,18,0,0,0,0,0,0,0,0,0,0,17,17,17,11,0,22,0,0,0,0,0,3,18,0,14,17,17,17,17,17,17,17,17,0,0,0,0,0,22,0,0,0,0,0,3,18,0,0,0,0,0,0,0,0,0,0,2,0,0,0,0,22,0,0,0,0,0,3,18,0,0,0,0,3,7,7,7,7,7,7,0,0,0,0,22,0,0,0,0,0,3,18,0,0,0,0,12,29,29,29,29,29,2,0,0,0,0,22,0,0,0,0,0,3,18,0,0,0,0,4,15,29,18,10,10
10,7,22,0,2,19,0,12,11,7,22,5,6,19,0,12,9,0,22,0,2,19,9,11,19,22,0,2,19,0,12,12,19,22,12,12,19,0,12,9,0,22,0,2,19,22,11,19,22,0,2,19,0,12,12,19,22,12,12,19,0,12,9,0,22,0,2,19,22,11,19,22,0,1,12,0,12,12,19,22,12,12,19,0,8,6,0,14,0,2,19,22,11,19,22,0,0,0,0,12,12,19,22,12,12,19,0,0,0,0,0,0,2,19,22,7,19,10,0,0,0,0,6,7,19,10,12,11,9,0,0,0,0,0,0,1,9,22,2,19,0,0,0,0,0,0,2,19,0,12,9,0,0,0,0,0,0,0,0,0,22,2,19,0,0,0,0,0,0,2,19,0,12,9,0,0,0,0,0,0,0,0,0,22,11,19,22,0,2,19,0,12,12,19,22,12,12,19,0,12,9,0,22,0,2,19,22,11,19,22,0,2,19,0,12,12,19,22,12,12,19,0,12,9,0,22,0,2,19,22,10,7,22,0,2,19,0,12,11,7,22,4,6,19,0,12,9,0,22,0,2,19,8,5,9,9,0,2,19,0,5,5,9,9,6,5,8,0,12,9,0,22,0,1,8,10,2,19,0,0,2,19,0,0,2,19,0,12,9,0,0,12,9,0,22,0,0,0,22,8,19,0,3,5,19,5,0,2,19,13,12,9,0,5,12,9,0,22,3,2,0,22,11,19,0,12,12,19,22,0,2,19,22,12,9,0,22,12,9,0,22,12,9,0,22,11,19,0,12,12,19,22,0,2,19,22,12,9,0,22,12,9,0,22,12,9,0,22,11,28,25,12,11,10,22,11,26,19,22,12,27,17,22,6,5,0,12,12,12,25,29,2,6,24,0,0,0,0,12,14,4,4,3,9,19,0,0,0,0,0,0,2,22,6,5,0,22,0,1,11,0,12,9,0,13,0,2,19,0,7,5,0,13,0,2,19,0,8,0,22,0,2,19,0,12,9,0,22,0,2,19,0,12,9,0,22,0,2,19,0,8,0,22,8,9,19,14,12,9,0,22,0,2,19,14,12,9,0,22,8,9,19,0,10,7,22,12,12,19,22,12,11,7,22,5,6,19,22,12,9,0,22,12,12,19,9,11,19,22,12,12,19,22,12,12,19,22,12,12,19,22,12,9,0,22,12,12,19,22
0,3,18,0,13,8,0,22,0,3,18,0,13,8,0,22,0,3,18,0,0,0,26,0,3,18,0,13,8,0,22,0,3,18,0,13,8,0,22,0,3,18,0,0,0,26,0,3,18,0,13,8,0,22,0,3,18,0,13,8,0,22,0,3,18,0,0,0,26,0,3,18,0,13,8,0,22,0,3,18,0,13,8,0,22,0,3,18,0,0,0,26,5,7,18,9,13,10,7,22,5,7,18,9,13,10,7,22,5,7,18,9,0,0,26,13,12,18,22,13,12,18,22,13,12,18,22,13,12,18,22,13,12,18,22,0,0,26,13,12,18,22,13,12,18,22,13,12,18,22,13,12,18,22,13,12,18,22,0,0,26,13,12,18,22,13,12,18,22,13,12,18,22,13,12,18,22,13,12,18,22,0,0,26,6,8,18,11,13,10,9,22,6,8,18,11,13,10,9,22,6,8,18,11,0,0,26,7,10,18,0,13,14,7,24,0,3,21,7,18,8,0,23,7,10,18,0,0,0,26,25,25,18,0,11,25,25,27,0,3,25,25,27,8,0,20,25,25,18,0,0,0,26,3,5,18,0,3,3,2,22,0,2,3,3,13,8,1,3,3,5,18,0,0,0,26,29,12,18,0,28,29,18,22,0,20,28,28,13,8,10,28,29,12,18,0,0,0,26,13,12,18,0,0,3,18,22,0,0,0,22,13,8,0,0,13,12,18,0,0,0,26,13,12,18,0,4,6,18,22,0,1,6,22,13,8,0,7,13,12,18,0,0,0,26,10,10,18,0,13,12,14,22,0,3,18,17,13,8,0,22,10,10,18,0,0,0,26,9,12,18,0,13,15,9,25,0,3,22,9,19,8,0,23,9,12,18,0,0,0,26,22,22,14,0,10,22,22,22,0,3,22,22,22,6,0,18,22,22,14,0,0,0,26,0,0,0,0,0,0,0,0,0,0,0,0,0,0,0,0,0,0,0,0,0,0,26,17,17,17,17,17,17,17,17,17,17,17,17,17,17,17,17,17,17,17,11,0,0,26,0,0,3,0,2,1,0,4,0,0,3,0,2,1,0,4,0,0,3,0,0,0,26,0,3,18,0,13,8,0,22,0,3,18,0,13,8,0,22,0,3,18,0,0,0,26,0,3,18,0,13,8,0,22,0,3,18,0,13,8,0,22,0,3,18,0,0,0,26
29,9,5,5,5,5,3,0,22,13,8,0,22,13,8,0,5,5,5,5,5,21,18,28,29,29,29,29,29,17,0,22,13,8,0,22,13,8,2,29,29,29,29,29,29,13,12,12,12,12,12,12,7,0,22,13,8,0,22,13,8,1,12,12,12,12,12,12,6,7,7,7,7,7,7,0,0,22,13,8,0,22,13,8,0,3,7,7,7,7,7,7,8,8,8,8,8,8,0,0,22,13,8,0,22,13,8,0,4,8,8,8,8,8,8,17,17,17,17,11,0,0,0,22,13,8,0,22,13,8,0,0,2,17,17,17,17,17,7,9,9,3,0,0,0,0,22,5,3,0,8,13,8,0,0,0,0,8,9,9,2,23,6,6,2,0,0,0,0,22,1,0,0,2,13,8,0,0,0,0,5,6,17,8,22,0,2,13,0,0,0,0,22,13,8,0,22,13,8,0,0,0,2,13,0,13,8,22,0,3,18,0,0,0,0,22,13,8,0,22,13,8,0,0,0,3,18,0,13,8,22,0,3,28,25,25,25,25,28,11,7,0,19,13,27,25,25,25,26,18,0,13,8,22,0,3,21,6,6,6,6,6,0,0,0,0,3,6,6,6,6,10,18,0,13,8,24,0,3,18,0,0,0,0,0,0,0,0,0,0,0,0,0,0,3,18,0,13,13,10,0,0,0,0,0,0,0,0,0,0,0,0,0,0,0,0,0,0,0,0,5,10,17,17,17,17,17,17,17,17,17,17,17,17,17,17,17,17,17,17,17,17,17,17,17,0,0,0,0,0,0,0,0,0,0,0,0,0,0,0,0,0,0,0,0,0,0,2,1,0,0,0,0,0,0,0,0,0,0,0,0,0,0,0,0,0,0,0,0,0,16,1,0,5,8,0,2,8,3,0,8,6,0,5,8,0,2,8,3,0,8,6,0,16,1,0,16,29,1,6,29,11,0,26,21,0,16,29,1,6,29,11,0,26,21,0,16,1,0,16,29,1,6,29,11,0,26,21,0,16,29,1,6,29,11,0,26,21,0,16,1,0,16,29,1,6,29,11,0,26,21,0,16,29,1,6,29,11,0,26,21,0,16,1,0,16,29,1,6,29,11,0,26,21,0,16,29,1,6,29,11,0,26,21,0,16,1,0,9,15,1,3,15,6,0,14,11,0,9,15,1,3,15,6,0,14,11,0,16
0,0,0,10,29,7,0,29,17,0,20,27,0,0,0,0,3,7,22,8,10,14,11,6,1,0,10,29,7,0,29,17,0,20,27,0,0,0,0,7,14,22,17,12,14,22,7,2,0,10,29,7,0,29,17,0,20,27,0,0,0,0,7,14,22,17,12,14,22,0,0,0,10,29,7,0,29,17,0,20,27,0,0,0,0,7,14,5,17,6,3,22,20,27,0,10,29,7,0,29,17,0,20,27,0,0,0,0,7,14,0,17,8,5,22,20,27,0,10,29,7,0,29,17,0,20,27,0,0,0,0,7,14,0,17,12,14,22,20,27,0,10,29,7,0,29,17,0,20,27,0,0,0,0,7,14,0,17,12,14,22,20,27,0,10,29,7,0,29,17,0,20,27,0,0,0,0,5,9,0,17,12,14,22,20,27,0,2,7,2,0,7,4,0,5,7,0,0,0,0,0,0,0,17,12,14,22,20,27,0,1,4,1,0,4,2,0,3,4,0,0,0,0,0,0,0,8,10,14,10,8,11,0,10,29,7,0,29,17,0,20,27,0,0,0,0,0,0,0,0,7,14,0,0,0,0,10,29,7,0,29,17,0,20,27,0,0,0,0,0,0,0,0,7,14,0,13,3,0,10,29,7,0,29,17,0,20,27,0,0,0,0,7,14,0,17,12,14,22,0,0,0,10,29,7,0,29,17,0,20,27,0,0,0,0,7,14,0,17,12,14,22,0,0,0,10,29,7,0,29,17,0,20,27,0,0,0,0,7,14,0,17,7,5,22,17,23,0,10,29,7,0,29,17,0,20,27,0,0,0,0,7,14,0,7,5,6,9,20,27,0,10,29,7,0,29,17,0,20,27,0,0,0,0,7,14,0,0,7,14,0,20,27,0,10,29,7,0,29,17,0,20,27,0,0,0,0,7,14,5,0,7,14,13,20,27,0,10,29,7,0,29,17,0,20,27,0,0,0,0,7,14,22,0,7,14,22,20,27,0,10,29,7,0,29,17,0,20,27,0,0,0,0,7,14,22,0,7,14,22,0,0,0,0,0,0,0,0,0,0,0,0,0,0,0,0,4,7,22,15,27,14,22,0,0,0,0,0,0,0,0,0,0,0,0,0,0,0,0,0,0,0,17,10,3,4,0,0,0,0,0,0,0,0,0,0,0,0,0,0,0,0,4,8,0,17,4,0,13
5,0,13,10,0,0,0,0,0,20,25,25,16,0,12,25,25,25,0,3,25,25,25,11,0,26,21,0,0,0,0,0,23,8,11,18,0,13,14,9,24,0,3,21,10,17,11,0,26,21,0,0,0,0,0,22,13,12,18,0,13,12,18,22,0,3,18,22,13,11,0,26,21,0,0,0,0,0,6,13,12,18,0,3,6,18,22,0,1,5,22,13,11,0,26,21,0,0,0,0,0,1,15,12,18,0,1,5,18,22,0,1,1,23,13,11,0,26,21,0,0,0,0,10,29,29,12,18,0,29,29,18,22,0,20,29,28,13,11,0,25,20,0,0,0,0,0,0,0,4,18,0,0,0,0,22,0,0,0,0,13,0,0,0,0,0,0,0,0,0,22,27,28,18,0,13,27,27,28,0,3,27,27,28,1,1,0,0,0,0,0,0,0,23,4,8,18,0,13,12,4,23,0,3,20,4,16,14,10,0,0,0,0,0,2,11,22,8,9,18,13,13,11,11,22,8,9,18,13,13,0,0,0,0,0,0,0,3,18,22,13,12,18,22,13,12,18,22,13,12,18,22,13,3,0,8,6,0,0,0,3,18,22,13,12,18,22,13,12,18,22,13,12,18,22,13,11,0,26,21,0,0,0,3,18,22,13,12,18,22,13,12,18,22,13,12,18,22,13,11,0,26,21,0,0,0,1,5,22,4,6,18,6,13,10,5,22,4,6,18,6,13,11,0,26,21,0,0,0,0,0,22,0,3,18,0,13,8,0,22,0,3,18,0,13,11,0,26,21,0,0,0,0,0,22,0,3,18,0,13,8,0,22,0,3,18,0,13,6,0,14,11,0,0,0,0,0,22,0,3,18,0,13,8,0,22,0,3,18,0,13,0,0,0,0,0,0,0,0,0,22,0,3,18,0,13,8,0,22,0,3,18,0,13,0,0,0,0,0,0,0,0,0,9,0,1,8,0,6,3,0,9,0,1,8,0,6,11,8,0,0,0,0,0,0,9,11,11,11,11,11,11,11,11,11,11,11,11,11,11,4,3,0,0,0,0,0,0,4,4,4,4,4,4,4,4,4,4,4,4,4,4,4,0,0,0,0,0,0,0,0,0,12,15,15,10,0,7,15,15,15,0,2,15,15,15,0,0,0,0,0,0,0,0,0,21,17,18,17,0,12,19,17,24,0,3,23,17,21
13,0,10,17,1,0,0,0,0,0,0,13,12,18,22,13,12,18,0,0,0,0,22,0,0,0,0,0,0,0,0,0,0,0,11,11,18,18,13,12,15,0,0,0,0,18,18,0,14,25,1,0,0,0,0,0,0,0,3,18,0,13,8,0,0,0,0,0,0,21,0,16,29,1,0,0,0,0,0,0,0,3,18,0,13,8,0,0,0,0,0,0,21,0,16,29,1,0,0,0,2,12,0,9,9,18,15,13,11,12,0,9,5,0,15,21,0,16,29,1,0,0,0,3,18,0,13,12,18,22,13,12,18,0,13,8,0,22,21,0,16,29,1,0,0,0,3,18,0,13,11,13,22,9,10,18,0,13,8,0,22,21,0,16,29,1,0,0,0,3,18,0,10,7,2,17,1,4,14,0,13,8,0,17,21,0,16,29,1,0,0,0,3,18,0,0,3,18,0,13,8,0,0,13,8,0,0,21,0,16,29,1,0,0,0,3,18,0,0,3,18,6,13,8,0,0,13,8,0,0,21,0,16,29,1,0,0,0,3,18,20,0,3,18,22,13,8,0,20,13,12,17,0,21,0,16,29,1,0,0,0,3,18,22,0,3,18,22,13,8,0,22,13,12,18,0,7,0,5,9,0,0,0,0,3,16,22,7,17,18,22,13,20,10,22,12,11,18,12,0,0,0,0,0,0,0,0,0,0,6,13,20,10,12,7,18,18,6,0,1,5,23,0,0,0,0,0,0,0,0,0,4,0,13,8,0,5,0,3,18,0,3,2,0,22,17,17,11,0,0,0,0,0,3,18,0,13,8,0,22,0,3,18,0,13,8,0,22,0,0,0,0,0,0,0,0,3,18,6,13,8,0,22,0,3,18,6,13,10,5,22,0,0,0,0,0,0,0,0,3,18,22,13,9,1,22,0,4,18,22,13,12,18,22,6,0,5,8,0,0,0,0,3,18,22,13,12,18,22,13,12,18,22,13,12,18,22,21,0,16,29,1,0,0,0,3,18,18,13,12,18,22,13,12,18,18,13,12,15,22,21,0,16,29,1,0,0,0,3,18,0,13,12,18,22,13,12,18,0,13,8,0,22,21,0,16,29,1,0,0,0,3,18,0,13,9,3,22,2,5,18,0,13,8,0,22,21,0,16,29,1,0,0,0,3,18,15,13,11,12,22,9,9,18,15,13,11,12,22
21,0,16,29,1,0,0,0,3,18,22,3,10,18,22,13,13,4,22,13,12,18,5,21,0,16,29,1,0,0,0,3,18,22,0,3,18,22,13,8,0,22,13,12,18,0,21,0,16,29,1,0,0,0,3,18,13,0,3,18,22,13,8,0,13,13,11,11,0,21,0,16,29,1,0,0,0,3,18,0,0,3,18,0,13,8,0,0,13,8,0,0,21,0,16,29,1,0,0,0,3,18,0,0,3,15,0,11,7,0,0,13,8,0,0,8,0,6,11,0,0,0,0,3,18,0,13,8,0,22,0,3,18,0,13,8,0,22,0,0,0,0,0,0,0,0,3,18,0,13,12,18,22,13,12,18,0,13,8,0,22,17,17,17,17,17,6,0,0,3,18,0,13,12,18,22,13,12,18,0,13,8,0,22,6,0,0,0,0,0,0,0,1,6,0,5,7,18,8,13,10,6,0,5,3,0,8,19,0,0,0,0,0,0,0,0,0,0,0,3,18,0,13,8,0,0,0,0,0,0,0,0,1,8,0,0,0,0,0,0,0,0,4,18,1,13,9,1,0,0,0,0,1,7,2,5,18,0,0,0,0,0,0,0,13,12,18,22,13,12,18,0,0,0,0,22,16,13,12,18,0,0,0,0,0,4,0,13,12,18,22,13,12,18,0,3,2,0,22,16,13,12,18,0,0,0,0,3,18,0,13,12,18,22,13,12,18,0,13,8,0,22,13,5,5,7,0,0,0,0,3,18,0,13,12,18,22,13,12,18,0,13,8,0,22,0,0,0,0,0,0,0,0,3,18,0,13,12,14,22,10,10,18,0,13,8,0,22,23,23,23,8,0,0,0,0,3,18,0,13,8,0,22,0,3,18,0,13,8,0,22,8,8,8,3,0,0,0,0,3,18,19,13,12,16,22,12,11,18,19,13,12,16,22,2,17,17,17,17,6,0,0,3,18,22,13,12,18,22,13,12,18,22,13,12,18,22,0,0,0,0,0,0,0,0,3,16,22,12,11,18,19,13,12,16,22,12,11,18,19,0,0,0,0,0,0,0,0,0,0,23,7,10,18,0,13,14,7,24,0,3,21,7,0,0,0,0,0,0,0,0,0,0,23,25,25,18,0,13,26,25,27,0,3,28,25,0,0,0,0,0,0,0,0,0,0,22,0,3,18,0,13,8,0,22,0,3,18,0
0,0,8,11,0,0,22,25,0,12,29,5,1,17,9,0,13,15,0,7,17,3,0,0,0,0,0,0,0,22,25,0,12,29,5,0,0,0,0,0,0,0,0,0,0,0,0,0,0,0,0,0,16,19,0,9,21,4,2,25,13,0,19,21,0,10,25,4,0,0,0,0,0,0,0,0,0,0,0,0,0,2,29,15,0,22,25,0,12,29,5,0,0,1,7,7,7,7,7,7,7,7,3,0,2,29,15,0,22,25,0,12,29,5,0,0,1,8,8,8,8,8,8,8,8,4,0,2,29,15,0,22,25,0,12,29,5,0,0,3,19,19,19,14,0,0,0,0,0,0,2,29,15,0,22,25,0,12,29,5,0,0,5,29,29,29,21,0,0,0,6,14,2,2,29,15,0,22,25,0,12,29,5,0,0,0,3,29,15,2,0,0,0,12,29,5,2,29,15,0,22,25,0,12,29,5,0,0,5,5,29,15,19,2,0,0,12,29,5,2,29,15,0,22,25,0,12,29,5,0,0,5,5,29,15,19,2,0,0,12,29,5,2,29,15,0,22,25,0,12,29,5,0,0,4,5,29,15,16,2,0,0,12,29,5,2,29,15,0,22,25,0,12,29,5,0,0,1,10,29,19,6,0,0,0,4,9,1,0,9,5,0,7,8,0,4,9,1,0,0,5,29,29,29,25,0,0,0,0,0,0,0,0,0,0,0,0,0,0,0,0,0,0,2,10,10,10,9,0,0,0,0,0,0,0,0,0,0,0,0,0,0,0,0,0,0,3,17,17,17,17,17,17,17,17,17,17,17,17,17,17,17,17,17,14,0,0,0,0,0,0,0,0,0,0,0,0,0,0,0,0,0,0,0,0,0,0,0,0,0,0,0,0,0,0,0,0,0,0,0,0,0,0,0,0,0,0,0,0,0,0,0,0,0,0,0,0,8,4,0,6,7,0,3,8,1,0,8,4,0,6,7,0,3,8,1,0,0,0,2,29,15,0,22,25,0,12,29,5,2,29,15,0,22,25,0,12,29,5,0,0,0,2,29,15,0,22,25,0,12,29,5,2,29,15,0,22,25,0,12,29,5,0,0,0,2,29,15,0,22,25,0,12,29,5,2,29,15,0,22,25,0,12,29,5,0,0,0,2,29,15,0,22,25,0,12,29,5,2,29,15,0,22,25,0,12,29,5,0
7,22,5,7,18,0,13,8,0,22,5,7,18,9,13,8,0,22,0,3,18,9,13,18,22,13,12,18,0,13,8,0,22,13,12,18,22,13,8,0,22,0,3,18,22,13,18,22,13,12,18,0,13,8,0,22,13,12,18,22,13,8,0,22,0,3,18,22,13,18,22,13,12,18,0,8,5,0,22,13,12,18,22,13,8,0,14,0,3,18,22,13,18,22,13,12,18,0,0,0,0,22,13,12,18,22,13,8,0,0,0,3,18,22,13,18,10,13,10,8,0,0,0,0,10,13,10,8,22,6,4,0,0,0,1,8,22,6,18,0,13,8,0,0,0,0,0,0,13,8,0,22,0,0,0,0,0,0,0,22,0,18,0,13,8,0,0,0,0,0,0,13,8,0,22,0,0,0,0,0,0,0,22,0,18,22,13,12,18,0,13,8,0,22,13,12,18,22,13,8,0,22,0,3,18,22,13,18,22,13,12,18,0,13,8,0,22,13,12,18,22,13,8,0,22,0,3,18,22,13,6,22,5,7,18,0,13,8,0,22,5,7,18,8,13,8,0,22,0,3,18,8,13,8,9,6,5,8,0,13,8,0,9,6,5,8,10,6,3,0,22,0,1,8,10,6,18,0,13,8,0,0,13,8,0,0,13,8,0,22,0,0,0,22,0,0,0,22,0,18,13,13,8,0,5,13,9,4,0,13,11,11,22,0,0,4,22,3,2,0,22,8,18,22,13,8,0,22,13,12,18,0,13,12,18,22,0,3,18,22,13,8,0,22,13,18,22,13,8,0,22,13,12,18,0,13,12,18,22,0,3,18,22,13,8,0,22,13,18,22,13,27,16,22,7,8,18,20,27,12,18,23,25,11,18,12,13,12,25,28,13,4,4,3,10,18,0,0,0,0,23,6,2,3,5,17,8,0,0,0,3,21,6,2,0,13,0,3,18,0,7,5,0,22,0,2,10,0,13,8,0,13,0,3,18,0,7,0,22,0,3,18,0,13,8,0,22,0,3,18,0,13,8,0,22,0,3,18,0,13,0,22,0,3,18,14,13,11,12,22,0,3,18,0,13,11,12,22,8,9,18,0,13,7,22,5,7,18,22,13,12,18,22,5,7,18,9,13,12,18,22,13,12,18,9,13,18,22,13,12,18,22,13,12,18,22,13,12,18,22,13,12,18,22,13,12,18,22,13
11,0,0,0,0,0,0,0,0,0,0,0,0,0,0,0,0,0,0,0,0,0,0,11,0,0,0,0,0,0,0,0,0,0,0,0,0,0,0,0,0,0,0,0,0,0,11,0,0,0,0,0,0,0,0,0,0,0,0,0,0,0,0,0,0,0,0,0,0,11,0,0,0,0,0,0,0,0,0,0,0,0,0,0,0,0,0,0,0,0,0,0,3,0,5,7,1,0,7,7,0,0,0,0,0,7,6,0,2,7,4,0,0,0,0,0,0,15,27,4,0,27,22,0,0,0,0,0,24,24,0,7,27,14,0,0,0,0,0,0,0,17,4,0,22,0,0,0,0,0,0,0,22,0,7,14,0,0,0,0,0,0,0,16,17,4,0,22,13,3,0,16,0,5,10,22,0,7,14,16,0,5,10,0,0,0,22,17,4,0,22,17,4,0,22,0,7,14,22,0,7,14,22,0,7,14,0,5,10,22,17,4,0,22,17,10,10,22,12,11,14,22,0,7,14,22,12,11,14,16,7,14,22,17,4,0,22,17,12,14,22,17,12,14,22,0,7,14,22,17,12,14,22,7,14,22,17,4,0,22,17,12,14,22,17,12,14,22,0,7,14,22,17,12,14,22,7,14,22,17,4,0,22,17,12,14,22,17,12,14,22,0,7,14,22,17,12,14,22,2,5,22,6,1,0,8,17,7,5,19,6,9,14,8,0,2,5,22,6,8,12,8,2,5,22,6,5,7,8,17,7,5,0,6,9,14,8,8,5,5,22,6,1,0,8,7,14,22,17,12,14,22,17,12,14,11,17,12,14,22,17,12,14,22,17,8,7,22,7,14,22,17,12,14,22,17,12,14,22,17,12,14,22,17,12,14,22,17,12,14,22,0,0,22,0,8,14,0,17,5,0,22,0,8,14,0,17,5,0,22,0,8,14,0,0,0,22,14,11,14,18,17,4,0,22,0,7,14,18,17,11,11,22,0,7,14,0,3,5,22,17,12,14,22,17,8,5,22,7,9,14,22,17,12,14,22,7,9,14,9,7,14,22,17,12,14,22,17,12,14,22,17,12,14,22,17,12,14,22,17,12,14,22,7,14,22,7,10,14,9,17,12,14,22,17,12,14,9,17,8,6,22,17,12,14,22,5,9,22,0,7,14,0,17,10,9,22,11,11,14,0,17,4,0,22,11,11,14,15
0,0,0,0,0,0,0,0,0,0,0,0,0,0,0,0,0,0,0,0,0,0,0,0,0,0,0,0,0,0,0,0,0,0,0,0,0,0,0,0,0,0,0,0,0,0,8,8,8,8,8,8,8,8,8,8,8,8,8,8,8,8,8,8,8,8,8,8,8,7,7,7,7,7,7,7,7,7,7,7,7,7,7,7,7,7,7,7,7,7,7,7,0,1,1,0,0,0,1,20,20,20,19,0,15,20,20,20,5,8,20,20,20,12,6,0,16,29,1,0,0,1,27,29,29,26,0,20,29,29,28,7,11,28,29,28,16,6,0,16,29,1,0,0,2,1,26,21,2,1,0,16,29,2,3,0,6,29,11,3,6,0,16,29,1,0,0,13,8,26,21,13,8,0,16,29,5,18,0,6,29,11,22,6,0,16,29,1,0,0,13,8,26,21,13,8,0,16,29,5,18,0,6,29,11,22,6,0,16,29,1,0,0,11,7,26,21,11,7,0,16,29,5,15,0,6,29,11,18,6,0,16,29,1,0,0,1,8,27,24,8,8,8,20,29,10,8,8,13,29,17,8,13,0,6,10,0,0,0,4,29,29,29,29,29,29,29,29,29,29,29,29,29,29,29,29,0,0,0,0,0,0,1,9,9,9,9,9,9,9,9,9,9,9,9,9,9,9,9,17,17,17,17,17,17,17,17,17,17,17,17,17,17,17,17,17,17,17,17,17,17,17,0,0,0,0,0,0,0,0,0,0,0,0,0,0,0,0,0,0,0,0,0,0,0,0,0,0,0,0,0,0,6,6,6,6,6,6,6,6,6,6,6,6,6,6,6,6,0,14,25,1,0,0,1,29,29,29,29,29,29,29,29,29,29,29,29,29,29,29,29,0,16,29,1,0,0,0,11,11,11,16,29,19,11,11,11,11,11,16,29,19,11,11,0,16,29,1,0,0,0,0,0,0,6,29,11,0,0,0,0,0,6,29,11,0,0,0,16,29,1,0,0,1,14,14,8,6,29,11,6,14,14,14,8,6,29,11,6,14,0,5,9,0,0,0,0,9,9,5,2,9,3,4,9,9,9,5,2,9,3,4,9,0,0,0,0,0,0,0,0,0,0,0,0,0,0,0,0,0,0,0,0,0,0,0,0,0,0,0,0,0,0,0,0,0,0,0,0,0,0,0,0,0,0,0,0,0,0
0,26,21,0,16,29,1,6,29,11,0,0,0,13,8,0,22,0,3,18,0,13,8,0,10,8,0,6,11,0,6,29,11,0,0,0,13,8,0,22,0,3,18,0,13,8,0,0,0,0,0,0,0,6,29,11,0,0,0,13,8,0,22,0,3,18,0,13,8,0,0,0,0,0,0,0,6,29,11,0,0,0,13,8,0,22,0,3,18,0,13,8,0,0,0,0,0,0,0,6,29,11,0,0,0,12,8,0,20,0,3,17,0,12,8,0,0,0,0,0,0,0,6,29,11,0,0,0,0,0,0,0,0,0,0,0,0,0,17,17,17,17,17,17,0,6,29,11,0,0,8,17,17,17,17,17,17,17,17,17,17,0,0,0,0,0,0,0,1,7,3,0,0,0,0,1,1,1,0,0,1,1,1,0,0,18,15,0,11,20,1,1,4,1,0,0,0,13,29,29,28,0,3,29,29,29,8,0,26,21,0,16,29,1,6,29,11,0,0,0,13,11,7,23,0,3,19,8,14,8,0,26,21,0,16,29,1,6,29,11,0,0,0,13,12,18,22,0,3,18,22,13,8,0,26,21,0,16,29,1,6,29,11,0,0,0,0,4,18,22,0,0,1,22,13,8,0,26,21,0,16,29,1,6,29,11,0,0,0,7,10,18,22,0,5,7,24,13,8,0,26,21,0,16,29,1,6,29,11,0,0,0,25,25,15,22,0,17,25,24,13,8,0,19,16,0,12,21,1,6,29,11,0,0,0,1,3,3,23,0,0,3,3,16,8,0,0,0,0,0,0,0,6,29,11,0,0,0,13,29,28,28,0,3,29,28,29,8,7,7,7,7,7,7,0,6,29,11,0,0,0,13,8,0,22,0,3,18,0,13,8,8,8,8,8,8,8,0,6,29,11,0,0,18,13,12,15,22,11,11,18,18,13,12,0,0,0,0,0,0,0,6,29,11,0,0,22,13,12,18,22,13,12,18,22,13,12,0,13,10,0,8,14,0,6,29,11,0,0,22,13,12,18,22,13,12,18,22,13,12,0,26,21,0,16,29,1,6,29,11,0,0,22,13,12,18,22,13,12,18,22,13,12,0,26,21,0,16,29,1,6,29,11,0,0,2,13,9,1,22,1,4,18,2,13,9,0,26,21,0,16,29,1,6,29,11,0,0,0,13,8,0,22,0,3,18,0,13,8
12,18,22,13,12,18,22,13,12,15,22,13,12,18,22,13,12,18,22,11,11,18,22,10,18,16,13,11,13,22,9,10,18,16,13,11,13,22,9,10,18,16,13,11,13,22,3,18,3,13,9,2,22,0,3,18,0,13,9,2,22,1,5,18,0,13,8,0,22,3,18,22,13,12,18,22,0,3,18,0,13,12,18,22,13,12,18,0,13,8,0,22,10,18,22,13,12,18,22,10,10,18,16,13,12,18,22,13,12,18,16,13,11,13,22,12,18,22,13,12,18,22,13,12,18,22,13,12,18,22,13,12,18,22,13,12,18,22,12,18,2,13,9,1,22,13,12,18,22,13,9,1,22,1,4,18,22,13,12,18,22,6,18,0,13,8,0,22,4,6,18,7,13,8,0,22,0,3,18,7,13,10,6,22,3,18,0,13,8,0,22,0,3,18,0,13,8,0,22,0,3,18,0,13,8,0,22,3,18,0,4,2,0,22,0,1,5,0,13,8,0,6,0,3,18,0,4,2,0,22,6,24,15,6,6,15,26,3,2,0,5,13,20,10,11,7,17,18,5,0,0,4,23,11,17,26,13,12,25,16,13,12,15,22,7,18,18,22,13,20,10,22,11,11,18,13,8,0,22,13,12,18,0,13,12,18,22,0,3,18,22,13,8,0,22,13,12,18,0,8,0,22,13,12,18,0,13,12,18,21,0,3,18,22,13,8,0,21,13,12,17,0,0,0,22,4,6,18,0,0,3,18,0,0,3,18,6,13,8,0,0,13,8,0,0,0,0,22,0,3,18,0,0,3,18,0,0,3,18,0,13,8,0,0,13,8,0,0,2,13,3,9,6,3,16,0,3,18,0,9,6,3,16,2,4,13,0,13,8,0,16,3,18,15,13,11,12,22,0,3,18,0,13,11,12,22,9,9,18,0,13,8,0,22,3,18,22,13,12,18,22,0,3,18,0,13,12,18,22,13,12,18,0,13,8,0,22,2,13,22,9,10,18,16,0,2,13,0,9,10,18,16,13,11,13,0,9,6,0,16,0,0,22,0,3,18,0,0,0,0,0,0,3,18,0,13,8,0,0,0,0,0,0,0,0,22,0,3,18,0,0,0,0,0,0,3,18,0,13,8,0,0,0,0,0,0,2,13,22,10,10,18,16,0,0,0,0,10,10,18,16,13,11,13,0,0,0,0,16
0,0,0,0,0,0,13,12,18,22,13,12,18,0,0,0,0,22,13,12,18,22,13,0,0,0,0,0,0,11,11,18,18,13,12,15,0,0,0,0,18,13,12,15,22,11,0,0,0,0,0,0,0,3,18,0,13,8,0,0,0,0,0,0,13,8,0,22,0,0,0,0,0,0,0,0,3,18,0,13,8,0,0,0,0,0,0,13,8,0,22,0,0,15,0,2,12,0,9,9,18,15,13,11,12,0,9,5,0,15,13,11,12,22,9,0,22,0,3,18,0,13,12,18,22,13,12,18,0,13,8,0,22,13,12,18,22,13,0,22,0,3,18,0,13,11,13,22,9,10,18,0,13,8,0,22,9,10,18,16,13,0,22,0,3,18,0,10,7,2,17,1,4,14,0,13,8,0,17,1,4,14,3,10,0,22,0,3,18,0,0,3,18,0,13,8,0,0,13,8,0,0,13,8,0,22,0,0,22,0,3,18,0,0,3,18,6,13,8,0,0,13,8,0,0,13,10,5,22,0,17,22,0,3,18,20,0,3,18,22,13,8,0,20,13,12,17,0,13,12,18,22,0,18,22,0,3,18,22,0,3,18,22,13,8,0,22,13,12,18,0,13,12,18,22,0,18,19,0,3,16,22,7,17,18,22,13,20,10,22,12,11,18,12,22,12,18,23,15,5,0,0,0,0,6,13,20,10,12,7,18,18,6,0,1,5,23,17,7,10,13,23,0,5,0,0,4,0,13,8,0,5,0,3,18,0,3,2,0,22,0,0,4,0,13,0,22,0,3,18,0,13,8,0,22,0,3,18,0,13,8,0,22,0,3,18,0,13,5,22,0,3,18,6,13,8,0,22,0,3,18,6,13,10,5,22,0,3,18,0,13,18,22,0,3,18,22,13,9,1,22,0,4,18,22,13,12,18,22,0,4,18,1,13,18,22,0,3,18,22,13,12,18,22,13,12,18,22,13,12,18,22,13,12,18,22,13,15,22,0,3,18,18,13,12,18,22,13,12,18,18,13,12,15,22,13,12,18,22,13,0,22,0,3,18,0,13,12,18,22,13,12,18,0,13,8,0,22,13,12,18,22,13,0,22,0,3,18,0,13,9,3,22,2,5,18,0,13,8,0,22,2,5,18,3,13,12,22,0,3,18,15,13,11,12,22,9,9,18,15,13,11,12,22,9,9,18,15,13
7,8,18,12,13,11,10,22,7,8,18,12,13,11,10,22,7,8,18,12,13,11,10,0,3,25,17,23,8,0,23,17,19,18,0,13,21,17,26,0,3,25,17,23,8,0,0,3,24,14,21,8,0,23,14,16,18,0,13,19,14,25,0,3,24,14,21,8,0,0,3,18,0,13,8,0,22,0,3,18,0,13,8,0,22,0,3,18,0,13,8,0,0,3,18,0,13,8,0,22,0,3,18,0,13,8,0,22,0,3,18,0,13,8,0,0,3,18,0,13,8,0,22,0,3,18,0,13,8,0,22,0,3,18,0,13,8,0,0,3,18,0,13,8,0,22,0,3,18,0,13,8,0,22,0,3,18,0,13,8,0,0,3,18,0,13,8,0,22,0,3,18,0,13,8,0,22,0,3,18,0,13,8,0,0,0,3,0,2,1,0,4,0,0,3,0,2,1,0,4,0,0,3,0,2,1,0,17,17,17,17,17,17,17,17,17,17,17,17,17,17,17,17,17,17,17,17,17,17,17,0,0,0,0,0,0,0,0,0,0,0,0,0,0,0,0,0,0,0,0,0,0,0,0,2,21,21,21,6,0,17,21,21,13,0,10,21,21,21,0,2,21,21,21,6,0,0,3,23,10,19,8,0,23,10,13,18,0,13,16,10,25,0,3,23,10,19,8,0,0,3,18,16,13,8,0,22,10,10,18,0,13,11,13,22,0,3,18,16,13,8,0,0,1,7,22,13,8,0,9,13,12,18,0,5,7,18,22,0,1,7,22,13,8,0,0,0,0,22,13,8,0,0,13,12,18,0,0,3,18,22,0,0,0,22,13,8,0,0,19,27,28,13,8,10,27,28,12,18,0,27,28,18,22,0,19,27,28,13,8,10,0,3,4,4,13,8,1,4,4,5,18,0,4,4,3,22,0,3,4,4,13,8,1,0,3,23,23,26,8,0,19,23,24,18,0,11,23,23,27,0,3,23,23,26,8,0,0,3,22,8,18,8,0,23,8,11,18,0,13,15,8,24,0,3,22,8,18,8,0,6,8,18,10,13,10,8,22,6,8,18,10,13,10,8,22,6,8,18,10,13,10,8,13,12,18,22,13,12,18,22,13,12,18,22,13,12,18,22,13,12,18,22,13,12,18,13,12,18,22,13,12,18,22,13,12,18,22,13,12,18,22,13,12,18,22,13,12,18
0,0,0,0,0,0,0,0,0,0,0,0,0,0,0,0,0,0,0,0,0,0,0,0,0,0,0,0,0,0,0,0,0,0,0,0,0,0,0,0,0,0,0,0,0,0,0,0,0,0,0,0,0,0,0,0,0,0,0,0,0,0,0,0,0,0,0,0,0,0,0,0,0,0,0,0,0,0,0,0,0,0,0,0,0,0,0,0,0,0,0,0,0,0,0,0,0,0,0,0,0,0,0,0,0,0,0,0,0,0,0,0,0,0,0,0,0,0,0,0,0,0,0,0,0,0,0,0,0,0,0,0,0,0,0,0,0,0,0,0,0,0,10,11,14,17,17,10,11,22,13,11,14,17,17,10,11,0,0,0,0,0,0,0,0,13,12,14,22,17,12,14,22,17,12,14,22,17,12,14,0,0,0,0,0,0,0,0,13,12,14,22,17,12,14,22,17,12,14,22,17,12,14,0,0,0,0,0,0,0,0,13,12,14,22,17,12,14,22,17,12,14,22,17,12,14,0,0,0,0,0,0,0,0,1,8,14,3,17,6,1,22,2,8,14,3,17,6,1,0,0,0,0,0,0,0,0,0,7,14,0,17,4,0,22,0,7,14,0,17,4,0,0,0,0,0,0,0,0,0,0,7,14,0,17,4,0,22,0,7,14,0,17,4,0,0,0,0,0,0,0,0,0,0,7,14,0,17,4,0,22,0,7,14,0,17,4,0,0,0,0,0,0,0,0,0,0,7,14,0,17,4,0,22,0,7,14,0,17,4,0,0,0,0,0,0,0,0,0,0,2,3,0,4,1,0,6,0,2,3,0,4,1,0,0,0,0,0,0,0,0,0,7,17,17,17,17,17,17,17,17,17,17,17,17,17,3,0,0,0,0,0,0,0,0,0,0,0,0,0,0,0,0,0,0,0,0,0,0,0,0,0,0,0,0,0,0,0,0,0,0,0,0,0,0,0,0,0,0,0,0,0,0,0,0,0,0,0,0,0,0,0,0,0,0,0,0,0,0,0,0,0,0,0,0,0,0,0,0,0,0,0,0,0,0,0,0,0,0,0,0,0,0,0,0,0,0,0,0,0,0,0,0,0,0,0,0,0,0,0,0,0,0,0,0,0,0,0,0,0,0,0,0,0,0,0,0,0,0,0,0,0,0,0,0,0,0,0,0,0,0,0,0,0,0,0,0,0,0
2,0,26,21,0,16,29,1,0,22,0,3,18,0,13,8,0,22,0,3,18,0,13,0,0,26,21,0,16,29,1,0,22,0,3,18,0,13,8,0,22,0,3,18,0,13,0,0,8,7,0,5,9,0,0,23,23,24,18,0,13,25,23,27,0,3,27,23,26,0,0,0,0,0,0,0,0,0,23,8,11,18,0,13,15,8,24,0,3,22,8,18,0,0,0,0,0,0,0,3,15,22,11,11,18,19,13,12,15,22,11,11,18,19,13,17,17,17,17,6,0,0,3,18,22,13,12,18,22,13,12,18,22,13,12,18,22,13,7,7,2,0,0,0,0,3,18,20,13,12,17,22,12,12,18,20,13,12,17,22,12,25,25,9,0,0,0,0,3,18,0,13,8,0,22,0,3,18,0,13,8,0,22,0,0,0,0,0,0,0,0,3,18,0,13,11,13,22,10,10,18,0,13,8,0,22,10,4,4,6,0,0,0,0,3,18,0,13,12,18,22,13,12,18,0,13,8,0,22,13,13,12,18,0,0,0,0,3,18,0,13,12,18,22,13,12,18,0,13,8,0,22,13,13,12,18,0,0,0,0,1,5,0,13,12,18,22,13,12,18,0,4,2,0,22,13,3,6,18,0,0,0,0,0,0,0,13,12,18,22,13,12,18,0,0,0,0,22,13,0,1,9,0,0,0,0,0,0,0,1,5,18,3,13,9,2,0,0,0,0,3,13,0,0,0,0,0,0,0,0,0,0,0,3,18,0,13,8,0,0,0,0,0,0,13,0,0,0,0,0,0,0,1,6,0,4,6,18,7,13,10,6,0,4,2,0,7,13,17,17,17,17,6,0,0,3,18,0,13,12,18,22,13,12,18,0,13,8,0,22,13,0,0,0,0,0,0,0,3,18,0,13,12,18,22,13,12,18,0,13,8,0,22,13,8,0,18,15,0,0,0,3,18,0,13,9,0,22,0,4,18,0,13,8,0,22,0,11,0,26,21,0,0,0,3,18,0,1,4,15,2,11,7,1,0,13,8,0,2,11,11,0,26,21,0,0,0,3,18,0,0,3,18,0,13,8,0,0,13,8,0,0,13,11,0,26,21,0,0,0,3,18,13,0,3,18,21,13,8,0,13,13,11,10,0,13,11,0,26,21,0,0,0,3,18,22,0,3,18,22,13,8,0,22,13,12,18,0,13
0,0,0,0,5,0,4,2,0,6,4,3,5,6,4,2,0,6,0,0,0,0,0,0,0,0,0,7,0,5,3,0,9,13,10,7,22,5,3,0,9,0,0,0,0,0,0,0,0,0,0,0,0,0,0,0,13,8,0,22,0,0,0,0,0,0,0,0,0,0,0,0,0,0,0,0,0,0,0,13,9,0,22,0,0,0,0,0,0,0,0,0,0,0,0,0,18,0,0,0,0,22,13,12,18,22,13,8,0,0,0,0,0,0,0,0,0,0,0,18,0,2,1,0,22,13,12,18,22,13,8,0,4,0,0,0,0,0,0,0,0,0,18,0,13,8,0,22,13,12,18,22,13,8,0,22,0,0,0,0,0,0,0,0,0,18,0,13,8,0,22,13,12,18,22,13,8,0,22,0,0,0,0,0,0,0,0,0,18,0,13,8,0,22,11,11,18,18,13,8,0,22,0,0,0,0,0,0,0,0,0,18,0,13,8,0,22,0,3,18,0,13,8,0,22,0,0,0,0,0,0,0,0,0,18,19,13,12,15,22,11,11,18,19,13,12,15,22,0,0,0,0,0,0,0,0,0,18,22,13,12,18,22,13,12,18,22,13,12,18,22,0,0,0,0,0,0,0,0,0,17,22,12,12,18,20,13,12,17,22,12,12,18,20,0,0,0,0,0,0,0,0,0,6,24,0,3,21,6,17,8,0,23,6,10,18,0,0,0,0,0,0,0,0,0,0,25,28,0,3,28,25,27,8,0,23,25,26,18,0,0,0,0,0,0,0,0,0,0,0,22,0,3,18,0,13,8,0,22,0,3,18,0,0,0,0,0,0,0,0,0,0,0,22,0,3,18,0,13,8,0,22,0,3,18,0,0,0,0,0,0,0,0,0,0,0,22,0,3,18,0,13,8,0,22,0,3,18,0,0,0,0,0,0,0,0,0,0,0,22,0,3,18,0,13,8,0,22,0,3,18,0,0,0,0,0,0,0,0,0,0,0,22,0,3,18,0,13,8,0,22,0,3,18,0,0,0,0,0,0,0,0,0,0,0,13,0,2,10,0,7,5,0,13,0,2,10,0,0,0,0,0,0,0,0,0,0,6,6,6,6,6,6,6,6,6,6,6,6,6,6,6,0,0,0,0,0,0,0,0,9,9,9,9,9,9,9,9,9,9,9,9,9,9,9,0,0,0,0
19,2,0,0,12,29,5,2,29,15,0,22,25,0,12,29,5,2,29,15,0,0,0,19,2,0,0,12,29,5,2,29,15,0,22,25,0,12,29,5,2,29,15,0,0,0,8,1,0,0,0,1,0,2,29,15,0,22,25,0,12,29,5,2,29,15,0,0,0,5,5,5,2,0,0,0,1,19,10,0,15,17,0,8,19,3,1,19,10,0,0,0,9,10,10,5,0,0,0,0,0,0,0,0,0,0,0,0,0,0,0,0,0,0,0,14,17,2,0,0,0,0,0,0,0,0,0,0,0,0,0,0,0,0,0,0,0,0,6,7,7,7,7,7,7,7,6,0,0,0,0,0,7,7,7,7,1,0,0,0,0,7,8,8,8,8,8,8,8,7,0,0,0,0,0,8,8,8,8,1,0,0,0,0,17,19,19,19,1,0,0,0,0,0,0,0,0,0,0,0,0,0,0,0,0,0,0,25,29,29,28,1,0,0,0,0,0,0,0,0,0,0,0,0,0,0,0,0,0,0,1,22,25,1,1,0,0,2,28,15,0,22,25,0,12,28,5,2,28,15,0,0,0,8,22,25,9,12,0,0,2,29,15,0,22,25,0,12,29,5,2,29,15,0,0,0,8,22,25,9,12,0,0,2,29,15,0,22,25,0,12,29,5,2,29,15,0,0,0,7,22,25,8,10,0,0,2,29,15,0,22,25,0,12,29,5,2,29,15,0,0,0,6,24,27,7,1,0,0,2,25,13,0,19,22,0,11,25,5,2,25,13,0,3,4,25,29,29,29,4,0,0,0,0,0,0,0,0,0,0,0,0,0,0,0,0,22,25,9,10,10,10,1,0,0,0,0,0,0,0,0,0,0,0,0,0,0,0,0,22,25,14,17,17,17,17,17,17,17,14,0,0,0,0,0,17,17,17,17,2,0,0,22,25,0,0,0,0,0,0,0,0,0,0,0,0,0,0,0,0,0,0,0,0,0,22,25,25,29,29,29,29,29,25,0,0,0,0,8,9,0,4,10,2,1,10,5,0,15,17,25,24,18,20,29,24,15,0,0,0,0,22,25,0,12,29,5,2,29,15,0,0,0,25,15,9,4,29,15,9,1,0,0,0,22,25,0,12,29,5,2,29,15,0,0,0,25,15,19,5,29,15,19,2,0,0,0,22,25,0,12,29,5,2,29,15,0,0,0
10,11,20,21,12,12,20,21,12,12,20,19,12,12,20,21,12,12,20,21,12,12,11,0,1,15,21,9,9,18,16,12,12,15,0,8,10,20,16,11,10,15,21,9,8,0,5,5,0,21,0,0,0,0,11,10,0,10,0,1,20,0,0,0,0,21,0,0,6,11,12,20,21,12,10,0,21,12,12,20,21,12,12,20,21,0,1,20,21,12,12,12,11,12,20,21,12,10,0,21,12,12,20,21,12,12,20,21,0,1,20,21,12,12,12,11,12,20,21,12,10,0,21,12,12,20,21,12,12,20,21,0,1,20,21,12,12,12,11,12,20,21,12,10,0,21,12,12,20,21,12,12,20,21,0,1,20,21,12,12,12,11,11,2,21,12,10,0,21,12,11,2,21,2,3,20,21,0,1,20,21,2,3,12,11,10,0,21,12,10,0,21,12,10,0,21,0,1,20,21,0,1,20,21,0,1,12,1,1,0,2,12,10,0,21,2,1,0,2,0,0,2,21,0,1,20,2,0,0,1,0,0,0,6,20,10,0,21,14,1,0,0,0,0,10,25,0,1,25,10,0,0,0,0,0,0,8,18,6,0,13,18,1,1,8,4,0,14,18,0,1,18,14,0,0,0,0,0,0,0,0,0,0,0,0,0,4,29,13,0,0,0,0,0,0,0,0,0,0,0,0,0,0,0,0,0,0,0,0,4,29,13,0,0,0,0,0,0,0,0,0,0,0,0,0,0,0,0,0,0,0,0,4,29,13,0,0,0,0,0,0,0,0,0,0,0,0,0,0,0,0,0,0,0,0,4,29,13,0,0,0,0,0,0,0,0,0,0,0,0,0,7,17,6,0,13,17,1,2,15,7,0,13,17,0,1,17,13,0,0,0,0,0,0,6,20,10,0,21,15,1,0,0,0,0,11,25,0,1,25,11,0,0,0,0,0,0,1,12,10,0,21,1,0,0,1,0,0,1,21,0,1,20,1,0,0,0,11,10,0,21,12,10,0,21,12,10,0,21,0,1,20,21,0,1,20,21,0,1,12,11,11,0,21,12,10,0,21,12,11,0,21,1,2,20,21,0,1,20,21,1,2,12,11,12,20,21,12,10,0,21,12,12,20,21,12,12,20,21,0,1,20,21,12,12,12,11,12,20,21,12,10,0,21,12,12,20,21,12,12,20,21,0,1,20,21,12,12,12
26,21,0,16,29,1,0,0,0,0,21,29,29,29,7,11,29,29,29,17,1,28,29,26,21,0,16,29,1,0,0,0,0,2,16,29,2,2,0,6,29,11,3,0,0,26,26,21,0,16,29,1,0,0,0,3,18,16,29,5,18,0,6,29,11,22,0,0,26,26,21,0,16,29,1,0,0,0,3,18,16,29,5,18,0,6,29,11,22,0,0,26,26,21,0,16,29,1,0,0,0,3,15,16,29,5,15,0,6,29,11,19,0,0,26,26,21,0,16,29,1,0,0,0,0,6,20,29,9,7,7,13,29,16,7,7,7,27,10,8,0,6,11,0,0,0,0,0,25,29,29,29,29,29,29,29,29,29,29,29,29,0,0,0,0,0,0,0,0,0,0,9,10,10,10,10,10,10,10,10,10,10,10,10,17,17,17,17,17,17,17,17,17,17,17,17,17,17,17,17,17,17,17,17,17,17,17,0,0,0,0,0,0,0,0,0,0,0,0,0,0,0,0,0,0,0,0,0,0,0,0,0,0,0,0,0,0,0,0,0,4,5,5,5,5,5,5,5,5,5,5,5,5,22,18,0,14,25,1,5,25,9,0,21,29,29,29,29,29,29,29,29,29,29,29,29,26,21,0,16,29,1,6,29,11,0,9,12,12,12,28,25,12,12,12,12,12,12,28,26,21,0,16,29,1,6,29,11,0,0,0,0,0,26,21,0,0,0,0,0,0,26,26,21,0,16,29,1,6,29,11,0,10,13,13,0,26,21,1,13,13,13,13,0,26,26,21,0,16,29,1,6,29,11,0,14,18,17,0,26,21,1,18,18,18,17,0,26,0,0,0,0,0,0,0,0,0,0,13,17,17,17,28,26,16,0,13,17,17,17,28,0,0,0,0,0,0,0,0,0,0,21,29,29,29,29,29,27,0,21,29,29,29,29,0,0,0,0,0,0,0,0,0,0,0,0,0,0,0,0,0,0,0,0,0,0,0,17,17,17,17,17,11,0,0,14,17,17,17,17,17,17,17,17,17,17,17,17,17,17,0,0,0,0,0,0,0,0,6,9,9,9,9,9,9,9,9,9,9,9,9,9,9,0,0,0,0,0,0,0,0,18,26,22,22,22,22,22,22,22,22,22,22,22,22,22,17,13,0,10,18,1,0,0,18,13,4,2,0,0,0,0,0,6,0,0,0,0,0
0,0,0,0,0,0,0,0,0,0,0,0,0,0,0,0,0,0,0,0,0,0,0,0,0,0,0,0,0,0,0,0,0,0,0,0,0,0,0,0,0,0,0,0,0,0,8,8,8,8,8,8,8,8,8,8,8,8,8,8,8,8,8,8,8,8,3,0,1,7,7,7,7,7,7,7,7,7,7,7,7,7,7,7,7,7,7,7,7,2,0,1,10,0,7,5,0,13,0,2,10,0,7,5,0,13,0,2,10,0,7,5,0,0,0,18,0,13,8,0,22,0,3,18,0,13,8,0,22,0,3,18,0,13,8,0,0,0,18,0,13,8,0,22,0,3,18,0,13,8,0,22,0,3,18,0,13,8,0,0,0,18,0,13,8,0,22,0,3,18,0,13,8,0,22,0,3,18,0,13,8,0,0,0,18,0,13,8,0,22,0,3,18,0,13,8,0,22,0,3,18,0,13,8,0,0,0,18,9,13,10,8,22,6,7,18,9,13,10,8,22,6,7,18,9,13,10,8,0,6,18,22,13,12,18,22,13,12,18,22,13,12,18,22,13,12,18,22,13,12,18,0,13,18,22,13,12,18,22,13,12,18,22,13,12,18,22,13,12,18,22,13,12,18,0,13,18,22,13,12,18,22,13,12,18,22,13,12,18,22,13,12,18,22,13,12,18,0,13,18,10,13,10,8,22,6,8,18,10,13,10,8,22,6,8,18,10,13,10,8,0,6,22,8,18,8,0,23,8,11,18,0,13,15,8,24,0,3,22,8,18,8,0,0,0,23,23,26,8,0,19,23,24,18,0,11,23,23,27,0,3,23,23,26,8,0,0,0,4,4,13,8,1,4,4,5,18,0,4,4,3,22,0,3,4,4,13,8,0,0,0,27,28,13,8,10,27,28,12,18,0,27,28,18,22,0,19,27,28,13,8,0,0,0,0,22,13,8,0,0,13,12,18,0,0,3,18,22,0,0,0,22,13,8,0,0,0,6,22,13,8,0,8,13,12,18,0,5,7,18,22,0,1,6,22,13,8,0,0,0,6,7,4,2,0,7,4,4,6,0,4,4,6,7,0,1,6,7,4,2,0,0,0,0,0,0,0,0,0,0,0,0,0,0,0,0,0,0,0,0,0,0,0,0,0,0,0,0,0,0,0,0,0,0,0,0,0,0,0,0,0,0,0,0,0,0,0,0,0
12,16,22,13,12,18,22,13,12,18,22,12,7,0,16,29,1,3,15,6,0,14,11,6,0,16,13,11,13,19,10,10,18,16,0,0,0,16,29,1,0,0,0,0,0,0,1,8,0,13,8,0,0,0,3,18,0,6,4,0,16,29,1,0,0,0,0,0,0,12,18,22,13,12,18,0,13,12,18,22,13,8,0,16,29,1,0,8,17,17,17,17,12,18,22,13,12,18,0,13,12,18,22,13,8,0,16,29,1,0,0,0,0,0,0,12,18,22,13,12,18,0,13,12,18,22,13,8,0,16,29,1,4,20,8,0,18,15,12,18,22,13,12,18,0,13,12,18,22,13,8,0,16,29,1,6,29,11,0,26,21,4,18,2,13,12,18,0,13,12,18,2,13,8,0,16,29,1,6,29,11,0,26,21,3,18,0,13,12,18,0,13,12,18,0,13,8,0,16,29,1,6,29,11,0,26,21,0,2,0,1,4,18,0,13,9,1,0,1,1,0,16,29,1,6,29,11,0,26,21,0,0,0,2,16,18,0,13,18,5,0,0,0,0,16,29,1,6,29,11,0,26,21,0,0,0,3,18,12,0,8,18,6,0,8,6,0,16,29,1,5,21,8,0,19,16,0,0,0,0,0,0,0,0,0,0,0,26,21,0,16,29,1,0,0,0,0,0,0,0,0,0,0,0,0,0,0,0,0,0,26,21,0,16,29,1,0,3,7,7,7,7,0,0,0,0,0,0,0,0,0,0,0,26,21,0,16,29,1,0,4,8,8,8,8,0,0,0,0,0,0,0,0,0,0,0,26,21,0,16,29,1,0,0,0,0,0,0,0,0,0,2,17,11,0,8,17,6,0,14,11,0,16,29,1,3,14,5,0,13,10,0,0,0,2,16,18,0,13,19,5,0,0,0,0,16,29,1,6,29,11,0,26,21,0,1,0,0,4,18,0,13,9,1,0,0,0,0,16,29,1,6,29,11,0,26,21,3,18,0,13,12,18,0,13,12,18,0,13,8,0,3,5,0,6,29,11,0,26,21,4,18,0,13,12,18,0,13,12,18,0,13,8,0,3,6,0,6,29,11,0,26,21,12,18,22,13,12,18,0,13,12,18,22,13,8,0,16,29,1,2,9,3,0,8,7,12,18,22,13,12,18,0,13,12,18,22,13,8,0,16,29,1,0,0,0,0,0,0
2,19,22,12,12,16,22,12,12,19,22,12,12,19,22,10,8,0,0,0,13,25,2,2,13,22,9,9,19,16,12,12,13,22,9,9,19,16,12,9,0,0,0,15,29,2,0,2,22,0,2,19,0,12,10,2,22,1,4,19,0,12,9,0,0,0,15,29,2,2,19,22,0,2,19,0,12,12,19,22,12,12,19,0,12,9,0,0,0,15,29,2,2,19,22,9,10,19,16,12,12,19,22,12,12,19,16,12,9,0,0,0,15,29,2,2,19,22,12,12,19,22,12,12,19,22,12,12,19,22,12,9,0,0,0,15,29,2,0,1,22,12,12,19,22,12,10,1,22,1,3,19,22,12,9,0,0,0,15,29,2,0,0,22,4,6,19,7,12,9,0,22,0,2,19,7,12,9,0,0,0,15,29,2,0,0,22,0,2,19,0,12,9,0,22,0,2,19,0,12,9,0,0,0,15,29,2,0,0,22,0,0,5,0,12,9,0,6,0,2,19,0,3,2,0,0,0,15,29,2,1,15,26,3,2,0,5,12,20,10,11,6,17,19,5,0,0,0,0,0,15,29,2,2,25,17,12,12,16,22,7,18,19,22,12,21,11,22,10,8,0,0,0,15,29,2,2,19,0,12,12,19,22,0,2,19,22,12,9,0,22,12,9,0,0,0,15,29,2,2,19,0,12,12,19,21,0,2,19,22,12,9,0,21,12,9,0,0,0,15,29,2,2,19,0,0,2,19,0,0,2,19,6,12,9,0,0,12,9,0,0,0,15,29,2,2,19,0,0,2,19,0,0,2,19,0,12,9,0,0,12,9,0,0,0,15,29,2,0,3,16,0,2,19,0,9,7,3,16,2,3,13,0,12,9,0,0,0,15,29,2,1,13,22,0,2,19,0,12,11,13,22,8,9,19,0,12,9,0,0,0,15,29,2,2,19,22,0,2,19,0,12,12,19,22,12,12,19,0,12,9,0,0,0,15,29,2,2,19,16,0,2,13,0,9,9,19,16,12,12,13,0,9,6,0,0,0,15,29,2,2,19,0,0,0,0,0,0,2,19,0,12,9,0,0,0,0,0,0,0,15,29,2,2,19,0,0,0,0,0,0,2,19,0,12,9,0,0,0,0,0,0,0,15,29,2,2,19,16,0,0,0,0,9,10,19,16,12,12,14,0,0,0,0,0,0,15,29,2
0,0,0,0,0,0,0,0,0,0,0,0,22,0,3,18,0,0,0,0,3,7,7,0,9,8,0,6,10,0,2,10,4,0,0,22,0,3,18,0,0,0,0,12,25,25,0,26,21,0,16,29,1,6,29,11,0,0,22,0,3,18,0,0,0,0,0,0,0,0,26,21,0,16,29,1,6,29,11,0,0,22,0,3,18,0,0,0,0,19,0,0,0,26,21,0,16,29,1,6,29,11,0,0,22,0,3,18,0,0,0,0,22,10,7,0,26,21,0,16,29,1,6,29,11,0,0,22,0,3,18,0,0,0,0,22,13,9,0,26,21,0,16,29,1,6,29,11,0,0,22,0,1,6,0,0,0,0,22,5,4,0,26,21,0,16,29,1,6,29,11,0,0,9,0,0,0,0,0,0,0,22,0,0,0,1,1,0,1,1,0,0,1,0,0,0,0,0,0,0,0,0,0,0,8,0,0,0,0,0,0,0,0,0,0,0,0,0,0,0,0,0,0,0,0,0,0,0,0,0,17,17,17,17,17,17,17,17,17,17,17,17,17,17,17,17,17,17,17,17,17,17,17,0,3,0,2,1,0,3,0,0,3,0,2,1,0,3,0,0,3,0,2,1,0,3,3,18,0,13,8,0,22,0,3,18,0,13,8,0,22,0,3,18,0,13,8,0,22,3,18,0,13,8,0,22,0,3,18,0,13,8,0,22,0,3,18,0,13,8,0,22,3,18,0,13,8,0,22,0,3,18,0,13,8,0,22,0,3,18,0,13,8,0,22,3,18,0,13,8,0,22,0,3,18,0,13,8,0,22,0,3,18,0,13,8,0,22,3,18,0,13,8,0,22,0,3,18,0,13,8,0,22,0,3,18,0,13,8,0,22,16,18,0,13,18,13,25,0,3,24,13,21,8,0,23,13,16,18,0,13,18,13,25,20,18,0,13,22,18,26,0,3,25,18,24,8,0,23,18,20,18,0,13,22,18,26,8,18,11,13,10,9,22,6,8,18,11,13,10,9,22,6,8,18,11,13,10,9,22,12,18,22,13,12,18,22,13,12,18,22,13,12,18,22,13,12,18,22,13,12,18,22,12,18,22,13,12,18,22,13,12,18,22,13,12,18,22,13,12,18,22,13,12,18,22,9,4,22,3,6,18,5,13,9,4,22,3,6,18,5,13,9,4,22,3,6,18,5
0,0,0,0,0,16,12,15,22,16,12,15,0,0,0,0,22,16,12,15,22,16,5,0,0,0,0,0,13,11,15,18,16,11,12,0,0,0,0,18,16,11,12,22,13,4,0,0,0,0,0,0,6,15,0,16,5,0,0,0,0,0,0,16,5,0,22,0,0,0,0,0,0,0,0,6,15,0,16,5,0,0,0,0,0,0,16,5,0,22,0,0,15,0,4,10,0,11,10,15,15,16,10,10,0,11,3,0,15,16,10,10,22,11,3,22,0,6,15,0,16,12,15,22,16,12,15,0,16,5,0,22,16,12,15,22,16,5,22,0,6,15,0,16,10,11,22,11,11,15,0,16,5,0,22,11,11,15,16,16,5,22,0,6,15,0,13,5,2,17,2,6,12,0,16,5,0,17,2,6,12,3,13,4,22,0,6,15,0,0,6,15,0,16,5,0,0,16,5,0,0,16,5,0,22,0,0,22,0,6,15,0,0,6,15,6,16,5,0,0,16,5,0,0,16,7,4,22,0,0,22,0,6,15,20,0,6,15,22,16,5,0,20,16,12,14,0,16,12,15,22,0,4,22,0,6,15,22,0,6,15,22,16,5,0,22,16,12,15,0,16,12,15,22,0,4,19,0,6,13,22,9,19,15,22,16,18,8,22,14,12,15,14,23,12,15,25,15,8,0,0,0,0,6,16,19,9,12,9,20,15,6,0,2,4,25,17,7,8,15,24,7,5,0,1,3,0,16,5,0,5,0,6,15,0,3,1,0,22,0,1,3,0,16,5,22,0,6,15,0,16,5,0,22,0,6,15,0,16,5,0,22,0,6,15,0,16,5,22,0,6,15,6,16,5,0,22,0,6,15,6,16,8,4,22,0,6,15,0,16,7,22,0,6,15,22,16,6,1,22,1,7,15,22,16,12,15,22,1,7,15,1,16,10,22,0,6,15,22,16,12,15,22,16,12,15,22,16,12,15,22,16,12,15,22,16,10,22,0,6,15,18,16,12,15,22,16,12,15,18,16,11,12,22,16,12,15,22,16,9,22,0,6,15,0,16,12,15,22,16,12,15,0,16,5,0,22,16,12,15,22,16,5,22,0,6,15,0,16,7,2,22,2,7,15,0,16,5,0,22,2,7,15,3,16,5,22,0,6,15,15,16,10,10,22,11,10,15,15,16,10,10,22,11,10,15,15,16,9
0,0,0,13,12,18,22,13,12,18,0,0,0,0,16,29,1,4,17,7,0,16,13,0,0,0,11,11,18,18,13,12,15,0,0,0,0,16,29,1,0,0,0,0,0,0,0,0,0,0,3,18,0,13,8,0,0,0,0,0,16,29,1,5,25,9,0,22,18,0,0,0,0,3,18,0,13,8,0,0,0,0,0,16,29,1,6,29,11,0,26,21,2,12,0,9,9,18,15,13,11,12,0,9,5,0,16,29,1,6,29,11,0,26,21,3,18,0,13,12,18,22,13,12,18,0,13,8,0,16,29,1,6,29,11,0,26,21,3,18,0,13,11,13,22,9,10,18,0,13,8,0,16,29,1,6,29,11,0,26,21,3,18,0,10,7,2,17,1,4,14,0,13,8,0,16,29,1,6,29,11,0,26,21,3,18,0,0,3,18,0,13,8,0,0,13,8,0,16,29,1,6,29,11,0,26,21,3,18,0,0,3,18,6,13,8,0,0,13,8,0,16,29,1,6,29,11,0,26,21,12,18,20,0,3,18,22,13,8,0,20,13,8,0,16,29,1,6,29,11,0,26,21,12,18,22,0,3,18,22,13,8,0,22,13,8,0,16,29,1,6,29,11,0,26,21,12,16,22,7,17,18,22,13,20,10,22,12,7,0,14,25,1,2,9,3,0,8,7,2,0,6,13,20,10,12,7,18,18,6,0,0,0,0,0,0,0,0,0,0,0,0,0,4,0,13,8,0,5,0,3,18,0,3,2,0,9,17,1,0,0,0,0,0,0,3,18,0,13,8,0,22,0,3,18,0,13,8,0,16,29,1,0,8,17,17,17,17,6,18,6,13,8,0,22,0,3,18,6,13,8,0,16,29,1,0,0,0,0,0,0,12,18,22,13,9,1,22,0,4,18,22,13,8,0,16,29,1,0,0,0,0,0,0,12,18,22,13,12,18,22,13,12,18,22,13,8,0,16,29,1,2,8,3,0,8,6,11,18,18,13,12,18,22,13,12,18,18,13,8,0,16,29,1,6,29,11,0,26,21,3,18,0,13,12,18,22,13,12,18,0,13,8,0,16,29,1,6,29,11,0,26,21,3,18,0,13,9,3,22,2,5,18,0,13,8,0,16,29,1,6,29,11,0,26,21,9,18,15,13,11,12,22,9,9,18,15,13,8,0,16,29,1,6,29,11,0,26,21
0,0,0,0,0,11,29,2,5,29,12,0,0,0,0,0,0,0,0,0,0,0,0,0,0,0,0,0,11,29,2,5,29,12,0,9,8,0,5,10,1,0,0,0,0,0,0,0,0,0,0,11,29,2,5,29,12,0,25,22,0,15,29,2,0,0,0,0,0,0,0,0,0,0,11,29,2,5,29,12,0,25,22,0,15,29,2,0,0,0,0,0,0,0,0,0,0,11,29,2,5,29,12,0,25,22,0,15,29,2,0,0,0,0,0,0,0,0,0,0,11,29,2,5,29,12,0,25,22,0,15,29,2,0,0,0,0,0,0,0,0,0,0,11,29,2,5,29,12,0,25,22,0,15,29,2,0,0,0,0,0,0,0,0,0,0,11,29,2,3,15,6,0,25,22,0,15,29,2,0,0,0,0,0,0,0,0,0,0,11,29,2,0,0,0,0,1,1,0,1,1,0,0,0,0,0,0,0,0,0,0,0,11,29,2,5,26,11,0,0,0,0,0,0,0,0,0,0,0,0,0,0,0,0,0,11,29,2,5,29,12,0,0,0,2,17,17,6,0,0,0,0,0,0,0,0,0,0,11,29,2,5,29,12,0,0,0,0,0,0,0,0,0,0,0,0,0,0,0,0,0,11,29,2,5,29,12,0,4,3,0,0,0,4,0,0,0,0,0,0,0,0,0,0,11,29,2,5,29,12,0,25,22,0,0,0,4,0,0,0,0,0,0,0,0,0,0,11,29,2,5,29,12,0,25,22,0,0,0,4,0,0,0,0,0,0,0,0,0,0,11,29,2,5,29,12,0,25,22,0,0,0,4,0,0,0,0,0,0,0,0,0,0,11,29,2,5,29,12,0,25,22,0,0,0,4,0,0,0,0,0,0,0,0,0,0,11,29,2,5,29,12,0,25,22,0,0,0,4,0,0,0,0,0,0,0,0,0,0,11,29,2,5,29,12,0,25,22,0,0,0,4,0,0,0,0,0,0,0,0,0,0,3,7,0,5,29,12,0,25,22,0,1,9,4,0,0,0,0,0,0,0,0,0,0,1,4,0,5,29,12,0,25,22,0,2,19,4,0,0,0,0,0,0,0,0,0,0,11,29,2,5,29,12,0,25,22,0,2,19,4,0,0,0,0,0,0,0,0,0,0,11,29,2,5,29,12,0,25,22,0,2,19,1,0,0,0,0,0
11,19,19,12,12,19,22,12,12,19,22,12,12,16,22,12,12,19,22,12,12,19,22,11,13,22,9,9,19,16,12,12,13,22,9,9,19,16,12,12,13,22,9,9,19,16,8,0,22,0,2,19,3,12,10,2,22,0,2,19,0,12,10,2,22,1,4,19,0,8,0,22,0,2,19,22,12,12,19,22,0,2,19,0,12,12,19,22,12,12,19,0,11,14,22,9,10,19,22,12,12,19,22,9,10,19,16,12,12,19,22,12,12,19,16,11,19,22,12,12,19,22,12,12,19,22,12,12,19,22,12,12,19,22,12,12,19,22,11,19,22,12,12,19,2,12,10,1,22,12,12,19,22,12,10,1,22,1,3,19,22,9,6,22,4,6,19,0,12,9,0,22,4,6,19,7,12,9,0,22,0,2,19,7,8,0,22,0,2,19,0,12,9,0,22,0,2,19,0,12,9,0,22,0,2,19,0,8,0,6,0,2,19,0,3,2,0,22,0,0,5,0,12,9,0,6,0,2,19,0,9,4,0,3,5,25,15,6,6,15,26,3,2,0,5,12,20,10,11,6,17,19,5,8,19,19,12,11,17,26,12,12,25,17,12,12,16,22,7,18,19,22,12,21,11,22,2,19,22,12,9,0,22,12,12,19,0,12,12,19,22,0,2,19,22,12,9,0,22,2,18,22,12,9,0,22,12,12,19,0,12,12,19,21,0,2,19,22,12,9,0,21,0,0,22,0,0,0,22,3,5,19,0,0,2,19,0,0,2,19,6,12,9,0,0,0,0,22,0,0,0,22,0,2,19,0,0,2,19,0,0,2,19,0,12,9,0,0,6,0,22,0,2,13,3,9,7,3,16,0,2,19,0,9,7,3,16,2,3,13,0,8,0,22,0,2,19,15,12,11,13,22,0,2,19,0,12,11,13,22,8,9,19,0,8,0,22,0,2,19,22,12,12,19,22,0,2,19,0,12,12,19,22,12,12,19,0,6,0,16,0,2,13,22,9,9,19,16,0,2,13,0,9,9,19,16,12,12,13,0,0,0,0,0,0,0,22,0,2,19,0,0,0,0,0,0,2,19,0,12,9,0,0,0,0,0,0,0,0,22,0,2,19,0,0,0,0,0,0,2,19,0,12,9,0,0,6,0,0,0,2,14,22,9,10,19,16,0,0,0,0,9,10,19,16,12,12,14,0
7,14,22,17,12,14,9,17,8,5,22,17,12,14,22,17,8,5,22,7,9,14,22,7,14,22,17,12,14,22,17,12,14,22,17,12,14,22,17,12,14,22,17,12,14,22,3,6,22,7,10,14,22,17,12,14,22,7,10,14,9,17,12,14,22,17,12,14,9,0,0,22,0,7,14,15,17,10,9,22,0,7,14,0,17,10,9,22,11,11,14,0,0,0,22,0,7,14,0,17,4,0,22,0,7,14,0,17,4,0,22,0,7,14,0,0,0,14,0,7,14,0,11,3,0,22,0,5,9,0,17,4,0,14,0,7,14,0,4,2,3,3,12,14,0,0,0,0,23,5,2,2,5,20,4,0,0,0,7,17,4,22,14,22,17,27,13,20,8,9,13,25,28,12,14,27,26,11,13,11,16,11,26,24,7,14,22,17,4,0,22,17,12,14,0,17,12,14,22,0,7,14,22,17,4,0,22,7,14,22,17,4,0,22,17,12,14,0,17,12,14,22,0,7,14,22,17,4,0,22,7,14,14,17,4,0,6,17,7,3,0,17,10,9,22,0,2,3,22,4,1,0,22,7,14,0,17,4,0,0,17,4,0,0,17,4,0,22,0,0,0,22,0,0,0,22,3,7,8,8,5,5,0,17,4,0,8,8,5,5,11,6,1,0,22,0,2,5,11,2,4,22,5,9,14,0,17,4,0,22,5,9,14,7,17,4,0,22,0,7,14,7,7,14,22,17,12,14,0,17,4,0,22,17,12,14,22,17,4,0,22,0,7,14,22,7,14,22,17,12,14,0,17,4,0,22,17,12,14,22,17,4,0,22,0,7,14,22,7,14,0,17,5,0,0,0,0,0,0,17,5,0,22,0,0,0,0,0,0,0,22,7,14,0,17,4,0,0,0,0,0,0,17,4,0,22,0,0,0,0,0,0,0,22,7,14,9,17,8,5,0,0,0,0,9,17,8,5,22,7,1,0,0,0,3,5,22,7,14,22,17,12,14,0,0,0,0,22,17,12,14,22,17,4,0,0,0,7,14,22,7,14,22,17,12,14,0,10,2,0,22,17,12,14,22,17,4,0,13,0,7,14,22,7,14,22,17,12,14,0,17,4,0,22,17,12,14,22,17,4,0,22,0,7,14,22,7,14,22,17,12,14,0,17,4,0,22,17,12,14,22,17,4,0,22,0,7,14,22
2,2,0,0,3,18,22,0,3,18,22,0,0,0,2,2,2,2,2,2,23,0,0,9,9,9,9,12,18,22,0,3,18,23,9,9,9,9,9,6,0,0,0,22,0,0,6,6,6,6,10,18,22,0,3,18,23,6,6,6,6,6,4,0,0,0,22,0,0,17,17,26,0,3,18,7,0,1,6,22,0,3,25,17,17,17,17,13,0,23,13,13,0,0,22,0,3,18,0,0,0,0,22,0,3,18,0,0,0,0,0,0,23,2,2,11,0,22,0,3,18,0,0,0,0,22,0,3,18,0,14,17,17,17,17,19,0,0,0,0,11,0,3,15,0,0,0,0,18,0,1,9,0,0,0,0,0,0,0,0,0,0,0,0,0,0,0,0,0,0,0,0,0,0,0,0,0,0,0,0,0,0,0,0,17,17,17,17,17,17,17,17,17,17,17,17,17,17,17,17,17,17,17,17,17,17,17,1,1,1,0,0,0,0,0,0,0,0,0,0,1,1,1,1,1,1,0,0,1,1,29,29,29,7,0,0,0,0,0,0,0,0,11,29,29,29,29,29,29,7,11,29,29,24,29,17,4,2,13,17,0,3,14,16,0,6,20,29,22,17,17,17,4,6,20,29,16,29,1,0,3,18,22,0,3,18,22,0,0,6,29,11,0,0,0,0,0,6,29,16,29,1,0,3,18,22,0,3,18,22,0,0,6,29,11,6,17,17,17,9,6,29,16,29,1,0,3,18,22,0,3,18,22,0,0,6,29,11,5,14,14,14,7,6,29,16,29,1,0,3,18,22,0,3,18,22,0,0,6,29,11,0,0,0,0,0,6,29,29,29,28,7,0,3,22,0,3,18,4,0,11,28,29,28,27,27,27,27,27,28,29,20,20,20,5,0,0,22,0,3,18,0,0,8,20,20,20,20,20,20,20,20,20,20,7,7,7,7,7,2,22,0,3,18,3,7,7,7,7,7,7,7,7,7,7,7,7,8,8,8,8,8,3,22,0,3,18,4,8,8,8,8,8,8,8,8,8,8,8,8,3,3,0,0,1,5,22,0,3,18,6,0,0,0,3,3,3,3,3,3,3,0,0,12,12,0,0,3,18,22,0,3,18,22,0,0,2,12,12,12,12,12,12,25,0,0,0,0,0,0,3,18,22,0,3,18,22,0,0,0,0,0,0,0,0,0,22,0,0
28,19,0,0,8,9,16,12,15,10,9,22,8,9,16,12,15,10,9,22,8,9,16,28,19,0,0,0,5,24,17,24,6,0,24,17,20,16,0,15,20,17,25,0,5,24,28,19,0,0,0,5,23,14,22,6,0,24,14,17,16,0,15,18,14,24,0,5,22,28,19,0,0,0,5,16,0,15,6,0,22,0,5,16,0,15,6,0,22,0,5,16,28,19,0,0,0,5,16,0,15,6,0,22,0,5,16,0,15,6,0,22,0,5,16,28,19,0,0,0,5,16,0,15,6,0,22,0,5,16,0,15,6,0,22,0,5,16,28,19,0,0,0,5,16,0,15,6,0,22,0,5,16,0,15,6,0,22,0,5,16,28,19,0,0,0,5,16,0,15,6,0,22,0,5,16,0,15,6,0,22,0,5,16,28,19,0,0,0,1,3,0,3,1,0,4,0,1,3,0,3,1,0,4,0,1,3,28,19,0,0,3,17,17,17,17,17,17,17,17,17,17,17,17,17,17,17,17,17,16,28,19,0,0,0,0,0,0,0,0,0,0,0,0,0,0,0,0,0,0,0,0,0,28,19,0,0,0,4,21,21,21,5,0,19,21,21,12,0,11,21,21,19,0,4,21,28,19,0,0,0,5,21,10,21,6,0,24,10,14,16,0,15,15,10,24,0,5,21,28,19,0,0,0,5,16,16,15,6,0,22,11,11,16,0,15,11,12,22,0,5,16,28,19,0,0,0,2,6,22,15,6,0,9,15,12,16,0,6,8,16,22,0,2,6,28,19,0,0,0,0,0,22,15,6,0,0,15,12,16,0,0,5,16,22,0,0,0,28,19,0,0,0,21,27,26,15,6,12,27,29,12,16,2,27,28,16,22,0,21,27,28,19,0,0,0,3,4,4,15,6,2,4,4,7,16,0,4,4,2,22,0,3,4,28,19,0,0,0,4,23,23,27,6,0,20,23,25,16,0,12,23,23,26,0,4,23,28,19,0,0,0,5,20,8,20,6,0,23,8,13,16,0,15,13,8,24,0,5,20,28,19,0,0,7,9,16,10,15,9,7,22,7,9,16,10,15,9,7,22,7,9,16,28,19,0,0,15,12,16,22,15,12,16,22,15,12,16,22,15,12,16,22,15,12,16,28,19,0,0,15,12,16,22,15,12,16,22,15,12,16,22,15,12,16,22,15,12,16
6,11,0,2,11,4,0,10,8,0,6,11,0,2,11,4,0,10,8,0,6,11,0,0,0,0,0,0,0,0,0,0,0,0,0,0,0,0,0,0,0,0,0,0,0,0,17,17,17,17,17,17,17,17,17,17,17,17,17,17,17,17,17,17,17,17,17,17,17,0,0,0,0,0,0,0,0,0,0,0,0,0,0,0,0,0,0,0,0,0,0,0,19,0,3,15,0,11,7,0,19,0,3,15,0,0,0,0,19,0,3,15,0,11,7,22,0,3,18,0,13,8,0,22,0,3,18,0,0,0,0,22,0,3,18,0,13,8,22,0,3,18,0,13,8,0,22,0,3,18,0,0,0,0,22,0,3,18,0,13,8,22,0,3,18,0,13,8,0,22,0,3,18,0,0,0,0,22,0,3,18,0,13,8,22,0,3,18,0,13,8,0,22,0,3,18,0,0,0,0,22,0,3,18,0,13,8,23,0,3,20,3,16,8,0,23,3,7,18,0,0,0,0,23,3,7,18,0,13,11,28,0,3,29,28,29,8,0,23,28,29,18,0,0,0,0,23,28,29,18,0,13,29,22,2,5,18,3,13,9,3,22,2,5,18,3,0,0,3,22,2,5,18,3,13,9,22,13,12,18,22,13,12,18,22,13,12,18,22,0,3,18,22,13,12,18,22,13,12,22,13,12,18,22,13,12,18,22,13,12,18,22,0,3,18,22,13,12,18,22,13,12,13,13,11,10,22,7,9,18,13,13,11,10,22,0,3,18,13,13,11,10,22,7,9,0,13,8,0,22,0,4,18,1,13,8,0,22,0,3,18,0,13,9,1,22,0,4,0,13,8,0,22,13,12,18,22,13,8,0,22,0,3,18,0,13,12,18,22,13,12,0,13,8,0,22,13,12,18,22,13,8,0,22,0,3,18,0,13,12,18,22,13,12,0,13,8,0,22,13,12,18,22,13,8,0,22,0,3,18,0,13,12,18,22,13,12,0,0,0,0,22,13,12,18,22,13,8,0,0,0,0,0,0,13,12,18,22,13,12,0,0,0,0,18,13,12,15,22,11,7,0,0,0,0,0,0,11,11,18,18,13,12,0,0,0,0,0,13,8,0,22,0,0,0,0,0,0,0,0,0,3,18,0,13,8,0,0,0,0,0,13,8,0,22,0,0,0,0,0,0,0,0,0,3,18,0,13,8
21,0,16,29,1,6,29,11,0,2,7,18,12,18,0,7,10,18,22,0,5,7,24,21,0,16,29,1,6,29,11,0,9,25,25,11,18,0,25,25,15,22,0,17,25,24,16,0,12,21,1,1,5,2,0,0,3,3,7,18,0,1,3,3,23,0,0,3,3,0,0,0,0,0,0,0,0,0,0,23,28,29,18,0,13,29,28,28,0,3,29,28,15,0,11,20,1,0,0,0,0,0,22,0,3,18,0,13,8,0,22,0,3,18,0,21,0,16,29,1,0,0,0,3,15,22,11,11,18,18,13,12,15,22,11,11,18,18,21,0,16,29,1,0,0,0,3,18,22,13,12,18,22,13,12,18,22,13,12,18,22,21,0,16,29,1,0,0,0,3,18,22,13,12,18,22,13,12,18,22,13,12,18,22,21,0,16,29,1,0,0,0,3,18,22,13,12,18,22,13,12,18,22,13,12,18,22,21,0,16,29,1,0,0,0,0,1,22,1,4,18,2,13,9,1,22,1,4,18,2,21,0,16,29,1,0,0,0,0,0,22,0,3,18,0,13,8,0,22,0,3,18,0,21,0,16,29,1,1,6,2,0,0,22,0,3,18,0,13,8,0,22,0,3,18,0,21,0,16,29,1,6,29,11,0,0,22,0,3,18,0,13,8,0,22,0,3,18,0,21,0,16,29,1,6,29,11,0,0,22,0,3,18,0,13,8,0,22,0,3,18,0,21,0,16,29,1,6,29,11,0,0,5,0,0,4,0,3,2,0,5,0,0,4,0,21,0,16,29,1,6,29,11,0,14,17,17,17,17,17,17,17,17,17,17,17,17,17,21,0,16,29,1,6,29,11,0,0,0,0,0,0,0,0,0,0,0,0,0,0,0,21,0,16,29,1,6,29,11,0,0,17,21,21,13,0,10,21,21,21,0,2,21,21,21,0,16,29,1,6,29,11,0,0,23,10,13,18,0,13,16,10,25,0,3,23,10,21,0,16,29,1,6,29,11,0,0,22,10,10,18,0,13,11,13,22,0,3,18,16,21,0,16,29,1,6,29,11,0,0,22,13,10,7,0,13,12,18,9,0,3,18,22,21,0,16,29,1,6,29,11,0,0,22,13,8,0,0,13,12,18,0,0,3,18,22,21,0,16,29,1,6,29,11,0,0,22,13,28,27,6,13,12,29,27,15,3,18,23
13,8,0,22,0,3,18,0,13,8,0,22,0,3,18,0,13,8,0,22,0,3,18,13,8,0,22,0,3,18,0,13,8,0,22,0,3,18,0,13,8,0,22,0,3,18,13,8,0,22,0,3,18,0,13,8,0,22,0,3,18,0,13,8,0,22,0,3,18,13,8,0,22,0,3,18,0,13,8,0,22,0,3,18,0,13,8,0,22,0,3,18,13,10,7,22,5,7,18,9,13,10,7,22,5,7,18,9,13,10,7,22,5,7,18,13,12,18,22,13,12,18,22,13,12,18,22,13,12,18,22,13,12,18,22,13,12,18,13,12,18,22,13,12,18,22,13,12,18,22,13,12,18,22,13,12,18,22,13,12,18,13,12,18,22,13,12,18,22,13,12,18,22,13,12,18,22,13,12,18,22,13,12,18,13,10,9,22,6,8,18,11,13,10,9,22,6,8,18,11,13,10,9,22,6,8,18,13,14,7,24,0,3,21,7,18,8,0,23,7,10,18,0,13,14,7,24,0,3,21,11,25,25,27,0,3,25,25,27,8,0,20,25,25,18,0,11,25,25,27,0,3,25,3,3,2,22,0,2,3,3,13,8,1,3,3,5,18,0,3,3,2,22,0,2,3,28,29,18,22,0,20,28,28,13,8,10,28,29,12,18,0,28,29,18,22,0,20,28,0,3,18,22,0,0,0,22,13,8,0,0,13,12,18,0,0,3,18,22,0,0,0,4,6,18,22,0,1,6,22,13,8,0,7,13,12,18,0,4,6,18,22,0,1,6,13,12,14,22,0,3,18,17,13,8,0,22,10,10,18,0,13,12,14,22,0,3,18,13,15,9,25,0,3,22,9,19,8,0,23,9,12,18,0,13,15,9,25,0,3,22,10,22,22,22,0,3,22,22,22,6,0,18,22,22,14,0,10,22,22,22,0,3,22,0,0,0,0,0,0,0,0,0,0,0,0,0,0,0,0,0,0,0,0,0,0,0,17,17,17,17,17,17,17,17,17,17,17,17,17,17,17,17,17,17,17,17,17,17,17,2,1,0,4,0,0,3,0,2,1,0,4,0,0,3,0,2,1,0,4,0,0,3,13,8,0,22,0,3,18,0,13,8,0,22,0,3,18,0,13,8,0,22,0,3,18,13,8,0,22,0,3,18,0,13,8,0,22,0,3,18,0,13,8,0,22,0,3,18
13,8,0,22,0,3,18,0,13,8,0,22,0,3,18,0,13,8,0,22,0,3,18,13,8,0,22,0,3,18,0,13,8,0,22,0,3,18,0,13,8,0,22,0,3,18,13,8,0,22,0,3,18,0,13,8,0,22,0,3,18,0,13,8,0,22,0,3,18,13,8,0,22,0,3,18,0,13,8,0,22,0,3,18,0,13,8,0,22,0,3,18,13,10,7,22,5,7,18,9,13,10,7,22,5,7,18,9,13,10,7,22,5,7,18,13,12,18,22,13,12,18,22,13,12,18,22,13,12,18,22,13,12,18,22,13,12,18,13,12,18,22,13,12,18,22,13,12,18,22,13,12,18,22,13,12,18,22,13,12,18,13,12,18,22,13,12,18,22,13,12,18,22,13,12,18,22,13,12,18,22,13,12,18,13,10,9,22,6,8,18,11,13,10,9,22,6,8,18,11,13,10,9,22,6,8,18,13,14,7,24,0,3,21,7,18,8,0,23,7,10,18,0,13,14,7,24,0,3,21,11,25,25,27,0,3,25,25,27,8,0,20,25,25,18,0,11,25,25,27,0,3,25,3,3,2,22,0,2,3,3,13,8,1,3,3,5,18,0,3,3,2,22,0,2,3,28,29,18,22,0,20,28,28,13,8,10,28,29,12,18,0,28,29,18,22,0,20,28,0,3,18,22,0,0,0,22,13,8,0,0,13,12,18,0,0,3,18,22,0,0,0,4,6,18,22,0,1,6,22,13,8,0,7,13,12,18,0,4,6,18,22,0,1,6,13,12,14,22,0,3,18,17,13,8,0,22,10,10,18,0,13,12,14,22,0,3,18,13,15,9,25,0,3,22,9,19,8,0,23,9,12,18,0,13,15,9,25,0,3,22,10,22,22,22,0,3,22,22,22,6,0,18,22,22,14,0,10,22,22,22,0,3,22,0,0,0,0,0,0,0,0,0,0,0,0,0,0,0,0,0,0,0,0,0,0,0,17,17,17,17,17,17,17,17,17,17,17,17,17,17,17,17,17,17,17,17,17,17,17,2,1,0,4,0,0,3,0,2,1,0,4,0,0,3,0,2,1,0,4,0,0,3,13,8,0,22,0,3,18,0,13,8,0,22,0,3,18,0,13,8,0,22,0,3,18,13,8,0,22,0,3,18,0,13,8,0,22,0,3,18,0,13,8,0,22,0,3,18
0,22,0,3,18,0,13,10,7,22,5,7,18,0,13,8,0,22,5,7,18,9,13,0,22,0,3,18,0,13,12,18,22,13,12,18,0,13,8,0,22,13,12,18,22,13,0,22,0,3,18,0,13,12,18,22,13,12,18,0,13,8,0,22,13,12,18,22,13,0,14,0,2,12,0,13,12,18,22,13,12,18,0,8,5,0,22,13,12,18,22,13,0,0,0,0,0,0,13,12,18,22,13,12,18,0,0,0,0,22,13,12,18,22,13,0,0,0,0,0,0,6,8,18,10,13,10,8,0,0,0,0,10,13,10,8,22,6,0,0,0,0,0,0,0,3,18,0,13,8,0,0,0,0,0,0,13,8,0,22,0,0,0,0,0,0,0,0,3,18,0,13,8,0,0,0,0,0,0,13,8,0,22,0,0,22,0,3,18,0,13,12,18,22,13,12,18,0,13,8,0,22,13,12,18,22,13,0,22,0,3,18,0,13,12,18,22,13,12,18,0,13,8,0,22,13,12,18,22,13,0,22,0,3,18,0,13,10,6,22,5,7,18,0,13,8,0,22,5,7,18,8,13,0,22,0,3,18,0,6,5,8,9,6,5,8,0,13,8,0,9,6,5,8,10,6,0,22,0,3,18,0,0,3,18,0,13,8,0,0,13,8,0,0,13,8,0,22,0,4,22,0,3,18,5,0,3,18,13,13,8,0,5,13,9,4,0,13,11,11,22,0,18,22,0,3,18,22,0,3,18,22,13,8,0,22,13,12,18,0,13,12,18,22,0,18,22,0,3,18,22,0,3,18,22,13,8,0,22,13,12,18,0,13,12,18,22,0,18,12,0,2,10,22,12,26,18,22,13,27,16,22,7,8,18,20,27,12,18,23,25,0,0,0,0,0,0,13,13,4,4,3,10,18,0,0,0,0,23,6,2,3,5,17,0,13,0,2,10,0,13,8,0,13,0,3,18,0,7,5,0,22,0,2,10,0,13,0,22,0,3,18,0,13,8,0,22,0,3,18,0,13,8,0,22,0,3,18,0,13,12,22,0,3,18,14,13,8,0,22,0,3,18,14,13,11,12,22,0,3,18,0,13,18,22,0,3,18,22,13,10,7,22,5,7,18,22,13,12,18,22,5,7,18,9,13,18,22,0,3,18,22,13,12,18,22,13,12,18,22,13,12,18,22,13,12,18,22,13
0,0,0,0,0,0,0,0,0,0,0,0,0,0,0,0,0,0,0,0,0,0,0,0,0,0,0,0,0,0,0,0,0,0,0,0,0,0,0,0,0,0,0,0,0,0,0,0,0,0,0,0,0,0,0,0,0,0,0,0,0,0,0,0,0,0,0,0,0,0,0,0,0,0,0,0,0,0,0,0,0,0,0,0,0,0,0,0,0,0,0,0,0,0,0,0,0,0,0,0,0,0,0,0,0,0,0,0,0,0,0,0,0,0,0,0,0,0,0,0,0,0,0,0,0,0,0,0,0,0,0,0,0,0,0,0,0,0,8,8,8,8,8,8,8,8,8,8,8,8,8,8,8,8,8,8,8,8,8,8,8,0,0,0,0,0,0,0,0,0,0,0,15,18,18,18,18,18,18,18,18,18,18,18,16,29,1,6,29,11,0,26,21,0,0,25,29,29,29,29,29,29,29,29,29,29,29,16,29,1,6,29,11,0,26,21,0,0,1,16,29,2,1,0,6,29,11,2,0,0,16,29,1,6,29,11,0,26,21,0,3,18,16,29,5,18,0,6,29,11,22,0,0,16,29,1,6,29,11,0,26,21,0,3,18,16,29,5,18,0,6,29,11,22,0,0,16,29,1,6,29,11,0,26,21,0,3,16,16,29,5,16,0,6,29,11,19,0,0,16,29,1,6,29,11,0,26,21,0,0,5,20,29,8,1,2,12,29,16,4,0,6,7,12,0,3,12,5,0,11,9,0,0,21,29,29,29,7,11,29,29,29,17,1,29,0,0,0,0,0,0,0,0,0,0,0,8,11,11,11,3,4,11,11,11,7,0,11,17,17,17,17,17,17,17,17,17,17,17,17,17,17,17,17,17,17,17,17,17,17,17,0,0,0,0,0,0,0,0,0,0,0,0,0,0,0,0,0,0,0,0,0,0,0,0,0,0,0,0,0,0,0,0,0,0,0,0,0,0,0,0,0,0,0,0,0,0,0,0,0,0,0,0,0,0,0,0,0,0,0,0,0,0,0,0,0,0,0,0,0,0,0,0,0,0,0,0,0,0,0,0,0,0,0,0,0,0,0,0,0,0,0,0,0,0,0,0,0,0,0,0,0,0,0,0,0,0,0,0,0,0,0,0,0,0,0,0,0,0,0,0,0,0,0,0,0,0,0,0,0,0,0,0,0,0,0,0,0,0
10,22,7,8,18,12,13,11,10,22,7,8,18,12,13,11,10,22,7,8,18,12,13,17,26,0,3,25,17,23,8,0,23,17,19,18,0,13,21,17,26,0,3,25,17,23,14,25,0,3,24,14,21,8,0,23,14,16,18,0,13,19,14,25,0,3,24,14,21,0,22,0,3,18,0,13,8,0,22,0,3,18,0,13,8,0,22,0,3,18,0,13,0,22,0,3,18,0,13,8,0,22,0,3,18,0,13,8,0,22,0,3,18,0,13,0,22,0,3,18,0,13,8,0,22,0,3,18,0,13,8,0,22,0,3,18,0,13,0,22,0,3,18,0,13,8,0,22,0,3,18,0,13,8,0,22,0,3,18,0,13,0,22,0,3,18,0,13,8,0,22,0,3,18,0,13,8,0,22,0,3,18,0,13,0,4,0,0,3,0,2,1,0,4,0,0,3,0,2,1,0,4,0,0,3,0,2,17,17,17,17,17,17,17,17,17,17,17,17,17,17,17,17,17,17,17,17,17,17,17,0,0,0,0,0,0,0,0,0,0,0,0,0,0,0,0,0,0,0,0,0,0,0,21,21,0,2,21,21,21,6,0,17,21,21,13,0,10,21,21,21,0,2,21,21,21,10,25,0,3,23,10,19,8,0,23,10,13,18,0,13,16,10,25,0,3,23,10,19,13,22,0,3,18,16,13,8,0,22,10,10,18,0,13,11,13,22,0,3,18,16,13,18,22,0,1,7,22,13,8,0,9,13,12,18,0,5,7,18,22,0,1,7,22,13,18,22,0,0,0,22,13,8,0,0,13,12,18,0,0,3,18,22,0,0,0,22,13,18,22,0,19,27,28,13,8,10,27,28,12,18,0,27,28,18,22,0,19,27,28,13,3,22,0,3,4,4,13,8,1,4,4,5,18,0,4,4,3,22,0,3,4,4,13,23,27,0,3,23,23,26,8,0,19,23,24,18,0,11,23,23,27,0,3,23,23,26,8,24,0,3,22,8,18,8,0,23,8,11,18,0,13,15,8,24,0,3,22,8,18,8,22,6,8,18,10,13,10,8,22,6,8,18,10,13,10,8,22,6,8,18,10,13,18,22,13,12,18,22,13,12,18,22,13,12,18,22,13,12,18,22,13,12,18,22,13,18,22,13,12,18,22,13,12,18,22,13,12,18,22,13,12,18,22,13,12,18,22,13
7,6,8,12,0,2,10,0,7,6,8,12,6,6,10,0,7,4,0,12,6,6,10,13,8,0,22,0,3,18,0,13,8,0,22,0,3,18,0,13,8,0,22,0,3,18,13,11,13,22,10,10,18,16,13,11,13,22,10,10,18,16,13,11,13,22,10,10,18,13,12,18,22,13,12,18,22,13,12,18,22,13,12,18,22,13,12,18,22,13,12,18,13,12,18,22,13,12,18,22,13,12,18,22,13,12,18,22,13,12,18,22,13,12,18,0,3,20,3,16,8,0,23,3,7,18,0,13,11,3,23,0,3,20,3,16,8,0,0,3,29,28,29,8,0,23,28,29,18,0,13,29,28,28,0,3,29,28,29,8,0,0,3,18,0,13,8,0,22,0,3,18,0,13,8,0,22,0,3,18,0,13,8,0,0,3,18,0,13,8,0,22,0,3,18,0,13,8,0,22,0,3,18,0,13,8,0,0,3,18,0,13,8,0,22,0,3,18,0,13,8,0,22,0,3,18,0,13,8,0,0,3,18,0,13,8,0,22,0,3,18,0,13,8,0,22,0,3,18,0,13,8,0,0,3,18,0,13,8,0,22,0,3,18,0,13,8,0,22,0,3,18,0,13,8,0,0,2,12,0,9,5,0,15,0,2,12,0,9,5,0,15,0,2,12,0,9,5,0,3,3,3,3,3,3,3,3,3,3,3,3,3,3,3,3,3,3,3,3,3,3,3,12,12,12,12,12,12,12,12,12,12,12,12,12,12,12,12,12,12,12,12,12,12,12,0,0,0,0,0,0,0,0,0,0,0,0,0,0,0,0,0,0,0,0,0,0,0,26,1,6,26,10,0,24,19,0,15,26,1,6,26,10,0,24,19,0,15,26,1,6,29,1,6,29,11,0,26,21,0,16,29,1,6,29,11,0,26,21,0,16,29,1,6,29,1,6,29,11,0,26,21,0,16,29,1,6,29,11,0,26,21,0,16,29,1,6,29,1,6,29,11,0,26,21,0,16,29,1,6,29,11,0,26,21,0,16,29,1,6,29,1,6,29,11,0,26,21,0,16,29,1,6,29,11,0,26,21,0,16,29,1,6,29,1,6,29,11,0,26,21,0,16,29,1,6,29,11,0,26,21,0,16,29,1,6,15,1,3,15,6,0,14,11,0,9,15,1,3,15,6,0,14,11,0,9,15,1,3
0,0,0,0,0,0,0,6,29,11,0,26,21,0,0,0,0,0,0,0,0,0,0,0,0,0,0,0,0,0,6,29,11,0,26,21,0,0,0,0,0,0,0,0,0,0,0,2,17,17,17,17,0,6,29,11,0,26,21,0,0,0,0,0,0,0,0,0,0,0,0,0,0,0,0,0,6,29,11,0,26,21,0,0,0,0,0,0,0,0,0,0,0,18,15,0,11,20,1,6,29,11,0,8,7,0,0,6,7,0,1,7,5,0,0,0,26,21,0,16,29,1,6,29,11,0,0,0,0,0,20,27,0,3,28,17,0,0,0,26,21,0,16,29,1,6,29,11,0,0,0,0,0,0,22,0,3,18,0,0,0,0,26,21,0,16,29,1,6,29,11,0,0,16,0,2,13,22,0,3,18,16,0,2,0,26,21,0,16,29,1,6,29,11,0,0,22,0,3,18,22,0,3,18,22,0,3,0,26,21,0,16,29,1,6,29,11,0,0,22,9,10,18,22,0,3,18,22,9,10,0,19,16,0,12,21,1,6,29,11,0,0,22,13,12,18,22,0,3,18,22,13,12,0,0,0,0,0,0,0,1,7,3,0,0,22,13,12,18,22,0,3,18,22,13,12,7,7,7,7,7,7,0,1,4,1,0,0,22,13,12,18,22,0,3,18,22,13,12,8,8,8,8,8,8,0,6,29,11,0,0,19,5,7,18,8,0,1,6,22,5,6,0,0,0,0,0,0,0,6,29,11,0,0,0,5,7,18,8,6,5,6,22,5,3,0,13,10,0,8,14,0,6,29,11,0,0,11,13,12,18,22,13,12,18,22,13,10,0,26,21,0,16,29,1,6,29,11,0,0,22,13,12,18,22,13,12,18,22,13,12,0,26,21,0,16,29,1,6,29,11,0,0,22,0,4,18,0,13,9,0,22,0,4,0,26,21,0,16,29,1,6,29,11,0,0,22,0,3,18,18,13,12,15,22,0,3,0,26,21,0,16,29,1,6,29,11,0,0,22,5,7,18,22,13,12,18,22,5,7,0,8,7,0,5,9,0,6,29,11,0,0,22,13,12,18,22,13,12,18,22,13,12,0,0,0,0,0,0,0,6,29,11,0,0,22,13,12,18,9,13,10,8,22,13,12,0,0,0,0,0,0,0,6,29,11,0,0,22,9,9,18,0,13,8,0,22,9,9
0,15,13,11,12,22,9,5,0,15,0,2,12,22,9,9,18,15,0,2,12,0,9,0,22,13,12,18,22,13,8,0,22,0,3,18,22,13,12,18,22,0,3,18,0,13,0,22,9,10,18,16,13,8,0,22,0,3,18,16,13,11,13,22,0,3,18,0,13,0,17,1,4,14,3,10,6,0,22,0,3,14,3,10,7,2,17,0,3,18,0,13,0,0,13,8,0,22,0,0,0,22,0,0,0,22,0,3,18,0,0,3,18,0,13,0,0,13,10,5,22,0,0,0,22,0,0,0,22,3,6,18,0,0,3,18,0,13,17,0,13,12,18,22,0,3,17,22,12,8,0,22,13,12,18,0,12,12,18,0,13,18,0,13,12,18,22,0,3,18,22,13,8,0,22,13,12,18,0,13,12,18,0,13,18,12,22,12,18,23,15,8,18,19,13,11,15,26,13,12,24,15,13,12,16,0,12,5,23,17,7,10,13,23,10,5,0,4,6,25,16,7,7,17,26,4,2,0,0,0,0,22,0,0,4,0,13,8,0,5,0,3,18,0,3,2,0,22,0,0,4,0,3,0,22,0,3,18,0,13,8,0,22,0,3,18,0,13,8,0,22,0,3,18,0,13,5,22,0,3,18,0,13,10,5,22,4,6,18,0,13,8,0,22,4,6,18,0,13,18,22,0,4,18,1,13,12,18,22,13,12,18,1,13,9,1,22,13,12,18,0,13,18,22,13,12,18,22,13,12,18,22,13,12,18,22,13,12,18,22,13,12,18,0,13,15,22,13,12,18,22,13,12,15,22,11,11,18,22,13,12,18,22,11,11,18,0,13,0,22,13,12,18,22,13,8,0,22,0,3,18,22,13,12,18,22,0,3,18,0,13,0,22,2,5,18,3,13,8,0,22,0,3,18,3,13,9,3,22,0,3,18,0,13,12,22,9,9,18,15,13,11,12,22,9,9,18,15,13,11,12,22,9,9,18,0,13,18,22,13,12,18,22,13,12,18,19,13,12,18,22,13,12,18,22,13,12,16,0,12,13,22,10,10,16,16,13,11,13,0,10,10,18,16,12,10,13,22,10,6,0,0,0,0,22,0,0,0,0,13,8,0,10,0,3,18,0,0,0,0,22,0,1,8,0,6,18,22,13,8,0,22,13,12,18,22,13,12,18,22,0,3,18,22,13,12,18,0,13
3,18,0,13,8,0,22,0,3,18,0,13,8,0,16,29,1,0,8,17,17,17,17,9,18,14,13,8,0,22,0,3,18,14,13,8,0,16,29,1,0,0,0,0,0,0,12,18,22,13,10,7,22,5,7,18,22,13,8,0,16,29,1,0,0,0,0,0,0,12,18,22,13,12,18,22,13,12,18,22,13,8,0,16,29,1,4,18,7,0,17,13,8,18,10,13,12,18,22,13,12,18,10,13,8,0,16,29,1,6,29,11,0,26,21,3,18,0,13,12,15,22,11,11,18,0,13,8,0,16,29,1,6,29,11,0,26,21,3,18,0,13,8,0,22,0,3,18,0,13,8,0,16,29,1,6,29,11,0,26,21,12,18,22,13,12,18,22,13,12,18,22,13,8,0,16,29,1,6,29,11,0,26,21,11,10,22,13,12,18,22,13,12,18,22,7,4,0,16,29,1,1,5,2,0,5,4,3,0,9,13,10,7,12,5,7,18,9,0,0,0,16,29,1,0,0,0,0,0,0,6,15,7,13,10,6,0,4,6,18,7,11,7,0,16,29,1,0,3,7,7,7,7,12,18,22,13,12,18,0,13,12,18,22,13,8,0,16,29,1,0,4,8,8,8,8,12,18,22,13,12,18,0,13,12,18,22,13,8,0,16,29,1,0,0,0,0,0,0,12,18,22,13,12,18,0,13,12,18,22,13,8,0,16,29,1,6,29,11,0,26,21,10,18,17,13,12,18,0,13,12,18,17,13,8,0,16,29,1,6,29,11,0,26,21,3,18,0,13,12,18,0,13,12,18,0,13,8,0,16,29,1,6,29,11,0,26,21,3,15,0,10,10,18,0,13,12,14,0,11,7,0,16,29,1,6,29,11,0,26,21,0,0,0,0,3,18,0,13,8,0,0,0,0,0,16,29,1,6,29,11,0,26,21,0,0,0,3,24,18,0,13,25,8,0,0,0,0,16,29,1,6,29,11,0,26,21,0,0,0,1,8,5,0,4,8,3,0,17,13,0,16,29,1,2,11,4,0,10,8,0,0,0,0,0,0,0,0,0,0,0,26,21,0,16,29,1,0,0,0,0,0,0,0,0,0,0,0,0,0,0,0,0,0,26,21,0,16,29,1,0,8,17,17,17,17,0,0,0,0,0,0,0,0,0,0,0,26,21,0,16,29,1,0,0,0,0,0,0
0,0,0,0,0,0,0,0,0,0,0,0,0,0,0,0,0,0,0,0,0,0,0,0,0,0,0,0,0,0,0,0,0,0,0,0,0,0,0,0,0,0,0,0,0,0,8,0,0,0,0,0,0,4,8,8,8,8,8,8,8,8,8,8,8,8,8,8,8,7,0,0,0,0,0,0,3,7,7,7,7,7,7,7,7,7,7,7,7,7,7,7,0,0,0,0,0,1,0,0,1,1,0,1,1,0,0,1,0,0,1,20,20,20,19,0,0,0,0,6,29,11,0,26,21,0,16,29,1,6,29,11,0,1,27,29,29,26,0,0,0,0,6,29,11,0,26,21,0,16,29,1,6,29,11,0,2,1,26,21,2,0,0,0,0,6,29,11,0,26,21,0,16,29,1,6,29,11,0,13,8,26,21,13,0,0,0,0,6,29,11,0,26,21,0,16,29,1,6,29,11,0,13,8,26,21,13,6,3,0,0,6,29,11,0,26,21,0,16,29,1,6,29,11,0,11,7,26,21,11,13,8,0,0,6,29,11,0,26,21,0,16,29,1,6,29,11,0,1,8,27,24,8,13,8,0,0,2,10,4,0,9,8,0,6,10,0,2,10,4,0,4,29,29,29,29,13,8,0,0,0,0,0,0,0,0,0,0,0,0,0,0,0,0,1,9,9,9,9,6,4,0,0,0,0,0,8,17,17,17,17,17,17,17,17,17,17,17,17,17,17,17,0,0,0,0,0,0,0,0,0,0,0,0,0,0,0,0,0,0,0,0,0,0,0,0,0,0,0,0,0,0,0,0,0,0,0,0,0,0,0,0,0,0,6,6,6,6,0,0,0,0,6,25,10,0,23,19,0,14,25,1,6,25,10,0,1,29,29,29,29,0,0,0,0,6,29,11,0,26,21,0,16,29,1,6,29,11,0,0,11,11,11,16,0,0,0,0,6,29,11,0,26,21,0,16,29,1,6,29,11,0,0,0,0,0,6,0,0,0,0,6,29,11,0,26,21,0,16,29,1,6,29,11,0,1,14,14,8,6,0,0,0,0,2,9,3,0,8,7,0,5,9,0,2,9,3,0,0,9,9,5,2,0,0,0,0,0,0,0,0,0,0,0,0,0,0,0,0,0,0,0,0,0,0,0,0,0,0,0,0,0,0,0,0,0,0,0,0,0,0,0,0,0,0,0,0,0,0
7,12,12,19,22,12,12,19,22,12,12,16,22,12,12,19,22,12,12,19,22,10,8,8,9,9,19,16,12,12,13,22,9,9,19,16,12,12,13,22,9,9,19,16,12,9,8,0,2,19,3,12,10,2,22,0,2,19,0,12,10,2,22,1,4,19,0,12,9,8,0,2,19,22,12,12,19,22,0,2,19,0,12,12,19,22,12,12,19,0,12,9,8,9,10,19,22,12,12,19,22,9,10,19,16,12,12,19,22,12,12,19,16,12,9,8,12,12,19,22,12,12,19,22,12,12,19,22,12,12,19,22,12,12,19,22,12,9,8,12,12,19,2,12,10,1,22,12,12,19,22,12,10,1,22,1,3,19,22,12,9,8,4,6,19,0,12,9,0,22,4,6,19,7,12,9,0,22,0,2,19,7,12,9,8,0,2,19,0,12,9,0,22,0,2,19,0,12,9,0,22,0,2,19,0,12,9,2,0,2,19,0,3,2,0,22,0,0,5,0,12,9,0,6,0,2,19,0,3,2,0,3,5,25,15,6,6,15,26,3,2,0,5,12,20,10,11,6,17,19,5,0,0,7,12,11,17,26,12,12,25,17,12,12,16,22,7,18,19,22,12,21,11,22,10,8,8,12,9,0,22,12,12,19,0,12,12,19,22,0,2,19,22,12,9,0,22,12,9,8,12,9,0,22,12,12,19,0,12,12,19,21,0,2,19,22,12,9,0,21,12,9,8,0,0,0,22,3,5,19,0,0,2,19,0,0,2,19,6,12,9,0,0,12,9,8,0,0,0,22,0,2,19,0,0,2,19,0,0,2,19,0,12,9,0,0,12,9,8,0,2,13,3,9,7,3,16,0,2,19,0,9,7,3,16,2,3,13,0,12,9,8,0,2,19,15,12,11,13,22,0,2,19,0,12,11,13,22,8,9,19,0,12,9,8,0,2,19,22,12,12,19,22,0,2,19,0,12,12,19,22,12,12,19,0,12,9,6,0,2,13,22,9,9,19,16,0,2,13,0,9,9,19,16,12,12,13,0,9,6,0,0,0,0,22,0,2,19,0,0,0,0,0,0,2,19,0,12,9,0,0,0,0,0,0,0,0,22,0,2,19,0,0,0,0,0,0,2,19,0,12,9,0,0,0,0,0,0,2,14,22,9,10,19,16,0,0,0,0,9,10,19,16,12,12,14,0,0,0
0,13,8,0,0,0,3,18,0,2,13,13,13,13,13,13,25,0,0,12,7,0,0,0,13,8,0,0,0,3,18,0,0,2,2,2,2,2,2,23,0,0,13,8,0,0,9,19,8,0,0,0,3,22,9,9,9,9,9,2,0,0,22,0,0,13,8,0,0,29,29,8,0,0,0,3,29,29,29,29,29,29,7,0,0,23,7,4,8,5,0,0,8,18,8,0,0,0,3,22,8,8,8,8,8,2,0,0,23,29,17,0,0,0,0,0,13,8,0,0,0,3,18,0,0,0,0,0,0,0,0,8,10,6,0,0,0,0,11,13,8,0,0,0,3,18,8,17,17,17,17,17,17,17,17,17,17,17,17,17,17,0,13,8,0,0,0,3,18,0,0,0,0,0,0,0,0,0,0,0,0,0,0,0,0,13,8,0,0,0,3,18,0,16,21,21,21,21,21,20,0,16,21,21,21,21,21,0,13,8,0,0,0,3,18,0,20,26,26,26,29,29,25,0,20,26,27,29,28,26,0,13,8,0,0,0,3,18,0,0,0,0,0,26,21,0,0,0,0,6,29,11,0,15,22,8,0,0,0,3,24,15,15,15,5,0,26,21,3,23,23,14,6,29,11,11,0,0,0,0,0,0,0,0,0,0,0,0,0,26,21,1,8,8,5,6,29,11,4,0,0,0,0,0,0,0,0,0,15,19,19,19,28,27,19,19,19,19,22,29,23,19,0,0,0,0,0,0,0,0,0,22,28,28,28,28,28,28,28,28,28,28,28,28,28,0,0,0,0,0,0,0,0,0,0,0,0,0,0,0,0,0,0,0,0,0,0,0,0,0,0,0,0,0,0,0,0,0,0,0,0,0,0,0,0,0,0,0,0,0,0,17,17,17,17,17,17,17,17,17,17,17,17,17,17,17,17,17,17,17,17,17,17,17,0,0,0,0,0,0,0,1,0,0,0,0,0,0,0,0,0,0,0,0,9,9,9,0,13,8,0,0,0,3,18,0,11,7,0,0,0,0,0,0,0,0,1,29,29,29,0,13,8,0,0,0,3,18,0,13,8,2,17,17,17,17,18,18,0,0,8,8,8,0,13,8,0,0,0,3,18,0,13,8,0,0,0,0,0,3,23,11,11,11,11,11,0,13,11,12,0,8,9,18,0,9,18,17,17,17,17,7,3,20,4,4,4,4,4
0,0,0,0,0,0,0,0,0,0,0,0,0,0,0,18,18,18,5,0,0,0,0,17,17,17,17,17,17,17,17,17,17,17,17,17,17,17,17,17,17,17,17,17,17,17,0,0,0,0,0,0,0,0,0,0,0,0,0,0,0,0,0,0,0,0,0,0,0,0,0,0,0,0,0,0,0,0,0,0,0,0,0,0,0,0,0,0,0,0,0,0,2,8,3,0,8,6,0,5,8,0,2,8,3,0,8,6,0,5,8,0,2,8,3,6,29,11,0,26,21,0,16,29,1,6,29,11,0,26,21,0,16,29,1,6,29,11,6,29,11,0,26,21,0,16,29,1,6,29,11,0,26,21,0,16,29,1,6,29,11,6,29,11,0,26,21,0,16,29,1,6,29,11,0,26,21,0,16,29,1,6,29,11,6,29,11,0,26,21,0,16,29,1,6,29,11,0,26,21,0,16,29,1,6,29,11,3,15,6,0,14,11,0,9,15,1,3,15,6,0,14,11,0,9,15,1,3,15,6,0,0,0,0,0,0,0,0,0,0,0,0,0,0,0,0,0,0,0,0,0,0,0,0,0,0,0,0,0,0,0,0,0,0,0,0,0,0,0,0,0,0,0,0,0,0,17,17,17,17,17,17,17,17,17,17,17,17,17,17,17,17,17,17,17,17,17,17,17,0,0,0,0,0,0,0,0,0,0,0,0,11,17,17,10,0,0,0,0,0,0,0,4,20,8,0,18,15,0,11,20,1,0,0,18,21,14,8,0,11,20,1,4,20,8,6,29,11,0,26,21,0,16,29,1,0,0,18,13,8,5,0,16,29,1,6,29,11,6,29,11,0,26,21,0,16,29,1,0,0,18,13,13,8,0,16,29,1,6,29,11,6,29,11,0,26,21,0,16,29,1,0,0,18,13,13,8,0,16,29,1,6,29,11,6,29,11,0,26,21,0,16,29,1,0,0,18,13,13,8,0,16,29,1,6,29,11,6,29,11,0,26,21,0,16,29,1,0,0,18,13,13,8,0,16,29,1,6,29,11,5,21,8,0,19,16,0,12,21,1,0,0,18,16,3,2,0,12,21,1,5,21,8,0,0,0,0,0,0,0,0,0,0,0,0,18,28,28,17,0,0,0,0,0,0,0,7,7,7,7,7,7,7,7,7,7,7,7,7,7,7,7,7,7,7,7,7,7,7
0,0,0,0,0,0,0,0,0,0,0,0,0,0,0,0,0,0,0,0,0,0,0,0,0,0,0,0,0,0,0,0,0,0,0,0,0,0,0,0,0,0,0,0,0,0,0,0,0,0,0,0,0,0,0,0,0,0,0,0,0,0,0,0,0,0,0,0,0,0,0,0,0,0,0,0,0,0,0,0,0,0,0,0,0,0,0,0,0,0,0,0,0,0,0,0,0,0,0,0,0,0,0,0,0,0,0,0,0,0,0,0,0,0,0,8,9,16,6,7,13,11,9,8,9,16,6,4,0,11,20,1,0,4,8,8,8,8,12,18,22,13,12,18,22,13,12,18,22,13,8,0,16,29,1,0,0,0,0,0,0,12,18,22,13,12,18,22,13,12,18,22,13,8,0,16,29,1,5,21,8,0,19,16,12,18,22,13,12,18,22,13,12,18,22,13,8,0,16,29,1,6,29,11,0,26,21,10,7,22,5,7,18,9,13,10,7,22,5,3,0,16,29,1,6,29,11,0,26,21,8,0,22,0,3,18,0,13,8,0,22,0,0,0,16,29,1,6,29,11,0,26,21,8,0,22,0,3,18,0,13,8,0,22,0,0,0,16,29,1,6,29,11,0,26,21,8,0,22,0,3,18,0,13,8,0,22,0,0,0,16,29,1,6,29,11,0,26,21,8,0,22,0,3,18,0,13,8,0,22,0,0,0,16,29,1,4,20,8,0,18,15,4,0,12,0,2,10,0,7,4,0,12,0,0,0,16,29,1,0,0,0,0,0,0,8,8,8,8,8,8,8,8,8,8,8,8,0,0,16,29,1,0,4,8,8,8,8,7,7,7,7,7,7,7,7,7,7,7,7,0,0,16,29,1,0,3,7,7,7,7,0,0,0,0,0,0,0,0,0,0,0,0,0,0,12,21,1,0,0,0,0,0,0,0,0,0,0,0,0,0,0,0,0,0,0,0,0,0,0,0,0,0,0,0,0,0,0,0,0,0,0,0,0,0,0,0,0,0,0,0,0,0,0,0,0,0,0,0,0,0,0,0,0,0,0,0,0,0,0,0,0,0,0,0,0,0,0,0,0,0,0,0,0,0,0,0,0,0,0,0,0,0,0,0,0,0,0,0,0,0,0,0,0,0,0,0,0,0,0,0,0,0,0,0,0,0,0,0,0,0,0,0,0,0,0,0,0,0
0,0,0,0,0,0,0,0,0,0,0,0,0,0,0,0,0,0,0,0,0,0,0,0,0,0,0,0,0,0,0,0,0,0,0,0,0,0,0,0,0,0,0,0,0,0,8,8,8,8,8,8,8,8,8,8,8,8,8,8,8,8,8,8,8,8,8,8,8,7,7,7,7,7,7,7,7,7,7,7,7,7,7,7,7,7,7,7,7,7,7,7,1,0,0,0,14,25,1,15,20,20,20,5,8,20,20,20,12,1,20,20,20,19,0,29,11,0,0,16,29,1,20,29,29,28,7,11,28,29,28,16,1,27,29,29,26,0,29,11,0,0,16,29,2,3,16,29,1,0,3,6,29,11,0,2,1,26,21,2,1,29,11,0,0,16,29,5,18,16,29,1,0,22,6,29,11,0,13,8,26,21,13,8,29,11,0,0,16,29,5,18,16,29,1,0,22,6,29,11,0,13,8,26,21,13,8,29,11,0,0,16,29,5,15,16,29,1,0,18,6,29,11,0,11,7,26,21,11,7,29,11,0,0,16,29,10,8,20,29,10,8,8,13,29,17,8,8,8,27,24,8,0,10,4,0,0,16,29,29,29,29,29,29,29,29,29,29,29,29,29,29,29,29,29,0,0,0,0,0,5,9,9,9,9,9,9,9,9,9,9,9,9,9,9,9,9,9,0,17,17,17,17,17,17,17,17,17,17,17,17,17,17,17,17,17,17,17,17,17,17,17,0,0,0,0,0,0,0,0,0,0,0,0,0,0,0,0,0,0,0,0,0,0,0,0,0,0,0,2,6,6,6,6,6,6,6,6,6,6,6,6,6,6,6,6,6,0,25,10,0,0,11,29,29,29,29,29,29,29,29,29,29,29,29,29,29,29,29,27,0,29,11,0,0,4,11,11,11,22,29,13,11,11,11,11,11,22,29,13,11,11,11,0,29,11,0,0,0,0,0,0,16,29,1,0,0,0,0,0,16,29,1,0,0,0,0,29,11,0,0,6,14,14,3,16,29,1,11,14,14,14,3,16,29,1,11,14,13,0,9,3,0,0,4,9,9,2,5,9,0,7,9,9,9,2,5,9,0,7,9,9,0,0,0,0,0,0,0,0,0,0,0,0,0,0,0,0,0,0,0,0,0,0,0,0,0,0,0,0,0,0,0,0,0,0,0,0,0,0,0,0,0,0,0,0,0,0,0
6,0,14,11,0,0,0,3,16,22,13,12,18,22,13,12,18,22,12,11,18,22,13,0,0,0,0,0,0,0,0,0,16,13,11,13,19,10,10,18,16,0,2,13,22,10,0,0,0,0,0,0,0,1,8,0,13,8,0,0,0,3,18,0,6,4,0,22,0,17,11,0,0,0,0,0,3,18,22,13,12,18,0,13,12,18,22,13,12,18,22,13,0,0,0,0,0,0,0,3,18,22,13,12,18,0,13,12,18,22,13,12,18,22,13,8,0,18,15,0,0,0,3,18,22,13,12,18,0,13,12,18,22,13,12,18,22,13,11,0,26,21,0,0,0,3,18,22,13,12,18,0,13,12,18,22,13,12,18,22,13,11,0,26,21,0,0,0,3,18,2,13,12,18,0,13,12,18,2,13,9,1,22,13,11,0,26,21,0,0,0,3,18,0,13,12,18,0,13,12,18,0,13,8,0,22,13,11,0,26,21,0,0,0,0,2,0,1,4,18,0,13,9,1,0,1,1,0,2,13,11,0,26,21,0,0,0,0,0,0,2,16,18,0,13,18,5,0,0,0,0,6,21,8,0,19,16,0,5,8,0,0,0,3,18,12,0,8,18,6,0,0,0,0,9,18,0,0,0,0,0,16,29,1,0,0,0,0,0,0,0,0,0,0,0,0,0,0,0,7,5,0,0,0,16,29,1,0,0,0,0,0,0,0,0,0,0,0,0,0,0,0,8,6,0,0,0,16,29,1,0,0,0,0,0,0,0,0,0,0,0,0,0,0,0,0,0,0,0,0,16,29,1,0,0,0,0,0,0,0,0,0,0,0,0,0,0,0,5,0,13,10,0,9,15,1,0,0,2,17,11,0,8,17,6,0,0,0,0,8,17,11,0,26,21,0,0,0,0,0,0,2,16,18,0,13,19,5,0,0,0,0,7,21,11,0,26,21,0,0,0,0,1,0,0,4,18,0,13,9,1,0,0,0,0,1,13,11,0,26,21,0,0,0,3,18,0,13,12,18,0,13,12,18,0,13,8,0,22,13,11,0,26,21,0,0,0,3,18,0,13,12,18,0,13,12,18,0,13,9,0,22,13,3,0,8,7,0,0,0,3,18,22,13,12,18,0,13,12,18,22,13,12,18,22,13,0,0,0,0,0,0,0,3,18,22,13,12,18,0,13,12,18,22,13,12,18,22,13
11,19,22,12,12,19,0,0,0,0,22,12,12,19,22,12,9,0,0,0,2,19,22,10,19,18,12,12,15,0,0,0,0,18,12,12,15,22,10,7,0,0,0,2,15,22,2,19,0,12,9,0,0,0,0,0,0,12,9,0,22,0,0,0,0,0,0,0,22,2,19,0,12,9,0,0,0,0,0,0,12,9,0,22,0,0,0,0,0,0,0,22,8,19,15,12,11,13,0,8,6,0,15,12,11,13,22,8,6,0,15,0,1,13,22,11,19,22,12,12,19,0,12,9,0,22,12,12,19,22,12,9,0,22,0,2,19,22,11,13,22,9,9,19,0,12,9,0,22,9,9,19,16,12,9,0,22,0,2,19,16,7,2,17,1,3,15,0,12,9,0,17,1,3,15,3,9,7,0,22,0,2,15,3,2,19,0,12,9,0,0,12,9,0,0,12,9,0,22,0,0,0,22,0,0,0,22,2,19,6,12,9,0,0,12,9,0,0,12,10,5,22,0,0,0,22,0,0,0,22,2,19,22,12,9,0,20,12,12,17,0,12,12,19,22,0,2,17,22,11,8,0,22,2,19,22,12,9,0,22,12,12,19,0,12,12,19,22,0,2,19,22,12,9,0,22,16,19,22,12,20,10,22,11,11,19,12,22,12,19,22,15,8,19,19,12,11,15,26,20,11,12,7,18,19,6,0,0,5,22,17,7,10,13,22,10,5,0,3,5,25,17,8,0,5,0,2,19,0,3,2,0,22,0,0,4,0,12,9,0,5,0,2,19,0,8,0,22,0,2,19,0,12,9,0,22,0,2,19,0,12,9,0,22,0,2,19,0,8,0,22,0,2,19,6,12,10,5,22,0,2,19,0,12,10,5,22,3,5,19,0,9,1,22,0,3,19,22,12,12,19,22,0,3,19,1,12,12,19,22,12,12,19,1,11,19,22,12,12,19,22,12,12,19,22,12,12,19,22,12,12,19,22,12,12,19,22,11,19,22,12,12,19,18,12,12,15,22,12,12,19,22,12,12,15,22,10,10,19,22,11,19,22,12,12,19,0,12,9,0,22,12,12,19,22,12,9,0,22,0,2,19,22,9,3,22,2,4,19,0,12,9,0,22,2,4,19,3,12,9,0,22,0,2,19,3,10,13,22,8,9,19,15,12,11,13,22,8,9,19,15,12,11,13,22,8,9,19,15
0,0,0,0,0,2,12,14,0,2,12,14,0,0,0,0,0,0,0,0,0,14,0,17,17,17,0,0,3,18,22,0,3,18,22,0,0,2,17,17,17,17,17,17,23,0,0,0,0,0,0,0,0,22,0,3,18,0,0,0,0,0,0,0,0,0,0,0,0,17,17,17,17,17,17,6,22,0,3,18,8,17,17,17,17,17,17,17,17,17,17,17,0,0,0,0,0,0,0,22,0,3,18,0,0,0,0,0,0,0,0,0,0,0,0,28,28,28,28,7,0,0,22,0,3,18,0,0,11,28,28,28,28,28,28,28,28,28,19,25,29,20,5,1,8,22,0,3,18,10,0,7,22,29,23,19,19,19,19,19,22,0,16,29,1,0,3,18,22,0,3,18,22,0,0,6,29,11,0,0,0,0,0,6,4,16,29,1,0,3,18,22,0,3,18,22,0,0,6,29,11,8,22,22,22,12,6,1,16,29,1,0,3,18,22,0,3,18,22,0,0,6,29,11,3,9,9,9,5,6,0,16,29,1,0,3,18,22,0,3,18,22,0,0,6,29,11,0,0,0,0,0,6,25,27,29,25,6,1,8,11,0,1,9,10,0,9,26,29,26,25,25,25,6,9,26,23,23,23,23,6,0,0,0,0,0,0,0,0,9,23,23,23,23,23,23,6,9,23,0,0,0,0,0,0,0,0,0,0,0,0,0,0,0,0,0,0,0,0,0,0,0,17,17,17,17,17,17,17,17,17,17,17,17,17,17,17,17,17,17,17,17,17,17,17,17,17,17,17,17,17,5,0,0,0,0,7,17,17,17,17,17,17,17,17,17,17,17,15,15,15,15,15,15,4,0,0,0,0,7,15,15,15,15,15,15,15,15,15,15,15,4,4,4,0,3,4,4,4,1,2,4,4,4,2,0,4,4,4,4,0,3,4,4,29,29,27,0,22,29,29,29,7,12,29,29,29,17,2,29,29,29,27,0,22,29,29,28,25,13,0,10,23,29,15,3,6,17,29,20,8,1,13,28,25,13,0,10,23,29,26,21,0,0,0,16,29,1,0,0,6,29,11,0,0,0,26,21,0,0,0,16,29,29,29,28,28,28,29,29,29,7,12,29,29,29,28,28,28,29,29,28,28,28,29,29,19,19,19,19,19,19,19,19,5,8,19,19,19,19,19,19,19,19,19,19,19,19,19
0,4,29,29,29,29,29,29,21,0,0,0,0,0,0,0,0,0,0,0,0,0,0,0,0,0,0,0,0,0,0,0,0,0,0,0,0,0,0,0,0,0,0,0,0,0,17,17,17,17,17,17,17,17,17,6,8,17,17,17,17,17,17,17,17,17,17,17,17,9,9,9,9,9,9,0,0,0,0,0,0,0,0,0,0,0,0,0,0,0,0,0,29,29,29,29,29,29,1,0,0,0,0,0,0,4,20,8,0,18,15,0,11,20,1,20,29,10,8,20,29,1,0,0,0,0,0,0,6,29,11,0,26,21,0,16,29,1,16,29,5,15,16,29,1,0,0,0,0,0,0,6,29,11,0,26,21,0,16,29,1,16,29,5,18,16,29,1,0,0,0,13,0,0,6,29,11,0,26,21,0,16,29,1,16,29,5,18,16,29,1,0,0,0,22,0,0,6,29,11,0,26,21,0,16,29,1,16,29,2,3,16,29,1,0,0,0,22,0,0,6,29,11,0,26,21,0,16,29,1,29,29,28,7,16,29,1,0,0,0,22,0,0,5,21,8,0,19,16,0,12,21,1,20,20,20,5,15,26,1,0,0,0,22,0,0,0,0,0,0,0,0,0,0,0,0,7,7,7,7,7,7,7,7,0,0,22,0,0,6,7,7,7,7,7,7,7,7,7,8,8,8,8,8,8,8,8,0,0,22,0,0,7,8,8,8,8,8,8,8,8,8,0,0,0,0,0,0,0,0,0,0,22,0,0,0,0,0,0,0,0,0,0,0,0,8,14,0,3,14,5,0,0,0,0,22,0,0,3,14,5,0,13,10,0,8,14,0,16,29,1,6,29,11,0,0,0,0,22,0,0,6,29,11,0,26,21,0,16,29,1,16,29,1,6,29,11,0,0,0,0,22,0,0,6,29,11,0,26,21,0,16,29,1,16,29,1,6,29,11,0,0,0,0,22,0,0,6,29,11,0,26,21,0,16,29,1,16,29,1,6,29,11,0,0,0,0,22,0,0,6,29,11,0,26,21,0,16,29,1,5,9,0,2,9,3,0,0,0,0,22,0,0,2,9,3,0,8,7,0,5,9,0,0,0,0,0,0,0,0,0,0,0,22,0,0,0,0,0,0,0,0,0,0,0,0,0,0,0,0,0,0,0,0,0,0,22,0,0,0,0,0,0,0,0,0,0,0,0
25,0,3,25,25,25,7,0,20,25,25,16,0,0,0,0,20,25,25,16,0,12,25,24,0,3,21,10,17,8,0,23,8,11,18,0,0,0,0,23,8,11,18,0,13,14,22,0,3,18,22,13,8,0,22,13,12,18,0,0,0,0,22,13,12,18,0,13,12,22,0,1,5,22,13,8,0,6,13,12,18,0,0,0,0,6,13,12,18,0,3,6,22,0,1,1,23,13,8,0,1,15,12,18,0,0,0,0,1,15,12,18,0,1,5,22,0,20,29,28,13,8,10,29,29,12,18,0,0,0,10,29,29,12,18,0,29,29,22,0,0,0,0,13,8,0,0,0,4,18,0,0,0,0,0,0,4,18,0,0,0,28,0,3,27,27,28,8,0,22,27,28,18,0,0,0,0,22,27,28,18,0,13,27,23,0,3,20,4,16,8,0,23,4,8,18,0,0,0,0,23,4,8,18,0,13,12,22,8,9,18,13,13,11,11,22,8,9,18,13,0,2,11,22,8,9,18,13,13,11,22,13,12,18,22,13,12,18,22,13,12,18,22,0,3,18,22,13,12,18,22,13,12,22,13,12,18,22,13,12,18,22,13,12,18,22,0,3,18,22,13,12,18,22,13,12,22,13,12,18,22,13,12,18,22,13,12,18,22,0,3,18,22,13,12,18,22,13,12,22,4,6,18,6,13,10,5,22,4,6,18,6,0,1,5,22,4,6,18,6,13,10,22,0,3,18,0,13,8,0,22,0,3,18,0,0,0,0,22,0,3,18,0,13,8,22,0,3,18,0,13,8,0,22,0,3,18,0,0,0,0,22,0,3,18,0,13,8,22,0,3,18,0,13,8,0,22,0,3,18,0,0,0,0,22,0,3,18,0,13,8,22,0,3,18,0,13,8,0,22,0,3,18,0,0,0,0,22,0,3,18,0,13,8,9,0,1,8,0,6,3,0,9,0,1,8,0,0,0,0,9,0,1,8,0,6,3,11,11,11,11,11,11,11,11,11,11,11,11,8,0,0,9,11,11,11,11,11,11,11,4,4,4,4,4,4,4,4,4,4,4,4,3,0,0,4,4,4,4,4,4,4,4,15,0,2,15,15,15,4,0,12,15,15,10,0,0,0,0,12,15,15,10,0,7,15,24,0,3,23,17,21,8,0,21,17,18,17,0,0,0,0,21,17,18,17,0,12,19
28,12,0,12,11,7,22,12,12,19,22,12,11,7,22,5,6,19,22,12,12,19,22,25,11,0,12,12,19,22,12,12,19,22,12,12,19,22,12,12,19,22,12,12,19,22,0,0,0,12,12,19,22,5,7,19,9,12,12,19,22,12,12,19,9,12,11,8,22,0,0,0,12,11,13,22,0,2,19,0,12,11,13,22,8,9,19,0,12,9,0,22,0,0,0,12,9,0,22,0,2,19,0,12,9,0,22,0,2,19,0,12,9,0,22,0,0,0,8,6,0,22,0,1,12,0,12,9,0,14,0,2,19,0,8,6,0,22,10,4,0,0,0,0,22,5,2,3,4,16,9,0,0,0,2,21,5,2,2,5,24,28,12,0,6,7,17,20,28,12,19,22,26,11,17,11,11,11,26,29,12,12,28,26,28,12,0,12,12,19,0,12,12,19,22,0,2,19,22,12,9,0,22,12,12,19,0,28,12,0,12,12,19,0,12,12,19,22,0,2,19,22,12,9,0,22,12,12,19,0,28,12,0,12,10,5,0,12,11,12,22,0,0,5,22,3,2,0,22,8,9,19,0,28,12,0,12,9,0,0,12,9,0,22,0,0,0,22,0,0,0,22,0,2,19,0,28,12,0,12,9,0,8,6,6,7,11,4,3,0,22,0,1,7,11,4,5,9,8,1,0,0,12,9,0,22,4,6,19,7,12,9,0,22,0,2,19,7,12,10,6,22,0,0,0,12,9,0,22,12,12,19,22,12,9,0,22,0,2,19,22,12,12,19,22,0,0,0,12,9,0,22,12,12,19,22,12,9,0,22,0,2,19,22,12,12,19,22,0,0,0,0,0,0,0,12,10,0,22,0,0,0,0,0,0,0,22,0,3,19,0,0,0,0,0,0,0,0,12,9,0,22,0,0,0,0,0,0,0,22,0,2,19,0,0,0,0,0,0,0,9,12,11,7,22,5,3,0,0,0,1,7,22,5,6,19,9,0,0,0,0,0,0,22,12,12,19,22,12,9,0,0,0,2,19,22,12,12,19,22,0,0,0,7,5,0,22,12,12,19,22,12,9,0,13,0,2,19,22,12,12,19,22,0,0,0,12,9,0,22,12,12,19,22,12,9,0,22,0,2,19,22,12,12,19,22,0,0,0,12,9,0,22,12,12,19,22,12,9,0,22,0,2,19,22,12,12,19,22
12,12,12,12,12,12,12,12,12,12,12,12,12,12,12,12,12,12,12,12,12,12,12,3,3,3,3,3,3,3,3,3,3,3,3,3,3,3,3,3,3,3,3,3,3,3,0,2,17,17,17,5,0,13,17,17,10,0,7,17,17,16,0,2,17,17,17,5,0,0,3,24,15,22,8,0,23,15,17,18,0,13,20,15,26,0,3,24,15,22,8,0,0,3,18,13,13,8,0,22,7,9,18,0,13,11,10,22,0,3,18,13,13,8,0,0,3,18,22,7,5,0,22,13,11,10,0,13,12,18,13,0,3,18,22,7,5,0,0,3,18,22,0,0,0,22,13,8,0,0,13,12,18,0,0,3,18,22,0,0,0,13,3,18,23,22,20,0,22,13,25,22,5,13,12,27,22,13,3,18,23,22,20,0,5,3,18,7,9,8,0,22,4,9,9,2,13,10,9,9,5,3,18,7,9,8,0,0,3,25,18,18,5,0,23,18,18,12,0,13,22,18,18,0,3,25,18,18,5,0,0,3,24,13,21,8,0,23,13,16,18,0,13,18,13,25,0,3,24,13,21,8,0,4,6,18,6,13,10,5,22,4,6,18,6,13,10,5,22,4,6,18,6,13,10,5,13,12,18,22,13,12,18,22,13,12,18,22,13,12,18,22,13,12,18,22,13,12,18,13,12,18,22,13,12,18,22,13,12,18,22,13,12,18,22,13,12,18,22,13,12,18,13,12,18,22,13,12,18,22,13,12,18,22,13,12,18,22,13,12,18,22,13,12,18,8,9,18,13,13,11,11,22,8,9,18,13,13,11,11,22,8,9,18,13,13,11,11,0,3,18,0,13,8,0,22,0,3,18,0,13,8,0,22,0,3,18,0,13,8,0,0,3,18,0,13,8,0,22,0,3,18,0,13,8,0,22,0,3,18,0,13,8,0,0,3,18,0,13,8,0,22,0,3,18,0,13,8,0,22,0,3,18,0,13,8,0,0,3,18,0,13,8,0,22,0,3,18,0,13,8,0,22,0,3,18,0,13,8,0,0,2,13,0,10,6,0,16,0,2,13,0,10,6,0,16,0,2,13,0,10,6,0,2,2,2,2,2,2,2,2,2,2,2,2,2,2,2,2,2,2,2,2,2,2,2,13,13,13,13,13,13,13,13,13,13,13,13,13,13,13,13,13,13,13,13,13,13,13
4,29,29,29,29,29,29,21,0,0,0,0,0,0,0,0,0,0,0,0,0,0,0,0,0,0,0,0,0,0,0,0,0,0,0,0,0,0,0,0,0,0,0,0,0,0,17,17,17,17,17,17,17,17,6,8,17,17,17,17,17,17,17,17,17,17,17,17,17,9,9,9,9,9,0,0,0,0,0,0,0,0,0,0,0,0,0,0,0,0,0,0,29,29,29,29,29,1,0,0,0,0,0,0,0,11,20,1,4,20,8,0,18,15,0,29,10,8,20,29,1,0,0,0,0,0,0,0,16,29,1,6,29,11,0,26,21,0,29,5,15,16,29,1,0,0,0,0,0,0,0,16,29,1,6,29,11,0,26,21,0,29,5,18,16,29,1,0,0,0,13,0,0,0,16,29,1,6,29,11,0,26,21,0,29,5,18,16,29,1,0,0,0,22,0,0,0,16,29,1,6,29,11,0,26,21,0,29,2,3,16,29,1,0,0,0,22,0,0,0,16,29,1,6,29,11,0,26,21,0,29,28,7,16,29,1,0,0,0,22,0,0,0,12,21,1,5,21,8,0,19,16,0,20,20,5,15,26,1,0,0,0,22,0,0,0,0,0,0,0,0,0,0,0,0,0,7,7,7,7,7,7,7,0,0,22,0,0,6,7,7,7,7,7,7,7,7,7,7,8,8,8,8,8,8,8,0,0,22,0,0,7,8,8,8,8,8,8,8,8,8,8,0,0,0,0,0,0,0,0,0,22,0,0,0,0,0,0,0,0,0,0,0,0,0,13,10,0,8,14,0,0,0,0,22,0,0,0,8,14,0,3,14,5,0,13,10,0,26,21,0,16,29,1,0,0,0,22,0,0,0,16,29,1,6,29,11,0,26,21,0,26,21,0,16,29,1,0,0,0,22,0,0,0,16,29,1,6,29,11,0,26,21,0,26,21,0,16,29,1,0,0,0,22,0,0,0,16,29,1,6,29,11,0,26,21,0,26,21,0,16,29,1,0,0,0,22,0,0,0,16,29,1,6,29,11,0,26,21,0,8,7,0,5,9,0,0,0,0,22,0,0,0,5,9,0,2,9,3,0,8,7,0,0,0,0,0,0,0,0,0,0,22,0,0,0,0,0,0,0,0,0,0,0,0,0,0,0,0,0,0,0,0,0,0,22,0,0,0,0,0,0,0,0,0,0,0,0,0
10,17,1,4,17,7,0,26,21,0,16,29,1,0,0,0,20,0,0,13,19,14,14,0,0,0,0,0,0,0,26,21,0,16,29,1,0,0,0,0,0,5,17,8,0,0,14,25,1,5,25,9,0,19,16,0,12,21,1,0,0,0,0,2,29,29,8,0,0,16,29,1,6,29,11,0,0,0,0,0,0,0,0,0,0,0,1,12,12,3,0,0,16,29,1,6,29,11,0,0,0,6,7,7,7,7,7,7,7,7,7,7,7,7,7,16,29,1,6,29,11,0,0,0,7,8,8,8,8,8,8,8,8,8,8,8,8,8,16,29,1,6,29,11,0,0,0,0,0,0,0,1,19,19,19,18,0,22,18,0,0,16,29,1,6,29,11,0,13,10,0,0,0,0,1,28,29,29,27,0,26,21,0,0,16,29,1,6,29,11,0,26,21,0,0,0,0,1,1,26,21,1,1,26,21,0,0,16,29,1,6,29,11,0,26,21,0,0,0,0,13,8,26,21,13,8,26,21,0,0,16,29,1,6,29,11,0,26,21,0,0,0,0,13,8,26,21,13,8,26,21,0,0,16,29,1,6,29,11,0,26,21,0,0,0,0,11,7,26,21,11,7,26,21,0,0,5,9,0,2,9,3,0,8,7,0,0,0,0,1,7,27,24,7,7,27,21,0,0,0,0,0,0,0,0,0,0,0,0,0,0,0,4,29,29,29,29,29,29,21,0,0,0,0,0,0,0,0,0,0,0,0,0,0,0,1,10,10,10,10,10,10,8,0,0,17,17,17,17,17,17,17,17,17,17,17,17,17,17,17,17,17,17,17,17,17,17,17,0,0,0,0,0,0,0,0,0,0,0,0,0,0,0,0,0,0,0,0,0,0,0,0,0,0,0,0,0,0,0,0,0,0,0,0,0,0,0,0,0,0,0,0,0,0,5,8,0,2,8,3,0,8,6,0,5,8,0,2,8,3,0,8,6,0,0,0,0,16,29,1,6,29,11,0,26,21,0,16,29,1,6,29,11,0,26,21,0,0,0,0,16,29,1,6,29,11,0,26,21,0,16,29,1,6,29,11,0,26,21,0,0,0,0,16,29,1,6,29,11,0,26,21,0,16,29,1,6,29,11,0,26,21,0,0,0,0,16,29,1,6,29,11,0,26,21,0,16,29,1,6,29,11,0,26,21,0,0,2,11
18,0,14,25,1,0,0,0,3,15,22,13,12,18,22,13,12,18,22,11,11,18,22,21,0,16,29,1,0,0,0,3,18,16,13,11,13,22,9,10,18,16,13,11,13,22,21,0,16,29,1,0,0,0,3,18,0,13,9,2,22,1,5,18,0,13,8,0,22,21,0,16,29,1,0,0,0,3,18,0,13,12,18,22,13,12,18,0,13,8,0,22,21,0,16,29,1,0,0,0,3,18,16,13,12,18,22,13,12,18,16,13,11,13,22,0,0,0,0,0,0,0,0,3,18,22,13,12,18,22,13,12,18,22,13,12,18,22,0,0,0,0,0,0,0,0,3,18,22,13,9,1,22,1,4,18,22,13,12,18,22,0,0,0,0,0,0,0,0,3,18,7,13,8,0,22,0,3,18,7,13,10,6,22,17,6,0,0,0,0,0,0,3,18,0,13,8,0,22,0,3,18,0,13,8,0,22,0,0,0,0,0,0,0,0,1,5,0,13,8,0,6,0,3,18,0,4,2,0,22,0,0,0,0,0,0,0,0,0,0,5,13,20,10,11,7,17,18,5,0,0,4,23,13,0,10,18,1,0,0,0,3,15,22,7,18,18,22,13,20,10,22,11,11,18,13,21,0,16,29,1,0,0,0,3,18,22,0,3,18,22,13,8,0,22,13,12,18,0,21,0,16,29,1,0,0,0,3,18,21,0,3,18,22,13,8,0,21,13,12,17,0,21,0,16,29,1,0,0,0,3,18,0,0,3,18,6,13,8,0,0,13,8,0,0,21,0,16,29,1,0,0,0,3,18,0,0,3,18,0,13,8,0,0,13,8,0,0,4,0,3,5,0,0,0,0,3,18,0,9,6,3,16,2,4,13,0,13,8,0,16,0,0,0,0,0,0,0,0,3,18,0,13,11,12,22,9,9,18,0,13,8,0,22,7,2,0,0,0,0,0,0,3,18,0,13,12,18,22,13,12,18,0,13,8,0,22,8,3,0,0,0,0,0,0,2,13,0,9,10,18,16,13,11,13,0,9,6,0,16,0,0,0,0,0,0,0,0,0,0,0,0,3,18,0,13,8,0,0,0,0,0,0,21,0,16,29,1,0,0,0,0,0,0,0,3,18,0,13,8,0,0,0,0,0,0,21,0,16,29,1,0,0,0,0,0,0,10,10,18,16,13,11,13,0,0,0,0,16
0,0,0,0,0,0,3,18,0,0,0,14,17,17,17,17,18,18,22,0,3,18,23,3,3,3,3,3,3,7,18,0,15,17,17,17,17,18,0,3,18,15,0,2,12,22,12,12,12,12,12,12,15,18,0,0,0,0,0,0,22,0,3,18,0,0,0,0,22,7,7,7,7,4,0,3,24,15,15,15,15,11,0,22,0,3,18,0,0,0,0,22,29,29,29,29,17,0,0,0,0,0,0,0,0,0,19,0,3,18,0,0,0,0,22,10,10,10,10,6,0,0,0,0,0,0,0,0,0,0,0,0,2,0,0,0,0,3,17,17,17,17,17,17,17,17,17,17,17,17,17,17,17,17,17,17,17,17,17,17,17,0,0,0,0,0,0,0,0,0,0,0,0,0,0,0,0,0,0,0,0,0,0,0,0,0,0,0,0,0,0,0,0,0,0,0,0,0,0,0,0,0,0,0,0,0,0,12,27,27,27,27,27,27,27,27,27,27,27,27,27,27,7,0,0,0,0,0,0,0,9,20,20,29,27,20,20,20,20,23,29,24,20,20,20,5,0,0,0,0,0,0,0,7,7,0,26,21,0,7,7,5,6,29,11,0,0,0,0,0,0,0,0,0,0,0,25,25,0,26,21,2,25,25,16,6,29,11,0,14,17,17,18,18,0,0,0,0,23,0,0,0,26,21,0,0,0,0,6,29,11,0,0,0,0,3,18,0,0,0,0,22,11,25,25,29,28,25,25,6,11,26,29,27,25,25,25,6,3,18,0,0,0,0,22,9,22,22,22,22,22,22,6,9,22,22,22,22,22,22,6,3,18,0,0,0,0,22,0,0,0,0,0,0,0,0,0,0,0,0,0,0,0,0,3,18,0,0,0,0,22,17,17,17,17,17,17,17,17,17,17,17,17,17,17,17,17,4,18,0,0,0,0,22,0,0,0,0,0,0,9,9,2,0,0,0,0,0,0,0,3,18,0,0,0,0,22,11,20,1,0,0,2,29,29,8,0,0,6,7,7,7,7,10,18,0,0,0,0,23,16,29,1,0,13,0,8,18,8,0,0,22,29,29,29,29,29,18,0,0,0,0,23,16,29,1,0,22,0,0,13,8,0,0,8,10,10,10,10,13,18,0,0,0,0,23,16,29,1,0,22,0,0,13,10,1,1,1,1,1,1,0,3,18,0,0,0,0,22
11,0,26,21,0,9,15,1,3,15,6,0,14,11,0,9,15,1,3,15,6,0,14,11,0,26,21,0,0,0,0,0,0,0,0,0,0,0,0,0,0,0,0,0,0,0,11,0,26,21,0,0,0,0,0,0,0,0,0,0,0,0,0,0,0,0,0,0,0,11,0,26,21,0,0,2,17,17,17,17,17,17,17,17,17,17,17,17,17,17,17,17,11,0,26,21,0,0,0,8,14,0,7,9,9,9,2,0,0,0,0,0,0,0,0,11,0,26,21,0,0,0,16,29,1,21,29,29,29,7,0,0,0,4,20,8,0,18,11,0,26,21,0,0,0,16,29,1,6,20,29,10,2,0,0,0,6,29,11,0,26,11,0,26,21,0,0,0,16,29,5,15,16,29,5,15,0,0,0,6,29,11,0,26,11,0,26,21,0,0,0,16,29,5,18,16,29,5,18,0,0,0,6,29,11,0,26,11,0,26,21,0,0,0,16,29,5,18,16,29,5,18,0,0,0,6,29,11,0,26,11,0,26,21,0,0,0,16,29,2,3,16,29,2,3,0,0,0,6,29,11,0,26,8,0,26,21,0,0,0,16,29,28,27,29,29,28,10,0,0,0,5,21,8,0,19,0,0,26,21,0,0,0,11,20,20,20,20,20,20,7,0,0,0,0,0,0,0,0,0,0,0,0,0,0,1,7,7,7,7,7,7,7,7,7,7,7,7,7,7,7,7,0,0,2,2,0,0,1,8,8,8,8,8,8,8,8,8,8,8,8,8,8,8,8,0,0,26,21,0,0,0,0,0,0,0,8,27,27,26,0,0,0,0,0,0,0,0,5,0,26,21,0,8,14,0,0,0,0,8,24,4,4,0,0,0,3,14,5,0,13,11,0,26,21,0,16,29,1,0,0,0,8,23,3,17,0,0,0,6,29,11,0,26,11,0,26,21,0,16,29,1,0,0,0,8,23,3,18,0,0,0,6,29,11,0,26,11,0,26,21,0,16,29,1,0,0,0,8,23,3,18,0,0,0,6,29,11,0,26,11,0,26,21,0,16,29,1,0,0,0,8,23,3,18,0,0,0,6,29,11,0,26,3,0,8,7,0,5,9,0,0,0,0,8,23,2,12,0,0,0,2,9,3,0,8,0,0,0,0,0,0,0,0,0,0,0,8,26,13,13,0,0,0,0,0,0,0,0
19,16,12,15,22,16,12,15,22,16,12,13,22,16,12,15,22,16,12,15,22,14,10,0,12,11,15,16,14,10,11,22,12,4,0,16,16,11,11,19,12,11,15,16,0,3,10,0,6,15,0,0,0,0,22,0,3,7,0,16,5,0,0,0,6,15,0,7,2,22,16,12,15,22,0,6,15,22,16,12,15,22,16,12,15,0,16,12,15,22,16,10,22,16,12,15,22,0,6,15,22,16,12,15,22,16,12,15,0,16,12,15,22,16,10,22,16,12,15,22,0,6,15,22,16,12,15,22,16,12,15,0,16,12,15,22,16,10,22,16,12,15,22,0,6,15,22,16,12,15,22,16,12,15,0,16,12,15,22,16,10,22,1,7,15,22,0,6,15,22,1,7,15,2,16,12,15,0,16,12,15,2,16,6,22,0,6,15,22,0,6,15,22,0,6,15,0,16,12,15,0,16,12,15,0,16,5,3,0,0,1,22,0,6,15,2,0,0,2,0,1,7,15,0,16,6,1,0,2,0,0,0,0,13,24,0,6,22,8,0,0,0,0,3,17,15,0,16,17,3,0,0,0,0,0,0,17,16,0,4,18,11,0,0,0,0,5,18,10,0,10,18,5,0,8,5,0,0,0,0,0,0,0,0,0,0,0,0,0,0,0,0,0,0,0,0,0,29,18,0,0,0,0,0,0,0,0,0,0,0,0,0,0,0,0,0,0,0,0,0,29,18,0,0,0,0,0,0,0,0,0,0,0,0,0,0,0,0,0,0,0,0,0,29,18,0,0,0,0,0,0,0,0,0,0,0,0,0,0,0,0,0,0,0,0,0,29,18,0,0,0,16,15,0,4,17,10,0,0,0,0,4,17,9,0,10,17,4,0,15,10,0,0,0,13,24,0,6,22,8,0,0,0,0,3,18,15,0,16,17,3,0,0,0,1,0,0,1,22,0,6,15,1,0,0,1,0,1,7,15,0,16,6,1,0,1,0,22,0,6,15,22,0,6,15,22,0,6,15,0,16,12,15,0,16,12,15,0,16,5,22,0,7,15,22,0,6,15,22,0,7,15,0,16,12,15,0,16,12,15,0,16,6,22,16,12,15,22,0,6,15,22,16,12,15,22,16,12,15,0,16,12,15,22,16,10,22,16,12,15,22,0,6,15,22,16,12,15,22,16,12,15,0,16,12,15,22,16,10
0,0,0,0,0,0,0,0,0,0,0,26,21,0,16,29,1,0,0,0,0,0,0,0,0,0,0,0,0,0,0,0,0,0,26,21,0,16,29,1,0,0,0,0,0,0,0,0,0,0,0,0,0,0,0,0,0,26,21,0,16,29,1,0,8,17,17,17,11,0,0,0,0,0,0,0,0,0,0,0,26,21,0,16,29,1,0,0,0,0,0,0,0,0,0,1,7,5,0,3,7,2,0,8,7,0,16,29,1,4,20,8,0,18,15,0,0,0,4,25,18,0,13,26,9,0,0,0,0,16,29,1,6,29,11,0,26,21,0,0,0,0,3,18,0,13,8,0,0,0,0,0,16,29,1,6,29,11,0,26,21,2,13,0,10,10,18,0,13,11,13,0,10,6,0,16,29,1,6,29,11,0,26,21,3,18,0,13,12,18,0,13,12,18,0,13,8,0,16,29,1,6,29,11,0,26,21,10,18,16,13,12,18,0,13,12,18,16,13,8,0,16,29,1,6,29,11,0,26,21,12,18,22,13,12,18,0,13,12,18,22,13,8,0,16,29,1,5,21,8,0,19,16,12,18,22,13,12,18,0,13,12,18,22,13,8,0,4,7,0,0,0,0,0,0,0,12,18,22,13,12,18,0,13,12,18,22,13,8,0,2,4,0,0,3,7,7,7,7,6,15,8,13,10,6,0,5,7,18,8,11,7,0,16,29,1,0,4,8,8,8,8,3,0,8,13,10,6,11,5,7,18,8,0,0,0,16,29,1,0,0,0,0,0,0,10,9,22,13,12,18,22,13,12,18,22,6,4,0,16,29,1,3,14,5,0,13,10,12,18,22,13,12,18,22,13,12,18,22,13,8,0,16,29,1,6,29,11,0,26,21,4,18,0,13,9,0,22,0,4,18,0,13,8,0,16,29,1,6,29,11,0,26,21,3,18,0,13,12,15,22,11,11,18,0,13,8,0,16,29,1,6,29,11,0,26,21,7,18,9,13,12,18,22,13,12,18,9,13,8,0,16,29,1,6,29,11,0,26,21,12,18,22,13,12,18,22,13,12,18,22,13,8,0,16,29,1,2,9,3,0,8,7,12,18,22,13,10,8,22,6,7,18,22,13,8,0,16,29,1,0,0,0,0,0,0,9,18,15,13,8,0,22,0,3,18,15,13,8,0,16,29,1,0,0,0,0,0,0
15,12,16,22,0,5,16,22,15,12,16,22,15,12,16,0,15,12,16,22,15,12,16,15,12,16,22,0,5,16,22,15,12,16,22,15,12,16,0,15,12,16,22,15,12,16,0,6,16,0,0,0,0,22,0,3,8,0,15,7,0,0,0,6,16,0,7,3,0,11,10,16,16,13,10,11,22,11,4,0,16,15,11,11,19,11,10,16,16,0,4,11,15,12,16,22,15,12,16,22,15,11,14,22,15,12,16,22,15,12,16,22,13,11,16,11,10,16,16,15,11,11,22,11,10,16,16,15,11,11,22,11,10,16,16,15,11,11,0,5,16,3,15,7,2,22,0,5,16,0,15,7,2,22,2,6,16,0,15,6,0,0,5,16,22,15,12,16,22,0,5,16,0,15,12,16,22,15,12,16,0,15,6,0,11,11,16,22,15,12,16,22,11,11,16,16,15,12,16,22,15,12,16,16,15,11,12,15,12,16,22,15,12,16,22,15,12,16,22,15,12,16,22,15,12,16,22,15,12,16,15,12,16,2,15,7,1,22,15,12,16,22,15,7,1,22,1,6,16,22,15,12,16,5,8,16,0,15,6,0,22,5,8,16,7,15,6,0,22,0,5,16,7,15,8,5,0,5,16,0,15,6,0,22,0,5,16,0,15,6,0,22,0,5,16,0,15,6,0,0,5,16,0,4,2,0,22,0,1,5,0,15,6,0,6,0,5,16,0,4,2,0,3,7,23,14,7,6,15,25,3,1,0,5,15,19,9,11,8,18,16,5,0,1,3,15,10,17,25,15,12,24,15,15,11,14,22,9,19,16,22,15,20,9,22,13,11,16,15,6,0,22,15,12,16,0,15,12,16,22,0,5,16,22,15,6,0,22,15,12,16,14,6,0,22,15,12,16,0,14,12,16,21,0,5,16,22,15,6,0,21,15,12,15,0,0,0,22,4,8,16,0,0,5,16,0,0,5,16,6,15,6,0,0,15,6,0,0,0,0,22,0,5,16,0,0,5,16,0,0,5,16,0,15,6,0,0,15,6,0,0,4,11,3,11,5,2,16,0,5,16,0,11,5,2,16,2,5,11,0,15,6,0,0,5,16,15,15,10,11,22,0,5,16,0,15,10,11,22,10,10,16,0,15,6,0,0,5,16,22,15,12,16,22,0,5,16,0,15,12,16,22,15,12,16,0,15,6,0
22,14,11,15,22,16,12,15,22,16,12,15,19,0,5,13,22,16,12,15,22,16,10,16,16,10,11,22,11,11,15,16,16,10,11,22,0,6,15,16,16,10,11,22,11,9,0,16,5,0,22,2,7,15,3,16,5,0,22,0,6,15,0,16,6,2,22,2,5,0,16,5,0,22,16,12,15,22,16,5,0,22,0,6,15,0,16,12,15,22,16,10,16,16,11,11,22,16,12,15,22,16,11,11,22,0,6,15,16,16,12,15,22,16,10,22,16,12,15,22,16,12,15,22,16,12,15,22,0,6,15,22,16,12,15,22,16,10,22,16,12,15,22,1,7,15,2,16,12,15,22,0,6,15,22,16,6,1,22,1,5,7,16,8,5,22,0,6,15,0,16,8,5,22,0,6,15,7,16,5,0,22,0,4,0,16,5,0,22,0,6,15,0,16,5,0,22,0,6,15,0,16,5,0,22,0,4,0,5,1,0,22,0,2,4,0,16,5,0,6,0,2,4,0,16,5,0,6,0,4,5,0,1,3,25,15,6,7,14,23,7,3,0,0,0,0,5,16,18,8,11,9,17,22,14,11,15,15,24,12,15,25,17,10,15,19,0,5,13,22,9,20,15,22,16,18,22,16,12,15,0,16,12,15,22,0,6,15,22,0,6,15,22,0,6,15,22,16,5,21,16,12,14,0,16,12,15,22,0,6,14,22,0,6,15,21,0,6,15,22,16,5,0,16,5,0,0,16,8,4,22,0,0,0,22,0,6,15,0,0,6,15,6,16,5,0,16,5,0,0,16,5,0,22,0,0,0,22,0,6,15,0,0,6,15,0,16,5,0,16,5,0,16,2,5,11,3,11,4,0,22,0,6,15,0,11,5,2,16,2,4,0,16,5,0,22,11,10,15,15,16,5,0,22,0,6,15,0,16,10,10,22,11,8,0,16,5,0,22,16,12,15,22,16,5,0,22,0,6,15,0,16,12,15,22,16,10,0,11,4,0,16,16,10,11,22,11,4,0,16,0,4,11,0,11,11,15,16,16,9,0,0,0,0,0,16,5,0,22,0,0,0,0,0,0,0,0,0,6,15,0,16,5,0,0,0,0,0,16,5,0,22,0,0,0,0,0,0,0,0,0,6,15,0,16,5,0,0,0,0,16,16,11,11,22,12,4,0,0,0,0,0,0,12,11,15,16,16,9
6,7,20,11,12,12,11,21,7,7,20,11,12,12,11,21,7,7,20,11,12,12,6,0,1,26,17,22,10,0,21,18,18,20,0,11,22,17,26,0,1,26,17,22,10,0,0,1,25,14,20,10,0,21,15,15,20,0,11,20,14,25,0,1,25,14,20,10,0,0,1,20,0,11,10,0,21,0,1,20,0,11,10,0,21,0,1,20,0,11,10,0,0,1,20,0,11,10,0,21,0,1,20,0,11,10,0,21,0,1,20,0,11,10,0,0,1,20,0,11,10,0,21,0,1,20,0,11,10,0,21,0,1,20,0,11,10,0,0,1,20,0,11,10,0,21,0,1,20,0,11,10,0,21,0,1,20,0,11,10,0,0,1,20,0,11,10,0,21,0,1,20,0,11,10,0,21,0,1,20,0,11,10,0,0,0,4,0,2,2,0,4,0,0,4,0,2,2,0,4,0,0,4,0,2,2,0,1,17,17,17,17,17,17,17,17,17,17,17,17,17,17,17,17,17,17,17,17,17,7,0,0,0,0,0,0,0,0,0,0,0,0,0,0,0,0,0,0,0,0,0,0,0,0,1,21,21,21,8,0,16,21,21,15,0,8,21,21,21,0,1,21,21,21,8,0,0,1,24,10,18,10,0,21,11,12,20,0,11,17,10,24,0,1,24,10,18,10,0,0,1,20,16,12,10,0,21,9,10,20,0,11,12,15,21,0,1,20,16,12,10,0,0,0,8,21,12,10,0,8,12,12,20,0,4,6,20,21,0,0,8,21,12,10,0,0,0,0,21,12,10,0,0,11,12,20,0,0,1,20,21,0,0,0,21,12,10,0,0,17,27,29,12,10,8,27,28,12,20,0,27,28,20,21,0,17,27,29,12,10,0,0,3,4,4,12,10,1,4,4,3,20,0,4,4,3,21,0,3,4,4,12,10,0,0,1,23,23,26,10,0,17,23,24,20,0,9,23,23,28,0,1,23,23,26,10,0,0,1,23,8,17,10,0,21,9,10,20,0,11,16,8,24,0,1,23,8,17,10,0,5,7,20,10,12,11,9,21,6,7,20,10,12,11,9,21,6,7,20,10,12,11,6,11,12,20,21,12,12,20,21,12,12,20,21,12,12,20,21,12,12,20,21,12,12,12,11,12,20,21,12,12,20,21,12,12,20,21,12,12,20,21,12,12,20,21,12,12,12
22,0,6,15,9,16,12,15,22,16,12,15,9,16,8,6,22,16,12,15,22,16,7,22,0,6,15,22,16,12,15,22,16,12,15,22,16,12,15,22,16,12,15,22,16,10,22,0,6,15,22,16,9,6,22,7,9,15,22,16,12,15,22,7,9,15,9,16,10,22,0,6,15,15,16,5,0,22,0,6,15,15,16,10,10,22,0,6,15,0,16,9,22,0,6,15,0,16,5,0,22,0,6,15,0,16,5,0,22,0,6,15,0,16,5,14,0,4,10,0,16,5,0,14,0,6,15,0,10,3,0,22,0,4,10,0,16,5,0,0,0,0,0,16,10,3,3,3,11,15,0,0,0,0,23,5,2,2,5,19,5,11,0,3,7,20,15,27,15,22,16,27,14,20,8,9,14,24,28,12,15,26,26,9,22,0,6,15,22,0,6,15,22,16,5,0,22,16,12,15,0,16,12,15,22,0,4,22,0,6,15,22,0,6,15,22,16,5,0,22,16,12,15,0,16,12,15,22,0,4,22,0,6,15,6,0,6,15,14,16,5,0,6,16,7,4,0,16,10,10,22,0,1,22,0,6,15,0,0,6,15,0,16,5,0,0,16,5,0,0,16,5,0,22,0,0,22,0,6,15,0,6,5,7,8,8,5,5,0,16,5,0,8,8,5,5,11,6,2,22,0,6,15,0,16,8,5,22,5,8,15,0,16,5,0,22,5,8,15,7,16,5,22,0,6,15,0,16,12,15,22,16,12,15,0,16,5,0,22,16,12,15,22,16,5,22,0,6,15,0,16,12,15,22,16,12,15,0,16,5,0,22,16,12,15,22,16,5,0,0,0,0,0,0,7,15,0,16,6,0,0,0,0,0,0,16,6,0,22,0,0,0,0,0,0,0,0,6,15,0,16,5,0,0,0,0,0,0,16,5,0,22,0,0,0,0,0,0,0,6,9,15,9,16,8,6,0,0,0,0,9,16,8,6,22,6,2,0,0,0,0,0,16,12,15,22,16,12,15,0,0,0,0,22,16,12,15,22,16,5,13,0,3,9,0,16,12,15,22,16,12,15,0,9,3,0,22,16,12,15,22,16,5,22,0,6,15,0,16,12,15,22,16,12,15,0,16,5,0,22,16,12,15,22,16,5,22,0,6,15,0,16,12,15,22,16,12,15,0,16,5,0,22,16,12,15,22,16,5
11,10,22,7,8,18,12,13,11,10,0,7,8,18,12,13,11,10,22,7,8,18,12,21,17,26,0,3,25,17,23,8,0,0,0,3,25,17,23,8,0,23,17,19,18,0,19,14,25,0,3,24,14,21,8,0,0,0,3,24,14,21,8,0,23,14,16,18,0,8,0,22,0,3,18,0,13,8,0,0,0,3,18,0,13,8,0,22,0,3,18,0,8,0,22,0,3,18,0,13,8,0,0,0,3,18,0,13,8,0,22,0,3,18,0,8,0,22,0,3,18,0,13,8,0,0,0,3,18,0,13,8,0,22,0,3,18,0,8,0,22,0,3,18,0,13,8,0,0,0,3,18,0,13,8,0,22,0,3,18,0,8,0,22,0,3,18,0,13,8,0,0,0,3,18,0,13,8,0,22,0,3,18,0,1,0,4,0,0,3,0,2,1,0,0,0,0,3,0,2,1,0,4,0,0,3,0,17,17,17,17,17,17,17,17,17,6,0,2,17,17,17,17,17,17,17,17,17,17,17,0,0,0,0,0,0,0,0,0,0,0,0,0,0,0,0,0,0,0,0,0,0,0,21,21,21,0,2,21,21,21,6,0,0,0,2,21,21,21,6,0,17,21,21,13,0,16,10,25,0,3,23,10,19,8,0,0,0,3,23,10,19,8,0,23,10,13,18,0,11,13,22,0,3,18,16,13,8,0,0,0,3,18,16,13,8,0,22,10,10,18,0,7,18,22,0,1,7,22,13,8,0,0,0,1,7,22,13,8,0,9,13,12,18,0,3,18,22,0,0,0,22,13,8,0,0,0,0,0,22,13,8,0,0,13,12,18,0,28,18,22,0,19,27,28,13,8,0,0,0,19,27,28,13,8,10,27,28,12,18,0,4,3,22,0,3,4,4,13,8,0,0,0,3,4,4,13,8,1,4,4,5,18,0,23,23,27,0,3,23,23,26,8,0,0,0,3,23,23,26,8,0,19,23,24,18,0,15,8,24,0,3,22,8,18,8,0,0,0,3,22,8,18,8,0,23,8,11,18,0,10,8,22,6,8,18,10,13,10,8,0,6,8,18,10,13,10,8,22,6,8,18,10,12,18,22,13,12,18,22,13,12,18,0,13,12,18,22,13,12,18,22,13,12,18,22,12,18,22,13,12,18,22,13,12,18,0,13,12,18,22,13,12,18,22,13,12,18,22
12,15,22,11,11,18,19,13,12,15,22,11,7,0,16,29,1,0,3,7,7,7,7,8,0,22,0,3,18,0,13,8,0,22,0,0,0,16,29,1,0,4,8,8,8,8,8,0,23,27,28,18,0,13,28,27,28,0,0,0,16,29,1,0,0,0,0,0,0,8,0,3,4,8,18,0,2,4,4,23,0,0,0,16,29,1,3,14,5,0,13,10,8,8,23,23,11,18,0,23,23,15,22,0,0,0,16,29,1,6,29,11,0,26,21,8,3,8,18,12,18,0,8,11,18,22,0,0,0,16,29,1,6,29,11,0,26,21,8,0,0,13,12,18,0,0,3,18,22,0,0,0,16,29,1,6,29,11,0,26,21,8,0,22,13,12,18,0,13,12,18,22,0,0,0,16,29,1,6,29,11,0,26,21,8,0,22,1,4,18,0,13,9,1,22,0,0,0,16,29,1,2,9,3,0,8,7,8,0,23,29,29,18,0,13,29,29,28,0,0,0,16,29,1,0,0,0,0,0,0,0,0,2,2,2,1,0,1,2,2,2,0,0,0,16,29,1,0,0,0,0,0,0,17,17,17,17,17,17,17,17,17,17,17,17,0,0,16,29,1,0,8,17,17,17,17,0,0,0,0,0,0,0,0,0,0,0,0,0,0,16,29,1,0,0,0,0,0,0,7,0,19,0,3,16,0,12,7,0,19,0,0,0,16,29,1,0,0,0,0,0,0,8,0,22,0,3,18,0,13,8,0,22,0,0,0,16,29,1,2,8,3,0,8,6,8,0,22,0,3,18,0,13,8,0,22,0,0,0,16,29,1,6,29,11,0,26,21,8,0,22,0,3,18,0,13,8,0,22,0,0,0,14,25,1,6,29,11,0,26,21,8,0,22,0,3,18,0,13,8,0,22,0,0,0,0,0,0,6,29,11,0,26,21,11,13,22,10,10,18,16,13,11,13,22,10,6,0,9,17,1,6,29,11,0,26,21,12,18,22,13,12,18,22,13,12,18,22,13,8,0,16,29,1,3,15,6,0,14,11,12,18,22,13,12,18,22,13,12,18,22,13,8,0,16,29,1,0,0,0,0,0,0,12,18,22,13,12,18,22,13,12,18,22,13,8,0,16,29,1,0,0,0,0,0,0,9,3,22,2,5,18,3,13,9,3,22,2,1,0,16,29,1,0,8,17,17,17,17
16,0,8,26,9,0,2,13,0,0,0,0,0,0,0,0,0,0,0,2,11,4,0,0,0,5,18,13,0,0,0,0,0,0,0,0,0,0,0,0,0,0,0,0,0,0,17,17,17,17,17,17,17,17,17,17,17,17,17,17,17,17,17,17,17,17,17,17,17,0,0,0,0,0,0,0,0,0,0,0,0,0,0,0,0,0,0,0,0,0,0,0,0,0,0,0,3,15,0,11,7,0,19,0,3,15,0,11,7,0,19,0,3,15,0,25,9,0,0,3,18,0,13,8,0,22,0,3,18,0,13,8,0,22,0,3,18,0,29,11,0,0,3,18,0,13,8,0,22,0,3,18,0,13,8,0,22,0,3,18,0,29,11,0,0,3,18,0,13,8,0,22,0,3,18,0,13,8,0,22,0,3,18,0,29,11,0,0,3,18,0,13,8,0,22,0,3,18,0,13,8,0,22,0,3,18,0,29,11,0,0,3,20,3,16,8,0,23,3,7,18,0,13,11,3,23,0,3,20,3,0,0,0,0,3,29,28,29,8,0,23,28,29,18,0,13,29,28,28,0,3,29,28,0,0,0,2,5,18,3,13,9,3,22,2,5,18,3,13,9,3,22,2,5,18,3,0,0,0,13,12,18,22,13,12,18,22,13,12,18,22,13,12,18,22,13,12,18,22,0,0,0,13,12,18,22,13,12,18,22,13,12,18,22,13,12,18,22,13,12,18,22,0,0,0,13,11,10,22,7,9,18,13,13,11,10,22,7,9,18,13,13,11,10,22,0,0,0,13,8,0,22,0,4,18,1,13,8,0,22,0,3,18,1,13,9,1,22,0,0,0,13,8,0,22,13,12,18,22,13,8,0,22,0,3,18,22,13,12,18,22,0,0,0,13,8,0,22,13,12,18,22,13,8,0,22,0,3,18,22,13,12,18,22,0,0,0,13,8,0,22,13,12,18,22,13,8,0,22,0,3,18,22,13,12,18,22,0,0,0,0,0,0,22,13,12,18,22,13,8,0,0,0,3,18,22,13,12,18,22,0,0,0,0,0,0,18,13,12,15,22,11,7,0,0,0,3,15,22,11,11,18,18,0,0,0,0,0,0,0,13,8,0,22,0,0,0,0,0,0,0,22,0,3,18,0,0,0,0,0,0,0,0,13,8,0,22,0,0,0,0,0,0,0,22,0,3,18,0
0,0,0,0,2,12,14,0,2,12,14,0,0,0,0,0,0,0,0,0,14,0,0,17,17,0,0,3,18,22,0,3,18,22,0,0,2,17,17,17,17,17,17,23,0,0,0,0,0,0,0,0,22,0,3,18,0,0,0,0,0,0,0,0,0,0,0,0,0,17,17,17,17,17,6,22,0,3,18,8,17,17,17,17,17,17,17,17,17,17,17,17,0,0,0,0,0,0,22,0,3,18,0,0,0,0,0,0,0,0,0,0,0,0,0,28,28,28,7,0,0,22,0,3,18,0,0,11,28,28,28,28,28,28,28,28,28,28,25,29,20,5,1,8,22,0,3,18,10,0,7,22,29,23,19,19,19,19,19,22,29,16,29,1,0,3,18,22,0,3,18,22,0,0,6,29,11,0,0,0,0,0,6,29,16,29,1,0,3,18,22,0,3,18,22,0,0,6,29,11,8,22,22,22,12,6,29,16,29,1,0,3,18,22,0,3,18,22,0,0,6,29,11,3,9,9,9,5,6,29,16,29,1,0,3,18,22,0,3,18,22,0,0,6,29,11,0,0,0,0,0,6,29,27,29,25,6,1,8,11,0,1,9,10,0,9,26,29,26,25,25,25,6,9,26,29,23,23,23,6,0,0,0,0,0,0,0,0,9,23,23,23,23,23,23,6,9,23,23,0,0,0,0,0,0,0,0,0,0,0,0,0,0,0,0,0,0,0,0,0,0,0,17,17,17,17,17,17,17,17,17,17,17,17,17,17,17,17,17,17,17,17,17,17,17,17,17,17,17,17,5,0,0,0,0,7,17,17,17,17,17,17,17,17,17,17,17,17,15,15,15,15,15,4,0,0,0,0,7,15,15,15,15,15,15,15,15,15,15,15,15,4,4,0,3,4,4,4,1,2,4,4,4,2,0,4,4,4,4,0,3,4,4,4,29,27,0,22,29,29,29,7,12,29,29,29,17,2,29,29,29,27,0,22,29,29,29,25,13,0,10,23,29,15,3,6,17,29,20,8,1,13,28,25,13,0,10,23,29,15,21,0,0,0,16,29,1,0,0,6,29,11,0,0,0,26,21,0,0,0,16,29,1,29,28,28,28,29,29,29,7,12,29,29,29,28,28,28,29,29,28,28,28,29,29,29,19,19,19,19,19,19,19,5,8,19,19,19,19,19,19,19,19,19,19,19,19,19,19
0,6,29,7,0,29,17,0,20,27,0,0,0,17,4,0,22,0,7,14,0,0,0,0,6,29,7,0,29,17,0,20,27,0,0,0,17,4,0,22,0,7,14,0,0,0,0,6,29,7,0,29,17,0,20,27,0,0,0,17,4,0,22,0,7,14,0,0,0,0,6,29,7,0,29,17,0,20,27,0,0,0,17,4,0,22,0,7,14,0,0,0,0,6,29,7,0,29,17,0,20,27,0,0,9,17,8,5,22,7,9,14,9,0,0,0,6,29,7,0,29,17,0,20,27,0,0,22,17,12,14,22,17,12,14,22,0,0,0,6,27,7,0,29,17,0,20,27,0,0,22,17,12,14,22,17,12,14,22,0,0,0,0,0,0,0,29,17,0,20,27,0,0,22,17,12,14,22,17,12,14,22,0,0,0,3,14,3,0,29,17,0,20,27,0,0,11,17,8,7,22,8,10,14,11,0,0,0,6,29,7,0,29,17,0,20,27,0,0,0,17,11,7,23,0,7,18,7,1,0,0,6,29,7,0,29,17,0,20,27,0,0,0,14,25,25,24,0,6,25,25,5,0,0,6,29,7,0,29,17,0,20,27,0,0,0,3,3,1,22,0,3,3,3,0,0,0,6,29,7,0,29,17,0,20,27,0,0,4,28,29,14,22,0,24,28,24,0,0,0,6,29,7,0,29,17,0,20,27,0,0,0,0,7,14,22,0,0,0,22,0,0,0,6,29,7,0,29,17,0,20,27,0,0,0,5,9,14,22,0,2,4,22,0,0,0,6,29,7,0,29,17,0,20,27,0,0,0,17,11,11,22,0,7,14,17,0,0,0,6,29,7,0,29,17,0,20,27,0,0,0,17,13,9,23,0,7,19,9,2,0,0,6,29,7,0,29,17,0,20,27,0,0,0,13,22,22,19,0,6,22,22,5,0,0,6,29,7,0,29,17,0,20,27,0,0,0,0,0,0,0,0,0,0,0,0,0,0,6,29,7,0,29,17,0,20,27,0,0,10,17,17,17,17,17,17,17,17,3,0,0,6,29,7,0,29,17,0,20,27,0,0,0,3,0,0,4,0,1,2,0,0,0,0,6,29,7,0,29,17,0,20,27,0,0,0,17,4,0,22,0,7,14,0,0,0,0,6,29,7,0,29,17,0,20,27,0,0,0,17,4,0,22,0,7,14,0,0,0
11,0,26,21,0,0,0,0,0,0,13,12,18,22,13,12,18,0,0,0,0,22,13,11,0,26,21,0,0,0,3,17,0,13,12,18,22,13,12,18,0,12,8,0,22,13,11,0,26,21,0,0,0,3,18,0,13,12,18,22,13,12,18,0,13,8,0,22,13,11,0,26,21,0,0,0,3,18,0,13,12,18,22,13,12,18,0,13,8,0,22,13,11,0,25,20,0,0,0,3,18,0,13,9,1,22,1,4,18,0,13,8,0,22,1,11,0,0,0,0,0,0,3,18,12,13,11,10,22,7,8,18,12,13,11,10,22,7,11,0,13,10,0,0,0,3,18,22,13,12,18,22,13,12,18,22,13,12,18,22,13,11,0,26,21,0,0,0,3,18,22,13,12,18,22,13,12,18,22,13,12,18,22,13,11,0,26,21,0,0,0,0,3,22,2,5,18,4,13,9,3,22,2,5,18,4,13,11,0,26,21,0,0,0,0,0,23,27,28,18,0,13,28,27,28,0,3,29,27,28,11,0,26,21,0,3,6,0,0,23,4,8,18,0,13,12,4,23,0,3,20,4,16,11,0,26,21,0,16,29,1,0,22,0,3,18,0,13,8,0,22,0,3,18,0,13,11,0,26,21,0,16,29,1,0,22,0,3,18,0,13,8,0,22,0,3,18,0,13,11,0,26,21,0,16,29,1,0,22,0,3,18,0,13,8,0,22,0,3,18,0,13,11,0,26,21,0,0,0,0,0,22,0,3,18,0,13,8,0,22,0,3,18,0,13,11,0,26,21,0,0,0,0,0,19,0,3,16,0,12,7,0,19,0,3,16,0,12,11,0,26,21,0,0,0,0,0,0,0,0,0,0,0,0,0,0,0,0,0,0,0,11,0,26,21,0,0,0,0,14,17,17,17,17,17,17,17,17,17,17,17,17,17,17,11,0,26,21,0,0,0,0,0,1,1,1,1,0,0,1,1,1,0,0,1,1,1,11,0,26,21,0,0,0,0,0,23,29,29,18,0,13,29,29,28,0,3,29,29,29,11,0,26,21,0,0,0,0,0,23,1,5,18,0,13,9,2,23,0,3,19,2,14,11,0,26,21,0,0,0,0,0,22,13,12,18,0,13,12,18,22,0,3,18,22,13,11,0,26,21,0,0,0,0,0,1,13,12,18,0,0,4,18,22,0,0,1,22,13
5,8,17,11,14,10,8,22,7,8,17,11,14,10,8,22,7,3,0,0,7,29,10,10,12,17,22,14,12,17,22,14,12,17,22,14,12,17,22,14,7,0,0,7,29,10,10,12,17,22,14,12,17,22,14,12,17,22,14,12,17,22,14,7,0,0,7,29,10,10,9,4,22,3,6,17,5,14,9,4,22,3,6,17,5,14,7,0,0,7,29,10,10,9,7,22,0,4,17,0,14,9,7,22,5,8,17,0,14,7,0,0,7,29,10,10,12,17,22,0,4,17,0,14,12,17,22,14,12,17,0,14,7,0,0,7,29,10,10,12,17,22,0,4,17,0,14,12,17,22,14,12,17,0,14,7,0,0,7,29,10,10,12,17,22,0,3,11,0,14,12,17,22,14,12,17,0,9,5,0,0,7,29,10,10,12,17,22,0,0,0,0,14,12,17,22,14,12,17,0,0,0,0,0,2,7,2,5,8,17,10,0,0,0,0,6,8,17,10,14,10,8,0,0,0,0,0,1,4,1,0,4,17,0,0,0,0,0,0,4,17,0,14,7,0,0,0,0,0,0,7,29,10,0,4,17,0,0,0,0,0,0,4,17,0,14,7,0,0,0,0,0,0,7,29,10,10,12,17,22,0,4,17,0,14,12,17,22,14,12,17,0,14,7,0,0,7,29,10,10,12,17,22,0,4,17,0,14,12,17,22,14,12,17,0,14,7,0,0,7,29,10,10,9,6,22,0,4,17,0,14,9,6,22,5,7,17,0,14,7,0,0,7,29,10,4,5,8,9,0,4,17,0,6,5,8,9,6,5,7,0,14,7,0,0,7,29,10,0,4,17,0,0,4,17,0,0,4,17,0,14,7,0,0,14,7,0,0,7,29,10,6,9,17,0,3,6,17,5,0,4,17,13,14,7,0,5,14,7,0,0,7,29,10,10,12,17,0,14,12,17,22,0,4,17,22,14,7,0,22,14,7,0,0,7,29,10,10,12,17,0,14,12,17,22,0,4,17,22,14,7,0,22,14,7,0,0,7,29,10,10,12,28,24,14,10,9,22,12,26,17,22,14,27,15,22,7,4,0,0,0,0,0,2,2,6,24,0,0,0,0,14,13,4,4,3,10,17,0,0,0,0,0,0,0,0,6,4,0,22,0,2,10,0,14,7,0,13,0,4,17,0,8,4,0,0,0,0,0
22,14,12,15,22,16,12,15,22,16,12,15,19,0,6,13,22,16,12,15,22,16,10,16,0,5,11,22,12,10,13,16,16,11,11,0,0,0,0,16,16,11,11,19,12,9,0,7,2,0,22,0,0,0,0,16,5,0,10,0,3,7,0,16,5,0,0,0,4,22,16,12,15,22,16,5,0,22,16,12,15,22,0,6,15,22,16,12,15,0,16,10,22,16,12,15,22,16,5,0,22,16,12,15,22,0,6,15,22,16,12,15,0,16,10,22,16,12,15,22,16,5,0,22,16,12,15,22,0,6,15,22,16,12,15,0,16,10,22,16,12,15,22,16,5,0,22,16,12,15,22,0,6,15,22,16,12,15,0,16,10,2,16,6,1,22,16,5,0,22,16,6,1,22,0,6,15,2,16,12,15,0,16,10,0,16,5,0,22,16,5,0,22,16,5,0,22,0,6,15,0,16,12,15,0,16,10,0,2,0,0,2,16,5,0,22,1,0,0,3,0,0,2,0,1,7,15,0,16,6,0,0,0,0,8,23,5,0,24,13,0,0,0,0,0,0,0,3,17,15,0,16,16,0,0,0,0,11,18,3,0,17,17,0,0,0,2,8,2,0,5,18,10,0,10,17,0,0,0,0,0,0,0,0,0,0,0,0,0,9,29,8,0,0,0,0,0,0,0,0,0,0,0,0,0,0,0,0,0,0,0,0,9,29,8,0,0,0,0,0,0,0,0,0,0,0,0,0,0,0,0,0,0,0,0,9,29,8,0,0,0,0,0,0,0,0,0,0,0,0,0,0,0,0,0,0,0,0,9,29,8,0,0,0,0,0,0,0,0,0,0,0,10,17,3,0,16,16,0,0,0,5,15,4,0,4,17,9,0,10,16,0,0,0,0,8,23,5,0,24,13,0,0,0,0,0,0,0,3,18,15,0,16,16,0,1,0,0,1,16,5,0,22,1,0,0,1,0,0,1,0,1,7,15,0,16,6,0,16,5,0,22,16,5,0,22,16,5,0,22,0,6,15,0,16,12,15,0,16,10,0,16,6,0,22,16,5,0,22,16,6,0,22,0,6,15,0,16,12,15,0,16,10,22,16,12,15,22,16,5,0,22,16,12,15,22,0,6,15,22,16,12,15,0,16,10,22,16,12,15,22,16,5,0,22,16,12,15,22,0,6,15,22,16,12,15,0,16,10
8,18,12,13,11,10,22,7,8,18,12,13,11,10,22,7,8,18,12,13,11,10,22,3,25,17,23,8,0,23,17,19,18,0,13,21,17,26,0,3,25,17,23,8,0,23,3,24,14,21,8,0,23,14,16,18,0,13,19,14,25,0,3,24,14,21,8,0,23,3,18,0,13,8,0,22,0,3,18,0,13,8,0,22,0,3,18,0,13,8,0,22,3,18,0,13,8,0,22,0,3,18,0,13,8,0,22,0,3,18,0,13,8,0,22,3,18,0,13,8,0,22,0,3,18,0,13,8,0,22,0,3,18,0,13,8,0,22,3,18,0,13,8,0,22,0,3,18,0,13,8,0,22,0,3,18,0,13,8,0,22,3,18,0,13,8,0,22,0,3,18,0,13,8,0,22,0,3,18,0,13,8,0,22,0,3,0,2,1,0,4,0,0,3,0,2,1,0,4,0,0,3,0,2,1,0,4,17,17,17,17,17,17,17,17,17,17,17,17,17,17,17,17,17,17,17,17,17,17,17,0,0,0,0,0,0,0,0,0,0,0,0,0,0,0,0,0,0,0,0,0,0,0,2,21,21,21,6,0,17,21,21,13,0,10,21,21,21,0,2,21,21,21,6,0,17,3,23,10,19,8,0,23,10,13,18,0,13,16,10,25,0,3,23,10,19,8,0,23,3,18,16,13,8,0,22,10,10,18,0,13,11,13,22,0,3,18,16,13,8,0,22,1,7,22,13,8,0,9,13,12,18,0,5,7,18,22,0,1,7,22,13,8,0,9,0,0,22,13,8,0,0,13,12,18,0,0,3,18,22,0,0,0,22,13,8,0,0,19,27,28,13,8,10,27,28,12,18,0,27,28,18,22,0,19,27,28,13,8,10,27,3,4,4,13,8,1,4,4,5,18,0,4,4,3,22,0,3,4,4,13,8,1,4,3,23,23,26,8,0,19,23,24,18,0,11,23,23,27,0,3,23,23,26,8,0,19,3,22,8,18,8,0,23,8,11,18,0,13,15,8,24,0,3,22,8,18,8,0,23,8,18,10,13,10,8,22,6,8,18,10,13,10,8,22,6,8,18,10,13,10,8,22,12,18,22,13,12,18,22,13,12,18,22,13,12,18,22,13,12,18,22,13,12,18,22,12,18,22,13,12,18,22,13,12,18,22,13,12,18,22,13,12,18,22,13,12,18,22
0,0,0,0,0,16,29,1,0,0,0,0,0,0,0,0,0,0,0,0,0,0,0,0,0,0,0,0,16,29,1,0,0,0,0,0,0,0,0,0,0,0,0,0,0,0,17,11,0,0,0,16,29,1,0,0,0,0,0,0,0,0,0,0,0,0,0,0,0,0,0,0,0,0,16,29,1,0,0,0,0,0,0,0,0,0,0,0,0,0,0,0,8,0,18,15,0,5,9,0,0,0,1,7,5,0,3,7,2,0,0,0,0,3,7,11,0,26,21,0,0,0,0,0,0,4,25,18,0,13,26,9,0,0,0,0,12,27,11,0,26,21,0,0,0,0,0,0,0,3,18,0,13,8,0,0,0,0,0,0,13,11,0,26,21,0,0,0,2,13,0,10,10,18,0,13,11,13,0,10,6,0,16,13,11,0,26,21,0,0,0,3,18,0,13,12,18,0,13,12,18,0,13,8,0,22,13,11,0,26,21,0,0,0,3,18,16,13,12,18,0,13,12,18,16,13,11,13,22,13,8,0,19,16,0,0,0,3,18,22,13,12,18,0,13,12,18,22,13,12,18,22,13,0,0,0,0,0,0,0,3,18,22,13,12,18,0,13,12,18,22,13,12,18,22,13,7,5,0,0,0,0,0,3,18,22,13,12,18,0,13,12,18,22,13,12,18,22,13,8,6,0,0,0,0,0,3,15,8,13,10,6,0,5,7,18,8,11,8,6,22,5,0,0,0,0,0,0,0,0,0,8,13,10,6,11,5,7,18,8,0,1,6,22,5,5,0,13,10,0,0,0,1,9,22,13,12,18,22,13,12,18,22,6,8,18,22,13,11,0,26,21,0,0,0,3,18,22,13,12,18,22,13,12,18,22,13,12,18,22,13,11,0,26,21,0,0,0,3,18,0,13,9,0,22,0,4,18,0,13,9,0,22,0,11,0,26,21,0,0,0,3,18,0,13,12,15,22,11,11,18,0,13,8,0,22,11,11,0,26,21,0,0,0,3,18,9,13,12,18,22,13,12,18,9,13,10,7,22,13,3,0,26,21,0,0,0,3,18,22,13,12,18,22,13,12,18,22,13,12,18,22,13,0,0,26,21,0,0,0,3,18,22,13,10,8,22,6,7,18,22,13,12,18,22,6,0,0,26,21,0,0,0,3,18,15,13,8,0,22,0,3,18,15,13,11,12,22,0
22,13,12,18,5,17,12,18,23,6,6,18,22,13,9,6,24,13,12,21,6,13,12,22,13,12,18,0,13,12,18,22,0,3,18,22,13,8,0,22,13,12,18,0,13,12,13,13,11,11,0,13,12,18,22,0,2,11,22,8,5,0,22,13,12,18,0,8,9,0,13,8,0,0,13,8,0,22,0,0,0,22,0,0,0,22,0,3,18,0,0,3,0,13,8,0,0,11,7,0,19,0,0,0,22,0,0,0,19,0,3,15,0,0,3,0,13,8,0,22,0,3,18,0,13,8,0,22,0,3,18,0,13,8,0,22,0,3,0,13,8,0,22,13,12,18,22,13,8,0,22,0,3,18,22,13,12,18,22,0,3,0,13,8,0,22,13,12,18,22,13,8,0,22,0,3,18,22,13,12,18,22,0,3,0,5,3,0,8,13,10,6,22,5,3,0,8,0,1,6,22,5,7,18,8,0,1,0,0,0,0,0,13,8,0,22,0,0,0,0,0,0,0,22,0,3,18,0,0,0,0,0,0,0,1,13,9,1,22,0,0,0,0,0,0,1,22,0,4,18,1,0,0,0,0,0,0,22,13,12,18,22,13,8,0,0,0,3,18,22,13,12,18,22,0,0,0,3,2,0,22,13,12,18,22,13,8,0,5,0,3,18,22,13,12,18,22,0,0,0,13,8,0,22,13,12,18,22,13,8,0,22,0,3,18,22,13,12,18,22,0,3,0,13,8,0,22,13,12,18,22,13,8,0,22,0,3,18,22,13,12,18,22,0,3,0,13,8,0,22,10,10,18,17,13,8,0,22,0,3,18,17,13,12,14,22,0,3,0,13,8,0,22,0,3,18,0,13,8,0,22,0,3,18,0,13,8,0,22,0,3,19,13,12,16,22,12,11,18,19,13,12,16,22,12,11,18,19,13,12,16,22,12,11,22,13,12,18,22,13,12,18,22,13,12,18,22,13,12,18,22,13,12,18,22,13,12,22,12,11,18,19,13,12,16,22,12,11,18,19,13,12,16,22,12,11,18,19,13,12,24,0,3,21,7,18,8,0,23,7,10,18,0,13,14,7,24,0,3,21,7,18,8,27,0,3,28,25,27,8,0,23,25,25,18,0,13,26,25,27,0,3,28,25,27,8,22,0,3,18,0,13,8,0,22,0,3,18,0,13,8,0,22,0,3,18,0,13,8
22,16,12,15,19,16,12,15,22,16,12,15,22,16,11,13,22,16,12,15,22,16,10,16,16,10,11,22,11,11,15,16,16,10,11,22,11,11,15,16,16,10,11,22,11,9,3,16,5,0,22,0,6,15,3,16,6,2,22,0,6,15,0,16,6,2,22,2,5,22,16,5,0,22,0,6,15,22,16,12,15,22,0,6,15,0,16,12,15,22,16,10,22,16,11,11,22,12,11,15,22,16,12,15,22,12,11,15,16,16,12,15,22,16,10,22,16,12,15,22,16,12,15,22,16,12,15,22,16,12,15,22,16,12,15,22,16,10,2,16,12,15,22,16,12,15,2,16,6,1,22,16,12,15,22,16,6,1,22,1,5,0,16,8,5,22,5,8,15,0,16,5,0,22,5,8,15,7,16,5,0,22,0,4,0,16,5,0,22,0,6,15,0,16,5,0,22,0,6,15,0,16,5,0,22,0,4,0,16,5,0,6,0,6,15,0,5,1,0,22,0,2,4,0,16,5,0,6,0,4,14,23,7,3,0,3,8,23,13,8,6,15,24,3,1,0,5,16,18,8,11,9,17,25,17,10,15,19,16,9,17,24,16,12,23,14,16,11,13,22,9,20,15,22,16,18,22,0,6,15,22,16,5,0,22,16,12,15,0,16,12,15,22,0,6,15,22,16,5,22,0,6,14,22,15,5,0,22,16,12,15,0,15,12,15,21,0,6,15,22,16,5,22,0,0,0,22,0,0,0,22,5,8,15,0,0,6,15,0,0,6,15,6,16,5,22,0,0,0,22,0,0,0,22,0,6,15,0,0,6,15,0,0,6,15,0,16,5,3,11,4,0,22,0,4,11,3,11,5,2,16,0,6,15,0,11,5,2,16,2,4,15,16,5,0,22,0,6,15,15,16,10,10,22,0,6,15,0,16,10,10,22,11,8,22,16,5,0,22,0,6,15,22,16,12,15,22,0,6,15,0,16,12,15,22,16,10,22,11,4,0,16,0,4,11,22,11,11,15,16,0,4,11,0,11,11,15,16,16,9,22,0,0,0,0,0,0,0,22,0,6,15,0,0,0,0,0,0,6,15,0,16,5,22,0,0,0,0,0,0,0,22,0,6,15,0,0,0,0,0,0,6,15,0,16,5,22,12,4,0,0,0,5,11,22,12,11,15,16,0,0,0,0,12,11,15,16,16,9
0,0,13,8,0,22,0,3,18,0,13,8,0,22,0,3,18,0,13,8,0,22,0,0,0,13,8,0,22,0,3,18,0,13,8,0,22,0,3,18,0,13,8,0,22,0,0,0,13,8,0,22,0,3,18,0,13,8,0,22,0,3,18,0,13,8,0,22,0,0,0,13,8,0,22,0,3,18,0,13,8,0,22,0,3,18,0,13,8,0,22,0,0,0,7,4,0,12,0,2,10,0,7,4,0,12,0,2,10,0,7,4,0,12,0,7,7,7,7,7,7,7,7,7,7,7,7,7,7,7,7,7,7,7,7,7,7,7,8,8,8,8,8,8,8,8,8,8,8,8,8,8,8,8,8,8,8,8,8,8,8,11,0,0,0,0,0,0,0,0,0,0,0,0,0,0,0,0,0,0,0,0,0,0,14,10,6,0,6,29,11,0,0,0,0,0,0,0,6,29,11,0,26,21,0,16,29,6,10,18,0,6,29,11,0,0,0,0,0,0,0,6,29,11,0,26,21,0,16,29,0,3,18,0,6,29,11,0,0,0,0,0,0,0,6,29,11,0,26,21,0,16,29,0,3,18,0,6,29,11,0,0,3,17,0,0,0,6,29,11,0,26,21,0,16,29,0,3,18,0,6,29,11,0,0,3,18,0,0,0,6,29,11,0,26,21,0,16,29,0,3,18,0,6,29,11,0,0,3,18,0,0,0,6,29,11,0,26,21,0,16,29,13,4,18,0,6,29,11,0,0,3,18,0,0,0,2,11,4,0,10,8,0,6,11,2,4,18,0,6,29,11,0,0,3,18,0,0,0,0,0,0,0,0,0,0,0,0,0,3,18,0,6,29,11,0,0,3,18,0,0,0,0,0,0,8,17,17,17,17,17,0,3,18,0,6,29,11,0,0,3,18,0,0,0,0,0,0,0,0,0,0,0,0,0,3,18,0,6,29,11,0,0,3,18,0,0,0,0,0,0,0,0,0,0,0,0,11,4,18,0,6,29,11,0,0,3,18,0,0,0,0,0,0,0,22,18,0,14,25,4,4,18,0,6,29,11,0,0,3,18,0,0,0,0,0,0,0,26,21,0,16,29,0,3,18,0,6,29,11,0,0,3,18,0,3,2,0,0,0,0,26,21,0,16,29,0,3,18,0,6,29,11,0,0,3,18,0,13,8,0,0,0,0,26,21,0,16,29
7,14,22,17,12,14,22,14,12,14,22,17,12,14,22,17,12,14,19,17,12,14,22,5,10,22,12,11,14,16,17,10,10,22,12,11,14,16,17,10,10,22,12,11,14,16,1,1,22,2,8,14,0,17,4,0,22,2,8,14,3,17,4,0,22,0,7,14,3,7,14,22,17,12,14,0,17,4,0,22,17,12,14,22,17,4,0,22,0,7,14,22,7,14,22,17,12,14,16,17,10,10,22,17,12,14,22,17,10,10,22,13,11,14,22,7,14,22,17,12,14,22,17,12,14,22,17,12,14,22,17,12,14,22,17,12,14,22,0,1,22,1,8,14,22,17,12,14,22,1,8,14,2,17,12,14,22,17,12,14,2,0,0,22,0,7,14,7,17,7,4,22,0,7,14,0,17,7,4,22,5,9,14,0,0,0,22,0,7,14,0,17,4,0,22,0,7,14,0,17,4,0,22,0,7,14,0,0,0,6,0,7,14,0,5,1,0,22,0,2,4,0,17,4,0,6,0,7,14,0,12,7,11,9,19,14,5,0,1,3,25,15,6,7,14,24,6,3,0,4,9,22,13,17,14,22,17,19,8,22,14,12,14,15,24,12,14,25,17,10,14,19,17,9,17,24,7,14,22,17,4,0,22,17,12,14,0,17,12,14,22,0,7,14,22,17,4,0,22,7,14,22,17,4,0,21,17,12,13,0,17,12,14,22,0,7,13,22,16,4,0,22,7,14,6,17,4,0,0,17,4,0,0,17,7,4,22,0,0,0,22,0,0,0,22,7,14,0,17,4,0,0,17,4,0,0,17,4,0,22,0,0,0,22,0,0,0,22,1,2,16,2,6,10,0,17,4,0,16,2,6,10,3,12,3,0,22,0,5,10,3,5,9,22,11,11,14,0,17,4,0,22,11,11,14,15,17,4,0,22,0,7,14,15,7,14,22,17,12,14,0,17,4,0,22,17,12,14,22,17,4,0,22,0,7,14,22,7,14,16,17,10,10,0,12,3,0,16,17,10,10,22,12,3,0,16,0,5,10,22,7,14,0,17,4,0,0,0,0,0,0,17,4,0,22,0,0,0,0,0,0,0,22,7,14,0,17,4,0,0,0,0,0,0,17,4,0,22,0,0,0,0,0,0,0,22,7,14,16,17,10,10,0,0,0,0,16,17,10,10,22,13,3,0,0,0,5,10,22
17,10,5,22,9,0,0,0,0,0,0,0,0,0,0,0,0,0,0,0,0,0,0,29,17,6,29,11,0,0,0,0,0,0,0,0,0,0,0,0,0,0,0,0,0,0,12,2,6,29,11,0,0,0,24,19,0,15,26,1,6,26,10,0,24,19,0,15,26,11,22,6,29,11,0,0,0,26,21,0,16,29,1,6,29,11,0,26,21,0,16,29,11,22,6,29,11,0,0,0,26,21,0,16,29,1,6,29,11,0,26,21,0,16,29,11,20,6,29,11,0,0,0,26,21,0,16,29,1,6,29,11,0,26,21,0,16,29,15,5,11,29,11,0,0,0,25,20,0,15,27,1,6,27,11,0,25,20,0,15,27,29,29,29,29,11,0,0,0,0,0,0,0,0,0,0,0,0,0,0,0,0,0,0,12,12,12,12,5,0,0,0,0,0,0,0,0,0,0,0,0,0,0,0,0,0,0,15,15,15,15,15,0,13,15,15,15,15,15,15,15,15,15,15,15,15,15,15,15,15,0,0,0,0,0,0,0,0,0,0,0,0,0,0,0,0,0,0,0,0,0,0,0,27,20,0,0,0,0,0,0,0,0,0,5,8,0,2,8,3,0,8,6,0,0,0,29,21,0,0,0,0,0,0,0,0,0,16,29,1,6,29,11,0,26,21,0,0,0,26,21,0,0,0,0,0,0,0,0,0,16,29,1,6,29,11,0,26,21,0,0,0,26,21,0,0,0,0,3,0,0,0,0,16,29,1,6,29,11,0,26,21,0,0,0,26,21,0,0,0,3,18,0,0,0,0,16,29,1,6,29,11,0,26,21,0,0,0,26,21,0,0,0,3,18,0,0,0,0,16,29,1,6,29,11,0,26,21,0,0,0,26,21,0,0,0,3,18,0,0,0,0,16,29,1,6,29,11,0,26,21,0,0,0,26,21,0,0,0,3,18,0,0,0,0,2,3,0,0,3,1,0,3,2,0,0,0,8,6,0,0,0,3,18,0,0,0,0,0,0,0,0,0,0,0,0,0,0,0,0,17,17,17,11,0,3,18,0,2,17,17,17,17,17,17,17,17,17,17,17,17,0,0,0,0,0,0,0,3,18,0,0,0,0,0,0,0,0,0,0,0,0,0,0,0,0,0,0,0,0,0,3,14,0,0,0,0,0,0,0,0,0,0,0,0,0,0,0,0
18,22,12,11,18,22,13,12,18,22,13,12,18,19,13,12,18,22,13,12,18,22,13,18,16,0,2,13,22,10,10,16,16,13,11,13,0,10,10,18,16,12,10,13,22,10,18,0,6,4,0,22,0,0,0,0,13,8,0,10,0,3,18,0,0,0,0,22,0,18,22,13,12,18,22,13,8,0,22,13,12,18,22,13,12,18,22,0,3,18,22,13,18,22,13,12,18,22,13,8,0,22,13,12,18,22,13,12,18,22,0,3,18,22,13,18,22,13,12,18,22,13,8,0,22,13,12,18,22,13,12,18,22,0,3,18,22,13,18,22,13,12,18,22,13,8,0,22,13,12,18,22,13,12,18,22,0,3,18,22,13,18,2,13,9,1,22,13,8,0,22,13,9,1,22,1,4,18,22,0,3,18,22,1,18,0,13,8,0,22,13,8,0,22,13,8,0,22,0,3,18,22,0,3,18,22,0,1,0,1,1,0,2,13,8,0,22,1,0,0,3,0,0,1,22,0,3,18,2,0,5,0,0,0,0,6,21,8,0,23,13,0,0,0,0,0,11,25,0,3,24,9,0,6,0,0,0,0,9,18,5,0,15,18,0,0,0,0,0,15,18,0,2,18,13,0,0,0,0,0,0,0,0,0,0,0,0,0,0,0,0,0,0,0,0,0,0,0,0,0,0,0,0,0,0,0,0,0,0,0,0,0,0,0,0,0,0,0,0,0,0,0,0,0,0,0,0,0,0,0,0,0,0,0,0,0,0,0,0,0,0,0,0,0,0,0,0,0,0,0,0,0,0,0,0,0,0,0,0,0,0,0,0,0,0,0,0,0,6,0,0,0,0,8,17,5,0,14,17,0,0,0,0,0,14,17,0,2,17,12,0,5,0,0,0,0,7,21,8,0,23,14,0,0,0,0,0,12,25,0,3,24,10,0,1,0,0,0,0,1,13,8,0,22,0,0,0,1,0,0,1,22,0,3,18,1,0,18,0,13,8,0,22,13,8,0,22,13,8,0,22,0,3,18,22,0,3,18,22,0,18,0,13,9,0,22,13,8,0,22,13,9,0,22,0,4,18,22,0,3,18,22,0,18,22,13,12,18,22,13,8,0,22,13,12,18,22,13,12,18,22,0,3,18,22,13,18,22,13,12,18,22,13,8,0,22,13,12,18,22,13,12,18,22,0,3,18,22,13
0,0,0,0,0,0,0,0,0,0,0,0,0,0,0,0,0,0,0,0,0,0,0,0,0,0,0,0,0,0,0,0,0,0,0,0,0,0,0,0,0,0,0,0,0,0,0,0,0,0,0,0,0,0,0,0,0,0,0,0,0,0,0,0,0,0,0,0,0,0,0,0,0,0,0,0,0,0,0,0,0,0,0,0,0,0,0,0,0,0,0,0,0,0,0,0,0,0,0,0,0,0,0,0,0,0,0,0,0,0,0,0,0,0,0,0,0,0,0,0,0,0,0,0,0,0,0,0,0,0,0,0,0,0,0,0,0,0,1,8,8,8,8,8,8,8,8,8,8,8,8,8,8,8,8,8,8,8,8,8,1,3,18,18,18,18,18,18,18,18,18,15,0,0,0,0,0,0,0,0,0,0,0,0,5,29,29,29,29,29,29,29,29,29,25,0,0,2,29,15,0,22,25,0,12,29,5,0,2,12,29,5,0,1,3,29,15,1,0,0,2,29,15,0,22,25,0,12,29,5,0,22,12,29,5,0,19,5,29,15,19,2,0,2,29,15,0,22,25,0,12,29,5,0,22,12,29,5,0,19,5,29,15,19,2,0,2,29,15,0,22,25,0,12,29,5,0,19,12,29,5,0,17,5,29,15,17,2,0,2,29,15,0,22,25,0,12,29,5,0,4,16,29,11,2,1,9,29,19,5,0,0,2,29,15,0,22,25,0,12,29,5,0,17,29,29,29,11,7,29,29,29,21,0,0,1,12,6,0,9,11,0,5,12,2,0,7,11,11,11,4,3,11,11,11,8,0,0,0,0,0,0,0,0,0,0,0,0,3,17,17,17,17,17,17,17,17,17,17,17,17,17,17,17,17,17,17,17,17,17,2,0,0,0,0,0,0,0,0,0,0,0,0,0,0,0,0,0,0,0,0,0,0,0,0,0,0,0,0,0,0,0,0,0,0,0,0,0,0,0,0,0,0,0,0,0,0,0,0,0,0,0,0,0,0,0,0,0,0,0,0,0,0,0,0,0,0,0,0,0,0,0,0,0,0,0,0,0,0,0,0,0,0,0,0,0,0,0,0,0,0,0,0,0,0,0,0,0,0,0,0,0,0,0,0,0,0,0,0,0,0,0,0,0,0,0,0,0,0,0,0,0,0,0,0,0,0,0,0,0,0,0,0,0,0,0,0,0,0
11,19,22,12,12,17,22,12,12,19,22,12,12,19,22,11,8,0,19,12,12,19,22,9,14,22,9,7,0,16,12,12,14,19,9,10,19,16,0,0,0,0,9,10,19,16,0,0,22,0,1,9,0,12,9,0,0,0,2,19,0,6,4,0,10,0,2,19,0,2,19,22,12,12,19,22,12,12,19,0,12,12,19,22,12,9,0,22,12,12,19,22,2,19,22,12,12,19,22,12,12,19,0,12,12,19,22,12,9,0,22,12,12,19,22,2,19,22,12,12,19,22,12,12,19,0,12,12,19,22,12,9,0,22,12,12,19,22,2,19,22,12,12,19,22,12,12,19,0,12,12,19,22,12,9,0,22,12,12,19,22,2,19,22,1,3,19,2,12,12,19,0,12,12,19,2,12,9,0,22,1,3,19,22,2,19,22,0,2,19,0,12,12,19,0,12,12,19,0,12,9,0,22,0,2,19,22,2,19,2,0,0,2,0,1,3,19,0,12,10,1,0,1,1,0,3,0,0,1,22,2,24,10,0,0,0,0,1,15,19,0,12,19,5,0,0,0,0,0,0,0,11,26,1,18,13,0,0,0,0,2,18,12,0,8,18,7,0,1,8,3,0,0,0,15,18,0,0,0,0,0,0,0,0,0,0,0,0,0,0,0,5,29,12,0,0,0,0,0,0,0,0,0,0,0,0,0,0,0,0,0,0,0,0,5,29,12,0,0,0,0,0,0,0,0,0,0,0,0,0,0,0,0,0,0,0,0,5,29,12,0,0,0,0,0,0,0,0,0,0,0,0,0,0,0,0,0,0,0,0,5,29,12,0,0,0,0,0,1,17,13,0,0,0,0,2,17,11,0,7,17,7,0,3,15,6,0,0,0,14,17,2,24,10,0,0,0,0,1,16,19,0,12,19,5,0,0,0,0,0,0,0,11,26,2,19,1,0,0,1,0,0,3,19,0,12,10,1,0,0,0,0,1,0,0,1,22,2,19,22,0,2,19,0,12,12,19,0,12,12,19,0,12,9,0,22,0,2,19,22,2,19,22,0,3,19,0,12,12,19,0,12,12,19,0,12,9,0,22,0,3,19,22,2,19,22,12,12,19,22,12,12,19,0,12,12,19,22,12,9,0,22,12,12,19,22,2,19,22,12,12,19,22,12,12,19,0,12,12,19,22,12,9,0,22,12,12,19,22
0,0,0,0,9,3,0,15,0,5,9,22,11,11,14,15,0,5,9,0,0,0,0,0,0,0,0,13,4,0,22,0,7,14,22,17,12,14,22,0,7,14,0,0,0,0,0,0,0,0,13,4,0,22,0,7,14,16,17,10,10,22,0,7,14,0,0,0,0,0,0,0,0,10,3,0,22,0,6,11,3,13,4,1,17,0,7,14,0,0,0,0,0,0,0,0,0,0,0,22,0,0,0,22,0,7,14,0,0,7,14,0,0,0,0,0,0,0,0,0,0,0,22,0,0,0,22,4,9,14,0,0,7,14,0,0,0,0,0,0,0,0,0,7,13,22,16,4,0,22,17,12,14,0,16,12,14,0,0,0,0,0,0,0,0,0,7,14,22,17,4,0,22,17,12,14,0,17,12,14,0,0,0,0,0,0,0,0,7,10,14,19,17,9,15,24,17,12,22,13,17,11,12,0,0,0,0,0,0,0,0,13,7,4,0,5,9,23,14,9,7,17,24,5,1,0,0,0,0,0,0,0,0,0,13,4,0,5,0,7,14,0,4,1,0,22,0,1,3,0,0,0,0,0,0,0,0,13,4,0,22,0,7,14,0,17,4,0,22,0,7,14,0,0,0,0,0,0,0,0,13,7,4,22,5,9,14,0,17,4,0,22,5,9,14,0,0,0,0,0,0,0,0,13,12,14,22,17,12,14,1,17,5,0,22,17,12,14,0,0,0,0,0,0,0,0,13,12,14,22,17,12,14,22,17,12,14,22,17,12,14,0,0,0,0,0,0,0,0,13,11,11,22,14,11,14,22,17,12,14,22,14,11,14,0,0,0,0,0,0,0,0,13,4,0,22,0,7,14,22,17,12,14,22,0,7,14,0,0,0,0,0,0,0,0,13,4,0,22,0,7,14,3,17,6,2,22,0,7,14,0,0,0,0,0,0,0,0,13,10,9,22,11,11,14,15,17,10,9,22,11,11,14,0,0,0,0,0,0,0,0,13,12,14,19,17,12,14,22,17,12,14,22,17,11,12,0,0,0,0,0,0,0,0,13,10,10,0,13,11,14,16,15,10,10,22,13,3,0,0,0,0,0,0,0,0,0,13,4,0,10,0,7,14,0,0,0,0,22,0,3,6,0,0,0,0,0,0,0,0,13,12,14,22,17,12,14,22,0,7,14,22,17,12,14,0,0,0,0
16,0,0,0,9,6,0,28,16,0,0,16,0,0,0,0,0,0,0,0,0,0,10,18,0,0,0,0,0,0,18,18,0,0,0,0,0,0,0,0,0,0,0,0,0,0,17,17,17,17,17,17,17,17,17,17,17,17,17,17,17,17,17,17,17,17,17,17,17,0,0,0,0,0,0,0,0,0,0,0,0,0,0,0,0,0,0,0,0,0,0,0,0,0,0,0,0,0,0,0,0,19,0,3,15,0,11,7,0,19,0,3,15,0,11,0,0,22,18,0,14,25,1,0,22,0,3,18,0,13,8,0,22,0,3,18,0,13,0,0,26,21,0,16,29,1,0,22,0,3,18,0,13,8,0,22,0,3,18,0,13,7,0,26,21,0,16,29,1,0,22,0,3,18,0,13,8,0,22,0,3,18,0,13,0,0,26,21,0,16,29,1,0,22,0,3,18,0,13,8,0,22,0,3,18,0,13,0,0,26,21,0,16,29,1,0,23,3,7,18,0,13,11,3,23,0,3,20,3,16,0,0,0,0,0,0,0,0,0,23,28,29,18,0,13,29,28,28,0,3,29,28,29,0,0,0,0,0,0,0,0,3,22,2,5,18,3,13,9,3,22,2,5,18,3,13,0,0,0,0,0,0,0,3,18,22,13,12,18,22,13,12,18,22,13,12,18,22,13,17,17,17,17,6,0,0,3,18,22,13,12,18,22,13,12,18,22,13,12,18,22,13,17,17,6,0,0,0,0,3,18,13,13,11,10,22,7,9,18,13,13,11,10,22,7,14,14,5,0,0,0,0,3,18,0,13,9,1,22,0,4,18,0,13,8,0,22,0,0,0,0,0,0,0,0,3,18,0,13,12,18,22,13,12,18,0,13,8,0,22,13,9,8,12,0,0,0,0,3,18,0,13,12,18,22,13,12,18,0,13,8,0,22,13,13,12,18,0,0,0,0,3,18,0,13,12,18,22,13,12,18,0,13,8,0,22,13,12,12,18,0,0,0,0,0,0,0,13,12,18,22,13,12,18,0,0,0,0,22,13,0,3,18,0,0,0,0,0,0,0,11,11,18,18,13,12,15,0,0,0,0,18,13,0,0,3,0,0,0,0,0,0,0,0,3,18,0,13,8,0,0,0,0,0,0,13,0,0,0,0,0,0,0,0,0,0,0,3,18,0,13,8,0,0,0,0,0,0,13
18,5,17,12,18,23,6,6,18,22,13,9,6,24,13,12,21,6,13,12,18,22,3,18,0,13,12,18,22,0,3,18,22,13,8,0,22,13,12,18,0,13,12,18,22,0,11,0,13,12,18,22,0,2,11,22,8,5,0,22,13,12,18,0,8,9,18,13,0,0,0,13,8,0,22,0,0,0,22,0,0,0,22,0,3,18,0,0,3,18,0,0,0,0,11,7,0,19,0,0,0,22,0,0,0,19,0,3,15,0,0,3,18,0,0,0,22,0,3,18,0,13,8,0,22,0,3,18,0,13,8,0,22,0,3,18,0,13,0,22,13,12,18,22,13,8,0,22,0,3,18,22,13,12,18,22,0,3,18,0,13,0,22,13,12,18,22,13,8,0,22,0,3,18,22,13,12,18,22,0,3,18,0,13,0,8,13,10,6,22,5,3,0,8,0,1,6,22,5,7,18,8,0,1,6,0,5,0,0,13,8,0,22,0,0,0,0,0,0,0,22,0,3,18,0,0,0,0,0,0,0,1,13,9,1,22,0,0,0,0,0,0,1,22,0,4,18,1,0,0,0,0,0,0,22,13,12,18,22,13,8,0,0,0,3,18,22,13,12,18,22,0,0,0,0,13,0,22,13,12,18,22,13,8,0,5,0,3,18,22,13,12,18,22,0,0,4,0,13,0,22,13,12,18,22,13,8,0,22,0,3,18,22,13,12,18,22,0,3,18,0,13,0,22,13,12,18,22,13,8,0,22,0,3,18,22,13,12,18,22,0,3,18,0,13,0,22,10,10,18,17,13,8,0,22,0,3,18,17,13,12,14,22,0,3,18,0,13,0,22,0,3,18,0,13,8,0,22,0,3,18,0,13,8,0,22,0,3,18,0,13,16,22,12,11,18,19,13,12,16,22,12,11,18,19,13,12,16,22,12,11,18,19,13,18,22,13,12,18,22,13,12,18,22,13,12,18,22,13,12,18,22,13,12,18,22,13,18,19,13,12,16,22,12,11,18,19,13,12,16,22,12,11,18,19,13,12,16,22,12,21,7,18,8,0,23,7,10,18,0,13,14,7,24,0,3,21,7,18,8,0,23,7,28,25,27,8,0,23,25,25,18,0,13,26,25,27,0,3,28,25,27,8,0,23,25,18,0,13,8,0,22,0,3,18,0,13,8,0,22,0,3,18,0,13,8,0,22,0
0,22,12,7,0,7,27,24,7,7,7,7,7,7,27,24,7,7,7,4,0,28,3,0,22,0,0,1,29,29,29,29,29,29,29,29,29,29,29,29,29,29,17,0,28,3,0,22,0,0,0,10,10,10,10,10,10,10,10,10,10,10,10,10,10,6,0,28,3,0,22,2,17,17,17,17,17,17,17,17,17,17,17,17,17,17,17,17,17,6,28,3,0,22,0,0,0,0,0,0,0,0,0,0,0,0,0,0,0,0,0,0,0,28,3,0,22,8,5,0,0,11,13,13,13,13,13,13,4,0,2,5,5,5,5,5,29,3,0,22,13,8,0,0,2,2,2,2,2,2,15,8,0,11,29,29,29,29,29,29,3,0,22,13,15,9,9,9,9,9,0,0,0,13,8,0,5,12,12,12,12,12,29,3,0,22,13,13,6,6,6,6,6,0,0,0,13,8,0,0,0,0,0,0,0,28,3,0,7,13,8,0,23,17,17,17,17,17,1,13,18,13,13,13,13,13,13,5,28,3,0,0,13,8,0,22,0,0,0,0,0,0,13,11,2,2,2,2,2,2,1,28,3,0,0,13,8,0,22,0,8,17,17,17,17,18,6,0,7,17,17,17,17,17,29,3,0,0,11,7,0,11,0,0,0,0,0,0,0,0,0,11,29,29,29,29,29,29,3,0,0,0,0,0,0,0,0,0,0,0,0,0,0,0,0,0,0,0,0,0,0,0,17,17,17,17,17,17,17,17,17,17,17,17,17,17,17,17,17,17,17,17,17,17,17,0,0,0,0,0,0,0,0,0,0,0,0,0,0,0,0,0,0,0,0,0,0,0,0,0,0,0,0,7,7,7,7,7,7,7,7,7,7,7,7,7,7,4,0,0,0,0,0,0,0,2,29,29,29,29,29,29,29,29,29,29,29,29,29,29,17,0,0,4,0,0,0,0,1,10,10,10,15,29,18,10,10,10,10,21,29,12,10,6,0,0,6,0,0,4,9,9,9,9,0,6,29,11,8,17,17,4,16,29,1,14,17,15,0,6,0,0,13,13,6,6,6,0,6,29,11,7,14,14,3,16,29,1,12,14,12,0,6,0,0,13,8,0,5,5,5,11,29,15,3,0,5,5,19,29,7,5,3,0,0,6,0,0,13,8,2,29,29,29,29,29,29,17,2,29,29,29,29,29,29,17,0,0,1
21,12,12,20,21,11,11,20,21,12,12,20,21,12,12,20,19,0,1,18,21,12,10,19,9,10,20,16,0,1,15,21,9,9,18,16,12,12,15,0,0,0,0,16,12,10,0,0,1,20,0,5,5,0,21,0,0,0,0,11,10,0,10,0,0,9,0,11,10,0,11,12,20,21,12,12,20,21,12,10,0,21,12,12,20,21,0,1,20,21,12,10,0,11,12,20,21,12,12,20,21,12,10,0,21,12,12,20,21,0,1,20,21,12,10,0,11,12,20,21,12,12,20,21,12,10,0,21,12,12,20,21,0,1,20,21,12,10,0,11,12,20,21,12,12,20,21,12,10,0,21,12,12,20,21,0,1,20,21,12,10,0,11,12,20,2,12,11,2,21,12,10,0,21,12,11,2,21,0,1,20,2,12,10,0,11,12,20,0,11,10,0,21,12,10,0,21,12,10,0,21,0,1,20,0,11,10,0,11,11,2,0,1,1,0,2,12,10,0,21,2,1,0,2,0,0,2,0,1,1,0,11,19,6,0,0,0,0,6,20,10,0,21,14,1,0,0,0,0,0,0,1,10,0,7,18,8,0,0,0,0,8,18,6,0,13,18,1,1,8,4,0,0,0,1,14,0,0,0,0,0,0,0,0,0,0,0,0,0,0,0,4,29,13,0,0,0,0,0,0,0,0,0,0,0,0,0,0,0,0,0,0,0,0,4,29,13,0,0,0,0,0,0,0,0,0,0,0,0,0,0,0,0,0,0,0,0,4,29,13,0,0,0,0,0,0,0,0,0,0,0,0,0,0,0,0,0,0,0,0,4,29,13,0,0,0,0,0,0,7,17,7,0,0,0,0,7,17,6,0,13,17,1,2,15,7,0,0,0,1,13,0,11,20,6,0,0,0,0,6,20,10,0,21,15,1,0,0,0,0,0,0,1,11,0,11,11,1,0,0,0,0,1,12,10,0,21,1,0,0,1,0,0,1,0,0,0,0,11,12,20,0,11,10,0,21,12,10,0,21,12,10,0,21,0,1,20,0,11,10,0,11,12,20,0,12,11,0,21,12,10,0,21,12,11,0,21,0,1,20,0,12,10,0,11,12,20,21,12,12,20,21,12,10,0,21,12,12,20,21,0,1,20,21,12,10,0,11,12,20,21,12,12,20,21,12,10,0,21,12,12,20,21,0,1,20,21,12,10
22,16,12,15,22,16,12,15,22,14,11,15,22,16,12,15,22,16,12,15,19,16,10,16,16,10,11,22,11,11,15,16,16,10,11,22,11,11,15,16,16,10,11,22,11,9,0,16,6,2,22,2,7,15,0,16,5,0,22,2,7,15,3,16,5,0,22,0,4,0,16,12,15,22,16,12,15,0,16,5,0,22,16,12,15,22,16,5,0,22,0,4,16,16,12,15,22,16,12,15,16,16,11,11,22,16,12,15,22,16,11,11,22,12,9,22,16,12,15,22,16,12,15,22,16,12,15,22,16,12,15,22,16,12,15,22,16,10,22,16,6,1,22,1,7,15,22,16,12,15,22,1,7,15,2,16,12,15,22,16,10,7,16,5,0,22,0,6,15,7,16,8,5,22,0,6,15,0,16,8,5,22,5,6,0,16,5,0,22,0,6,15,0,16,5,0,22,0,6,15,0,16,5,0,22,0,4,0,16,5,0,6,0,6,15,0,5,1,0,22,0,2,4,0,16,5,0,6,0,4,5,16,18,8,11,9,19,15,5,0,1,3,25,15,6,7,14,23,7,3,0,3,6,22,9,20,15,22,16,19,9,22,14,11,15,15,24,12,15,25,17,10,15,19,16,8,22,0,6,15,22,16,5,0,22,16,12,15,0,16,12,15,22,0,6,15,22,16,5,21,0,6,15,22,16,5,0,21,16,12,14,0,16,12,15,22,0,6,14,22,15,5,0,0,6,15,6,16,5,0,0,16,5,0,0,16,8,4,22,0,0,0,22,0,0,0,0,6,15,0,16,5,0,0,16,5,0,0,16,5,0,22,0,0,0,22,0,0,0,11,5,2,16,2,5,11,0,16,5,0,16,2,5,11,3,11,4,0,22,0,3,0,16,10,10,22,11,10,15,0,16,5,0,22,11,10,15,15,16,5,0,22,0,4,0,16,12,15,22,16,12,15,0,16,5,0,22,16,12,15,22,16,5,0,22,0,4,0,11,11,15,16,16,10,11,0,11,4,0,16,16,10,11,22,11,4,0,16,0,3,0,0,6,15,0,16,5,0,0,0,0,0,0,16,5,0,22,0,0,0,0,0,0,0,0,6,15,0,16,5,0,0,0,0,0,0,16,5,0,22,0,0,0,0,0,0,0,12,11,15,16,16,11,11,0,0,0,0,16,16,11,11,22,12,4,0,0,0,3
0,22,0,3,18,0,13,8,0,22,0,0,0,0,26,21,0,16,29,1,6,29,11,0,22,0,3,18,0,13,8,0,22,0,0,0,0,14,11,0,16,29,1,6,29,11,1,22,0,4,18,1,13,9,1,22,0,0,0,0,0,0,0,16,29,1,6,29,11,18,22,13,12,18,22,13,12,18,22,13,8,0,0,24,19,0,16,29,1,6,29,11,18,22,13,12,18,22,13,12,18,22,13,8,0,0,26,21,0,3,5,0,1,5,2,18,22,13,12,18,22,13,12,18,22,13,8,0,0,26,21,0,0,0,0,0,0,0,15,22,11,11,18,19,13,12,15,22,11,7,0,0,26,21,0,3,7,7,7,7,7,0,22,0,3,18,0,13,8,0,22,0,0,0,0,26,21,0,4,8,8,8,8,8,0,23,27,28,18,0,13,28,27,28,0,0,0,0,26,21,0,0,0,0,0,0,0,0,3,4,8,18,0,2,4,4,23,0,0,0,0,26,21,0,16,29,1,6,29,11,8,23,23,11,18,0,23,23,15,22,0,0,0,0,26,21,0,16,29,1,6,29,11,3,8,18,12,18,0,8,11,18,22,0,0,0,0,26,21,0,16,29,1,6,29,11,0,0,13,12,18,0,0,3,18,22,0,0,0,0,26,21,0,16,29,1,6,29,11,0,22,13,12,18,0,13,12,18,22,0,0,0,0,26,21,0,16,29,1,6,29,11,0,22,5,7,18,0,13,10,6,22,0,0,0,0,26,21,0,16,29,1,6,29,11,0,23,29,29,18,0,13,29,29,28,0,0,0,0,26,21,0,6,11,0,2,11,4,0,2,2,2,1,0,1,2,2,2,0,0,0,0,26,21,0,0,0,0,0,0,0,17,17,17,17,17,17,17,17,17,17,17,0,0,0,26,21,0,8,17,17,17,17,17,0,0,0,0,0,0,0,0,0,0,0,0,0,0,26,21,0,0,0,0,0,0,0,0,19,0,3,16,0,11,7,0,19,0,0,0,0,26,21,0,0,0,0,0,0,0,0,22,0,3,18,0,13,8,0,22,0,0,0,0,26,21,0,14,25,1,5,25,9,0,22,0,3,18,0,13,8,0,22,0,0,0,0,26,21,0,16,29,1,6,29,11,0,22,0,3,18,0,13,8,0,22,0,0,0,0,26,21,0,16,29,1,6,29,11
0,6,29,7,0,25,15,0,20,27,0,0,0,17,4,0,22,0,7,14,0,0,0,0,6,29,7,0,0,0,0,20,27,0,0,0,17,4,0,22,0,7,14,0,0,0,0,6,29,7,0,17,10,0,20,27,0,0,0,17,4,0,22,0,7,14,0,0,0,0,6,29,7,0,29,17,0,20,27,0,0,0,17,4,0,22,0,7,14,0,0,0,0,6,29,7,0,29,17,0,12,16,0,0,0,16,4,0,20,0,7,13,0,0,0,0,6,29,7,0,29,17,0,0,0,0,0,0,0,0,0,0,0,0,0,0,0,0,0,6,29,7,0,29,17,0,17,23,0,0,10,17,17,17,17,17,17,17,17,3,0,0,6,29,7,0,29,17,0,20,27,0,0,0,1,1,1,1,0,0,1,1,0,0,0,6,29,7,0,29,17,0,20,27,0,0,0,17,29,29,25,0,7,29,29,6,0,0,6,29,7,0,29,17,0,20,27,0,0,0,17,8,5,23,0,7,15,8,0,0,0,6,29,7,0,29,17,0,20,27,0,0,0,17,12,14,22,0,7,14,22,0,0,0,6,29,7,0,29,17,0,20,27,0,0,0,1,8,14,22,0,0,0,22,0,0,0,4,17,4,0,29,17,0,20,27,0,0,1,7,13,14,22,0,6,7,23,0,0,0,0,0,0,0,29,17,0,20,27,0,0,4,25,25,12,22,0,20,25,20,0,0,0,5,25,6,0,29,17,0,20,27,0,0,0,2,3,3,23,0,1,3,3,0,0,0,6,29,7,0,29,17,0,20,27,0,0,0,17,29,28,24,0,7,29,28,6,0,0,6,29,7,0,29,17,0,20,27,0,0,0,17,4,0,22,0,7,14,0,0,0,0,6,29,7,0,29,17,0,20,27,0,0,18,17,11,11,22,14,11,14,18,0,0,0,6,29,7,0,29,17,0,20,27,0,0,22,17,12,14,22,17,12,14,22,0,0,0,6,29,7,0,29,17,0,20,27,0,0,22,17,12,14,22,17,12,14,22,0,0,0,6,29,7,0,29,17,0,20,27,0,0,22,17,12,14,22,17,12,14,22,0,0,0,6,29,7,0,29,17,0,20,27,0,0,2,17,5,1,22,1,8,14,2,0,0,0,6,29,7,0,29,17,0,20,27,0,0,0,17,4,0,22,0,7,14,0,0,0
11,0,1,1,0,1,1,0,0,0,0,8,28,23,23,23,23,23,23,23,23,23,23,11,0,0,0,0,0,0,0,0,0,0,2,8,8,8,8,8,8,8,8,8,8,8,11,0,14,17,17,17,17,17,17,0,0,8,17,17,17,17,17,17,17,17,17,17,17,11,0,0,0,0,0,0,0,0,0,0,0,0,0,0,1,1,1,1,1,1,1,0,11,0,4,3,0,2,4,0,1,4,1,0,0,0,1,29,29,29,29,29,29,17,1,11,0,26,21,0,16,29,1,6,29,11,0,0,0,1,17,17,17,20,29,22,10,1,11,0,26,21,0,16,29,1,6,29,11,0,0,0,0,0,0,0,6,29,11,0,0,11,0,26,21,0,16,29,1,6,29,11,0,11,17,17,17,17,1,6,29,11,6,17,11,0,26,21,0,16,29,1,6,29,11,0,18,21,14,14,14,1,6,29,11,5,14,11,0,26,21,0,16,29,1,6,29,11,0,18,13,0,0,0,0,6,29,11,0,0,11,0,26,21,0,16,29,1,6,29,11,0,18,13,1,27,27,27,28,29,28,27,27,11,0,26,21,0,16,29,1,6,29,11,0,18,13,1,20,20,20,20,20,20,20,20,11,0,26,21,0,16,29,1,6,29,11,0,18,13,6,7,7,7,7,7,7,7,7,11,0,26,21,0,16,29,1,6,29,11,0,18,13,7,8,8,8,8,8,8,8,8,11,0,26,21,0,16,29,1,6,29,11,0,18,13,0,0,0,0,0,0,0,3,3,6,0,26,21,0,16,29,1,6,29,11,0,18,27,25,25,25,25,24,0,0,23,12,0,0,26,21,0,16,29,1,6,29,11,0,18,26,22,22,22,22,21,0,0,22,0,10,0,26,21,0,16,29,1,6,29,11,0,18,13,0,0,0,0,0,0,0,22,0,11,0,26,21,0,16,29,1,6,29,11,0,18,13,3,3,3,3,3,3,3,23,0,11,0,26,21,0,16,29,1,6,29,11,0,18,13,11,12,12,12,12,12,12,25,0,11,0,26,21,0,16,29,1,6,25,10,0,18,18,7,7,7,7,7,0,0,23,15,11,0,26,21,0,16,29,1,0,0,0,0,18,29,29,29,29,29,27,0,0,0,0,11,0,26,21,0,16,29,1,0,0,0,0,6,10,10,10,10,10,10,0,0,0,0
19,16,12,15,22,16,12,15,22,16,11,13,22,16,12,15,22,16,12,15,22,14,9,22,11,11,15,16,16,10,11,22,11,11,15,16,16,10,11,22,11,11,15,16,16,9,22,0,6,15,3,16,6,2,22,0,6,15,0,16,6,2,22,2,7,15,0,16,5,22,0,6,15,22,16,12,15,22,0,6,15,0,16,12,15,22,16,12,15,0,16,5,22,12,11,15,22,16,12,15,22,12,11,15,16,16,12,15,22,16,12,15,16,16,9,22,16,12,15,22,16,12,15,22,16,12,15,22,16,12,15,22,16,12,15,22,16,10,22,16,12,15,2,16,6,1,22,16,12,15,22,16,6,1,22,1,7,15,22,16,10,22,5,8,15,0,16,5,0,22,5,8,15,7,16,5,0,22,0,6,15,7,16,7,22,0,6,15,0,16,5,0,22,0,6,15,0,16,5,0,22,0,6,15,0,16,5,6,0,6,15,0,5,1,0,22,0,2,4,0,16,5,0,6,0,6,15,0,5,1,0,3,8,23,13,8,6,15,24,3,1,0,5,16,18,8,11,9,19,15,5,0,1,19,16,9,17,24,16,12,23,14,16,11,13,22,9,20,15,22,16,19,9,22,14,9,22,16,5,0,22,16,12,15,0,16,12,15,22,0,6,15,22,16,5,0,22,16,10,22,15,5,0,22,16,12,15,0,15,12,15,21,0,6,15,22,16,5,0,21,16,10,22,0,0,0,22,5,8,15,0,0,6,15,0,0,6,15,6,16,5,0,0,16,5,22,0,0,0,22,0,6,15,0,0,6,15,0,0,6,15,0,16,5,0,0,16,5,22,0,4,11,3,11,5,2,16,0,6,15,0,11,5,2,16,2,5,11,0,16,5,22,0,6,15,15,16,10,10,22,0,6,15,0,16,10,10,22,11,10,15,0,16,5,22,0,6,15,22,16,12,15,22,0,6,15,0,16,12,15,22,16,12,15,0,16,5,16,0,4,11,22,11,11,15,16,0,4,11,0,11,11,15,16,16,10,11,0,11,4,0,0,0,0,22,0,6,15,0,0,0,0,0,0,6,15,0,16,5,0,0,0,0,0,0,0,0,22,0,6,15,0,0,0,0,0,0,6,15,0,16,5,0,0,0,0,0,0,5,11,22,12,11,15,16,0,0,0,0,12,11,15,16,16,11,11,0,0,0
7,14,22,17,12,14,22,17,12,14,19,17,12,14,22,17,12,14,22,17,11,12,22,5,10,22,13,10,12,16,17,10,10,0,13,11,14,16,15,10,10,22,13,3,0,16,0,0,22,0,0,0,0,17,4,0,10,0,7,14,0,0,0,0,22,0,3,6,0,7,14,22,17,4,0,22,17,12,14,22,17,12,14,22,0,7,14,22,17,12,14,22,7,14,22,17,4,0,22,17,12,14,22,17,12,14,22,0,7,14,22,17,12,14,22,7,14,22,17,4,0,22,17,12,14,22,17,12,14,22,0,7,14,22,17,12,14,22,7,14,22,17,4,0,22,17,12,14,22,17,12,14,22,0,7,14,22,17,12,14,22,0,1,22,17,4,0,22,17,5,1,22,1,8,14,22,0,7,14,22,1,8,14,2,0,0,22,17,4,0,22,17,4,0,22,0,7,14,22,0,7,14,22,0,7,14,0,0,0,2,17,4,0,22,1,0,0,3,0,0,1,22,0,7,14,2,0,1,1,0,0,0,8,23,4,0,25,12,0,0,0,0,0,13,23,0,7,21,7,0,0,0,0,3,0,12,18,3,0,17,17,0,0,0,0,0,18,15,0,5,18,10,0,0,0,0,11,0,0,0,0,0,0,0,0,0,0,0,0,0,0,0,0,0,0,0,0,0,0,11,0,0,0,0,0,0,0,0,0,0,0,0,0,0,0,0,0,0,0,0,0,0,11,0,0,0,0,0,0,0,0,0,0,0,0,0,0,0,0,0,0,0,0,0,0,11,0,0,0,0,0,0,0,0,0,0,0,0,0,0,0,0,0,0,0,0,0,0,6,0,11,17,2,0,16,16,0,0,0,0,0,17,14,0,4,17,10,0,0,0,0,0,0,9,23,4,0,25,13,0,0,0,0,0,14,23,0,7,22,8,0,0,0,0,0,0,1,17,4,0,22,1,0,0,1,0,0,0,22,0,7,14,1,0,0,0,0,0,0,22,17,4,0,22,17,4,0,22,0,7,14,22,0,7,14,22,0,7,14,0,0,0,22,17,4,0,22,17,5,0,22,0,8,14,22,0,7,14,22,0,8,14,0,7,14,22,17,4,0,22,17,12,14,22,17,12,14,22,0,7,14,22,17,12,14,22,7,14,22,17,4,0,22,17,12,14,22,17,12,14,22,0,7,14,22,17,12,14,22
9,0,22,18,0,0,0,3,15,22,13,12,18,22,13,12,18,22,11,11,18,22,13,11,0,26,21,0,0,0,3,18,16,13,11,13,22,9,10,18,16,13,11,13,22,9,11,0,26,21,0,0,0,3,18,0,13,9,2,22,1,5,18,0,13,8,0,22,1,11,0,26,21,0,0,0,3,18,0,13,12,18,22,13,12,18,0,13,8,0,22,13,11,0,26,21,0,0,0,3,18,16,13,12,18,22,13,12,18,16,13,11,13,22,13,0,0,26,21,0,0,0,3,18,22,13,12,18,22,13,12,18,22,13,12,18,22,13,0,0,26,21,0,0,0,3,18,22,13,9,1,22,1,4,18,22,13,12,18,22,1,0,0,26,21,0,0,0,3,18,7,13,8,0,22,0,3,18,7,13,10,6,22,0,6,0,26,21,0,0,0,3,18,0,13,8,0,22,0,3,18,0,13,8,0,22,0,0,0,26,21,0,0,0,1,5,0,13,8,0,6,0,3,18,0,4,2,0,22,0,0,0,26,21,0,0,0,0,0,5,13,20,10,11,7,17,18,5,0,0,4,23,15,7,0,26,21,0,0,0,3,15,22,7,18,18,22,13,20,10,22,11,11,18,13,23,11,0,26,21,0,0,0,3,18,22,0,3,18,22,13,8,0,22,13,12,18,0,13,11,0,26,21,0,0,0,3,18,21,0,3,18,22,13,8,0,21,13,12,17,0,13,11,0,26,21,0,0,0,3,18,0,0,3,18,6,13,8,0,0,13,8,0,0,13,11,0,26,21,0,0,0,3,18,0,0,3,18,0,13,8,0,0,13,8,0,0,13,2,0,26,21,0,0,0,3,18,0,9,6,3,16,2,4,13,0,13,8,0,16,2,0,0,26,21,0,0,0,3,18,0,13,11,12,22,9,9,18,0,13,8,0,22,9,2,0,26,21,0,0,0,3,18,0,13,12,18,22,13,12,18,0,13,8,0,22,13,3,0,26,21,0,0,0,2,13,0,9,10,18,16,13,11,13,0,9,6,0,16,13,0,0,26,21,0,0,0,0,0,0,0,3,18,0,13,8,0,0,0,0,0,0,13,11,0,26,21,0,0,0,0,0,0,0,3,18,0,13,8,0,0,0,0,0,0,13,11,0,26,21,0,0,0,0,0,0,10,10,18,16,13,11,13,0,0,0,0,16,13
2,15,0,9,7,0,17,0,2,15,0,9,7,0,17,0,2,15,0,9,7,0,17,2,19,0,12,9,0,22,0,2,19,0,12,9,0,22,0,2,19,0,12,9,0,22,2,19,0,12,9,0,22,0,2,19,0,12,9,0,22,0,2,19,0,12,9,0,22,2,19,0,12,9,0,22,0,2,19,0,12,9,0,22,0,2,19,0,12,9,0,22,2,19,0,12,9,0,22,0,2,19,0,12,9,0,22,0,2,19,0,12,9,0,22,4,19,0,12,11,1,23,0,2,20,1,14,9,0,22,1,4,19,0,12,11,1,23,28,19,0,12,29,29,29,0,2,29,29,29,9,0,22,29,29,19,0,12,29,29,29,4,19,2,12,10,3,23,1,3,20,3,13,10,1,22,2,4,19,2,12,10,3,23,11,19,22,12,12,19,22,12,12,19,22,12,12,19,22,12,12,19,22,12,12,19,22,11,19,22,12,12,19,22,12,12,19,22,12,12,19,22,12,12,19,22,12,12,19,22,10,12,22,8,9,19,14,12,11,12,22,8,9,19,14,12,11,12,22,8,9,19,14,8,0,22,0,2,19,0,12,9,0,22,0,2,19,0,12,9,0,22,0,2,19,0,11,19,22,12,12,19,0,12,9,0,22,12,12,19,22,12,9,0,22,0,2,19,22,11,19,22,12,12,19,0,12,9,0,22,12,12,19,22,12,9,0,22,0,2,19,22,11,19,22,12,12,19,0,12,9,0,22,12,12,19,22,12,9,0,22,0,2,19,22,11,19,22,12,12,19,0,0,0,0,22,12,12,19,22,12,9,0,0,0,2,19,22,10,19,19,12,12,17,0,0,0,0,19,12,12,17,22,11,8,0,0,0,2,17,22,2,19,0,12,9,0,0,0,0,0,0,12,9,0,22,0,0,0,0,0,0,0,22,2,19,0,12,9,0,0,0,0,0,0,12,9,0,22,0,0,0,0,0,0,0,22,8,19,13,12,11,11,0,7,5,0,13,12,11,11,22,7,5,0,13,0,1,11,22,11,19,22,12,12,19,0,12,9,0,22,12,12,19,22,12,9,0,22,0,2,19,22,11,15,22,9,10,19,0,12,9,0,22,9,10,19,17,12,9,0,22,0,2,19,17,6,0,17,0,2,15,0,9,7,0,17,0,2,15,0,9,7,0,17,0,2,15,0
22,16,12,15,19,16,12,15,22,16,12,15,22,16,12,13,22,16,12,15,22,16,10,16,16,11,11,0,12,11,15,16,14,10,11,22,12,4,0,16,16,11,11,19,12,9,0,16,5,0,10,0,6,15,0,0,0,0,22,0,3,7,0,16,5,0,0,0,4,22,16,12,15,22,16,12,15,22,0,6,15,22,16,12,15,22,16,12,15,0,16,10,22,16,12,15,22,16,12,15,22,0,6,15,22,16,12,15,22,16,12,15,0,16,10,22,16,12,15,22,16,12,15,22,0,6,15,22,16,12,15,22,16,12,15,0,16,10,22,16,12,15,22,16,12,15,22,0,6,15,22,16,12,15,22,16,12,15,0,16,10,22,16,6,1,22,1,7,15,22,0,6,15,22,1,7,15,2,16,12,15,0,16,10,22,16,5,0,22,0,6,15,22,0,6,15,22,0,6,15,0,16,12,15,0,16,10,22,1,0,0,3,0,0,1,22,0,6,15,2,0,0,2,0,1,7,15,0,16,6,24,13,0,0,0,0,0,13,24,0,6,22,8,0,0,0,0,3,17,15,0,16,16,17,17,0,2,8,2,0,17,16,0,4,18,11,0,0,0,0,5,18,10,0,10,17,0,0,0,9,29,8,0,0,0,0,0,0,0,0,0,0,0,0,0,0,0,0,0,0,0,0,9,29,8,0,0,0,0,0,0,0,0,0,0,0,0,0,0,0,0,0,0,0,0,9,29,8,0,0,0,0,0,0,0,0,0,0,0,0,0,0,0,0,0,0,0,0,9,29,8,0,0,0,0,0,0,0,0,0,0,0,0,0,0,0,0,0,16,16,0,5,15,4,0,16,15,0,4,17,10,0,0,0,0,4,17,9,0,10,16,24,13,0,0,0,0,0,13,24,0,6,22,8,0,0,0,0,3,18,15,0,16,16,22,1,0,0,1,0,0,1,22,0,6,15,1,0,0,1,0,1,7,15,0,16,6,22,16,5,0,22,0,6,15,22,0,6,15,22,0,6,15,0,16,12,15,0,16,10,22,16,6,0,22,0,7,15,22,0,6,15,22,0,7,15,0,16,12,15,0,16,10,22,16,12,15,22,16,12,15,22,0,6,15,22,16,12,15,22,16,12,15,0,16,10,22,16,12,15,22,16,12,15,22,0,6,15,22,16,12,15,22,16,12,15,0,16,10
0,0,7,29,10,0,27,20,0,17,29,0,7,29,10,0,27,20,0,17,29,0,0,0,0,0,0,0,0,0,0,0,0,0,0,0,0,0,0,0,0,0,0,0,0,0,0,0,0,0,0,0,0,0,0,0,0,0,0,0,0,0,0,0,0,0,0,0,0,0,0,0,0,0,0,0,0,0,0,0,0,0,0,0,0,0,0,0,0,0,0,0,0,0,17,17,17,17,17,17,17,17,17,17,17,17,17,17,17,17,17,17,17,0,0,0,0,0,0,0,0,0,0,0,0,0,0,0,0,0,0,0,0,0,0,0,0,0,0,0,0,0,0,0,0,0,0,0,0,0,0,0,0,0,0,0,0,0,0,0,0,0,0,5,18,6,0,17,13,0,11,18,0,5,18,6,0,17,13,0,11,18,0,0,0,0,7,29,10,0,27,20,0,17,29,0,7,29,10,0,27,20,0,17,29,0,0,0,0,7,29,10,0,27,20,0,17,29,0,7,29,10,0,27,20,0,17,29,0,0,0,0,7,29,10,0,27,20,0,17,29,0,7,29,10,0,27,20,0,17,29,0,0,0,0,7,29,10,0,27,20,0,17,29,0,7,29,10,0,27,20,0,17,29,0,0,0,0,1,5,2,0,5,4,0,3,5,0,1,5,2,0,5,4,0,3,5,0,0,0,0,0,0,0,0,0,0,0,0,0,0,0,0,0,0,0,0,0,0,0,0,0,0,0,7,7,7,7,7,7,7,7,7,7,7,7,7,7,7,7,7,7,7,0,0,0,0,8,8,8,8,8,8,8,8,8,8,8,8,8,8,8,8,8,8,8,0,0,0,0,0,0,0,0,0,0,0,0,0,0,0,0,0,0,0,0,0,0,0,0,0,0,0,7,29,10,0,27,20,0,17,29,0,7,29,10,0,27,20,0,17,29,0,0,0,0,7,29,10,0,27,20,0,17,29,0,7,29,10,0,27,20,0,17,29,0,0,0,0,7,29,10,0,27,20,0,17,29,0,7,29,10,0,27,20,0,17,29,0,0,0,0,7,29,10,0,27,20,0,17,29,0,7,29,10,0,27,20,0,17,29,0,0,0,0,7,29,10,0,27,20,0,17,29,0,7,29,10,0,27,20,0,17,29,0,0,0,0,7,29,10,0,27,20,0,17,29,0,7,29,10,0,27,20,0,17,29,0,0
0,0,0,0,0,0,0,0,0,0,0,0,0,0,0,0,0,0,0,0,0,0,0,0,0,0,0,0,0,0,0,0,0,0,0,0,0,0,0,0,0,0,0,0,0,0,0,0,0,0,0,0,0,0,0,0,0,0,0,0,0,0,0,0,0,0,0,0,0,0,0,0,0,0,0,0,0,0,0,0,0,0,0,0,0,0,0,0,0,0,0,0,0,0,0,0,0,0,0,0,0,0,0,0,0,0,0,0,0,0,0,0,0,0,0,0,0,0,0,0,0,0,0,0,0,0,0,0,0,0,0,0,0,0,0,0,0,0,1,8,8,8,8,8,8,8,8,8,8,8,8,8,8,8,8,8,8,8,8,8,1,1,7,7,7,7,7,7,7,7,7,7,7,7,7,7,7,7,7,7,7,7,7,1,0,12,20,20,20,8,5,20,20,20,15,0,0,0,1,1,0,1,1,0,0,1,0,0,16,28,29,28,11,7,28,29,29,20,0,0,2,29,15,0,22,25,0,12,29,5,0,3,12,29,5,0,3,3,29,15,3,0,0,2,29,15,0,22,25,0,12,29,5,0,22,12,29,5,0,19,5,29,15,19,2,0,2,29,15,0,22,25,0,12,29,5,0,22,12,29,5,0,19,5,29,15,19,2,0,2,29,15,0,22,25,0,12,29,5,0,18,12,29,5,0,15,5,29,15,15,2,0,2,29,15,0,22,25,0,12,29,5,1,8,18,29,13,8,8,11,29,20,7,0,0,2,29,15,0,22,25,0,12,29,5,5,29,29,29,29,29,29,29,29,29,25,0,0,1,10,5,0,8,9,0,4,10,2,1,9,9,9,9,9,9,9,9,9,8,0,0,0,0,0,0,0,0,0,0,0,0,0,0,0,0,0,0,0,0,0,0,0,0,0,0,0,0,0,0,0,0,0,0,0,0,0,0,0,0,0,0,0,0,0,0,0,0,0,0,0,0,0,0,0,0,0,0,0,0,0,0,0,0,0,0,0,0,0,0,0,0,0,0,0,0,0,0,0,0,0,0,0,0,0,0,0,0,0,0,0,0,0,0,0,0,0,0,0,0,0,0,0,0,0,0,0,0,0,0,0,0,0,0,0,0,0,0,0,0,0,0,0,0,0,0,0,0,0,0,0,0,0,0,0,0,0,0,0,0,0,0,0,0,0,0,0,0,0,0
28,12,0,11,11,19,22,12,12,19,22,12,12,19,19,12,12,19,22,12,12,19,22,28,12,0,0,2,14,22,9,9,17,16,12,12,14,0,9,10,19,16,11,10,14,22,28,12,0,6,4,0,22,0,0,0,0,12,9,0,10,0,2,19,0,0,0,0,22,28,12,0,12,12,19,22,12,9,0,22,12,12,19,22,12,12,19,22,0,2,19,22,28,12,0,12,12,19,22,12,9,0,22,12,12,19,22,12,12,19,22,0,2,19,22,28,12,0,12,12,19,22,12,9,0,22,12,12,19,22,12,12,19,22,0,2,19,22,28,12,0,12,12,19,22,12,9,0,22,12,12,19,22,12,12,19,22,0,2,19,22,28,12,0,12,10,1,22,12,9,0,22,12,10,1,22,1,3,19,22,0,2,19,22,28,12,0,12,9,0,22,12,9,0,22,12,9,0,22,0,2,19,22,0,2,19,22,28,12,0,1,1,0,2,12,9,0,22,1,0,0,3,0,0,1,22,0,2,19,2,28,12,0,0,0,0,6,20,9,0,22,13,0,0,0,0,0,11,26,0,2,24,10,28,12,0,7,6,0,8,18,6,0,14,18,1,0,0,0,0,15,18,0,1,18,13,28,12,0,25,22,0,0,0,0,0,0,0,0,0,0,0,0,0,0,0,0,0,0,28,12,0,25,22,0,0,0,0,0,0,0,0,0,0,0,0,0,0,0,0,0,0,28,12,0,25,22,0,0,0,0,0,0,0,0,0,0,0,0,0,0,0,0,0,0,28,12,0,25,22,0,0,0,0,0,0,0,0,0,0,0,0,0,0,0,0,0,0,28,12,0,13,12,0,8,17,5,0,13,17,1,0,0,0,0,14,17,0,1,17,13,28,12,0,0,0,0,6,21,9,0,22,14,0,0,0,0,0,11,26,0,2,24,10,28,12,0,0,0,0,1,12,9,0,22,0,0,0,1,0,0,1,22,0,2,19,1,5,2,0,12,9,0,22,12,9,0,22,12,9,0,22,0,2,19,22,0,2,19,22,6,3,0,12,10,0,22,12,9,0,22,12,10,0,22,0,3,19,22,0,2,19,22,28,12,0,12,12,19,22,12,9,0,22,12,12,19,22,12,12,19,22,0,2,19,22,28,12,0,12,12,19,22,12,9,0,22,12,12,19,22,12,12,19,22,0,2,19,22
22,16,5,0,0,0,6,15,22,16,12,15,22,0,0,0,0,0,0,5,17,5,0,22,13,4,0,0,0,5,12,22,13,11,15,18,0,0,0,0,0,0,0,0,0,0,22,0,0,0,0,0,0,0,22,0,6,15,0,0,0,0,0,0,0,8,25,7,0,22,0,0,0,0,0,0,0,22,0,6,15,0,0,0,0,0,0,0,9,29,8,0,22,11,3,0,15,0,4,10,22,11,10,15,15,0,4,10,0,0,0,9,29,8,0,22,16,5,0,22,0,6,15,22,16,12,15,22,0,6,15,0,0,0,9,29,8,0,16,16,5,0,22,0,6,15,16,16,10,11,22,0,6,15,0,0,0,9,29,8,0,3,13,4,0,22,0,5,12,3,13,5,2,17,0,6,15,0,0,0,9,29,8,0,22,0,0,0,22,0,0,0,22,0,6,15,0,0,6,15,0,0,0,9,29,8,0,22,0,0,0,22,0,0,0,22,4,8,15,0,0,6,15,0,0,0,9,29,8,0,22,0,6,14,22,15,5,0,22,16,12,15,0,15,12,15,0,0,0,9,29,8,0,22,0,6,15,22,16,5,0,22,16,12,15,0,16,12,15,0,0,0,9,29,8,0,25,15,10,15,19,16,9,15,24,16,12,23,13,16,12,13,0,0,0,3,9,2,0,15,24,8,4,0,5,8,23,14,9,7,17,24,5,1,0,0,0,0,0,0,0,0,0,16,5,0,5,0,6,15,0,3,1,0,22,0,1,3,0,0,0,0,0,0,0,0,16,5,0,22,0,6,15,0,16,5,0,22,0,6,15,0,0,0,0,0,4,15,0,16,8,4,22,5,8,15,0,16,5,0,22,5,8,15,0,0,0,0,0,0,0,1,16,12,15,22,16,12,15,1,16,6,1,22,16,12,15,0,0,0,0,0,0,0,22,16,12,15,22,16,12,15,22,16,12,15,22,16,12,15,0,0,0,2,8,2,0,22,16,11,12,22,13,11,15,22,16,12,15,22,13,11,15,0,0,0,9,29,8,0,22,16,5,0,22,0,6,15,22,16,12,15,22,0,6,15,0,0,0,9,29,8,0,3,16,5,0,22,0,6,15,3,16,7,2,22,0,6,15,0,0,0,9,29,8,0,15,16,10,10,22,11,10,15,15,16,10,10,22,11,10,15,0,0,0,9,29,8,0
0,19,12,12,22,19,12,12,22,19,2,0,0,12,29,5,2,29,15,0,22,25,0,0,8,11,12,9,19,7,5,22,8,1,0,0,12,29,5,2,29,15,0,22,25,0,0,0,9,12,0,19,2,0,22,0,0,0,0,12,29,5,2,29,15,0,22,25,0,0,0,9,12,0,19,2,0,22,0,0,0,0,7,17,3,2,29,15,0,22,25,0,0,0,9,12,0,19,2,0,22,0,0,0,0,0,0,0,2,29,15,0,22,25,0,0,0,9,12,0,19,2,0,22,0,0,0,0,10,25,4,2,29,15,0,22,25,0,0,0,5,7,0,11,1,0,13,0,0,0,0,12,29,5,2,29,15,0,22,25,0,0,6,7,7,7,7,7,7,7,6,0,0,0,12,29,5,2,29,15,0,22,25,0,0,7,8,8,8,8,8,8,8,7,0,0,0,12,29,5,2,29,15,0,22,25,0,0,10,11,5,0,7,11,11,9,0,0,0,0,12,29,5,2,29,15,0,22,25,0,0,18,23,12,0,19,21,20,22,0,0,0,0,12,29,5,2,29,15,0,22,25,0,0,7,11,12,0,19,6,5,22,0,0,0,0,12,29,5,2,29,15,0,22,25,0,0,19,10,9,0,19,12,12,16,0,0,0,0,12,29,5,2,29,15,0,22,25,0,0,19,2,0,0,19,12,12,0,0,0,0,0,12,29,5,2,29,15,0,22,25,0,0,19,19,17,0,19,12,23,17,6,0,0,0,12,29,5,2,29,15,0,22,25,0,0,9,14,14,0,19,7,14,14,5,0,0,0,12,29,5,2,29,15,0,22,25,0,0,12,13,6,0,19,15,13,10,0,0,0,0,12,29,5,2,29,15,0,22,25,0,0,16,22,12,0,19,20,18,22,0,0,0,0,12,29,5,2,29,15,0,22,25,0,0,2,10,12,3,19,4,1,22,2,0,0,0,12,29,5,2,29,15,0,22,25,0,0,19,12,12,22,19,12,12,22,19,2,0,0,12,29,5,2,29,15,0,22,25,0,0,19,12,12,22,19,12,12,22,19,2,0,0,12,29,5,2,29,15,0,22,25,0,0,19,12,12,22,19,12,12,22,19,2,0,0,12,29,5,2,29,15,0,22,25,0,0,15,12,12,17,19,10,9,22,15,2,0,0,12,29,5,2,29,15,0,22,25,0
11,0,26,21,0,16,29,1,0,0,0,0,0,0,0,0,0,0,0,0,0,0,0,11,0,26,21,0,16,29,1,0,0,0,3,7,7,7,7,7,7,7,7,7,7,7,11,0,26,21,0,16,29,1,0,0,0,4,8,8,8,8,8,8,8,8,8,8,8,11,0,26,21,0,16,29,1,0,0,0,0,12,19,19,19,19,19,18,0,0,0,0,11,0,26,21,0,16,29,1,0,0,0,0,18,29,28,28,28,28,27,0,0,7,9,11,0,26,21,0,16,29,1,6,28,11,0,18,13,0,0,0,0,0,0,0,23,6,11,0,26,21,0,16,29,1,6,29,11,0,18,13,15,17,17,17,17,17,17,26,0,11,0,26,21,0,16,29,1,6,29,11,0,18,13,0,0,0,0,0,0,0,22,0,11,0,26,21,0,16,29,1,6,29,11,0,18,15,1,1,1,1,1,0,0,22,0,11,0,26,21,0,16,29,1,6,29,11,0,18,29,29,29,29,29,27,0,0,22,0,11,0,10,8,0,6,11,0,6,29,11,0,18,23,17,17,17,17,15,0,0,19,17,11,0,0,0,0,0,0,0,6,29,11,0,18,13,0,0,0,0,0,0,0,0,0,11,0,26,21,0,16,29,1,6,29,11,0,18,13,14,17,17,17,17,17,17,17,17,11,0,26,21,0,16,29,1,6,29,11,0,18,13,0,0,0,0,0,0,0,0,0,11,0,26,21,0,16,29,1,6,29,11,0,18,13,1,29,29,29,29,29,29,29,29,11,0,26,21,0,16,29,1,6,29,11,0,18,13,1,18,18,18,21,29,23,18,18,3,0,26,21,0,16,29,1,6,29,11,0,18,13,0,0,0,0,6,29,11,0,0,1,0,26,21,0,16,29,1,6,29,11,0,18,26,23,23,23,2,6,29,11,8,23,11,0,26,21,0,16,29,1,6,29,11,0,5,8,8,8,8,0,6,29,11,3,8,11,0,26,21,0,16,29,1,6,29,11,0,0,0,0,0,0,0,6,29,11,0,0,11,0,26,21,0,16,29,1,6,29,11,0,0,0,1,25,25,25,26,29,27,15,1,11,0,26,21,0,16,29,1,0,1,0,0,0,0,1,22,22,22,22,22,22,13,1,11,0,26,21,0,16,29,1,0,0,0,0,0,0,0,0,0,0,0,0,0,0,0
13,29,4,3,29,14,0,23,25,0,0,10,12,21,4,14,12,21,20,7,3,21,4,10,21,3,2,21,10,0,17,18,0,0,2,3,13,20,27,11,19,18,28,12,13,0,0,0,0,0,0,0,0,0,0,0,0,0,0,0,20,1,0,0,0,10,11,0,0,0,5,7,7,7,7,6,0,0,0,0,9,10,0,20,1,0,19,0,10,11,0,4,0,6,8,8,8,8,7,0,0,0,0,10,11,0,20,1,0,21,0,10,11,0,4,0,0,0,0,0,0,0,0,0,0,0,10,12,21,20,1,0,21,0,10,12,21,4,6,14,2,1,14,7,0,11,12,0,0,10,12,21,20,10,9,21,15,12,12,21,4,13,29,4,3,29,14,0,23,25,0,0,10,12,21,20,12,12,21,20,12,12,21,4,13,29,4,3,29,14,0,23,25,0,0,10,12,2,20,12,12,21,20,12,12,2,4,13,29,4,3,29,14,0,23,25,0,0,10,11,0,20,7,6,21,10,11,11,0,4,13,29,4,3,29,14,0,23,25,0,0,10,12,7,20,5,4,21,6,11,12,7,4,4,9,1,1,9,4,0,23,25,0,0,10,12,21,20,12,12,21,20,12,12,21,4,0,0,0,0,0,0,0,23,25,0,0,2,3,21,20,12,12,21,20,12,12,21,0,0,0,0,0,0,0,0,23,25,0,0,1,1,1,20,2,0,4,1,11,12,1,0,0,12,17,17,17,7,0,23,25,0,0,10,12,14,20,9,7,0,13,12,12,14,4,0,0,0,0,0,0,0,23,25,0,0,10,12,21,20,12,11,0,20,12,12,21,4,0,0,0,0,0,0,0,23,25,0,0,10,12,21,20,12,11,0,20,12,12,21,4,4,8,1,1,8,4,0,23,25,0,0,10,12,21,20,12,11,0,20,12,12,21,4,13,29,4,3,29,14,0,23,25,0,0,10,12,9,20,12,11,0,20,12,12,9,4,13,29,4,3,29,14,0,23,25,0,0,10,11,0,20,12,11,0,20,12,11,0,4,13,29,4,3,29,14,0,23,25,0,0,5,5,0,9,11,11,0,20,6,5,0,2,13,29,4,3,29,14,0,23,25,0,0,0,0,0,1,13,11,0,20,5,0,0,0,7,15,2,2,15,7,0,23,25,0,6,14,2,0,11,28,11,0,20,28,3,0,0
18,22,0,3,18,22,2,9,18,22,13,13,3,22,13,12,18,4,17,12,18,23,5,12,4,0,0,3,14,13,27,17,19,12,27,18,14,2,4,12,23,26,11,16,21,28,0,0,0,0,0,0,13,8,0,0,0,3,18,0,0,0,0,22,0,0,0,0,13,0,20,0,3,17,0,13,8,0,20,0,3,18,0,12,8,0,22,0,3,17,0,13,0,22,0,3,18,0,13,8,0,22,0,3,18,0,13,8,0,22,0,3,18,0,13,18,22,0,3,18,22,13,8,0,22,0,3,18,22,13,12,18,22,0,3,18,0,13,18,22,0,3,18,22,13,11,13,22,10,10,18,22,13,12,18,22,10,10,18,16,13,18,22,0,3,18,22,13,12,18,22,13,12,18,22,13,12,18,22,13,12,18,22,13,2,22,0,3,18,3,13,12,18,22,13,12,18,3,13,9,2,22,13,12,18,22,13,0,22,0,3,18,0,13,10,9,22,6,8,18,0,13,8,0,22,6,8,18,11,13,6,22,0,3,18,7,13,10,6,22,4,6,18,7,13,10,6,22,4,6,18,7,13,18,22,0,3,18,22,13,12,18,22,13,12,18,22,13,12,18,22,13,12,18,22,13,18,4,0,0,3,22,13,12,18,22,13,12,18,22,2,5,18,22,13,12,18,22,13,1,3,0,0,2,1,13,9,1,4,0,4,18,1,1,1,1,22,0,1,3,1,13,12,22,0,3,18,15,13,11,12,0,9,9,18,15,13,11,12,22,9,5,0,15,13,18,22,0,3,18,22,13,12,18,0,13,12,18,22,13,12,18,22,13,8,0,22,13,18,22,0,3,18,22,13,12,18,0,13,12,18,22,13,12,18,22,13,8,0,22,13,18,22,0,3,18,22,13,12,18,0,13,12,18,22,13,12,18,22,13,8,0,22,13,8,22,0,3,18,9,13,12,18,0,13,12,18,9,13,10,8,22,13,8,0,22,13,0,22,0,3,18,0,13,12,18,0,13,12,18,0,13,8,0,22,13,8,0,22,13,0,10,0,1,8,0,6,7,18,0,13,10,8,0,6,4,0,9,13,8,0,22,6,0,0,0,0,0,0,0,7,18,0,13,11,1,0,0,0,0,1,16,8,0,23,3,3,14,5,0,0,0,4,28,18,0,13,28,10,0,13,10,0,14,28,8,0,23,28
25,10,0,23,19,0,14,25,1,6,25,10,0,23,19,0,0,0,0,0,0,0,0,29,11,0,26,21,0,16,29,1,6,29,11,0,26,21,0,0,0,0,0,0,0,0,29,11,0,26,21,0,16,29,1,6,29,11,0,26,21,0,0,0,0,0,0,0,0,29,11,0,26,21,0,16,29,1,6,29,11,0,26,21,0,0,0,17,0,0,0,0,29,11,0,26,21,0,16,29,1,6,29,11,0,26,21,0,0,0,22,0,0,0,0,29,11,0,26,21,0,16,29,1,6,29,11,0,26,21,0,0,0,22,0,0,0,0,17,6,0,15,12,0,9,17,1,3,17,6,0,26,21,0,0,0,22,0,0,0,0,0,0,0,0,0,0,0,0,0,0,0,0,0,26,21,0,0,0,22,0,0,0,0,12,12,12,12,12,12,12,12,12,12,12,4,0,26,21,0,0,0,22,0,0,0,0,3,3,3,3,3,3,3,3,3,3,3,1,0,26,21,0,0,0,22,0,0,0,0,0,0,0,0,0,0,0,0,0,0,0,0,0,26,21,0,0,0,22,0,0,0,0,19,7,0,17,14,0,11,19,1,4,19,7,0,9,8,0,0,0,22,0,0,0,0,29,11,0,26,21,0,16,29,1,6,29,11,0,0,0,0,0,0,22,0,0,0,0,29,11,0,26,21,0,16,29,1,6,29,11,0,0,0,1,0,0,22,0,0,0,0,29,11,0,26,21,0,16,29,1,6,29,11,0,0,0,13,8,0,22,0,0,0,0,29,11,0,26,21,0,16,29,1,6,29,11,0,0,0,13,8,0,22,0,0,0,0,4,1,0,4,3,0,2,4,0,1,4,1,0,0,0,13,8,0,22,0,0,0,0,0,0,0,0,0,0,0,0,0,0,0,0,0,0,0,13,8,0,22,0,0,0,0,0,0,0,0,0,0,0,0,0,0,0,0,0,0,0,13,8,0,22,0,0,0,0,17,17,17,17,17,17,17,17,17,17,17,6,0,0,0,13,8,0,22,0,0,2,17,0,0,0,0,0,0,0,0,0,0,0,0,0,0,0,13,8,0,22,0,0,0,0,0,0,0,0,0,0,0,0,0,0,0,0,0,0,0,13,8,0,22,0,0,0,0,9,3,0,8,7,0,5,9,0,2,9,3,0,0,0,12,7,0,19,0,0,0,0
0,0,0,0,0,0,0,0,0,0,0,0,0,0,0,0,0,0,0,0,0,0,0,0,0,0,0,0,0,0,0,0,0,0,0,0,0,0,0,0,0,0,0,0,0,0,0,0,0,0,0,0,0,0,0,0,0,0,0,0,0,0,0,0,0,0,0,0,0,0,0,0,0,0,0,0,0,0,0,0,0,0,0,0,0,0,0,0,0,0,0,0,0,0,0,0,0,0,0,0,0,0,0,0,0,0,0,0,0,0,0,0,0,0,0,8,8,8,8,8,8,8,8,8,8,8,8,8,8,8,8,8,8,8,8,3,0,4,10,10,10,10,10,10,10,10,10,0,0,0,0,0,0,0,0,0,0,0,0,0,6,29,29,29,29,29,29,29,29,29,0,0,0,5,21,8,0,19,16,0,12,21,1,6,13,29,16,7,7,7,27,24,7,0,0,0,6,29,11,0,26,21,0,16,29,1,6,6,29,11,0,11,7,26,21,11,7,0,0,6,29,11,0,26,21,0,16,29,1,6,6,29,11,0,13,8,26,21,13,8,0,0,6,29,11,0,26,21,0,16,29,1,6,6,29,11,0,13,8,26,21,13,8,0,0,6,29,11,0,26,21,0,16,29,1,6,6,29,11,0,1,1,26,21,1,1,0,0,6,29,11,0,26,21,0,16,29,1,6,29,29,29,17,1,28,29,29,27,0,0,0,4,20,8,0,18,15,0,11,20,1,6,19,19,19,11,1,19,19,19,18,0,0,0,0,0,0,0,0,0,0,0,0,0,6,8,8,8,8,8,8,8,8,8,8,8,8,8,8,8,8,8,8,8,8,3,0,6,7,7,7,7,7,7,7,7,7,7,7,7,7,7,7,7,7,7,7,7,2,0,6,0,0,0,0,0,0,0,0,0,0,0,0,0,0,0,0,0,0,0,0,0,0,5,0,0,0,0,0,0,0,0,0,0,0,0,0,0,0,0,0,0,0,0,0,0,0,0,0,0,0,0,0,0,0,0,0,0,0,0,0,0,0,0,0,0,0,0,0,0,0,0,0,0,0,0,0,0,0,0,0,0,0,0,0,0,0,0,0,0,0,0,0,0,0,0,0,0,0,0,0,0,0,0,0,0,0,0,0,0,0,0,0,0,0,0,0,0,0,0,0,0,0,0,0,0,0,0,0,0,0,0,0,0,0,0,0,0,0
10,22,7,8,18,12,13,11,10,0,7,8,18,12,13,11,10,22,7,8,18,12,13,17,26,0,3,25,17,23,8,0,0,0,3,25,17,23,8,0,23,17,19,18,0,13,14,25,0,3,24,14,21,8,0,0,0,3,24,14,21,8,0,23,14,16,18,0,13,0,22,0,3,18,0,13,8,0,0,0,3,18,0,13,8,0,22,0,3,18,0,13,0,22,0,3,18,0,13,8,0,0,0,3,18,0,13,8,0,22,0,3,18,0,13,0,22,0,3,18,0,13,8,0,0,0,3,18,0,13,8,0,22,0,3,18,0,13,0,22,0,3,18,0,13,8,0,0,0,3,18,0,13,8,0,22,0,3,18,0,13,0,22,0,3,18,0,13,8,0,0,0,3,18,0,13,8,0,22,0,3,18,0,13,0,4,0,0,3,0,2,1,0,0,0,0,3,0,2,1,0,4,0,0,3,0,2,17,17,17,17,17,17,17,17,6,0,2,17,17,17,17,17,17,17,17,17,17,17,17,0,0,0,0,0,0,0,0,0,0,0,0,0,0,0,0,0,0,0,0,0,0,0,21,21,0,2,21,21,21,6,0,0,0,2,21,21,21,6,0,17,21,21,13,0,10,10,25,0,3,23,10,19,8,0,0,0,3,23,10,19,8,0,23,10,13,18,0,13,13,22,0,3,18,16,13,8,0,0,0,3,18,16,13,8,0,22,10,10,18,0,13,18,22,0,1,7,22,13,8,0,0,0,1,7,22,13,8,0,9,13,12,18,0,5,18,22,0,0,0,22,13,8,0,0,0,0,0,22,13,8,0,0,13,12,18,0,0,18,22,0,19,27,28,13,8,0,0,0,19,27,28,13,8,10,27,28,12,18,0,27,3,22,0,3,4,4,13,8,0,0,0,3,4,4,13,8,1,4,4,5,18,0,4,23,27,0,3,23,23,26,8,0,0,0,3,23,23,26,8,0,19,23,24,18,0,11,8,24,0,3,22,8,18,8,0,0,0,3,22,8,18,8,0,23,8,11,18,0,13,8,22,6,8,18,10,13,10,8,0,6,8,18,10,13,10,8,22,6,8,18,10,13,18,22,13,12,18,22,13,12,18,0,13,12,18,22,13,12,18,22,13,12,18,22,13,18,22,13,12,18,22,13,12,18,0,13,12,18,22,13,12,18,22,13,12,18,22,13
23,25,0,13,29,4,0,0,0,5,26,0,5,8,8,8,25,26,8,8,8,8,7,23,25,0,13,29,4,0,0,0,5,27,3,3,3,2,0,23,25,0,3,3,3,3,23,25,0,13,29,4,0,0,0,5,28,28,28,28,15,0,23,25,0,27,28,28,23,23,25,0,13,29,4,0,0,0,0,0,0,0,0,0,0,23,25,0,0,0,0,0,23,25,0,13,29,4,0,0,0,0,0,0,3,5,5,5,25,25,5,0,3,5,4,23,25,0,13,29,4,0,0,0,0,0,0,18,29,29,29,29,29,29,0,18,29,23,23,25,0,13,29,4,0,0,0,0,0,0,8,12,12,12,12,12,12,0,8,12,10,23,25,0,13,29,4,0,0,0,7,7,7,7,7,7,7,7,7,7,7,7,7,6,23,25,0,13,29,4,0,0,0,8,8,8,8,8,8,8,8,8,8,8,8,8,7,23,25,0,13,29,4,0,0,0,3,19,19,19,19,19,19,7,0,0,0,0,0,0,23,25,0,13,29,4,0,0,0,5,29,28,28,28,28,28,10,0,3,9,9,9,7,23,25,0,13,29,4,0,0,0,5,26,0,0,0,0,0,0,0,10,16,6,6,5,23,25,0,13,29,4,0,0,0,5,26,7,17,17,17,17,17,17,21,11,0,5,4,23,25,0,13,29,4,0,0,0,5,26,0,0,0,0,0,0,0,10,11,1,10,8,23,25,0,13,29,4,0,0,0,5,27,1,1,1,1,1,0,0,10,11,0,0,0,23,25,0,13,29,4,0,0,0,5,29,29,29,29,29,29,10,0,10,11,0,0,0,23,25,0,13,29,4,0,0,0,5,28,17,17,17,17,17,6,0,9,20,17,17,13,23,25,0,13,29,4,0,0,0,5,26,0,0,0,0,0,0,0,0,0,0,0,0,23,25,0,13,29,4,0,0,0,5,26,6,17,17,17,17,17,17,17,17,17,17,13,23,25,0,13,29,4,0,0,0,5,26,0,0,0,0,0,0,0,0,0,0,0,0,23,25,0,13,29,4,0,0,0,5,26,0,18,29,29,29,29,29,29,29,29,29,23,23,25,0,13,29,4,0,0,0,5,26,0,12,18,18,18,27,28,18,18,18,18,15,23,25,0,13,29,4,0,0,0,5,26,0,0,0,0,0,23,25,0,0,0,0,0
10,2,0,0,0,6,29,11,0,0,22,0,3,18,0,13,8,0,22,0,3,18,0,0,0,0,0,0,6,29,11,0,0,22,0,3,18,0,13,8,0,22,0,3,18,0,0,0,0,0,0,2,9,3,0,0,23,23,24,18,0,13,25,23,27,0,3,27,23,0,0,0,0,0,0,0,0,0,0,23,8,11,18,0,13,15,8,24,0,3,22,8,0,0,0,0,0,0,0,0,3,15,22,11,11,18,19,13,12,15,22,11,11,18,19,2,17,17,17,17,6,0,0,3,18,22,13,12,18,22,13,12,18,22,13,12,18,22,7,7,7,2,0,0,0,0,3,18,20,13,12,17,22,12,12,18,20,13,12,17,22,25,25,25,9,0,0,0,0,3,18,0,13,8,0,22,0,3,18,0,13,8,0,22,0,0,0,0,0,0,0,0,3,18,0,13,11,13,22,10,10,18,0,13,8,0,22,12,4,4,6,0,0,0,0,3,18,0,13,12,18,22,13,12,18,0,13,8,0,22,16,13,12,18,0,0,0,0,3,18,0,13,12,18,22,13,12,18,0,13,8,0,22,16,13,12,18,0,0,0,0,1,5,0,13,12,18,22,13,12,18,0,4,2,0,22,8,3,6,18,0,0,0,0,0,0,0,13,12,18,22,13,12,18,0,0,0,0,22,0,0,1,9,0,0,0,0,0,0,0,1,5,18,3,13,9,2,0,0,0,0,3,18,0,0,0,0,0,0,0,0,0,0,0,3,18,0,13,8,0,0,0,0,0,0,6,0,0,0,0,0,0,0,1,6,0,4,6,18,7,13,10,6,0,4,2,0,7,17,17,17,17,17,6,0,0,3,18,0,13,12,18,22,13,12,18,0,13,8,0,22,0,0,0,0,0,0,0,0,3,18,0,13,12,18,22,13,12,18,0,13,8,0,22,15,0,11,20,1,0,0,0,3,18,0,13,9,0,22,0,4,18,0,13,8,0,22,21,0,16,29,1,0,0,0,3,18,0,1,4,15,2,11,7,1,0,13,8,0,2,21,0,16,29,1,0,0,0,3,18,0,0,3,18,0,13,8,0,0,13,8,0,0,21,0,16,29,1,0,0,0,3,18,13,0,3,18,21,13,8,0,13,13,11,10,0,21,0,16,29,1,0,0,0,3,18,22,0,3,18,22,13,8,0,22,13,12,18,0
23,0,0,16,29,1,6,29,11,0,26,21,0,16,29,1,0,3,18,0,13,8,0,23,0,0,16,29,1,6,29,11,0,26,21,0,0,0,0,0,3,18,0,13,8,0,23,0,0,16,29,1,6,29,11,0,26,21,0,0,0,0,0,4,18,1,13,9,1,23,0,0,16,29,1,6,29,11,0,26,21,0,0,0,0,13,12,18,22,13,12,18,23,0,0,3,5,0,1,5,2,0,5,4,0,0,0,0,13,12,18,22,13,12,18,23,0,0,0,0,0,0,0,0,0,0,0,0,0,0,0,13,12,18,22,13,12,18,23,0,0,3,7,7,7,7,7,7,2,0,0,0,0,0,11,11,18,19,13,12,15,23,0,0,4,8,8,8,8,8,8,3,0,0,0,0,0,0,3,18,0,13,8,0,23,0,0,0,0,0,0,0,0,0,0,0,0,0,0,0,0,3,29,27,28,8,0,23,0,0,16,29,1,6,29,11,0,26,21,0,16,29,1,0,0,4,4,16,8,0,23,0,0,16,29,1,6,29,11,0,26,21,0,16,29,1,0,16,23,23,13,8,8,23,0,0,16,29,1,6,29,11,0,26,21,0,16,29,1,0,6,8,24,13,8,3,23,0,0,16,29,1,6,29,11,0,26,21,0,16,29,1,0,0,0,22,13,8,0,23,0,0,16,29,1,6,29,11,0,26,21,0,16,29,1,0,3,18,22,13,8,0,23,0,0,16,29,1,6,29,11,0,26,21,0,16,29,1,0,3,18,8,13,8,0,23,0,0,6,11,0,2,11,4,0,10,8,0,16,29,1,0,3,29,29,29,8,0,15,0,0,0,0,0,0,0,0,0,0,0,0,16,29,1,0,0,2,2,2,0,0,17,0,0,8,17,17,17,17,17,17,6,0,0,16,29,1,2,17,17,17,17,17,17,0,0,0,0,0,0,0,0,0,0,0,0,0,16,29,1,0,0,0,0,0,0,0,0,0,0,0,0,0,0,0,0,0,0,0,0,16,29,1,0,3,15,0,12,7,0,0,0,0,14,25,1,5,25,9,0,22,18,0,16,29,1,0,3,18,0,13,8,0,0,0,0,16,29,1,6,29,11,0,26,21,0,13,23,1,0,3,18,0,13,8,0,1,0,0,16,29,1,6,29,11,0,26,21,0,0,0,0,0,3,18,0,13,8,0
0,3,18,0,13,8,0,22,0,3,18,0,13,8,0,22,0,3,18,0,0,0,26,0,3,18,0,13,8,0,22,0,3,18,0,13,8,0,22,0,3,18,0,0,0,26,0,3,18,0,13,8,0,22,0,3,18,0,13,8,0,22,0,3,18,0,0,0,26,0,3,18,0,13,8,0,22,0,3,18,0,13,8,0,22,0,3,18,0,0,0,5,0,2,10,0,7,4,0,12,0,2,10,0,7,4,0,12,0,2,10,0,0,0,0,7,7,7,7,7,7,7,7,7,7,7,7,7,7,7,7,7,7,7,7,7,7,7,8,8,8,8,8,8,8,8,8,8,8,8,8,8,8,8,8,8,8,8,8,8,8,0,0,0,0,0,0,0,0,0,0,0,0,0,0,0,0,0,0,0,0,9,11,11,11,0,26,21,0,16,29,1,0,0,0,0,0,0,0,0,0,0,4,9,14,14,14,11,0,26,21,0,16,29,1,0,0,0,0,0,0,0,0,0,0,13,13,6,6,6,11,0,26,21,0,16,29,1,0,0,0,0,0,0,0,0,0,0,13,8,0,2,12,11,0,26,21,0,16,29,1,0,0,13,8,0,0,0,0,0,0,13,8,0,3,18,11,0,26,21,0,16,29,1,0,0,13,8,0,0,0,0,0,0,13,8,0,2,13,11,0,26,21,0,16,29,1,0,0,13,8,0,0,0,0,0,0,13,8,0,7,15,4,0,10,8,0,16,29,1,0,0,13,8,0,0,0,0,0,0,13,8,11,14,14,0,0,0,0,0,16,29,1,0,0,13,8,0,0,0,0,0,0,13,8,2,23,2,17,17,17,11,0,16,29,1,0,0,13,8,0,0,0,0,0,0,13,8,0,22,0,0,0,0,0,0,16,29,1,0,0,13,8,0,0,0,0,0,0,13,8,0,22,0,0,0,0,0,0,16,29,1,0,0,13,8,0,0,0,0,0,0,13,8,0,23,13,9,0,22,18,0,3,5,0,0,0,13,8,0,0,0,0,0,0,13,8,9,14,14,11,0,26,21,0,0,0,0,0,0,13,8,0,0,0,0,0,0,13,8,4,5,16,11,0,26,21,0,0,0,1,5,0,13,8,0,0,0,0,0,0,13,8,0,22,13,11,0,26,21,0,0,0,3,18,0,13,8,0,0,0,0,0,0,13,8,0,22,13
4,0,12,6,6,10,9,7,4,0,12,0,2,10,9,7,6,8,12,0,2,10,0,8,0,22,0,3,18,0,13,8,0,22,0,3,18,0,13,8,0,22,0,3,18,0,11,13,22,10,10,18,16,13,11,13,22,10,10,18,16,13,11,13,22,10,10,18,0,12,18,22,13,12,18,22,13,12,18,22,13,12,18,22,13,12,18,22,13,12,18,0,12,18,22,13,12,18,22,13,12,18,22,13,12,18,22,13,12,18,22,13,12,18,0,3,20,3,16,8,0,23,3,7,18,0,13,11,3,23,0,3,20,3,16,8,0,0,3,29,28,29,8,0,23,28,29,18,0,13,29,28,28,0,3,29,28,29,8,0,0,3,18,0,13,8,0,22,0,3,18,0,13,8,0,22,0,3,18,0,13,8,0,0,3,18,0,13,8,0,22,0,3,18,0,13,8,0,22,0,3,18,0,13,8,0,0,3,18,0,13,8,0,22,0,3,18,0,13,8,0,22,0,3,18,0,13,8,0,0,3,18,0,13,8,0,22,0,3,18,0,13,8,0,22,0,3,18,0,13,8,0,0,3,18,0,13,8,0,22,0,3,18,0,13,8,0,22,0,3,18,0,13,8,0,0,2,12,0,9,5,0,15,0,2,12,0,9,5,0,15,0,2,12,0,9,5,0,0,3,3,3,3,3,3,3,3,3,3,3,3,3,3,3,3,3,3,3,3,3,3,2,12,12,12,12,12,12,12,12,12,12,12,12,12,12,12,12,12,12,12,12,12,12,9,0,0,0,0,0,0,0,0,0,0,0,0,0,0,0,0,0,0,0,0,0,0,0,1,6,26,10,0,24,19,0,15,26,1,6,26,10,0,24,19,0,15,26,1,6,26,1,6,29,11,0,26,21,0,16,29,1,6,29,11,0,26,21,0,16,29,1,6,29,1,6,29,11,0,26,21,0,16,29,1,6,29,11,0,26,21,0,16,29,1,6,29,1,6,29,11,0,26,21,0,16,29,1,6,29,11,0,26,21,0,16,29,1,6,29,1,6,29,11,0,26,21,0,16,29,1,6,29,11,0,26,21,0,16,29,1,6,29,1,6,29,11,0,26,21,0,16,29,1,6,29,11,0,26,21,0,16,29,1,6,29,1,3,15,6,0,14,11,0,9,15,1,3,15,6,0,14,11,0,9,15,1,3,15
16,29,1,6,29,11,0,0,0,18,13,13,8,0,0,0,0,0,22,0,0,0,0,16,29,1,6,29,11,0,0,0,18,13,13,8,0,0,0,0,0,22,0,0,0,0,16,29,1,6,29,11,0,0,0,18,18,9,8,7,7,7,4,0,10,7,7,7,7,16,29,1,6,29,11,0,0,0,18,27,25,25,25,25,25,13,0,25,25,25,25,25,3,5,0,1,5,2,0,0,0,18,13,13,19,19,19,19,19,19,19,19,19,19,19,0,0,0,0,0,0,0,0,0,18,13,9,12,12,12,12,12,12,12,12,12,12,12,7,7,7,7,7,7,5,0,0,18,13,1,7,7,7,7,7,7,7,7,7,7,7,8,8,8,8,8,8,6,0,0,18,13,1,8,8,8,8,8,8,8,8,8,8,8,0,0,0,0,0,0,0,0,0,18,13,0,0,0,0,0,0,0,0,0,0,0,0,16,29,1,6,29,11,0,0,0,18,13,13,17,17,17,17,17,17,17,17,17,17,17,16,29,1,6,29,11,0,0,0,18,13,22,29,29,29,29,29,29,29,29,29,29,29,16,29,1,6,29,11,0,0,0,18,13,0,17,29,2,0,0,7,29,12,0,0,0,16,29,1,6,29,11,0,0,0,18,13,9,22,29,13,3,5,16,29,19,7,1,11,16,29,1,6,29,11,0,0,0,18,13,22,29,29,29,7,12,29,29,29,17,2,29,16,29,1,6,29,11,0,0,0,18,13,5,6,6,6,1,3,6,6,6,4,0,6,6,11,0,2,11,4,0,0,0,18,21,13,13,13,13,13,13,13,13,13,13,13,13,0,0,0,0,0,0,0,0,0,12,18,18,18,18,18,18,18,18,18,18,18,18,18,17,17,17,17,17,17,11,0,0,14,17,17,17,17,17,17,17,17,17,17,17,17,17,0,0,0,0,0,0,0,0,0,0,0,0,0,0,0,0,0,0,0,0,0,0,0,0,0,0,0,0,0,0,0,0,0,0,0,8,21,21,21,21,21,21,5,8,21,21,14,25,1,5,25,9,0,0,0,0,0,0,10,26,26,26,28,29,27,7,10,26,26,16,29,1,6,29,11,0,0,0,0,0,0,0,0,0,0,16,29,1,0,0,0,0,16,29,1,6,29,11,0,0,0,0,7,7,7,7,6,0,16,29,1,5,7,7,7
0,0,0,0,0,0,0,0,0,0,0,0,0,0,0,0,0,0,0,0,0,0,0,0,0,0,0,0,0,0,0,0,0,0,0,0,0,0,0,0,0,0,0,0,0,0,1,0,0,0,0,0,0,0,1,1,1,5,23,9,0,1,1,1,1,5,23,9,0,29,7,0,0,0,0,0,2,29,29,17,6,29,11,12,29,29,29,17,6,29,11,12,0,0,0,0,0,0,0,0,0,0,0,6,29,11,0,0,0,0,0,6,29,11,0,0,0,0,0,0,0,0,0,0,0,0,6,29,11,0,0,0,0,0,6,29,11,0,25,6,0,0,0,0,0,1,25,25,25,26,29,27,25,25,25,25,25,26,29,27,25,22,6,0,0,0,0,0,1,22,22,22,22,22,22,22,22,22,22,22,22,22,22,22,0,0,0,0,0,0,0,0,0,0,0,0,0,0,0,0,0,0,0,0,0,0,0,11,11,11,11,11,11,11,11,11,11,11,11,11,11,11,11,11,11,11,11,11,11,11,4,4,4,4,4,4,4,4,4,4,4,4,4,4,4,4,4,4,4,4,4,4,4,23,9,0,0,0,0,0,5,23,23,23,23,23,23,23,23,23,23,23,23,23,23,23,29,11,0,0,0,0,0,6,29,26,25,26,29,26,25,25,25,29,28,25,25,25,27,29,11,0,0,0,0,0,6,29,11,6,6,29,11,0,3,2,26,21,0,1,5,16,29,11,0,0,0,0,0,6,29,11,22,6,29,11,0,13,8,26,21,0,3,18,16,29,11,0,0,0,0,0,6,29,11,22,6,29,11,0,13,8,26,21,0,3,18,16,29,11,0,0,0,0,0,6,29,11,16,6,29,11,0,9,6,26,21,0,2,13,16,29,11,0,0,0,0,0,6,29,11,4,16,29,19,7,0,11,28,25,11,0,8,22,29,11,0,0,0,0,0,6,29,11,11,29,29,29,17,1,29,29,29,27,0,21,29,12,5,0,0,0,0,0,3,12,5,2,6,6,6,4,0,6,6,6,6,0,5,6,17,17,17,17,17,17,17,17,17,17,17,17,17,17,17,17,17,17,17,17,17,17,17,0,0,0,0,0,0,0,0,0,0,0,0,0,0,0,0,0,0,0,0,0,0,0,0,0,0,0,0,0,0,0,0,0,0,0,0,0,0,0,0,0,0,0,0,0,0
8,29,9,5,5,5,5,3,0,22,13,8,0,22,13,8,0,5,5,5,5,5,21,0,28,29,29,29,29,29,17,0,22,13,8,0,22,13,8,2,29,29,29,29,29,29,0,12,12,12,12,12,12,7,0,22,13,8,0,22,13,8,1,12,12,12,12,12,12,7,7,7,7,7,7,7,0,0,22,13,8,0,22,13,8,0,3,7,7,7,7,7,8,8,8,8,8,8,8,0,0,22,13,8,0,22,13,8,0,4,8,8,8,8,8,17,17,17,17,17,11,0,0,0,22,13,8,0,22,13,8,0,0,2,17,17,17,17,0,7,9,9,3,0,0,0,0,22,5,3,0,8,13,8,0,0,0,0,8,9,9,0,23,6,6,2,0,0,0,0,22,1,0,0,2,13,8,0,0,0,0,5,6,17,0,22,0,2,13,0,0,0,0,22,13,8,0,22,13,8,0,0,0,2,13,0,13,0,22,0,3,18,0,0,0,0,22,13,8,0,22,13,8,0,0,0,3,18,0,13,0,22,0,3,28,25,25,25,25,28,11,7,0,19,13,27,25,25,25,26,18,0,13,0,22,0,3,21,6,6,6,6,6,0,0,0,0,3,6,6,6,6,10,18,0,13,5,24,0,3,18,0,0,0,0,0,0,0,0,0,0,0,0,0,0,3,18,0,13,10,10,0,0,0,0,0,0,0,0,0,0,0,0,0,0,0,0,0,0,0,0,5,17,17,17,17,17,17,17,17,17,17,17,17,17,17,17,17,17,17,17,17,17,17,17,4,0,0,0,0,0,0,0,0,0,0,0,0,0,0,0,0,0,0,0,0,0,0,29,1,0,0,0,0,0,0,0,0,0,0,0,0,0,0,0,0,0,0,0,0,0,29,1,2,8,3,0,8,6,0,5,8,0,2,8,3,0,8,6,0,5,8,0,0,29,1,6,29,11,0,26,21,0,16,29,1,6,29,11,0,26,21,0,16,29,1,0,29,1,6,29,11,0,26,21,0,16,29,1,6,29,11,0,26,21,0,16,29,1,0,29,1,6,29,11,0,26,21,0,16,29,1,6,29,11,0,26,21,0,16,29,1,0,29,1,6,29,11,0,26,21,0,16,29,1,6,29,11,0,26,21,0,16,29,1,0,29,1,3,15,6,0,14,11,0,9,15,1,3,15,6,0,14,11,0,9,15,1,0
0,0,0,0,0,0,0,0,0,0,0,0,0,0,0,0,0,0,0,0,0,0,0,0,0,0,0,0,0,0,0,0,0,0,0,0,0,0,0,0,0,0,0,0,0,0,8,8,8,8,8,8,8,8,8,8,8,8,8,8,8,8,8,8,8,8,8,8,8,7,7,7,7,7,7,7,7,7,7,7,7,7,7,7,7,7,7,7,7,7,7,7,23,19,1,20,20,20,19,0,15,20,20,20,5,8,20,20,20,12,0,0,0,1,0,26,21,1,27,29,29,26,0,20,29,29,28,7,11,28,29,28,16,0,0,6,29,11,26,21,2,1,26,21,0,0,3,16,29,1,0,3,6,29,11,3,0,0,6,29,11,26,21,13,8,26,21,0,3,18,16,29,1,0,22,6,29,11,22,0,0,6,29,11,26,21,13,8,26,21,0,3,18,16,29,1,0,22,6,29,11,22,0,0,6,29,11,26,21,11,7,26,21,0,3,15,16,29,1,0,18,6,29,11,18,0,0,6,29,11,26,24,8,8,27,24,8,8,8,20,29,10,8,8,13,29,17,6,0,0,6,29,11,26,29,29,29,29,29,29,29,29,29,29,29,29,29,29,29,29,20,0,0,2,10,4,8,9,9,9,9,9,9,9,9,9,9,9,9,9,9,9,9,6,0,0,0,0,0,17,17,17,17,17,17,17,17,17,17,17,17,17,17,17,17,17,17,17,17,17,17,17,0,0,0,0,0,0,0,0,0,0,0,0,0,0,0,0,0,0,0,0,0,0,0,5,6,6,6,6,6,6,6,6,6,6,6,6,6,6,6,6,4,0,0,0,0,0,21,29,29,29,29,29,29,29,29,29,29,29,29,29,29,29,29,17,0,0,6,25,10,8,11,11,11,28,25,11,11,11,11,11,11,28,25,11,11,11,7,0,0,6,29,11,0,0,0,0,26,21,0,0,0,0,0,0,26,21,0,0,0,0,0,0,6,29,11,11,14,13,0,26,21,1,14,14,14,13,0,26,21,1,14,14,8,0,0,6,29,11,7,9,9,0,8,7,0,9,9,9,9,0,8,7,0,9,9,5,0,0,2,9,3,0,0,0,0,0,0,0,0,0,0,0,0,0,0,0,0,0,0,0,0,0,0,0,0,0,0,0,0,0,0,0,0,0,0,0,0,0,0,0,0,0,0,0,0,0,0
6,0,26,21,0,0,0,3,18,0,13,8,0,22,0,3,18,0,13,8,0,22,0,0,0,26,21,0,0,0,2,12,0,13,8,0,14,0,3,18,0,8,5,0,22,0,0,0,26,21,0,0,0,0,0,0,13,13,3,3,2,9,18,0,0,0,0,23,5,3,0,26,21,0,0,0,1,9,20,12,27,18,22,13,27,17,20,6,8,17,21,28,11,0,26,21,0,0,0,3,18,22,0,3,18,22,13,8,0,22,13,12,18,0,13,11,0,26,21,0,0,0,3,18,22,0,3,18,22,13,8,0,22,13,12,18,0,13,11,0,26,21,0,0,0,3,18,6,0,3,18,14,13,8,0,6,13,10,5,0,13,11,0,26,21,0,0,0,3,18,0,0,3,18,0,13,8,0,0,13,8,0,0,13,6,0,26,21,0,0,0,3,18,0,5,5,9,8,6,5,6,0,13,8,0,8,6,0,0,26,21,0,0,0,3,18,0,13,10,6,22,4,6,18,0,13,8,0,22,4,0,0,26,21,0,0,0,3,18,0,13,12,18,22,13,12,18,0,13,8,0,22,13,6,0,26,21,0,0,0,3,18,0,13,12,18,22,13,12,18,0,13,8,0,22,13,0,0,26,21,0,0,0,0,0,0,0,4,18,0,13,9,0,0,0,0,0,0,13,8,0,26,21,0,0,0,0,0,0,0,3,18,0,13,8,0,0,0,0,0,0,13,11,0,26,21,0,0,0,0,0,0,5,7,18,9,13,10,7,0,0,0,0,9,13,11,0,26,21,0,0,0,0,0,0,13,12,18,22,13,12,18,0,0,0,0,22,13,11,0,26,21,0,0,0,2,10,0,13,12,18,22,13,12,18,0,7,5,0,22,13,11,0,26,21,0,0,0,3,18,0,13,12,18,22,13,12,18,0,13,8,0,22,13,11,0,26,21,0,0,0,3,18,0,13,12,18,22,13,12,18,0,13,8,0,22,13,11,0,26,21,0,0,0,3,18,0,13,10,8,22,6,7,18,0,13,8,0,22,6,11,0,7,5,0,0,0,3,18,4,13,9,3,22,2,5,18,4,13,9,3,22,2,11,0,4,3,0,0,0,3,18,22,13,12,18,22,13,12,18,22,13,12,18,22,13,11,0,26,21,0,0,0,3,18,22,13,12,18,22,13,12,18,22,13,12,18,22,13
0,0,0,0,28,3,22,0,0,0,0,0,3,18,0,0,0,0,0,13,8,0,0,0,0,0,0,28,3,8,0,0,0,0,0,1,6,0,0,0,0,0,5,3,0,0,0,0,0,0,28,23,21,21,21,21,21,21,21,21,21,21,21,21,21,21,21,21,21,0,0,0,0,10,10,10,10,10,10,10,10,10,10,10,10,10,10,10,10,10,10,10,17,6,0,2,17,17,17,17,17,17,17,17,17,17,17,17,17,17,17,17,17,17,17,0,0,0,0,0,0,0,0,0,0,0,0,0,0,0,0,0,0,0,0,0,0,0,0,0,0,0,0,1,29,29,29,29,29,29,17,1,29,29,29,29,29,29,29,29,29,0,8,6,0,0,1,18,18,18,21,29,23,11,1,18,18,18,21,29,23,18,18,18,0,26,21,0,0,1,17,17,10,6,29,11,7,17,17,17,10,6,29,11,7,17,17,0,26,21,0,0,1,14,14,8,6,29,11,6,14,14,14,8,6,29,11,6,14,14,0,26,21,0,0,0,0,0,0,6,29,11,0,0,0,0,0,6,29,11,0,0,0,0,26,21,0,0,0,11,11,11,16,29,19,11,11,11,11,11,16,29,19,11,11,11,0,14,11,0,0,1,29,29,29,29,29,29,29,29,29,29,29,29,29,29,29,29,29,0,0,0,0,0,0,6,6,6,6,6,6,6,6,6,6,6,6,6,6,6,6,6,0,0,0,0,0,0,0,0,0,0,0,0,0,0,0,0,0,0,0,0,0,0,0,17,17,17,17,17,17,17,17,17,17,17,17,17,17,17,17,17,17,17,17,17,17,17,0,0,0,0,0,1,9,9,9,9,9,9,9,9,9,9,9,9,9,9,9,9,9,0,18,15,0,0,4,29,29,29,29,29,29,29,29,29,29,29,29,29,29,29,29,29,0,26,21,0,0,1,8,27,24,8,8,8,20,29,10,8,8,13,29,17,8,13,29,0,26,21,0,0,11,7,26,21,11,7,0,16,29,5,15,0,6,29,11,18,6,29,0,26,21,0,0,13,8,26,21,13,8,0,16,29,5,18,0,6,29,11,22,6,29,0,26,21,0,0,13,8,26,21,13,8,0,16,29,5,18,0,6,29,11,22,6,29,0,26,21,0,0,2,1,26,21,2,1,0,16,29,2,3,0,6,29,11,3,6,29
0,16,5,0,22,16,5,0,22,16,5,0,22,0,6,15,0,16,12,15,0,16,10,0,7,2,0,9,16,5,0,22,7,2,0,10,0,3,7,0,7,9,15,0,16,8,0,0,0,0,2,18,5,0,23,3,0,0,0,0,0,0,0,1,10,15,0,16,8,0,0,0,0,17,28,5,0,26,27,0,0,0,0,0,0,0,7,28,15,0,16,27,0,0,0,0,0,0,0,0,0,0,0,0,0,9,28,8,0,0,0,0,0,0,0,0,0,0,0,0,0,0,0,0,0,0,0,0,9,29,8,0,0,0,0,0,0,0,0,0,0,0,0,0,0,0,0,0,0,0,0,9,29,8,0,0,0,0,0,0,0,0,0,0,0,0,0,0,0,0,0,0,0,0,9,29,8,0,0,0,0,0,0,0,0,0,0,0,4,7,1,0,7,7,0,0,0,8,25,7,0,2,7,4,0,4,7,0,0,0,0,14,27,5,0,26,23,0,0,0,0,0,0,0,6,26,15,0,16,24,0,0,0,0,0,16,5,0,22,0,0,0,0,0,0,0,0,0,6,15,0,16,5,0,12,4,0,16,16,5,0,22,12,4,0,16,0,5,11,0,12,11,15,0,16,9,0,16,5,0,22,16,5,0,22,16,5,0,22,0,6,15,0,16,12,15,0,16,10,16,16,10,11,22,16,5,0,22,16,10,11,22,0,6,15,16,16,12,15,0,16,10,22,16,12,15,22,16,5,0,22,16,12,15,22,0,6,15,22,16,12,15,0,16,10,22,16,12,15,22,16,5,0,22,16,12,15,22,0,6,15,22,16,12,15,0,16,10,22,16,12,15,22,16,5,0,22,16,12,15,22,0,6,15,22,16,12,15,0,16,10,8,14,7,5,22,6,2,0,8,16,8,5,19,0,5,13,8,16,8,5,0,6,7,8,0,2,5,22,6,5,7,8,16,8,5,0,0,0,0,8,16,8,5,11,6,7,22,8,9,15,22,16,12,15,22,16,12,15,11,0,3,7,22,16,12,15,22,16,10,22,16,12,15,22,16,12,15,22,16,12,15,22,0,6,15,22,16,12,15,22,16,10,0,16,6,0,22,0,7,15,0,16,6,0,22,0,6,15,0,16,6,0,22,0,5,0,16,5,0,22,13,11,15,18,16,5,0,22,0,6,15,0,16,11,12,22,13,9
0,0,0,10,12,17,19,14,12,17,22,14,12,17,22,14,12,15,0,0,0,0,0,0,0,0,10,11,13,0,10,10,17,16,12,10,13,22,10,5,0,0,0,0,0,0,0,0,0,10,7,0,10,0,4,17,0,0,0,0,22,0,2,8,0,0,0,0,0,0,0,0,10,12,17,22,14,12,17,22,0,4,17,22,14,12,17,0,0,0,0,0,0,0,0,10,12,17,22,14,12,17,22,0,4,17,22,14,12,17,0,0,0,0,0,0,0,0,10,12,17,22,14,12,17,22,0,4,17,22,14,12,17,0,0,0,0,0,0,0,0,10,12,17,22,14,12,17,22,0,4,17,22,14,12,17,0,0,0,0,0,0,0,0,10,8,1,22,1,5,17,22,0,4,17,22,1,5,17,0,0,0,0,0,0,0,0,10,7,0,22,0,4,17,22,0,4,17,22,0,4,17,0,0,0,0,0,0,0,0,1,0,0,3,0,0,1,22,0,4,17,2,0,0,2,0,0,0,0,0,0,0,0,5,0,0,0,0,0,12,25,0,4,23,9,0,0,0,0,0,0,0,0,0,0,0,6,0,0,0,0,0,16,17,0,3,18,12,0,0,2,8,3,0,0,0,0,0,0,0,0,0,0,0,0,0,0,0,0,0,0,0,0,7,29,10,0,0,0,0,0,0,0,0,0,0,0,0,0,0,0,0,0,0,0,0,7,29,10,0,0,0,0,0,0,0,0,0,0,0,0,0,0,0,0,0,0,0,0,7,29,10,0,0,0,0,0,0,0,0,0,0,0,0,0,0,0,0,0,0,0,0,7,29,10,0,0,0,0,0,0,6,0,0,0,0,0,15,16,0,2,17,11,0,0,4,15,5,0,0,0,0,0,0,5,0,0,0,0,0,12,25,0,4,23,9,0,0,0,0,0,0,0,0,0,0,0,0,0,0,1,0,0,1,22,0,4,17,1,0,0,1,0,0,0,0,0,0,0,0,10,7,0,22,0,4,17,22,0,4,17,22,0,4,17,0,0,0,0,0,0,0,0,10,8,0,22,0,5,17,22,0,4,17,22,0,5,17,0,0,0,0,0,0,0,0,10,12,17,22,14,12,17,22,0,4,17,22,14,12,17,0,0,0,0,0,0,0,0,10,12,17,22,14,12,17,22,0,4,17,22,14,12,17,0,0,0,0,0
12,0,0,0,0,0,0,0,6,29,11,0,26,21,0,16,29,1,0,1,9,22,6,7,7,7,7,2,0,0,0,6,29,11,0,26,21,0,16,29,1,0,3,18,22,13,8,8,8,8,3,0,0,0,6,29,11,0,26,21,0,16,29,1,0,3,18,22,13,0,0,0,0,0,0,0,0,6,29,11,0,26,21,0,16,29,1,0,3,18,5,13,0,0,26,21,0,16,29,1,6,29,11,0,26,21,0,16,29,1,0,3,18,0,13,0,0,26,21,0,16,29,1,6,29,11,0,26,21,0,16,29,1,0,3,18,0,13,0,0,26,21,0,16,29,1,6,29,11,0,26,21,0,16,29,1,0,3,18,0,13,0,0,26,21,0,16,29,1,6,29,11,0,26,21,0,16,29,1,0,2,12,0,13,0,0,26,21,0,16,29,1,1,7,3,0,7,5,0,16,29,1,0,0,0,0,13,0,0,26,21,0,16,29,1,1,4,1,0,4,3,0,16,29,1,0,0,0,0,6,0,0,10,8,0,6,11,0,6,29,11,0,26,21,0,16,29,1,0,0,0,0,0,0,0,0,0,0,0,0,0,6,29,11,0,26,21,0,16,29,1,0,0,0,0,0,17,17,17,17,6,0,0,0,6,29,11,0,26,21,0,16,29,1,0,3,18,0,13,0,0,0,0,0,0,0,0,6,29,11,0,26,21,0,16,29,1,0,3,18,0,13,0,0,0,0,0,0,0,0,6,29,11,0,26,21,0,16,29,1,0,3,18,0,13,0,0,22,18,0,14,25,1,6,29,11,0,26,21,0,16,29,1,0,3,18,0,6,0,0,26,21,0,16,29,1,6,29,11,0,26,21,0,16,29,1,0,3,18,0,0,0,0,26,21,0,16,29,1,6,29,11,0,26,21,0,16,29,1,0,3,18,5,0,0,0,26,21,0,16,29,1,6,29,11,0,26,21,0,16,29,1,0,3,18,22,0,0,0,26,21,0,16,29,1,6,29,11,0,26,21,0,16,29,1,0,3,18,22,0,0,0,0,0,0,0,0,0,0,0,0,0,0,0,0,9,15,1,0,2,10,22,12,0,0,0,0,0,0,0,0,0,0,0,0,0,0,0,0,0,0,0,0,0,0,13,0,0,0,0,0,0,0,0,0,0,0,0,0,0,0,15,26,1,0,2,10,0,13
0,0,0,0,0,0,0,0,0,0,0,0,0,0,0,0,0,0,0,0,0,0,0,0,0,0,0,0,0,0,0,0,0,0,0,0,0,0,0,0,0,0,0,0,0,0,0,0,0,0,0,0,0,0,0,0,0,0,0,0,0,0,0,0,0,0,0,0,0,0,0,0,0,0,0,0,0,0,0,0,0,0,0,0,0,0,0,0,0,0,0,0,0,0,0,0,0,0,0,0,0,0,0,0,0,0,0,0,0,0,0,0,0,0,0,0,0,0,0,0,0,0,0,0,0,0,0,0,0,0,0,0,0,0,0,0,0,0,13,13,13,13,13,13,13,13,13,5,0,0,0,0,0,2,13,13,13,13,13,13,13,2,2,2,2,2,2,2,2,2,1,0,0,0,0,0,0,2,2,2,2,2,2,2,0,0,0,6,5,0,3,6,0,1,6,2,0,0,0,0,2,13,0,10,6,0,16,0,0,0,26,21,0,16,29,1,6,29,11,0,0,0,0,3,18,0,13,8,0,22,0,0,0,26,21,0,16,29,1,6,29,11,0,0,0,0,3,18,0,13,8,0,22,0,0,0,26,21,0,16,29,1,6,29,11,0,0,0,0,3,18,0,13,8,0,22,0,0,0,26,21,0,16,29,1,6,29,11,0,0,0,0,3,18,0,13,8,0,22,0,0,0,26,21,0,16,29,1,6,29,11,0,0,0,8,9,18,13,13,11,11,22,0,0,0,26,21,0,16,29,1,6,29,11,0,0,0,13,12,18,22,13,12,18,22,0,0,0,5,4,0,3,5,0,1,5,2,0,0,0,13,12,18,22,13,12,18,22,0,0,0,0,0,0,0,0,0,0,0,0,0,0,0,6,6,9,11,6,6,9,11,0,0,0,0,0,0,0,0,0,0,0,0,0,0,0,0,0,0,0,0,0,0,0,0,0,0,0,0,0,0,0,0,0,0,0,0,0,0,0,0,0,0,0,0,0,0,0,0,0,0,0,0,0,0,0,0,0,0,0,0,0,0,0,0,0,0,0,0,0,0,0,0,0,0,0,0,0,0,0,0,0,0,0,0,0,0,0,0,0,0,0,0,0,0,0,0,0,0,0,0,0,0,0,0,0,0,0,0,0,0,0,0,0,0,0,0,0,0,0,0,0,0,0,0,0,0,0,0,0,0,0,0,0,0,0,0,0,0
0,3,18,0,6,29,11,0,0,3,18,0,13,8,0,0,0,0,26,21,0,16,29,17,4,18,0,0,0,0,0,0,3,18,0,13,8,0,0,0,0,0,0,0,0,0,17,17,14,0,0,0,0,0,0,3,18,0,13,8,0,0,0,0,0,0,0,0,0,0,0,0,0,0,0,0,0,0,3,18,0,13,8,0,0,0,0,0,0,0,0,0,17,17,17,17,17,17,17,0,0,3,18,0,13,8,0,0,0,8,17,17,17,17,17,0,0,0,0,0,0,0,0,0,3,18,0,13,8,0,0,0,0,0,0,0,0,0,0,0,0,0,0,0,0,0,0,3,18,0,13,8,0,0,0,0,0,0,0,0,0,0,0,0,0,4,18,7,0,0,3,18,0,13,8,0,0,0,0,17,13,0,10,18,11,11,11,0,6,29,11,0,0,3,18,0,13,8,0,0,0,0,26,21,0,16,29,26,25,19,0,6,29,11,0,0,3,18,0,13,8,0,0,0,0,26,21,0,16,29,18,13,0,0,6,29,11,0,0,3,18,0,13,8,0,0,0,0,26,21,0,16,29,18,13,0,0,6,29,11,0,0,3,18,0,13,8,0,0,0,0,26,21,0,16,29,18,13,0,0,1,5,2,0,0,3,18,0,13,8,0,0,0,0,5,4,0,3,5,18,13,0,0,0,0,0,0,0,3,18,0,13,8,0,0,0,0,0,0,0,0,0,18,13,3,7,7,7,7,0,0,3,18,0,13,8,0,0,0,3,7,7,7,7,7,18,13,4,8,8,8,8,0,0,3,18,0,13,8,0,0,0,4,8,8,8,8,8,29,28,27,27,27,0,0,0,0,3,18,0,13,8,0,0,0,0,0,0,0,0,0,20,16,4,4,4,0,0,0,0,3,18,0,13,8,0,0,0,0,26,21,0,16,29,18,13,0,0,7,4,0,0,0,3,18,0,13,8,0,0,0,0,26,21,0,16,29,18,14,6,9,13,8,0,0,0,3,18,0,13,8,0,0,0,0,26,21,0,16,29,18,14,15,22,13,8,0,0,0,3,18,0,13,8,0,0,0,0,26,21,0,16,29,18,14,15,16,13,8,0,0,0,2,13,0,13,8,0,0,0,0,26,21,0,16,29,18,14,10,0,13,8,0,0,0,0,0,0,10,6,0,0,0,0,26,21,0,16,29
7,14,14,14,14,14,14,14,14,14,14,14,10,0,0,0,0,2,14,14,14,14,14,17,17,17,17,17,17,0,0,0,3,0,0,0,0,0,0,23,17,17,17,17,17,17,0,0,6,0,0,0,0,0,3,18,0,0,0,0,0,0,22,0,0,4,2,0,0,0,0,22,0,0,0,0,0,3,18,0,0,0,0,0,0,22,0,0,13,8,0,0,0,0,22,0,0,0,0,0,3,18,0,0,0,0,0,0,22,0,0,13,8,0,0,0,0,7,5,5,5,5,5,6,7,5,5,5,5,1,0,22,0,0,5,6,5,5,1,5,14,14,14,14,14,14,14,14,14,14,13,19,8,0,22,0,3,13,14,14,14,6,20,18,12,12,12,12,12,12,12,12,12,9,13,8,0,22,2,15,23,12,12,12,0,13,8,1,7,7,7,7,7,7,7,7,0,13,8,0,22,0,3,18,0,6,7,0,13,8,1,8,8,8,8,8,8,8,8,0,13,8,0,22,0,3,18,0,7,8,0,13,11,3,3,3,3,3,3,3,3,3,2,13,8,0,22,0,3,20,3,3,3,0,8,14,14,14,12,12,12,12,12,12,12,9,13,8,0,22,0,3,14,14,14,13,7,14,16,24,10,0,0,0,1,7,0,0,0,13,8,0,22,2,14,14,26,14,0,0,9,10,18,0,0,0,0,3,18,0,0,0,13,8,0,22,0,2,13,22,0,0,0,13,12,18,0,0,0,0,3,18,0,0,0,13,8,0,22,0,3,18,22,0,0,0,9,10,18,0,0,0,0,1,5,0,0,0,13,8,0,22,0,2,13,22,0,0,7,15,17,24,15,15,15,15,15,15,15,15,15,22,8,0,22,2,15,15,26,15,15,14,14,14,14,14,14,1,0,0,0,0,0,0,0,0,0,23,14,14,14,14,14,14,2,2,2,2,2,2,0,0,0,0,0,0,0,0,0,0,2,2,2,2,2,2,2,17,17,17,17,17,17,17,17,17,17,17,17,17,17,17,17,17,17,17,17,17,17,17,0,0,0,0,0,0,0,0,0,0,0,0,0,0,0,0,0,0,0,0,0,0,0,0,0,0,25,29,29,29,29,29,27,0,22,29,29,29,7,12,29,29,29,17,2,29,0,0,0,15,18,18,18,28,27,17,0,14,25,29,19,5,8,21,29,23,11,1,18
7,14,0,17,12,14,22,17,12,14,22,17,4,0,22,17,12,14,22,17,12,14,22,7,14,0,17,12,14,22,17,12,14,22,17,4,0,22,17,12,14,22,17,12,14,22,0,0,0,0,8,14,0,8,2,0,22,0,0,0,0,17,5,0,11,0,8,14,0,5,10,19,12,11,14,16,0,5,10,22,12,10,12,16,17,10,10,0,12,11,14,16,7,14,22,17,12,14,22,14,12,14,22,17,12,14,22,17,12,14,19,17,12,14,22,5,10,22,12,11,14,16,17,10,10,22,12,11,14,16,17,10,10,22,12,11,14,16,1,1,22,2,8,14,0,17,4,0,22,2,8,14,3,17,4,0,22,0,7,14,3,7,14,22,17,12,14,0,17,4,0,22,17,12,14,22,17,4,0,22,0,7,14,22,7,14,22,17,12,14,16,17,10,10,22,17,12,14,22,17,10,10,22,13,11,14,22,7,14,22,17,12,14,22,17,12,14,22,17,12,14,22,17,12,14,22,17,12,14,22,0,1,22,1,8,14,22,17,12,14,22,1,8,14,2,17,12,14,22,17,12,14,2,0,0,22,0,7,14,7,17,7,4,22,0,7,14,0,17,7,4,22,5,9,14,0,0,0,22,0,7,14,0,17,4,0,22,0,7,14,0,17,4,0,22,0,7,14,0,0,0,6,0,7,14,0,5,1,0,22,0,2,4,0,17,4,0,6,0,7,14,0,12,7,11,9,19,14,5,0,1,3,25,15,6,7,14,24,6,3,0,4,9,22,13,17,14,22,17,19,8,22,14,12,14,15,24,12,14,25,17,10,14,19,17,9,17,24,7,14,22,17,4,0,22,17,12,14,0,17,12,14,22,0,7,14,22,17,4,0,22,7,14,22,17,4,0,21,17,12,13,0,17,12,14,22,0,7,13,22,16,4,0,22,7,14,6,17,4,0,0,17,4,0,0,17,7,4,22,0,0,0,22,0,0,0,22,7,14,0,17,4,0,0,17,4,0,0,17,4,0,22,0,0,0,22,0,0,0,22,1,2,16,2,6,10,0,17,4,0,16,2,6,10,3,12,3,0,22,0,5,10,3,5,9,22,11,11,14,0,17,4,0,22,11,11,14,15,17,4,0,22,0,7,14,15,7,14,22,17,12,14,0,17,4,0,22,17,12,14,22,17,4,0,22,0,7,14,22
0,0,0,0,0,0,0,0,0,0,0,0,0,0,0,0,0,0,0,0,0,0,0,0,0,0,0,0,0,0,0,0,0,0,0,0,0,0,0,0,0,0,0,0,0,0,0,0,0,0,0,0,0,0,0,0,0,0,0,0,0,0,0,0,0,0,0,0,0,0,0,0,0,0,0,0,0,0,0,0,0,0,0,0,0,0,0,0,0,0,0,0,0,0,0,0,0,0,0,0,0,0,0,0,0,0,0,0,0,0,0,0,0,0,0,8,8,8,8,8,8,0,4,20,8,0,0,11,9,8,9,16,6,7,13,11,9,8,0,0,0,0,0,0,0,6,29,11,0,0,22,13,12,18,22,13,12,18,22,13,12,0,19,16,0,12,21,1,6,29,11,0,0,22,13,12,18,22,13,12,18,22,13,12,0,26,21,0,16,29,1,6,29,11,0,0,22,13,12,18,22,13,12,18,22,13,12,0,26,21,0,16,29,1,6,29,11,0,0,9,13,10,7,22,5,7,18,9,13,10,0,26,21,0,16,29,1,6,29,11,0,0,0,13,8,0,22,0,3,18,0,13,8,0,26,21,0,16,29,1,6,29,11,0,0,0,13,8,0,22,0,3,18,0,13,8,0,26,21,0,16,29,1,6,29,11,0,0,0,13,8,0,22,0,3,18,0,13,8,0,18,15,0,11,20,1,6,29,11,0,0,0,13,8,0,22,0,3,18,0,13,8,0,0,0,0,0,0,0,6,29,11,0,0,0,7,4,0,12,0,2,10,0,7,4,8,8,8,8,8,8,0,6,29,11,0,0,4,8,8,8,8,8,8,8,8,8,8,7,7,7,7,7,7,0,6,29,11,0,0,3,7,7,7,7,7,7,7,7,7,7,0,0,0,0,0,0,0,5,21,8,0,0,0,0,0,0,0,0,0,0,0,0,0,0,0,0,0,0,0,0,0,0,0,0,0,0,0,0,0,0,0,0,0,0,0,0,0,0,0,0,0,0,0,0,0,0,0,0,0,0,0,0,0,0,0,0,0,0,0,0,0,0,0,0,0,0,0,0,0,0,0,0,0,0,0,0,0,0,0,0,0,0,0,0,0,0,0,0,0,0,0,0,0,0,0,0,0,0,0,0,0,0,0,0,0,0,0,0,0,0,0,0,0,0,0,0,0,0,0,0,0,0,0,0,0,0,0,0
3,3,3,3,3,3,3,3,1,1,3,3,3,3,3,3,3,3,3,3,3,3,3,29,29,29,29,29,29,29,29,7,12,29,29,29,29,29,29,29,29,29,29,29,29,29,28,25,14,14,14,23,29,15,3,6,18,29,20,14,14,14,28,25,14,14,14,23,29,26,21,0,0,0,16,29,1,0,0,6,29,11,0,0,0,26,21,0,0,0,16,29,29,29,26,0,21,29,29,28,7,12,28,29,28,16,2,27,29,29,26,0,21,29,29,20,20,19,0,16,20,20,20,5,9,20,20,20,12,2,20,20,20,19,0,16,20,20,0,0,0,0,0,0,0,0,0,0,0,0,0,0,0,0,0,0,0,0,0,0,0,29,29,29,29,29,29,8,0,0,0,0,13,29,29,29,29,29,29,29,29,29,29,29,6,6,6,6,6,6,4,3,3,3,3,5,6,6,6,6,6,6,6,6,6,6,6,12,12,12,12,12,12,12,12,12,12,12,12,12,12,12,12,12,12,12,12,12,12,12,7,7,7,7,2,0,0,0,0,0,0,0,0,3,7,7,7,7,7,7,2,3,7,29,29,29,29,7,0,0,0,0,0,0,0,0,11,29,29,29,29,29,29,7,11,29,10,21,29,12,2,3,17,22,0,3,18,21,0,4,15,29,18,10,10,10,2,4,15,0,16,29,1,0,3,18,22,0,3,18,22,0,0,6,29,11,0,0,0,0,0,6,4,16,29,1,0,3,18,22,0,3,18,22,0,0,6,29,11,8,23,23,23,12,6,1,16,29,1,0,3,18,22,0,3,18,22,0,0,6,29,11,3,8,8,8,4,6,3,18,29,5,1,3,18,22,0,3,18,22,0,1,10,29,14,3,3,3,3,3,10,29,29,29,29,7,0,0,22,0,3,18,0,0,11,29,29,29,29,29,29,29,29,29,14,14,14,14,3,0,0,22,0,3,18,0,0,5,14,14,14,14,14,14,14,14,14,13,13,13,13,13,13,5,22,0,3,18,6,13,13,13,13,13,13,13,13,13,13,13,2,2,2,2,2,2,1,22,0,3,18,1,2,2,2,2,2,2,2,2,2,2,2,9,9,9,0,0,1,9,22,0,3,18,11,0,0,1,9,9,9,9,9,9,9,0,4,4,4,0,0,0,3,3,0,0,3,3,0,0,0,4,4,4,4,4,4,4,0
0,0,0,9,12,22,19,12,12,22,0,0,0,0,12,29,5,2,29,15,0,22,25,0,20,0,9,12,22,19,12,12,22,0,8,11,0,12,29,5,2,29,15,0,22,25,0,22,0,9,12,22,19,12,12,22,0,9,12,0,3,7,1,2,29,15,0,22,25,0,22,0,9,12,22,19,12,12,22,0,9,12,0,2,4,0,2,29,15,0,22,25,0,22,0,9,12,2,19,3,1,22,0,9,12,0,12,29,5,2,29,15,0,22,25,4,22,10,11,12,12,19,8,6,22,10,11,12,0,12,29,5,2,29,15,0,22,25,8,22,19,12,12,22,19,12,12,22,19,12,12,0,12,29,5,2,29,15,0,22,25,8,22,19,12,12,22,19,12,12,22,19,12,12,0,12,29,5,2,29,15,0,22,25,8,4,19,4,2,22,3,10,12,4,19,4,2,0,12,29,5,2,29,15,0,22,25,8,0,19,28,27,22,0,9,28,27,29,2,0,0,12,29,5,2,29,15,0,22,25,8,0,19,7,4,22,0,9,15,4,21,2,0,0,12,29,5,2,29,15,0,22,25,8,0,19,2,0,22,0,9,12,0,19,2,0,0,12,29,5,2,29,15,0,22,25,8,0,19,2,0,22,0,9,12,0,19,2,0,0,12,29,5,2,29,15,0,22,25,8,0,19,2,0,22,0,9,12,0,19,2,0,0,12,29,5,2,29,15,0,22,25,8,0,19,2,0,22,0,9,12,0,19,2,0,0,12,29,5,2,29,15,0,22,25,7,0,17,2,0,19,0,8,11,0,17,2,0,0,12,29,5,2,29,15,0,22,25,0,0,0,0,0,0,0,0,0,0,0,0,0,0,12,29,5,2,29,15,0,22,25,14,17,17,17,17,17,17,17,17,17,17,17,2,0,12,29,5,2,29,15,0,22,25,0,0,1,1,1,1,0,0,1,1,1,0,0,0,12,29,5,2,29,15,0,22,25,8,0,19,29,29,22,0,9,29,29,29,2,0,0,12,29,5,2,29,15,0,22,25,8,0,19,4,1,22,0,9,13,2,20,2,0,0,12,29,5,2,29,15,0,22,25,8,0,19,12,12,22,0,9,12,22,19,2,0,0,12,29,5,2,29,15,0,22,25,8,0,1,10,12,22,0,0,0,22,19,2,0,0,12,29,5,2,29,15,0,22,25
0,0,0,0,0,0,0,0,0,0,0,0,0,0,0,0,0,0,0,0,0,0,0,0,0,0,0,0,0,0,0,0,0,0,0,0,0,0,0,0,0,0,0,0,0,0,5,8,8,8,8,8,8,8,8,8,8,8,8,8,8,8,8,8,8,8,8,8,8,4,7,7,7,7,7,7,7,7,7,7,7,7,7,7,7,7,7,7,7,7,7,7,0,9,3,0,13,0,3,9,0,9,3,0,13,0,3,9,0,9,3,0,13,0,2,0,16,5,0,22,0,6,15,0,16,5,0,22,0,6,15,0,16,5,0,22,0,4,0,16,5,0,22,0,6,15,0,16,5,0,22,0,6,15,0,16,5,0,22,0,4,0,16,5,0,22,0,6,15,0,16,5,0,22,0,6,15,0,16,5,0,22,0,4,0,16,5,0,22,0,6,15,0,16,5,0,22,0,6,15,0,16,5,0,22,0,4,9,16,9,6,22,7,9,15,9,16,9,6,22,7,9,15,9,16,9,6,22,7,7,22,16,12,15,22,16,12,15,22,16,12,15,22,16,12,15,22,16,12,15,22,16,10,22,16,12,15,22,16,12,15,22,16,12,15,22,16,12,15,22,16,12,15,22,16,10,22,16,12,15,22,16,12,15,22,16,12,15,22,16,12,15,22,16,12,15,22,16,10,10,16,9,7,22,7,9,15,10,16,9,7,22,7,9,15,10,16,9,7,22,7,7,0,16,13,8,23,0,6,20,8,20,5,0,24,8,13,15,0,16,13,8,23,0,4,0,13,23,23,25,0,5,23,23,27,5,0,21,23,25,15,0,13,23,23,25,0,3,0,4,4,2,22,0,3,4,4,16,5,2,4,4,7,15,0,4,4,2,22,0,3,3,27,28,15,22,0,22,27,25,16,5,13,27,29,12,15,3,27,28,15,22,0,20,0,0,6,15,22,0,0,0,22,16,5,0,0,16,12,15,0,0,6,15,22,0,0,0,6,9,15,22,0,2,5,22,16,5,0,8,16,12,15,0,6,9,15,22,0,1,0,5,4,5,7,0,2,5,7,5,1,0,7,5,4,5,0,5,4,5,7,0,1,0,0,0,0,0,0,0,0,0,0,0,0,0,0,0,0,0,0,0,0,0,0,0,0,0,0,0,0,0,0,0,0,0,0,0,0,0,0,0,0,0,0,0,0,0,0
15,0,4,10,22,11,10,15,15,0,4,10,0,11,10,15,15,16,10,10,0,11,3,22,0,6,15,22,16,12,15,22,0,6,15,0,16,12,15,22,16,12,15,0,16,5,22,0,6,15,16,16,10,11,22,0,6,15,0,16,10,11,22,11,11,15,0,16,5,22,0,5,12,3,13,5,2,17,0,6,15,0,13,5,2,17,2,6,12,0,16,5,22,0,0,0,22,0,6,15,0,0,6,15,0,0,6,15,0,16,5,0,0,16,5,22,0,0,0,22,4,8,15,0,0,6,15,0,0,6,15,6,16,5,0,0,16,5,22,15,5,0,22,16,12,15,0,15,12,15,20,0,6,15,22,16,5,0,20,16,10,22,16,5,0,22,16,12,15,0,16,12,15,22,0,6,15,22,16,5,0,22,16,10,19,16,9,15,24,16,12,23,13,16,12,13,22,9,19,15,22,16,18,8,22,14,10,0,5,8,23,14,9,7,17,24,5,1,0,6,16,19,9,12,9,20,15,6,0,1,5,0,6,15,0,3,1,0,22,0,1,3,0,16,5,0,5,0,6,15,0,3,1,22,0,6,15,0,16,5,0,22,0,6,15,0,16,5,0,22,0,6,15,0,16,5,22,5,8,15,0,16,5,0,22,5,8,15,6,16,5,0,22,0,6,15,6,16,7,22,16,12,15,1,16,6,1,22,16,12,15,22,16,6,1,22,1,7,15,22,16,10,22,16,12,15,22,16,12,15,22,16,12,15,22,16,12,15,22,16,12,15,22,16,10,22,13,11,15,22,16,12,15,22,13,11,15,18,16,12,15,22,16,12,15,18,16,9,22,0,6,15,22,16,12,15,22,0,6,15,0,16,12,15,22,16,12,15,0,16,5,22,0,6,15,3,16,7,2,22,0,6,15,0,16,7,2,22,2,7,15,0,16,5,22,11,10,15,15,16,10,10,22,11,10,15,15,16,10,10,22,11,10,15,15,16,9,19,16,12,15,22,16,12,15,22,16,12,13,22,16,12,15,22,16,12,15,22,14,10,0,12,11,15,16,14,10,11,22,12,4,0,16,16,11,11,19,12,11,15,16,0,3,10,0,6,15,0,0,0,0,22,0,3,7,0,16,5,0,0,0,6,15,0,7,2,22,16,12,15,22,0,6,15,22,16,12,15,22,16,12,15,0,16,12,15,22,16,10
0,0,3,25,25,25,25,25,25,25,25,25,25,25,25,25,25,25,25,25,25,26,23,0,0,0,0,0,0,0,0,0,0,0,0,0,0,0,0,0,0,0,0,0,8,23,2,25,25,25,24,0,19,25,25,25,6,11,25,25,25,15,2,25,25,25,24,8,23,2,22,29,28,21,0,17,26,29,23,6,9,24,29,25,13,2,22,29,28,21,8,23,0,0,26,21,0,0,0,16,29,1,0,0,6,29,11,0,0,0,26,21,0,8,23,1,19,28,27,19,19,19,25,29,20,19,19,22,29,23,19,19,19,28,27,18,8,23,2,28,28,28,28,28,28,28,28,28,28,28,28,28,28,28,28,28,28,28,27,8,23,0,0,0,0,0,0,0,0,0,0,0,0,0,0,0,0,0,0,0,0,0,8,23,0,0,0,0,0,0,0,0,0,0,0,0,0,0,0,0,0,0,0,0,0,8,23,17,17,17,17,17,17,17,17,17,17,17,17,17,17,17,17,17,17,17,17,6,8,23,0,0,0,0,0,0,0,0,0,1,1,1,1,1,1,1,1,1,1,1,1,8,23,0,0,0,0,0,0,0,0,0,29,29,29,29,29,29,29,29,29,29,29,25,8,23,0,0,9,13,13,13,13,13,14,14,14,14,14,14,3,6,14,14,14,14,14,18,23,0,0,13,18,18,18,18,18,18,18,18,18,18,18,3,6,18,18,18,18,18,22,23,0,0,0,0,0,0,10,6,0,0,0,0,0,16,0,0,0,0,0,2,13,8,23,0,0,0,0,0,0,13,8,0,0,0,0,0,22,0,0,0,0,0,3,18,8,23,0,0,0,0,0,0,9,6,0,0,0,0,0,16,0,0,0,0,0,2,13,8,23,0,0,9,11,11,11,11,11,11,11,11,11,11,11,11,11,11,11,11,11,11,17,23,0,0,16,20,20,20,20,20,20,20,20,20,20,20,20,20,20,20,20,20,20,20,16,7,7,7,7,7,7,7,7,7,7,7,7,7,7,7,7,7,7,7,7,7,7,7,8,8,8,8,8,8,8,8,8,8,8,8,8,8,8,8,8,8,8,8,8,8,8,0,0,0,7,19,19,19,19,19,19,19,19,18,0,14,19,19,19,19,19,18,0,0,0,0,0,11,28,28,28,29,29,29,28,28,27,0,21,29,29,29,28,28,27,0,0
6,11,0,13,3,0,17,0,6,11,0,13,3,0,17,0,6,11,0,13,3,0,17,7,14,0,17,4,0,22,0,7,14,0,17,4,0,22,0,7,14,0,17,4,0,22,7,14,0,17,4,0,22,0,7,14,0,17,4,0,22,0,7,14,0,17,4,0,22,7,14,0,17,4,0,22,0,7,14,0,17,4,0,22,0,7,14,0,17,4,0,22,7,14,0,17,4,0,22,0,7,14,0,17,4,0,22,0,7,14,0,17,4,0,22,9,14,0,17,6,1,23,0,7,15,1,18,4,0,23,1,9,14,0,17,6,1,23,23,14,0,17,29,29,25,0,7,29,29,29,4,0,27,29,29,14,0,17,29,29,25,8,14,2,17,6,2,23,1,8,15,3,18,5,1,23,2,9,14,2,17,6,2,23,7,14,22,17,12,14,22,17,12,14,22,17,12,14,22,17,12,14,22,17,12,14,22,7,14,22,17,12,14,22,17,12,14,22,17,12,14,22,17,12,14,22,17,12,14,22,5,9,22,11,11,14,14,17,10,9,22,11,11,14,14,17,10,9,22,11,11,14,14,0,0,22,0,7,14,0,17,4,0,22,0,7,14,0,17,4,0,22,0,7,14,0,0,0,22,0,7,14,22,17,12,14,22,0,7,14,0,17,12,14,22,17,12,14,0,0,0,22,0,7,14,22,17,12,14,22,0,7,14,0,17,12,14,22,17,12,14,0,0,0,22,0,7,14,22,17,12,14,22,0,7,14,0,17,12,14,22,17,12,14,0,0,0,0,0,7,14,22,17,12,14,22,0,0,0,0,17,12,14,22,17,12,14,0,0,0,0,0,6,12,22,15,12,14,19,0,0,0,0,15,12,14,19,17,11,12,0,0,0,0,0,0,0,22,0,7,14,0,0,0,0,0,0,7,14,0,17,4,0,0,0,0,0,0,0,0,22,0,7,14,0,0,0,0,0,0,7,14,0,17,4,0,0,0,0,13,0,4,8,22,10,10,14,13,0,4,8,0,10,10,14,13,17,9,8,0,0,0,22,0,7,14,22,17,12,14,22,0,7,14,0,17,12,14,22,17,12,14,0,0,0,22,0,7,14,17,17,11,11,22,0,7,14,0,17,11,11,22,13,11,14,0,0,0,17,0,6,11,0,13,3,0,17,0,6,11,0,13,3,0,17,0,6,11,0
0,0,0,10,12,17,22,14,12,17,22,0,4,17,22,14,12,17,0,0,0,0,0,0,0,0,10,12,17,22,14,12,17,22,0,4,17,22,14,12,17,0,0,0,0,0,0,0,0,10,12,17,22,14,12,17,22,0,4,17,22,14,12,17,0,0,0,0,0,0,0,0,10,8,1,22,1,5,17,22,0,4,17,22,1,5,17,0,0,0,0,0,0,0,0,10,7,0,22,0,4,17,22,0,4,17,22,0,4,17,0,0,0,0,0,0,0,0,1,0,0,3,0,0,1,22,0,4,17,2,0,0,2,0,0,0,0,0,0,0,0,5,0,0,0,0,0,12,25,0,4,23,9,0,0,0,0,0,0,0,0,0,0,0,6,0,0,0,0,0,16,17,0,3,18,12,0,0,6,25,9,0,0,0,0,0,0,0,0,0,0,0,0,0,0,0,0,0,0,0,0,7,29,10,0,0,0,0,0,0,0,0,0,0,0,0,0,0,0,0,0,0,0,0,7,29,10,0,0,0,0,0,0,0,0,0,0,0,0,0,0,0,0,0,0,0,0,7,29,10,0,0,0,0,0,0,0,0,0,0,0,0,0,0,0,0,0,0,0,0,7,29,10,0,0,0,0,0,0,6,0,0,0,0,0,15,16,0,2,17,11,0,0,0,0,0,0,0,0,0,0,0,5,0,0,0,0,0,12,25,0,4,23,9,0,0,0,0,0,0,0,0,0,0,0,0,0,0,1,0,0,1,22,0,4,17,1,0,0,1,0,0,0,0,0,0,0,0,10,7,0,22,0,4,17,22,0,4,17,22,0,4,17,0,0,0,0,0,0,0,0,10,8,0,22,0,5,17,22,0,4,17,22,0,5,17,0,0,0,0,0,0,0,0,10,12,17,22,14,12,17,22,0,4,17,22,14,12,17,0,0,0,0,0,0,0,0,10,12,17,22,14,12,17,22,0,4,17,22,14,12,17,0,0,0,0,0,0,0,0,10,12,17,22,14,12,17,22,0,4,17,22,14,12,17,0,0,0,0,0,0,0,0,10,12,17,22,14,12,17,22,0,4,17,22,14,12,17,0,0,0,0,0,0,0,0,10,8,0,11,0,5,17,0,0,0,0,22,0,2,8,0,0,0,0,0,0,0,0,10,11,12,0,10,10,17,16,12,10,12,22,10,5,0,0,0,0,0,0
16,29,1,0,22,0,0,26,21,0,3,18,0,6,29,11,0,0,0,0,15,6,29,16,29,1,0,22,0,0,26,21,0,3,18,0,6,29,11,0,0,0,0,22,6,29,16,29,1,0,22,0,0,26,21,0,3,18,0,6,29,11,0,0,0,0,16,6,29,16,29,1,0,22,0,0,26,21,0,3,18,0,6,29,11,0,0,0,0,8,22,29,9,15,1,0,22,0,0,26,21,0,3,18,0,3,15,6,0,0,0,0,12,28,28,0,0,0,0,22,0,0,26,21,0,3,18,0,0,0,0,0,0,0,0,0,0,0,0,0,0,0,22,0,0,26,21,0,3,18,0,0,0,0,0,0,0,0,0,0,0,17,17,11,0,22,0,0,26,21,0,3,18,0,14,17,17,17,17,17,17,17,17,17,17,17,5,0,22,0,0,26,21,0,3,18,0,8,17,17,17,17,17,17,17,17,17,14,21,8,0,22,0,0,26,21,0,3,18,0,13,19,14,14,14,14,14,14,24,21,0,13,8,0,22,0,0,26,21,0,3,18,0,13,8,0,0,0,0,3,0,18,13,1,13,8,0,22,0,0,26,21,0,3,18,0,13,9,1,2,0,3,18,9,18,14,16,13,8,0,22,0,0,26,21,0,3,18,0,13,9,15,22,0,3,18,16,18,14,16,13,8,0,22,0,0,26,21,0,3,18,0,13,9,15,22,0,3,18,16,18,14,16,13,8,0,22,0,0,26,21,0,3,18,0,13,9,15,1,0,3,18,6,18,14,1,16,8,0,22,0,0,26,21,0,3,18,0,13,11,1,0,0,3,18,0,18,16,14,28,8,0,22,0,0,26,21,0,3,18,0,13,28,10,0,0,0,0,0,18,28,7,7,5,0,22,0,0,26,21,0,3,18,0,6,7,7,7,7,7,7,7,7,7,8,8,6,0,22,0,0,26,21,0,3,18,0,7,8,8,8,8,8,8,8,8,8,0,0,0,0,22,0,0,26,21,0,3,18,0,0,0,0,8,19,19,19,11,1,19,0,0,0,0,22,0,0,26,21,0,3,18,0,0,0,0,12,29,29,29,17,2,28,0,0,0,0,22,0,0,26,21,0,3,18,0,0,0,0,0,6,29,11,0,4,2,0,0,0,0,22,0,0,17,14,0,3,18,0,0,0,0,0,6,29,11,0,13,8
0,0,0,0,0,0,4,12,12,12,12,12,12,4,4,12,12,12,12,12,12,4,0,0,0,0,0,0,0,0,0,0,0,0,0,0,0,0,0,0,0,0,0,0,0,0,0,0,0,12,17,17,17,17,17,17,17,17,17,17,17,17,17,17,17,17,17,17,2,0,0,0,0,0,0,0,0,0,0,0,0,4,4,1,0,0,0,0,0,0,0,0,7,15,2,2,15,7,0,0,0,0,0,0,29,29,11,0,0,1,2,2,2,2,1,13,29,4,3,29,14,0,0,0,0,9,0,13,19,11,0,0,19,29,29,29,29,13,13,29,4,3,29,14,0,0,0,0,20,1,0,10,11,0,0,10,15,15,15,15,7,13,29,4,3,29,14,0,0,0,0,20,1,0,10,11,0,0,0,0,0,0,0,0,13,29,4,3,29,14,0,0,0,0,20,1,0,10,22,17,17,17,17,17,13,0,0,13,29,4,3,29,14,0,0,0,0,1,0,0,11,11,0,0,0,0,0,0,0,0,12,26,4,3,26,13,0,0,0,0,0,0,29,29,11,0,0,19,29,29,29,29,13,0,0,0,0,0,0,0,0,0,0,0,0,17,17,7,0,0,11,17,17,17,17,8,0,0,0,2,2,2,2,2,2,2,2,2,2,2,2,2,2,2,2,2,2,2,1,0,0,0,10,13,13,13,13,13,13,13,13,13,13,13,13,13,13,13,13,13,13,6,0,0,0,0,0,0,0,0,14,14,14,14,0,15,16,0,0,0,0,0,0,0,0,4,9,1,1,9,4,0,0,28,29,29,29,0,23,25,0,0,7,8,0,4,9,1,13,29,4,3,29,14,0,0,3,24,25,3,0,23,25,0,0,23,25,0,13,29,4,13,29,4,3,29,14,0,10,11,23,25,10,11,23,25,0,0,23,25,0,13,29,4,13,29,4,3,29,14,0,10,11,23,25,10,11,23,25,0,0,23,25,0,13,29,4,13,29,4,3,29,14,0,10,11,23,25,10,11,23,25,0,0,23,25,0,13,29,4,6,14,2,1,14,7,0,0,2,24,25,2,2,24,25,0,0,11,12,0,6,14,2,0,0,0,0,0,0,0,1,29,29,29,29,29,29,25,0,0,0,0,0,0,0,0,0,0,0,0,0,0,0,1,15,15,15,15,15,15,13,0,0,0,0,0,0,0,0
21,0,16,29,1,0,0,0,0,0,0,13,12,18,22,13,12,18,0,0,0,0,22,21,0,16,29,1,0,0,0,3,17,0,13,12,18,22,13,12,18,0,12,8,0,22,21,0,16,29,1,0,0,0,3,18,0,13,12,18,22,13,12,18,0,13,8,0,22,21,0,16,29,1,0,0,0,3,18,0,13,12,18,22,13,12,18,0,13,8,0,22,21,0,16,29,1,0,0,0,3,18,0,13,9,1,22,1,4,18,0,13,8,0,22,21,0,16,29,1,0,0,0,3,18,12,13,11,10,22,7,8,18,12,13,11,10,22,21,0,16,29,1,0,0,0,3,18,22,13,12,18,22,13,12,18,22,13,12,18,22,21,0,16,29,1,0,0,0,3,18,22,13,12,18,22,13,12,18,22,13,12,18,22,21,0,16,29,1,0,0,0,0,3,22,2,5,18,4,13,9,3,22,2,5,18,4,21,0,16,29,1,0,0,0,0,0,23,27,28,18,0,13,28,27,28,0,3,29,27,21,0,16,29,1,1,6,2,0,0,23,4,8,18,0,13,12,4,23,0,3,20,4,21,0,16,29,1,6,29,11,0,0,22,0,3,18,0,13,8,0,22,0,3,18,0,21,0,16,29,1,6,29,11,0,0,22,0,3,18,0,13,8,0,22,0,3,18,0,21,0,16,29,1,6,29,11,0,0,22,0,3,18,0,13,8,0,22,0,3,18,0,21,0,16,29,1,6,29,11,0,0,22,0,3,18,0,13,8,0,22,0,3,18,0,21,0,16,29,1,6,29,11,0,0,19,0,3,16,0,12,7,0,19,0,3,16,0,21,0,16,29,1,6,29,11,0,0,0,0,0,0,0,0,0,0,0,0,0,0,0,21,0,16,29,1,6,29,11,0,14,17,17,17,17,17,17,17,17,17,17,17,17,17,21,0,16,29,1,6,29,11,0,0,1,1,1,1,0,0,1,1,1,0,0,1,1,21,0,16,29,1,6,29,11,0,0,23,29,29,18,0,13,29,29,28,0,3,29,29,21,0,16,29,1,6,29,11,0,0,23,1,5,18,0,13,9,2,23,0,3,19,2,21,0,16,29,1,6,29,11,0,0,22,13,12,18,0,13,12,18,22,0,3,18,22,21,0,16,29,1,6,29,11,0,0,1,13,12,18,0,0,4,18,22,0,0,1,22
3,18,0,0,3,15,0,11,7,0,0,13,8,0,16,29,1,6,25,10,0,23,19,3,18,0,13,8,0,22,0,3,18,0,13,8,0,16,29,1,0,0,0,0,0,0,3,18,0,13,12,18,22,13,12,18,0,13,8,0,16,29,1,0,0,0,0,0,0,3,18,0,13,12,18,22,13,12,18,0,13,8,0,16,29,1,0,0,2,17,17,17,1,6,0,5,7,18,8,13,10,6,0,5,3,0,16,29,1,0,0,0,0,0,0,0,0,0,0,3,18,0,13,8,0,0,0,0,0,16,29,1,2,10,4,0,9,8,0,0,0,0,4,18,1,13,9,1,0,0,0,0,16,29,1,6,29,11,0,26,21,0,0,0,13,12,18,22,13,12,18,0,0,0,0,16,29,1,6,29,11,0,26,21,0,4,0,13,12,18,22,13,12,18,0,3,2,0,16,29,1,6,29,11,0,26,21,3,18,0,13,12,18,22,13,12,18,0,13,8,0,15,27,1,6,29,11,0,26,21,3,18,0,13,12,18,22,13,12,18,0,13,8,0,0,0,0,6,29,11,0,26,21,3,18,0,13,12,14,22,10,10,18,0,13,8,0,8,14,0,6,29,11,0,26,21,3,18,0,13,8,0,22,0,3,18,0,13,8,0,16,29,1,6,29,11,0,26,21,11,18,19,13,12,16,22,12,11,18,19,13,8,0,16,29,1,6,29,11,0,26,21,12,18,22,13,12,18,22,13,12,18,22,13,8,0,16,29,1,6,29,11,0,26,21,12,16,22,12,11,18,19,13,12,16,22,12,7,0,16,29,1,6,29,11,0,26,21,8,0,23,7,10,18,0,13,14,7,24,0,0,0,16,29,1,6,29,11,0,26,21,8,0,23,25,25,18,0,13,26,25,27,0,0,0,16,29,1,6,29,11,0,26,21,8,0,22,0,3,18,0,13,8,0,22,0,0,0,16,29,1,6,29,11,0,26,21,8,0,22,0,3,18,0,13,8,0,22,0,0,0,16,29,1,6,29,11,0,26,21,8,0,22,0,3,18,0,13,8,0,22,0,0,0,16,29,1,6,29,11,0,26,21,8,0,22,0,3,18,0,13,8,0,22,0,0,0,16,29,1,6,29,11,0,26,21,8,0,22,0,3,18,0,13,8,0,22,0,0,0,16,29,1,6,29,11,0,26,21
0,20,25,25,16,0,12,25,25,25,0,0,0,0,0,0,0,8,14,0,3,14,5,0,23,8,11,18,0,13,14,9,24,0,0,0,0,26,21,0,16,29,1,6,29,11,0,22,13,12,18,0,13,12,18,22,0,0,0,0,26,21,0,16,29,1,6,29,11,0,6,13,12,18,0,3,6,18,22,0,0,0,0,26,21,0,16,29,1,6,29,11,0,1,15,12,18,0,1,5,18,22,0,0,0,0,26,21,0,16,29,1,6,29,11,10,29,29,12,18,0,29,29,18,22,0,0,0,0,26,21,0,16,29,1,6,29,11,0,0,0,4,18,0,0,0,0,22,0,0,0,0,26,21,0,15,27,1,6,27,11,0,22,27,28,18,0,13,27,27,28,0,0,0,0,26,21,0,0,0,0,0,0,0,0,23,4,8,18,0,13,12,4,23,0,0,0,0,26,21,0,0,1,1,1,1,1,11,22,8,9,18,13,13,11,11,22,8,5,0,0,26,21,0,7,14,14,14,14,14,18,22,13,12,18,22,13,12,18,22,13,8,0,0,26,21,0,0,0,0,0,0,0,18,22,13,12,18,22,13,12,18,22,13,8,0,0,26,21,0,5,8,0,2,8,3,18,22,13,12,18,22,13,12,18,22,13,8,0,0,26,21,0,16,29,1,6,29,11,5,22,4,6,18,6,13,10,5,22,4,2,0,0,26,21,0,16,29,1,6,29,11,0,22,0,3,18,0,13,8,0,22,0,0,0,0,26,21,0,16,29,1,6,29,11,0,22,0,3,18,0,13,8,0,22,0,0,0,0,26,21,0,16,29,1,6,29,11,0,22,0,3,18,0,13,8,0,22,0,0,0,0,26,21,0,9,15,1,3,15,6,0,22,0,3,18,0,13,8,0,22,0,0,0,0,26,21,0,0,0,0,0,0,0,0,9,0,1,8,0,6,3,0,9,0,0,0,0,26,21,0,0,0,0,0,0,0,11,11,11,11,11,11,11,11,11,11,11,0,0,0,26,21,0,5,11,11,11,11,11,4,4,4,4,4,4,4,4,4,4,4,0,0,0,26,21,0,2,4,4,4,4,4,0,12,15,15,10,0,7,15,15,15,0,0,0,0,26,21,0,0,0,0,0,0,0,0,21,17,18,17,0,12,19,17,24,0,0,0,0,24,19,0,0,0,0,0,0,0
3,18,0,13,12,18,0,13,12,18,0,13,8,0,16,29,1,6,29,11,0,26,21,7,18,8,13,12,18,0,13,12,18,8,13,8,0,16,29,1,6,29,11,0,26,21,12,18,22,13,12,18,0,13,12,18,22,13,8,0,16,29,1,6,29,11,0,26,21,12,18,22,13,12,18,0,13,12,18,22,13,8,0,10,17,1,0,1,0,0,1,1,12,18,22,13,12,18,0,13,12,18,22,13,8,0,0,0,0,0,0,0,0,0,0,10,18,16,13,11,13,0,9,10,18,16,13,8,0,14,25,1,0,8,17,17,17,17,0,3,0,13,9,0,3,0,4,18,0,2,1,0,16,29,1,0,0,0,0,0,0,9,3,22,13,12,18,22,13,12,18,22,2,1,0,16,29,1,1,4,1,0,4,3,12,18,22,13,12,18,22,13,12,18,22,13,8,0,16,29,1,6,29,11,0,26,21,7,18,8,13,10,6,22,5,7,18,8,13,8,0,16,29,1,6,29,11,0,26,21,3,18,0,13,10,8,22,6,8,18,0,13,8,0,16,29,1,6,29,11,0,26,21,4,18,1,13,12,18,22,13,12,18,1,13,8,0,16,29,1,6,29,11,0,26,21,12,18,22,13,12,18,22,13,12,18,22,13,8,0,16,29,1,4,19,7,0,17,14,12,18,22,13,12,14,22,10,10,18,22,13,8,0,16,29,1,0,0,0,0,0,0,12,18,22,13,8,0,22,0,3,18,22,13,8,0,16,29,1,0,0,0,0,0,0,3,18,0,13,8,0,22,0,3,18,0,13,8,0,16,29,1,0,0,1,7,7,7,3,18,0,13,8,0,22,0,3,18,0,13,8,0,16,29,1,0,0,1,8,8,8,0,0,0,13,8,0,0,0,3,18,0,0,0,0,16,29,1,0,0,0,0,0,0,5,3,13,13,27,16,19,12,26,18,13,2,1,0,16,29,1,0,0,0,0,0,0,12,18,22,3,10,18,22,13,13,4,22,13,8,0,16,29,1,6,28,11,0,26,21,12,18,22,0,3,18,22,13,8,0,22,13,8,0,16,29,1,6,29,11,0,26,21,9,18,13,0,3,18,22,13,8,0,13,13,8,0,16,29,1,6,29,11,0,26,21,3,18,0,0,3,18,0,13,8,0,0,13,8,0,16,29,1,6,29,11,0,26,21
2,2,2,2,2,2,1,0,0,22,13,8,0,22,13,8,0,0,2,2,2,2,2,0,0,0,4,9,9,9,9,9,25,13,8,0,22,13,15,9,9,9,9,9,0,0,0,0,0,3,6,6,6,6,6,24,13,8,0,22,13,13,6,6,6,6,6,0,0,0,9,17,17,17,17,23,8,0,22,4,2,0,7,13,8,0,23,17,17,17,17,17,0,0,0,0,0,0,13,8,0,22,0,0,0,0,13,8,0,22,0,0,0,0,0,17,17,17,17,17,0,13,8,0,22,0,0,0,0,13,8,0,22,0,8,17,17,17,0,0,0,0,0,0,6,4,0,18,0,0,0,0,11,7,0,11,0,0,0,0,0,0,0,0,0,0,0,0,0,0,0,0,0,0,0,0,0,0,0,0,0,0,0,0,17,17,17,17,17,17,17,17,17,17,17,17,17,17,17,17,17,17,17,17,17,17,17,0,1,1,1,1,1,1,1,0,0,0,0,0,0,0,0,0,1,1,1,1,1,1,1,29,29,29,29,29,29,17,0,0,0,0,0,0,0,0,1,29,29,29,29,29,29,1,17,17,17,20,29,22,10,0,16,10,6,0,17,10,6,1,17,28,26,17,17,17,0,0,0,0,6,29,11,0,0,22,13,8,0,22,13,8,0,0,26,21,0,0,0,17,17,17,9,6,29,11,0,0,22,13,8,0,22,13,8,0,0,26,21,0,17,17,14,14,14,7,6,29,11,0,0,22,13,8,0,22,13,8,0,0,26,21,0,14,14,0,0,0,0,6,29,11,0,0,22,13,8,0,22,13,8,0,0,26,21,0,0,0,27,27,27,27,28,29,28,16,0,4,13,8,0,22,2,1,1,27,29,29,27,27,27,20,20,20,20,20,20,20,12,0,0,13,8,0,22,0,0,1,20,20,20,20,20,20,7,7,7,7,7,7,7,7,7,5,13,8,0,22,1,7,7,7,7,7,7,7,7,8,8,8,8,8,8,8,8,8,6,13,8,0,22,1,8,8,8,8,8,8,8,8,3,3,3,3,3,3,1,0,0,6,13,8,0,22,4,2,0,0,3,3,3,3,3,12,12,12,12,12,12,4,0,0,22,13,8,0,22,13,8,0,0,10,12,12,12,12,0,0,0,0,0,0,0,0,0,22,13,8,0,22,13,8,0,0,0,0,0,0,0
0,0,0,0,8,21,14,0,17,20,18,24,0,7,24,18,25,4,0,0,0,0,0,0,0,0,0,1,8,14,3,17,6,1,22,2,8,14,3,17,6,1,0,0,0,0,0,0,0,0,13,12,14,22,17,12,14,22,17,12,14,22,17,12,14,0,0,0,0,0,0,0,0,13,12,14,22,17,12,14,22,17,12,14,22,17,12,14,0,0,0,0,0,0,0,0,13,12,14,22,17,12,14,22,17,12,14,22,17,12,14,0,0,0,0,0,0,0,0,10,11,14,17,17,11,11,22,13,11,14,17,17,11,11,0,0,0,0,0,0,0,0,0,7,14,0,17,4,0,22,0,7,14,0,17,4,0,0,0,0,0,0,0,0,0,0,7,14,0,17,4,0,22,0,7,14,0,17,4,0,0,0,0,0,0,0,0,0,0,7,14,0,17,4,0,22,0,7,14,0,17,4,0,0,0,0,0,0,0,0,0,0,7,14,0,17,4,0,22,0,7,14,0,17,4,0,0,0,0,0,0,0,0,0,0,7,13,0,16,4,0,20,0,7,13,0,16,4,0,0,0,0,0,0,0,0,0,0,0,0,0,0,0,0,0,0,0,0,0,0,0,0,0,0,0,0,0,0,0,0,7,17,17,17,17,17,17,17,17,17,17,17,17,17,3,0,0,0,0,0,0,0,0,0,1,0,0,1,1,1,1,0,0,1,1,1,0,0,0,0,0,0,0,0,0,0,13,29,14,0,17,29,29,25,0,7,29,29,29,4,0,0,0,0,0,0,0,0,0,1,9,14,0,17,6,1,23,0,7,15,2,18,4,0,0,0,0,0,0,0,0,0,13,12,14,0,17,12,14,22,0,7,14,22,17,4,0,0,0,0,0,0,0,0,0,13,12,14,0,1,8,14,22,0,0,0,22,17,4,0,0,0,0,0,0,0,0,0,13,12,14,1,7,13,14,22,0,6,7,23,17,4,0,0,0,0,0,0,0,0,0,11,12,14,4,25,25,12,22,0,20,25,20,17,4,0,0,0,0,0,0,0,0,0,1,10,14,0,2,3,3,23,0,1,3,3,19,4,0,0,0,0,0,0,0,0,0,13,29,14,0,17,29,28,24,0,7,29,28,29,4,0,0,0,0,0,0,0,0,0,0,7,14,0,17,4,0,22,0,7,14,0,17,4,0,0,0,0,0
0,0,19,0,3,15,0,0,3,18,0,0,3,15,0,11,7,0,0,13,8,0,0,3,18,0,13,8,0,22,0,3,18,0,13,8,0,22,0,3,18,0,13,8,0,22,3,18,22,13,12,18,22,0,3,18,0,13,12,18,22,13,12,18,0,13,8,0,22,3,18,22,13,12,18,22,0,3,18,0,13,12,18,22,13,12,18,0,13,8,0,22,1,6,22,5,7,18,8,0,1,6,0,5,7,18,8,13,10,6,0,5,3,0,8,0,0,22,0,3,18,0,0,0,0,0,0,3,18,0,13,8,0,0,0,0,0,0,0,1,22,0,4,18,1,0,0,0,0,0,4,18,1,13,9,1,0,0,0,0,1,3,18,22,13,12,18,22,0,0,0,0,13,12,18,22,13,12,18,0,0,0,0,22,3,18,22,13,12,18,22,0,0,4,0,13,12,18,22,13,12,18,0,3,2,0,22,3,18,22,13,12,18,22,0,3,18,0,13,12,18,22,13,12,18,0,13,8,0,22,3,18,22,13,12,18,22,0,3,18,0,13,12,18,22,13,12,18,0,13,8,0,22,3,18,17,13,12,14,22,0,3,18,0,13,12,14,22,10,10,18,0,13,8,0,22,3,18,0,13,8,0,22,0,3,18,0,13,8,0,22,0,3,18,0,13,8,0,22,11,18,19,13,12,16,22,12,11,18,19,13,12,16,22,12,11,18,19,13,12,16,22,12,18,22,13,12,18,22,13,12,18,22,13,12,18,22,13,12,18,22,13,12,18,22,12,16,22,12,11,18,19,13,12,16,22,12,11,18,19,13,12,16,22,12,11,18,19,14,7,24,0,3,21,7,18,8,0,23,7,10,18,0,13,14,7,24,0,3,21,7,26,25,27,0,3,28,25,27,8,0,23,25,25,18,0,13,26,25,27,0,3,28,25,8,0,22,0,3,18,0,13,8,0,22,0,3,18,0,13,8,0,22,0,3,18,0,8,0,22,0,3,18,0,13,8,0,22,0,3,18,0,13,8,0,22,0,3,18,0,8,0,22,0,3,18,0,13,8,0,22,0,3,18,0,13,8,0,22,0,3,18,0,8,0,22,0,3,18,0,13,8,0,22,0,3,18,0,13,8,0,22,0,3,18,0,8,0,22,0,3,18,0,13,8,0,22,0,3,18,0,13,8,0,22,0,3,18,0
0,16,12,15,22,16,12,15,22,16,5,0,22,16,12,15,22,16,12,15,22,0,4,0,16,12,15,22,16,12,15,22,16,5,0,22,16,12,15,22,16,12,15,22,0,4,0,0,7,15,0,8,3,0,22,0,0,0,0,16,6,0,11,0,7,15,0,0,0,19,11,11,15,16,0,4,11,22,11,10,13,16,16,10,11,0,11,11,15,16,14,8,22,16,12,15,22,14,11,15,22,16,12,15,22,16,12,15,19,16,12,15,22,16,10,22,11,11,15,16,16,10,11,22,11,11,15,16,16,10,11,22,11,11,15,16,16,9,22,2,7,15,0,16,5,0,22,2,7,15,3,16,5,0,22,0,6,15,3,16,6,22,16,12,15,0,16,5,0,22,16,12,15,22,16,5,0,22,0,6,15,22,16,10,22,16,12,15,16,16,11,11,22,16,12,15,22,16,11,11,22,12,11,15,22,16,10,22,16,12,15,22,16,12,15,22,16,12,15,22,16,12,15,22,16,12,15,22,16,10,22,1,7,15,22,16,12,15,22,1,7,15,2,16,12,15,22,16,12,15,2,16,6,22,0,6,15,7,16,8,5,22,0,6,15,0,16,8,5,22,5,8,15,0,16,5,22,0,6,15,0,16,5,0,22,0,6,15,0,16,5,0,22,0,6,15,0,16,5,6,0,6,15,0,5,1,0,22,0,2,4,0,16,5,0,6,0,6,15,0,5,1,11,9,19,15,5,0,1,3,25,15,6,7,14,23,7,3,0,3,8,23,13,8,5,22,16,19,9,22,14,11,15,15,24,12,15,25,17,10,15,19,16,9,17,24,16,10,22,16,5,0,22,16,12,15,0,16,12,15,22,0,6,15,22,16,5,0,22,16,10,22,16,5,0,21,16,12,14,0,16,12,15,22,0,6,14,22,15,5,0,22,16,10,6,16,5,0,0,16,5,0,0,16,8,4,22,0,0,0,22,0,0,0,22,5,6,0,16,5,0,0,16,5,0,0,16,5,0,22,0,0,0,22,0,0,0,22,0,4,16,2,5,11,0,16,5,0,16,2,5,11,3,11,4,0,22,0,4,11,3,11,5,22,11,10,15,0,16,5,0,22,11,10,15,15,16,5,0,22,0,6,15,15,16,9,22,16,12,15,0,16,5,0,22,16,12,15,22,16,5,0,22,0,6,15,22,16,10
11,22,0,0,26,21,0,0,0,0,0,3,18,0,0,0,0,0,13,8,0,0,0,17,10,9,9,27,24,9,0,0,0,0,3,18,0,5,22,9,0,13,8,0,0,0,29,29,29,29,29,29,27,0,0,0,0,3,18,0,6,29,11,0,13,8,0,0,0,8,8,8,8,8,8,8,0,0,0,0,3,18,0,6,29,11,0,13,8,0,0,0,0,0,0,0,0,0,0,0,0,0,0,3,18,0,6,29,11,0,13,8,0,0,0,17,17,17,17,17,17,17,17,17,17,6,3,18,0,6,29,11,0,13,8,2,17,17,0,0,0,0,0,0,0,0,0,0,0,3,18,0,6,29,11,0,13,8,0,0,0,0,0,0,0,0,0,0,0,0,0,0,3,18,0,6,29,11,0,13,8,0,0,0,0,19,11,8,13,0,9,8,15,0,0,3,18,0,6,29,11,0,13,8,0,0,11,0,22,13,9,15,0,10,9,18,0,0,3,18,0,6,29,11,0,13,8,0,0,13,0,22,13,9,15,0,10,9,18,0,0,3,18,0,6,29,11,0,13,8,0,0,13,0,22,13,9,15,0,10,9,18,0,0,3,18,0,6,29,11,0,13,8,0,0,13,0,22,11,7,7,0,8,8,18,0,0,3,17,0,6,29,11,0,12,8,0,0,13,0,3,0,0,0,0,0,1,8,0,0,0,0,0,3,15,6,0,0,0,0,0,6,23,23,23,23,23,23,3,0,0,0,0,0,0,0,0,0,0,0,0,0,0,0,0,8,8,8,8,8,8,1,0,0,0,0,0,0,0,0,0,0,0,0,0,0,0,0,17,17,17,17,17,17,17,17,17,17,17,17,17,17,17,17,17,17,17,17,17,17,17,0,0,0,0,0,0,0,0,0,0,0,0,0,0,0,0,0,0,0,0,0,0,0,7,4,0,0,5,7,7,7,7,7,7,0,0,0,0,0,0,0,0,0,6,7,7,29,17,0,0,18,29,29,29,29,29,27,0,13,8,0,0,0,3,18,0,22,29,29,10,6,0,0,18,19,10,10,10,10,10,0,13,8,0,0,0,3,18,0,8,10,10,0,0,0,0,18,13,9,17,17,17,17,17,23,8,0,0,0,3,25,17,17,17,17,23,23,23,23,27,13,0,0,0,0,0,0,13,8,0,0,0,3,18,0,0,0,0
12,12,12,12,12,12,12,12,12,12,12,12,12,12,12,12,12,12,12,12,12,12,12,3,3,3,3,3,3,3,3,3,3,3,3,3,3,3,3,3,3,3,3,3,3,3,0,0,0,0,0,0,0,0,0,0,0,0,0,0,0,0,0,0,0,0,0,0,0,29,29,29,29,29,29,29,29,29,29,29,29,29,29,29,17,0,0,0,0,0,0,21,17,17,28,26,17,17,17,17,17,17,28,26,17,17,17,10,0,0,0,0,0,0,13,0,0,26,21,0,0,0,0,0,0,26,21,0,0,0,0,0,0,0,0,0,0,0,8,0,26,21,0,8,8,8,8,0,26,21,0,8,8,5,0,0,0,0,0,0,6,22,0,26,21,2,23,23,23,22,0,26,21,2,23,23,14,0,0,0,0,0,0,18,12,12,28,25,12,0,9,12,12,12,28,25,12,12,12,7,0,0,0,0,0,0,9,29,29,29,29,27,0,21,29,29,29,29,29,29,29,29,17,0,0,0,0,0,0,21,5,5,5,5,5,0,4,5,5,5,5,5,5,5,5,3,0,0,0,0,0,0,4,17,17,17,17,17,17,17,17,17,17,17,17,17,17,17,17,17,17,17,17,17,17,17,4,4,4,4,4,4,4,4,4,4,4,4,4,4,4,4,4,0,0,0,0,4,4,27,27,27,27,27,27,27,27,27,27,27,27,27,27,27,27,26,0,0,0,2,27,27,0,0,0,0,0,3,0,0,0,0,0,0,2,0,0,0,0,0,0,0,0,0,0,0,0,0,0,0,22,0,0,0,0,0,3,18,0,0,0,0,0,0,0,0,0,0,0,0,0,0,0,22,0,0,0,0,0,3,18,0,0,0,0,0,0,0,0,0,0,2,2,2,1,0,9,2,2,2,2,2,4,8,2,2,2,2,0,0,0,0,2,2,29,29,29,15,0,29,29,29,29,29,29,29,29,29,29,29,25,0,0,0,0,29,29,14,14,14,14,14,14,14,14,14,14,2,0,0,0,0,0,0,0,0,0,0,0,0,17,17,17,17,17,17,17,17,17,17,3,0,0,0,0,0,0,0,0,0,0,0,0,2,2,2,2,2,2,2,2,2,2,2,2,2,2,2,2,2,2,2,2,2,2,2,13,13,13,13,13,13,13,13,13,13,13,13,13,13,13,13,13,13,13,13,13,13,13
11,16,9,7,22,8,9,15,11,16,9,7,22,8,9,15,11,16,9,7,22,8,7,22,16,12,15,22,16,12,15,22,16,12,15,22,16,12,15,22,16,12,15,22,16,10,22,16,12,15,22,16,12,15,22,16,12,15,22,16,12,15,22,16,12,15,22,16,10,22,3,8,15,5,16,7,3,22,3,8,15,5,16,7,3,22,3,8,15,5,16,7,22,0,6,15,9,16,8,6,22,0,6,15,0,16,8,6,22,6,9,15,0,16,5,22,0,6,15,22,16,12,15,22,0,6,15,0,16,12,15,22,16,12,15,0,16,5,22,0,6,15,22,16,12,15,22,0,6,15,0,16,12,15,22,16,12,15,0,16,5,14,0,6,15,22,16,12,15,22,0,4,10,0,16,12,15,22,16,12,15,0,10,3,0,0,6,15,22,16,12,15,22,0,0,0,0,16,12,15,22,16,12,15,0,0,0,0,0,3,7,22,7,9,15,10,0,0,0,0,7,9,15,10,16,9,7,0,0,0,0,0,0,0,22,0,6,15,0,0,0,0,0,0,6,15,0,16,5,0,0,0,0,0,0,0,0,22,0,6,15,0,0,0,0,0,0,6,15,0,16,5,0,0,0,0,22,0,6,15,22,16,12,15,22,0,6,15,0,16,12,15,22,16,12,15,0,16,5,22,0,6,15,22,16,12,15,22,0,6,15,0,16,12,15,22,16,12,15,0,16,5,22,0,6,15,8,16,8,5,22,0,6,15,0,16,8,5,22,6,9,15,0,16,5,22,0,3,6,10,7,5,7,9,0,6,15,0,7,5,7,9,7,5,6,0,16,5,22,0,0,0,22,0,6,15,0,0,6,15,0,0,6,15,0,16,5,0,0,16,5,22,3,1,0,22,10,10,15,0,3,8,15,5,0,6,15,13,16,5,0,5,16,7,22,16,5,0,22,16,12,15,0,16,12,15,22,0,6,15,22,16,5,0,22,16,10,22,16,5,0,22,16,12,15,0,16,12,15,22,0,6,15,22,16,5,0,22,16,10,12,16,11,25,25,16,12,28,22,16,9,8,22,14,26,15,22,16,26,13,22,9,8,0,0,6,19,6,3,2,6,23,0,0,0,0,16,11,3,4,3,12,15,0,0,0,13,0,6,15,0,9,3,0,22,0,3,9,0,16,5,0,13,0,6,15,0,9,3
0,22,13,8,0,5,5,5,5,5,21,18,8,8,8,8,8,8,8,0,26,21,0,0,22,13,8,2,29,29,29,29,29,29,13,0,0,21,27,27,27,27,27,29,21,0,0,22,13,8,1,12,12,12,12,12,12,6,0,0,16,20,20,20,20,20,20,15,0,0,22,13,8,0,3,7,7,7,7,7,7,7,7,7,7,7,7,7,7,7,7,7,0,22,13,8,0,4,8,8,8,8,8,8,8,8,8,8,8,8,8,8,8,8,8,0,22,13,8,0,0,2,17,17,17,17,17,17,18,0,0,0,0,0,0,0,0,0,0,8,13,8,0,0,0,0,8,9,9,2,0,22,0,0,0,0,0,8,14,0,3,0,2,13,8,0,0,0,0,5,6,17,8,0,22,7,4,0,0,0,16,29,1,6,0,22,13,8,0,0,0,2,13,0,13,8,0,22,13,8,0,0,0,16,29,1,6,0,22,13,8,0,0,0,3,18,0,13,8,0,22,13,8,0,0,0,16,29,1,6,0,19,13,27,25,25,25,26,18,0,13,8,0,22,1,0,0,0,0,16,29,1,6,0,0,3,6,6,6,6,10,18,0,13,8,0,23,15,15,15,11,0,5,9,0,2,0,0,0,0,0,0,0,3,18,0,13,13,5,6,6,6,3,0,0,0,0,0,0,0,0,0,0,0,0,0,0,0,0,5,10,10,10,10,10,4,0,0,0,0,0,0,17,17,17,17,17,17,17,17,17,17,17,17,17,17,17,17,17,17,17,17,17,17,17,0,0,0,0,0,0,0,0,0,0,0,2,4,0,0,0,0,0,0,0,0,0,0,0,0,0,0,0,0,0,0,0,0,0,16,29,1,21,29,29,29,7,0,0,0,0,8,0,2,8,3,0,8,6,0,0,0,16,29,1,13,25,29,19,5,0,0,0,2,29,1,6,29,11,0,26,21,0,0,0,16,29,3,8,16,29,3,8,0,0,0,6,29,1,6,29,11,0,26,21,0,0,0,16,29,5,18,16,29,5,18,0,0,0,6,29,1,6,29,11,0,26,21,0,0,0,16,29,5,18,16,29,5,18,0,0,0,6,29,1,6,29,11,0,26,21,0,0,0,16,29,3,9,16,29,3,9,0,0,0,6,15,1,3,15,6,0,14,11,0,0,0,16,29,18,17,24,29,18,6,0,0,0,3
1,17,25,25,25,4,16,29,1,6,25,25,25,28,13,0,0,0,16,29,1,6,29,1,0,0,0,0,0,16,29,1,0,0,0,0,18,13,0,0,0,16,29,1,6,29,18,17,17,17,17,17,24,29,18,17,17,16,0,18,13,0,0,0,16,29,1,6,29,29,29,29,29,29,29,29,29,29,29,29,27,0,18,13,0,0,0,16,29,1,6,29,0,0,0,0,0,0,0,0,0,0,0,0,0,18,13,0,0,0,16,29,1,6,29,17,17,17,17,17,17,17,17,17,17,17,17,11,18,13,0,0,0,16,29,1,6,29,0,0,0,0,0,0,0,0,0,0,0,0,0,18,13,0,0,0,16,29,1,6,29,17,17,17,17,17,15,0,1,15,15,15,15,15,24,13,0,0,0,16,29,1,6,29,0,0,0,0,3,18,0,1,29,29,29,29,29,29,13,0,0,0,16,29,1,6,29,17,6,0,0,3,18,0,0,2,2,2,2,2,20,13,0,0,0,16,29,1,6,29,9,9,9,4,3,18,0,0,0,0,0,0,0,18,13,0,0,0,16,29,1,6,29,6,6,6,3,3,25,17,17,17,17,17,17,12,18,13,0,0,0,16,29,1,6,29,5,5,5,5,9,18,0,0,0,0,0,0,0,18,13,0,0,0,16,29,1,6,29,10,10,10,10,10,6,0,1,27,27,27,27,27,29,13,0,0,0,16,29,1,6,29,0,0,0,0,0,0,0,1,20,20,20,20,20,20,9,0,0,0,16,29,1,6,29,7,7,7,7,7,7,7,7,7,7,7,7,7,7,7,2,0,0,16,29,1,6,29,8,8,8,8,8,8,8,8,8,8,8,8,8,8,8,3,0,0,16,29,1,6,29,11,11,11,11,0,8,11,11,11,11,11,11,0,0,0,0,0,0,16,29,1,6,29,29,29,29,27,0,21,29,29,29,29,29,27,0,0,0,0,0,0,16,29,1,6,29,8,6,6,6,0,5,20,29,8,6,6,6,0,0,0,0,0,0,16,29,1,6,29,1,0,0,0,0,0,16,29,1,0,0,0,0,0,0,0,0,0,16,29,1,6,29,1,19,27,27,27,5,16,29,1,7,27,27,27,27,13,0,0,0,16,29,1,6,29,1,3,4,4,4,0,16,29,1,1,4,4,4,20,13,0,0,0,16,29,1,6,29
0,0,0,0,0,0,0,0,0,0,0,0,0,0,0,0,0,0,0,0,0,0,0,10,14,14,14,14,14,14,14,14,14,14,14,14,14,14,14,14,14,14,14,0,0,0,1,1,1,1,1,1,1,1,1,1,1,1,1,1,1,1,1,1,1,1,0,0,0,0,0,8,0,0,0,0,0,0,0,0,0,11,26,26,26,26,26,26,2,0,0,0,0,0,22,0,9,17,17,17,17,17,4,0,9,21,21,21,21,21,29,2,0,5,4,0,0,22,0,0,0,0,0,0,14,7,0,0,0,0,0,0,0,29,2,0,27,20,0,0,23,12,12,12,12,12,0,14,20,17,17,17,17,17,17,6,29,2,0,27,20,2,2,6,6,6,6,3,3,0,14,7,0,0,0,0,0,0,0,29,2,0,27,20,9,13,13,13,13,13,0,0,0,14,7,0,3,8,8,8,8,8,29,2,0,27,20,0,0,0,0,0,0,0,0,0,14,7,0,12,29,29,29,29,29,29,2,0,27,20,0,0,0,14,17,17,17,17,17,17,4,0,4,9,9,9,9,9,29,2,0,27,20,0,0,0,0,0,0,0,0,0,0,0,0,0,0,0,0,0,0,29,2,0,27,20,11,17,17,17,17,17,17,17,17,17,17,17,17,17,17,17,17,5,29,2,0,27,20,0,0,6,6,6,6,6,6,6,6,6,6,6,6,6,6,3,0,29,2,0,27,20,0,2,29,29,29,29,29,29,29,29,29,29,29,29,29,29,16,0,29,2,0,27,20,0,1,11,28,24,11,11,11,11,11,11,28,24,11,11,11,6,0,29,2,0,27,20,0,0,0,27,20,0,0,0,0,0,0,27,20,0,0,0,0,0,29,2,0,27,20,0,0,0,27,20,1,29,29,29,25,0,27,20,0,18,29,29,29,29,2,0,27,20,0,0,0,27,20,0,1,1,1,1,0,27,20,0,1,1,1,1,1,0,0,27,20,0,0,2,28,21,2,2,2,1,0,2,28,21,2,2,2,1,0,0,0,0,27,20,0,2,29,29,29,29,29,29,16,2,29,29,29,29,29,29,16,0,0,0,0,23,17,0,1,15,15,15,15,15,15,9,1,15,15,15,15,15,15,9,0,0,0,0,0,0,0,0,0,0,0,0,0,0,0,0,0,0,0,0,0,0,0,0,0,0,0,0,0
0,22,0,3,18,9,13,10,8,22,0,3,18,0,13,10,8,22,6,7,18,0,13,0,22,2,5,18,4,13,9,3,22,2,5,18,4,13,9,3,22,2,5,18,4,13,0,22,13,12,18,22,13,12,18,22,13,12,18,22,13,12,18,22,13,12,18,22,13,0,22,13,12,18,22,13,12,18,22,13,12,18,22,13,12,18,22,13,12,18,22,13,0,12,13,11,10,22,7,8,18,12,13,11,10,22,7,8,18,12,13,11,10,22,7,0,0,13,21,17,26,0,3,25,17,23,8,0,23,17,19,18,0,13,21,17,26,0,0,0,13,19,14,25,0,3,24,14,21,8,0,23,14,16,18,0,13,19,14,25,0,0,0,13,8,0,22,0,3,18,0,13,8,0,22,0,3,18,0,13,8,0,22,0,0,0,13,8,0,22,0,3,18,0,13,8,0,22,0,3,18,0,13,8,0,22,0,0,0,13,8,0,22,0,3,18,0,13,8,0,22,0,3,18,0,13,8,0,22,0,0,0,13,8,0,22,0,3,18,0,13,8,0,22,0,3,18,0,13,8,0,22,0,0,0,13,8,0,22,0,3,18,0,13,8,0,22,0,3,18,0,13,8,0,22,0,0,0,2,1,0,4,0,0,3,0,2,1,0,4,0,0,3,0,2,1,0,4,0,17,17,17,17,17,17,17,17,17,17,17,17,17,17,17,17,17,17,17,17,17,17,17,0,0,0,0,0,0,0,0,0,0,0,0,0,0,0,0,0,0,0,0,0,0,0,17,0,0,0,2,10,4,0,0,0,0,0,0,0,2,10,4,0,9,8,0,6,10,17,17,12,0,6,29,11,0,0,0,0,0,0,0,6,29,11,0,26,21,0,16,29,0,3,18,0,6,29,11,0,0,0,0,0,0,0,6,29,11,0,26,21,0,16,29,0,3,18,0,6,29,11,0,0,1,5,0,0,0,6,29,11,0,26,21,0,16,29,0,3,18,0,6,29,11,0,0,3,18,0,0,0,6,29,11,0,26,21,0,16,29,0,3,18,0,6,29,11,0,0,3,18,0,0,0,6,29,11,0,26,21,0,16,29,0,3,18,0,6,29,11,0,0,3,18,0,0,0,6,29,11,0,26,21,0,16,29,17,4,18,0,6,29,11,0,0,3,18,0,0,0,0,1,0,0,1,1,0,1,1
9,0,13,8,0,14,25,1,5,25,9,0,22,18,0,14,25,1,5,25,9,0,22,11,0,13,8,0,16,29,1,6,29,11,0,26,21,0,16,29,1,6,29,11,0,26,11,0,13,8,0,16,29,1,6,29,11,0,26,21,0,16,29,1,6,29,11,0,26,11,0,13,8,0,16,29,1,6,29,11,0,26,21,0,16,29,1,6,29,11,0,26,11,0,13,8,0,16,29,1,6,29,11,0,26,21,0,16,29,1,6,29,11,0,26,0,0,13,8,0,0,0,0,0,0,0,0,0,0,0,0,0,0,0,0,0,0,0,0,0,13,8,0,0,0,0,0,0,0,0,0,0,0,0,0,0,0,0,0,0,0,0,0,13,8,0,0,0,0,0,0,0,0,0,0,0,0,0,0,0,0,0,0,0,0,0,13,8,0,0,2,17,17,17,17,17,17,17,17,17,17,17,17,17,17,17,17,0,0,13,8,0,0,0,5,9,9,9,9,9,9,3,0,0,0,0,0,0,0,0,0,0,13,8,0,0,0,16,29,29,29,29,29,29,10,0,0,0,0,0,0,0,0,7,0,4,2,0,0,0,16,29,10,8,20,29,10,3,0,0,0,4,18,7,0,17,11,0,0,0,0,0,0,16,29,5,15,16,29,5,15,0,0,0,6,29,11,0,26,11,0,26,21,0,0,0,16,29,5,18,16,29,5,18,0,0,0,6,29,11,0,26,11,0,26,21,0,0,0,16,29,5,18,16,29,5,18,0,0,0,6,29,11,0,26,11,0,26,21,0,0,0,16,29,2,3,16,29,2,3,0,0,0,6,29,11,0,26,2,0,5,4,0,0,0,16,29,1,20,29,29,28,7,0,0,0,1,5,2,0,5,0,0,0,0,0,0,0,15,26,1,15,20,20,20,5,0,0,0,0,0,0,0,0,7,7,7,7,7,7,7,7,7,7,7,7,7,7,7,7,7,7,7,7,7,7,7,8,8,8,8,8,8,8,8,8,8,8,8,8,8,8,8,8,8,8,8,8,8,8,11,11,3,0,0,9,11,7,0,0,0,0,0,0,0,0,0,0,0,0,0,0,0,29,29,7,0,0,23,29,17,0,0,0,0,26,21,0,16,29,1,6,29,11,0,26,6,6,1,0,0,23,6,4,0,0,0,0,26,21,0,16,29,1,6,29,11,0,26
0,8,17,17,17,17,17,17,17,17,17,17,17,17,17,17,17,17,17,0,0,0,6,0,0,0,0,0,0,0,0,0,0,0,0,0,0,0,0,0,0,0,0,0,0,6,0,0,26,29,29,29,29,29,29,0,0,0,0,0,0,0,0,0,0,0,0,0,6,0,0,26,27,18,18,28,27,18,0,0,0,2,8,3,0,8,6,0,5,8,0,6,0,0,26,21,6,4,26,21,6,4,0,0,6,29,11,0,26,21,0,16,29,1,6,0,0,26,21,13,8,26,21,13,8,0,0,6,29,11,0,26,21,0,16,29,1,6,0,0,26,21,13,8,26,21,13,8,0,0,6,29,11,0,26,21,0,16,29,1,6,0,0,26,21,6,4,26,21,6,4,0,0,6,29,11,0,26,21,0,16,29,1,6,0,0,26,21,1,17,28,26,16,0,0,0,3,15,6,0,14,11,0,9,15,1,6,0,0,26,21,1,29,29,29,27,0,0,0,0,0,0,0,0,0,0,0,0,0,6,0,0,6,5,0,0,0,0,0,0,0,0,0,0,0,0,0,0,0,0,0,0,6,17,17,17,17,17,17,17,17,17,17,17,17,17,17,17,17,17,17,17,0,0,0,6,1,1,0,0,0,0,0,0,0,0,0,0,0,0,0,0,0,0,0,0,0,0,6,29,29,7,0,0,0,18,15,0,11,20,1,4,20,8,0,18,15,0,11,20,1,6,25,17,4,0,0,0,26,21,0,16,29,1,6,29,11,0,26,21,0,16,29,1,6,18,0,0,12,0,0,26,21,0,16,29,1,6,29,11,0,26,21,0,16,29,1,6,18,0,0,22,0,0,26,21,0,16,29,1,6,29,11,0,26,21,0,16,29,1,6,18,0,0,22,0,0,26,21,0,16,29,1,6,29,11,0,26,21,0,16,29,1,4,18,0,0,22,0,0,26,21,0,16,29,1,6,29,11,0,26,21,0,16,29,1,0,29,27,7,0,0,0,19,16,0,12,21,1,6,29,11,0,26,21,0,16,29,1,5,20,20,5,0,0,0,0,0,0,0,0,0,6,29,11,0,26,21,0,16,29,1,6,7,7,7,7,7,7,7,7,7,7,7,0,6,29,11,0,26,21,0,16,29,1,6,8,8,8,8,8,8,8,8,8,8,8,0,6,29,11,0,26,21,0,16,29,1,6
0,0,0,0,2,4,4,0,17,6,4,4,2,7,14,4,4,3,0,0,0,0,0,0,0,0,0,11,23,11,0,17,25,23,19,0,7,26,23,23,3,0,0,0,0,0,0,0,0,0,4,14,14,0,17,12,8,23,0,7,19,8,21,4,0,0,0,0,0,0,0,0,0,6,10,14,10,17,8,6,22,8,10,14,10,17,8,6,0,0,0,0,0,0,0,0,13,12,14,22,17,12,14,22,17,12,14,22,17,12,14,0,0,0,0,0,0,0,0,13,12,14,22,17,12,14,22,17,12,14,22,17,12,14,0,0,0,0,0,0,0,0,13,12,14,22,17,12,14,22,17,12,14,22,17,12,14,0,0,0,0,0,0,0,0,6,10,14,9,17,8,6,22,7,10,14,9,17,8,6,0,0,0,0,0,0,0,0,0,7,14,0,17,4,0,22,0,7,14,0,17,4,0,0,0,0,0,0,0,0,0,0,7,14,0,17,4,0,22,0,7,14,0,17,4,0,0,0,0,0,0,0,0,0,0,7,14,0,17,4,0,22,0,7,14,0,17,4,0,0,0,0,0,0,0,0,0,0,7,14,0,17,4,0,22,0,7,14,0,17,4,0,0,0,0,0,0,0,0,0,0,4,8,0,10,2,0,13,0,4,8,0,10,2,0,0,0,0,0,0,0,0,0,3,7,7,7,7,7,7,7,7,7,7,7,7,7,1,0,0,0,0,0,0,0,0,4,8,8,8,8,8,8,8,8,8,8,8,8,8,2,0,0,0,0,0,0,0,0,5,11,5,0,7,11,11,9,0,3,11,11,11,1,0,0,0,0,0,0,0,0,0,9,23,14,0,17,22,20,24,0,7,25,20,26,4,0,0,0,0,0,0,0,0,0,9,11,14,0,17,10,9,22,0,7,14,15,17,4,0,0,0,0,0,0,0,0,0,13,12,14,0,13,11,14,22,0,5,10,22,17,4,0,0,0,0,0,0,0,0,0,13,12,14,0,0,7,14,22,0,0,0,22,17,4,0,0,0,0,0,0,0,0,0,13,12,14,2,17,21,14,22,0,14,17,24,17,4,0,0,0,0,0,0,0,0,0,6,10,14,2,14,14,7,22,0,12,14,12,17,4,0,0,0,0,0,0,0,0,0,6,18,14,0,8,13,13,23,0,3,13,13,23,4,0,0,0,0,0
0,25,14,0,17,23,0,10,29,7,0,14,12,14,22,17,12,14,22,17,12,14,19,0,29,17,0,20,27,0,10,29,7,0,17,10,10,22,12,11,14,16,17,10,10,22,0,29,17,0,20,27,0,10,29,7,0,17,4,0,22,2,8,14,3,17,4,0,22,0,29,17,0,20,27,0,10,29,7,0,17,4,0,22,17,12,14,22,17,4,0,22,0,29,17,0,20,27,0,10,29,7,0,17,10,10,22,17,12,14,22,17,10,10,22,0,0,0,0,0,0,0,10,29,7,0,17,12,14,22,17,12,14,22,17,12,14,22,0,0,0,0,0,0,0,10,29,7,0,17,12,14,22,1,8,14,2,17,12,14,22,0,0,0,0,0,0,0,10,29,7,0,17,7,4,22,0,7,14,0,17,7,4,22,13,17,17,15,0,0,0,10,29,7,0,17,4,0,22,0,7,14,0,17,4,0,22,0,0,0,0,0,0,0,10,29,7,0,5,1,0,22,0,2,4,0,17,4,0,6,0,0,0,0,0,0,0,10,29,7,0,0,1,3,25,15,6,7,14,24,6,3,0,0,18,11,0,13,17,0,10,29,7,0,14,12,14,15,24,12,14,25,17,10,14,19,0,29,17,0,20,27,0,10,29,7,0,17,12,14,0,17,12,14,22,0,7,14,22,0,29,17,0,20,27,0,10,29,7,0,17,12,13,0,17,12,14,22,0,7,13,22,0,29,17,0,20,27,0,10,29,7,0,17,4,0,0,17,7,4,22,0,0,0,22,0,29,17,0,20,27,0,10,29,7,0,17,4,0,0,17,4,0,22,0,0,0,22,0,5,3,0,4,5,0,10,29,7,0,17,4,0,16,2,6,10,3,12,3,0,22,0,0,0,0,0,0,0,10,29,7,0,17,4,0,22,11,11,14,15,17,4,0,22,6,7,7,7,0,0,0,10,29,7,0,17,4,0,22,17,12,14,22,17,4,0,22,7,8,8,8,0,0,0,10,29,7,0,12,3,0,16,17,10,10,22,12,3,0,16,0,0,0,0,0,0,0,10,29,7,0,0,0,0,0,17,4,0,22,0,0,0,0,0,29,17,0,20,27,0,10,29,7,0,0,0,0,0,17,4,0,22,0,0,0,0,0,29,17,0,20,27,0,10,29,7,0,0,0,0,16,17,10,10,22,13,3,0,0
7,18,0,13,10,8,22,0,3,18,9,13,8,0,22,6,7,18,0,0,0,6,29,21,18,0,13,22,19,26,0,3,26,19,24,8,0,23,19,21,18,0,0,0,6,29,12,8,0,6,12,12,12,0,1,12,12,12,3,0,10,12,12,8,0,0,0,6,29,7,7,7,7,7,7,7,7,7,7,7,7,7,7,7,7,7,7,5,0,0,6,29,8,8,8,8,8,8,8,8,8,8,8,8,8,8,8,8,8,8,6,0,0,6,29,2,10,0,7,4,0,12,0,2,10,0,7,4,0,12,0,2,10,0,0,0,6,29,3,18,0,13,8,0,22,0,3,18,0,13,8,0,22,0,3,18,0,0,0,6,29,3,18,0,13,8,0,22,0,3,18,0,13,8,0,22,0,3,18,0,0,0,6,29,3,18,0,13,8,0,22,0,3,18,0,13,8,0,22,0,3,18,0,0,0,6,29,3,18,0,13,8,0,22,0,3,18,0,13,8,0,22,0,3,18,0,0,0,1,5,7,18,9,13,10,7,22,5,7,18,9,13,10,7,22,5,7,18,9,0,0,1,6,12,18,22,13,12,18,22,13,12,18,22,13,12,18,22,13,12,18,22,0,0,6,29,12,18,22,13,12,18,22,13,12,18,22,13,12,18,22,13,12,18,22,0,0,6,29,12,18,22,13,12,18,22,13,12,18,22,13,12,18,22,13,12,18,22,0,0,6,29,8,18,11,13,10,9,22,6,8,18,11,13,10,9,22,6,8,18,11,0,0,6,29,10,18,0,13,14,7,24,0,3,21,7,18,8,0,23,7,10,18,0,0,0,6,29,25,18,0,11,25,25,27,0,3,25,25,27,8,0,20,25,25,18,0,0,0,6,29,5,18,0,3,3,2,22,0,2,3,3,13,8,1,3,3,5,18,0,0,0,6,29,12,18,0,28,29,18,22,0,20,28,28,13,8,10,28,29,12,18,0,0,0,6,29,12,18,0,0,3,18,22,0,0,0,22,13,8,0,0,13,12,18,0,0,0,6,29,12,18,0,4,6,18,22,0,1,6,22,13,8,0,7,13,12,18,0,0,0,6,29,12,18,0,13,12,18,22,0,3,18,22,13,8,0,22,13,12,18,0,0,0,6,29,12,18,0,13,16,10,25,0,3,22,10,19,8,0,23,10,12,18,0,0,0,6,29
0,0,0,0,10,17,1,4,17,7,0,16,13,0,16,29,1,6,29,11,0,0,3,0,0,0,0,0,0,0,0,0,0,0,0,0,0,16,29,1,6,29,11,0,0,0,0,0,0,0,14,25,1,5,25,9,0,22,18,0,12,21,1,5,21,8,0,0,0,0,0,0,0,16,29,1,6,29,11,0,26,21,0,0,0,0,0,0,0,0,0,0,5,0,0,0,16,29,1,6,29,11,0,26,21,0,0,1,7,7,7,7,7,7,7,8,0,0,0,16,29,1,6,29,11,0,26,21,0,0,1,8,8,8,8,8,8,8,8,0,0,0,16,29,1,6,29,11,0,26,21,0,0,0,0,0,0,0,7,19,19,8,0,0,0,16,29,1,6,29,11,0,26,21,0,8,14,0,0,0,0,11,29,29,8,0,0,0,16,29,1,6,29,11,0,26,21,0,16,29,1,0,0,0,3,6,29,8,0,0,0,16,29,1,6,29,11,0,26,21,0,16,29,1,0,0,0,22,6,29,8,0,0,0,16,29,1,6,29,11,0,26,21,0,16,29,1,0,0,0,22,6,29,8,0,0,0,16,29,1,6,29,11,0,26,21,0,16,29,1,0,0,0,19,6,29,7,0,0,0,5,9,0,2,9,3,0,8,7,0,5,9,0,0,0,0,3,13,29,0,0,0,0,0,0,0,0,0,0,0,0,0,0,0,0,0,0,0,0,14,29,29,2,0,0,0,0,0,0,0,0,0,0,0,0,0,0,0,0,0,0,0,5,10,10,8,0,0,0,0,0,8,17,17,17,17,17,17,17,17,17,17,17,17,17,17,17,17,8,0,0,0,0,0,0,0,0,0,0,0,0,0,0,0,0,0,0,0,0,0,0,8,0,0,0,0,0,0,0,0,0,0,0,0,0,0,0,0,0,0,0,0,0,0,8,0,0,0,5,8,0,2,8,3,0,8,6,0,5,8,0,2,8,3,0,8,6,8,0,0,0,16,29,1,6,29,11,0,26,21,0,16,29,1,6,29,11,0,26,21,8,0,0,0,16,29,1,6,29,11,0,26,21,0,16,29,1,6,29,11,0,26,21,8,0,0,0,16,29,1,6,29,11,0,26,21,0,16,29,1,6,29,11,0,26,21,8,0,0,0,16,29,1,6,29,11,0,26,21,0,16,29,1,6,29,11,0,26,21
0,0,0,26,21,0,16,29,1,6,29,11,0,0,0,13,12,18,4,17,12,18,23,0,0,0,19,16,0,12,21,1,5,21,8,0,0,0,2,4,12,23,26,11,16,21,0,0,0,0,0,0,0,0,0,0,0,0,0,0,0,0,0,0,22,0,0,0,0,0,0,0,0,0,6,7,7,7,7,5,0,0,0,0,12,8,0,22,0,3,17,0,0,0,0,0,0,7,8,8,8,8,6,0,0,0,0,13,8,0,22,0,3,18,0,0,0,0,0,0,0,0,0,0,0,0,0,0,0,0,13,12,18,22,0,3,18,0,14,5,0,13,10,0,8,14,0,3,14,5,0,0,0,13,12,18,22,10,10,18,16,29,11,0,26,21,0,16,29,1,6,29,11,0,0,0,13,12,18,22,13,12,18,22,29,11,0,26,21,0,16,29,1,6,29,11,0,0,0,13,9,2,22,13,12,18,22,29,11,0,26,21,0,16,29,1,6,29,11,0,0,0,13,8,0,22,6,8,18,11,29,11,0,26,21,0,16,29,1,6,29,11,0,0,0,13,10,6,22,4,6,18,7,9,3,0,8,7,0,5,9,0,2,9,3,0,0,0,13,12,18,22,13,12,18,22,0,0,0,0,0,0,0,0,0,0,0,0,0,0,0,2,5,18,22,13,12,18,22,0,0,0,0,0,0,0,0,0,0,0,0,0,0,0,1,1,1,22,0,1,3,1,0,0,0,0,0,14,17,17,17,6,0,0,0,0,0,13,11,12,22,9,5,0,15,0,0,0,0,0,0,0,0,0,0,0,0,0,0,0,13,12,18,22,13,8,0,22,0,0,0,0,0,0,0,0,0,0,0,0,0,0,0,13,12,18,22,13,8,0,22,8,3,0,8,6,0,5,8,0,2,8,3,0,0,0,13,12,18,22,13,8,0,22,29,11,0,26,21,0,16,29,1,6,29,11,0,0,0,13,10,8,22,13,8,0,22,29,11,0,26,21,0,16,29,1,6,29,11,0,0,0,13,8,0,22,13,8,0,22,29,11,0,26,21,0,16,29,1,6,29,11,0,0,0,6,4,0,9,13,8,0,22,29,11,0,26,21,0,16,29,1,6,29,11,0,0,0,0,0,0,1,16,8,0,23,15,6,0,14,11,0,9,15,1,3,15,6,0,13,10,0,0,0,14,28,8,0,23
0,0,0,0,0,0,0,0,0,0,0,0,0,0,0,0,0,0,16,29,1,6,29,27,17,0,13,27,10,0,0,0,0,13,27,8,0,22,27,0,0,3,5,0,6,29,8,18,0,13,12,1,0,0,0,0,2,16,8,0,23,4,0,0,0,0,0,6,29,7,18,0,13,10,7,0,5,3,0,9,13,8,0,22,5,3,0,9,0,0,6,25,12,18,0,13,12,18,0,13,8,0,22,13,8,0,22,13,8,0,22,0,0,0,0,12,18,0,13,12,18,8,13,10,6,22,13,8,0,22,13,10,6,22,0,0,3,17,12,18,0,13,12,18,22,13,12,18,22,13,8,0,22,13,12,18,22,0,0,6,29,12,18,0,13,12,18,22,13,12,18,22,13,8,0,22,13,12,18,22,0,0,6,29,12,18,0,13,12,18,22,13,12,18,22,13,8,0,22,13,12,18,22,0,0,6,29,11,13,0,9,10,18,16,13,11,13,22,9,6,0,16,13,11,13,22,0,0,6,29,9,0,3,0,4,18,0,2,1,0,22,0,0,3,0,13,9,0,3,0,0,6,29,12,18,22,13,12,18,22,2,5,18,22,13,12,18,22,13,12,18,3,0,0,6,29,12,18,22,13,12,18,22,13,12,18,22,13,12,18,22,13,12,18,22,0,0,6,29,10,6,22,5,7,18,8,13,10,6,22,5,7,18,8,13,10,6,22,0,0,6,29,10,8,22,6,8,18,0,13,8,0,22,6,8,18,10,13,8,0,22,0,0,6,29,12,18,22,13,12,18,1,13,9,1,22,13,12,18,22,13,9,1,22,0,0,6,29,12,18,22,13,12,18,22,13,12,18,22,13,12,18,22,13,12,18,22,0,0,6,29,12,14,22,10,10,18,22,13,12,18,22,10,10,18,17,13,12,18,22,0,0,1,5,8,0,22,0,3,18,22,13,12,18,22,0,3,18,0,13,12,18,22,0,0,0,0,8,0,22,0,3,18,0,13,8,0,22,0,3,18,0,13,8,0,22,0,0,0,0,8,0,22,0,3,18,0,13,8,0,22,0,3,18,0,13,8,0,22,0,0,0,0,8,0,0,0,3,18,0,0,0,0,22,0,0,0,0,13,8,0,0,0,0,0,0,27,16,19,12,26,18,13,2,3,10,23,25,11,15,20,27,11,10,3,0,0,6,29
29,1,0,16,29,1,21,29,29,29,7,11,29,29,29,17,1,28,29,29,27,0,0,29,1,0,16,29,2,2,16,29,1,0,3,6,29,11,0,1,1,26,21,1,1,0,29,1,0,16,29,5,18,16,29,1,0,22,6,29,11,0,13,8,26,21,13,8,0,29,1,0,16,29,5,18,16,29,1,0,22,6,29,11,0,13,8,26,21,13,8,0,29,1,0,16,29,5,15,16,29,1,0,19,6,29,11,0,11,7,26,21,11,7,0,29,1,0,16,29,9,7,20,29,9,7,7,13,29,16,7,7,7,27,24,7,0,0,11,0,0,16,29,29,29,29,29,29,29,29,29,29,29,29,29,29,29,29,29,0,0,0,0,0,6,10,10,10,10,10,10,10,10,10,10,10,10,10,10,10,10,10,0,0,17,17,17,17,17,17,17,17,17,17,17,17,17,17,17,17,17,17,17,17,17,17,17,0,0,0,0,0,0,0,0,0,0,0,0,0,0,0,0,0,0,0,0,0,0,0,0,0,0,2,5,5,5,5,5,5,5,5,5,5,5,5,5,5,5,5,5,0,0,25,1,0,11,29,29,29,29,29,29,29,29,29,29,29,29,29,29,29,29,27,0,5,29,1,0,5,12,12,12,22,29,14,12,12,12,12,12,22,29,14,12,12,12,0,6,29,1,0,0,0,0,0,16,29,1,0,0,0,0,0,16,29,1,0,0,0,0,6,29,1,0,6,13,13,3,16,29,1,10,13,13,13,3,16,29,1,10,13,13,0,6,29,1,0,8,18,18,5,16,29,1,14,18,18,18,5,16,29,1,14,18,17,0,6,0,0,0,7,17,17,17,24,29,18,17,17,16,0,13,24,29,18,17,17,16,0,0,0,0,0,11,29,29,29,29,29,29,29,29,27,0,21,29,29,29,29,29,27,0,0,0,0,0,0,0,0,0,0,0,0,0,0,0,0,0,0,0,0,0,0,0,0,0,17,17,17,17,17,17,17,17,17,17,17,17,17,17,17,17,17,17,17,17,17,17,17,0,0,7,9,9,9,9,9,9,9,9,9,9,9,9,9,9,9,9,9,9,9,7,0,0,17,22,22,22,22,22,22,22,22,22,22,22,22,22,22,22,22,22,22,25,23,0,0,0,0,0,0,4,2,0,0,0,0,0,6,0,0,0,0,0,1,5,8,23
0,0,13,8,0,0,2,17,17,17,17,17,17,17,17,17,17,17,17,17,17,17,17,0,0,13,8,0,0,0,0,0,0,0,0,0,0,0,0,0,0,0,0,0,0,0,0,0,13,8,0,0,0,16,29,29,29,29,29,29,10,0,0,0,0,0,0,0,0,3,0,8,5,0,0,0,16,29,19,18,25,29,19,6,0,0,0,2,8,3,0,8,11,0,0,0,0,0,0,16,29,3,8,16,29,3,8,0,0,0,6,29,11,0,26,11,0,18,15,0,0,0,16,29,5,18,16,29,5,18,0,0,0,6,29,11,0,26,11,0,26,21,0,0,0,16,29,5,18,16,29,5,18,0,0,0,6,29,11,0,26,11,0,26,21,0,0,0,16,29,3,9,16,29,3,9,0,0,0,6,29,11,0,26,6,0,14,11,0,0,0,16,29,1,13,24,29,18,4,0,0,0,3,15,6,0,14,0,0,0,0,0,0,0,16,29,1,21,29,29,29,7,0,0,0,0,0,0,0,0,0,0,0,0,0,0,0,3,6,0,0,0,0,0,0,0,0,0,0,0,0,0,0,17,17,17,17,17,17,17,17,17,17,17,17,17,17,17,17,17,17,17,17,17,17,17,1,1,0,0,0,1,1,1,0,0,0,0,0,0,0,0,0,0,0,0,0,0,0,29,29,7,0,0,23,29,17,0,0,0,0,18,15,0,11,20,1,4,20,8,0,18,17,17,4,0,0,23,17,10,0,0,0,0,26,21,0,16,29,1,6,29,11,0,26,3,3,3,3,3,23,0,0,7,4,0,0,26,21,0,16,29,1,6,29,11,0,26,12,12,12,12,12,25,0,0,13,8,0,0,26,21,0,16,29,1,6,29,11,0,26,0,0,0,0,0,22,0,0,13,8,0,0,26,21,0,16,29,1,6,29,11,0,26,29,29,7,0,0,22,0,0,13,8,0,0,26,21,0,16,29,1,6,29,11,0,26,18,18,5,0,0,23,27,16,0,0,0,0,19,16,0,12,21,1,6,29,11,0,26,0,0,0,0,0,16,20,12,0,0,0,0,0,0,0,0,0,0,6,29,11,0,26,7,7,7,7,7,7,7,7,7,7,7,7,7,7,7,7,2,0,6,29,11,0,26,8,8,8,8,8,8,8,8,8,8,8,8,8,8,8,8,3,0,6,29,11,0,26
18,0,13,10,7,22,5,7,18,0,13,8,0,0,0,0,0,4,4,4,20,16,4,18,0,13,12,18,22,13,12,18,0,13,8,0,0,0,0,0,0,0,6,18,14,6,18,0,13,12,18,22,13,12,18,0,13,8,0,0,0,0,13,12,18,16,18,14,15,12,0,13,12,18,22,13,12,18,0,8,5,0,0,0,0,13,12,18,16,18,14,15,0,0,13,12,18,22,13,12,18,0,0,0,0,0,0,0,13,11,10,14,18,14,13,0,0,6,8,18,10,13,10,8,0,0,0,0,0,0,0,11,7,0,0,18,13,0,0,0,0,3,18,0,13,8,0,0,0,0,0,0,0,0,0,0,0,8,24,21,13,0,0,0,3,18,0,13,8,0,0,0,0,0,0,0,0,0,0,0,11,18,18,18,18,0,13,12,18,22,13,12,18,0,13,8,0,0,2,17,17,17,17,17,17,17,17,18,0,13,12,18,22,13,12,18,0,13,8,0,0,0,0,0,0,0,0,0,0,0,18,0,13,10,6,22,5,7,18,0,13,8,0,0,9,8,0,6,10,0,2,10,4,18,0,6,5,8,9,6,5,8,0,13,8,0,0,26,21,0,16,29,1,6,29,11,18,0,0,3,18,0,13,8,0,0,13,8,0,0,26,21,0,16,29,1,6,29,11,18,5,0,3,18,13,13,8,0,5,13,8,0,0,26,21,0,16,29,1,6,29,11,18,22,0,3,18,22,13,8,0,22,13,8,0,0,26,21,0,16,29,1,6,29,11,18,22,0,3,18,22,13,8,0,22,13,8,0,0,26,21,0,16,29,1,6,29,11,10,22,12,26,18,22,13,27,16,22,7,4,0,0,26,21,0,16,29,1,6,29,11,0,0,13,13,4,4,3,10,18,0,0,0,0,0,1,1,0,1,1,0,0,1,0,10,0,13,8,0,13,0,3,18,0,7,5,0,0,0,0,0,0,0,0,0,0,0,18,0,13,8,0,22,0,3,18,0,13,8,0,0,0,0,14,17,17,17,17,11,0,18,14,13,8,0,22,0,3,18,14,13,8,0,0,0,0,0,0,0,0,0,0,0,18,22,13,10,7,22,5,7,18,22,13,8,0,0,4,3,0,2,4,0,1,4,1,18,22,13,12,18,22,13,12,18,22,13,8,0,0,26,21,0,16,29,1,6,29,11
25,25,25,25,25,25,25,25,25,25,25,25,25,25,25,25,25,7,0,0,0,0,11,0,0,0,0,0,0,0,0,0,0,0,0,0,0,0,0,0,0,0,0,0,0,0,25,25,25,6,11,25,25,25,15,2,25,25,25,24,0,19,25,25,25,6,11,25,25,26,29,23,6,9,24,29,25,13,2,22,29,28,21,0,17,26,29,23,6,9,24,29,16,29,1,0,0,6,29,11,0,0,0,26,21,0,0,0,16,29,1,0,0,6,29,25,29,20,19,19,22,29,23,19,19,19,28,27,19,19,19,25,29,20,5,8,22,29,28,28,28,28,28,28,28,28,28,28,28,28,28,28,28,28,28,28,28,7,12,28,28,0,0,0,0,0,0,0,0,0,0,0,0,0,0,0,0,0,0,0,0,0,0,0,0,0,0,0,0,0,0,0,0,0,0,0,0,0,0,0,0,0,0,0,0,0,0,17,17,17,17,17,17,17,17,17,17,17,17,17,17,17,17,17,17,17,17,17,17,17,1,1,1,1,1,1,1,1,1,1,1,0,0,0,0,0,0,0,0,0,0,0,0,29,29,29,29,29,29,29,29,29,29,29,5,0,0,0,0,0,0,0,0,0,0,0,14,14,14,14,8,1,14,14,14,14,14,14,13,13,13,13,13,12,0,0,0,0,13,18,18,18,18,10,0,18,18,18,18,18,18,18,18,18,18,18,16,0,0,0,0,18,6,0,0,0,0,0,16,0,0,0,0,0,2,13,0,0,0,0,0,0,0,0,0,8,0,0,0,0,0,22,0,0,0,0,0,3,18,0,0,0,0,0,0,0,0,0,6,0,0,0,0,0,16,0,0,0,0,0,2,13,0,0,0,0,0,0,0,0,0,11,11,11,11,11,11,11,11,11,11,11,11,11,11,11,11,11,11,0,0,0,1,11,20,20,20,20,20,20,20,20,20,20,20,20,20,20,20,20,20,19,0,0,0,2,20,7,7,7,7,7,7,7,7,7,7,7,7,7,7,7,7,7,7,7,7,7,7,7,8,8,8,8,8,8,8,8,8,8,8,8,8,8,8,8,8,8,8,8,8,8,8,19,19,19,19,19,18,0,14,19,19,19,19,19,19,19,19,11,0,0,0,0,0,0,28,28,28,29,29,27,0,21,28,28,28,29,29,28,28,28,17,0,0,0,0,0,0
0,0,0,0,0,16,29,1,0,0,0,0,0,0,0,0,0,0,0,0,0,0,0,9,0,22,18,0,3,5,0,0,0,4,27,17,0,13,27,10,0,0,0,0,13,27,11,0,26,21,0,0,0,0,0,0,0,8,18,0,13,12,1,0,0,0,0,2,16,11,0,26,21,0,0,0,1,7,0,5,7,18,0,13,10,7,0,5,3,0,9,13,11,0,26,21,0,0,0,3,18,0,13,12,18,0,13,12,18,0,13,8,0,22,13,11,0,26,21,0,0,0,3,18,8,13,12,18,0,13,12,18,8,13,10,6,22,13,0,0,0,0,0,0,0,3,18,22,13,12,18,0,13,12,18,22,13,12,18,22,13,0,0,0,0,0,0,0,3,18,22,13,12,18,0,13,12,18,22,13,12,18,22,13,0,0,0,0,0,0,0,3,18,22,13,12,18,0,13,12,18,22,13,12,18,22,13,17,11,0,0,0,0,0,3,18,16,13,11,13,0,9,10,18,16,13,11,13,22,9,0,0,0,0,0,0,0,0,3,0,13,9,0,3,0,4,18,0,2,1,0,22,0,0,0,0,0,0,0,0,0,3,22,13,12,18,22,13,12,18,22,2,5,18,22,13,7,0,17,13,0,0,0,3,18,22,13,12,18,22,13,12,18,22,13,12,18,22,13,11,0,26,21,0,0,0,3,18,8,13,10,6,22,5,7,18,8,13,10,6,22,5,11,0,26,21,0,0,0,3,18,0,13,10,8,22,6,8,18,0,13,8,0,22,6,11,0,26,21,0,0,0,3,18,1,13,12,18,22,13,12,18,1,13,9,1,22,13,11,0,26,21,0,0,0,3,18,22,13,12,18,22,13,12,18,22,13,12,18,22,13,2,0,5,4,0,0,0,3,18,22,13,12,14,22,10,10,18,22,13,12,18,22,10,0,0,0,0,0,0,0,3,18,22,13,8,0,22,0,3,18,22,13,12,18,22,0,7,7,7,0,0,0,0,3,18,0,13,8,0,22,0,3,18,0,13,8,0,22,0,8,8,8,0,0,0,0,3,18,0,13,8,0,22,0,3,18,0,13,8,0,22,0,0,0,0,0,0,0,0,0,0,0,13,8,0,0,0,3,18,0,0,0,0,22,0,11,0,26,21,0,0,0,0,3,13,13,27,16,19,12,26,18,13,2,3,10,23,25
22,16,12,15,19,16,12,15,22,16,12,15,22,16,12,13,0,0,0,5,15,4,0,16,16,11,11,0,12,11,15,16,14,10,11,22,12,4,0,0,0,0,0,0,0,0,0,16,5,0,10,0,6,15,0,0,0,0,22,0,3,7,0,0,0,0,0,0,0,22,16,12,15,22,16,12,15,22,0,6,15,22,16,12,15,0,0,0,0,0,4,15,22,16,12,15,22,16,12,15,22,0,6,15,22,16,12,15,0,0,0,0,0,0,0,22,16,12,15,22,16,12,15,22,0,6,15,22,16,12,15,0,0,0,6,20,6,0,22,16,12,15,22,16,12,15,22,0,6,15,22,16,12,15,0,0,0,9,29,8,0,22,16,6,1,22,1,7,15,22,0,6,15,22,1,7,15,0,0,0,9,29,8,0,22,16,5,0,22,0,6,15,22,0,6,15,22,0,6,15,0,0,0,9,29,8,0,22,1,0,0,3,0,0,1,22,0,6,15,2,0,0,2,0,0,0,9,29,8,0,24,13,0,0,0,0,0,13,24,0,6,22,8,0,0,0,0,0,0,9,29,8,0,17,17,0,0,0,0,0,17,16,0,4,18,11,0,0,0,5,8,0,7,21,6,0,0,0,0,0,0,0,0,0,0,0,0,0,0,0,0,0,19,28,0,0,0,0,0,0,0,0,0,0,0,0,0,0,0,0,0,0,0,0,0,19,28,0,0,0,2,7,0,0,0,0,0,0,0,0,0,0,0,0,0,0,0,0,19,28,0,0,0,2,8,0,0,0,0,0,0,0,0,0,0,0,0,0,0,0,0,19,28,0,0,0,0,0,16,16,0,0,0,0,0,16,15,0,4,17,10,0,0,0,10,15,0,4,14,4,0,24,13,0,0,0,0,0,13,24,0,6,22,8,0,0,0,0,0,0,9,29,8,0,22,1,0,0,1,0,0,1,22,0,6,15,1,0,0,1,0,0,0,9,29,8,0,22,16,5,0,22,0,6,15,22,0,6,15,22,0,6,15,0,0,0,9,29,8,0,22,16,6,0,22,0,7,15,22,0,6,15,22,0,7,15,0,0,0,9,29,8,0,22,16,12,15,22,16,12,15,22,0,6,15,22,16,12,15,0,0,0,3,9,2,0,22,16,12,15,22,16,12,15,22,0,6,15,22,16,12,15,0,0,0,0,0,0,0
0,0,0,0,0,0,0,0,0,0,0,0,0,0,0,0,0,0,0,0,0,16,29,0,0,0,0,0,0,0,0,0,0,0,0,0,0,0,0,0,0,0,0,0,16,29,0,0,0,0,0,0,0,0,0,0,0,0,0,0,0,0,0,0,0,0,0,16,29,0,0,0,0,0,0,0,0,0,0,0,0,0,0,0,0,0,0,0,0,0,16,29,0,3,7,2,0,6,7,0,0,0,0,0,6,7,0,1,7,5,0,0,0,5,9,0,12,27,8,0,23,25,0,0,0,0,0,20,27,0,3,28,17,0,0,0,0,0,0,0,13,8,0,22,0,0,0,0,0,0,0,22,0,3,18,0,0,0,0,0,0,0,16,13,8,0,22,10,6,0,16,0,2,13,22,0,3,18,16,0,2,13,0,10,0,22,13,8,0,22,13,8,0,22,0,3,18,22,0,3,18,22,0,3,18,0,13,13,22,13,8,0,22,13,11,13,22,9,10,18,22,0,3,18,22,9,10,18,0,13,18,22,13,8,0,22,13,12,18,22,13,12,18,22,0,3,18,22,13,12,18,0,13,18,22,13,8,0,22,13,12,18,22,13,12,18,22,0,3,18,22,13,12,18,0,13,18,22,13,8,0,22,13,12,18,22,13,12,18,22,0,3,18,22,13,12,18,0,13,6,22,5,3,0,8,13,10,6,19,5,7,18,8,0,1,6,22,5,6,15,0,11,6,22,5,5,9,8,13,10,6,0,5,7,18,8,6,5,6,22,5,3,0,0,0,18,22,13,12,18,22,13,12,18,11,13,12,18,22,13,12,18,22,13,10,9,0,6,18,22,13,12,18,22,13,12,18,22,13,12,18,22,13,12,18,22,13,12,18,0,13,0,22,0,4,18,0,13,9,0,22,0,4,18,0,13,9,0,22,0,4,18,0,13,0,22,11,11,18,18,13,8,0,22,0,3,18,18,13,12,15,22,0,3,18,0,13,7,22,13,12,18,22,13,10,7,22,5,7,18,22,13,12,18,22,5,7,18,0,13,18,22,13,12,18,22,13,12,18,22,13,12,18,22,13,12,18,22,13,12,18,0,13,18,22,6,7,18,9,13,12,18,22,13,12,18,9,13,10,8,22,13,12,18,0,13,12,22,0,3,18,0,13,11,12,22,9,9,18,0,13,8,0,22,9,9,18,0,13
21,0,0,0,0,0,0,13,17,17,17,17,17,17,17,17,17,17,17,17,17,17,13,21,0,0,0,0,0,0,0,0,0,0,0,0,0,0,0,0,0,0,0,0,0,0,21,0,0,0,0,0,0,0,0,0,0,0,0,0,0,0,0,0,0,0,0,0,0,21,0,0,0,9,18,2,3,18,8,0,15,15,0,9,18,2,3,18,8,0,15,14,21,0,0,0,14,29,3,4,29,13,0,25,23,0,14,29,3,4,29,13,0,25,22,21,0,0,0,14,29,3,4,29,13,0,25,23,0,14,29,3,4,29,13,0,25,22,21,0,0,0,14,29,3,4,29,13,0,25,23,0,14,29,3,4,29,13,0,25,22,21,0,0,0,14,29,3,4,29,13,0,25,23,0,14,29,3,4,29,13,0,25,22,11,0,0,0,2,5,0,0,5,2,0,4,4,0,2,5,0,0,5,2,0,4,4,0,0,0,0,0,0,0,0,0,0,0,0,0,0,0,0,0,0,0,0,0,0,0,17,0,0,0,0,0,0,6,7,7,7,7,7,7,7,7,7,7,7,7,7,7,6,21,0,0,0,0,0,0,6,8,8,8,8,8,8,8,8,8,8,8,8,8,8,6,21,0,0,0,0,0,0,0,0,0,0,0,0,0,0,0,0,0,6,19,19,19,13,21,0,0,0,14,29,3,4,29,13,0,25,23,0,14,29,3,0,9,29,29,29,19,21,0,0,0,14,29,3,4,29,13,0,25,23,0,14,29,3,0,2,5,29,13,1,21,0,0,0,14,29,3,4,29,13,0,25,23,0,14,29,3,0,21,5,29,13,14,17,0,0,0,14,29,3,4,29,13,0,25,23,0,14,29,3,0,21,5,29,13,14,0,0,0,0,14,29,3,4,29,13,0,25,23,0,14,29,3,0,18,5,29,13,12,0,0,0,0,14,29,3,4,29,13,0,25,23,0,14,29,3,0,3,11,29,18,6,0,15,15,0,5,11,1,1,11,5,0,9,9,0,5,11,1,0,12,29,29,29,22,0,25,23,0,0,0,0,0,0,0,0,0,0,0,0,0,0,0,4,10,10,10,8,0,25,23,0,0,0,0,13,17,17,17,17,17,17,17,17,17,17,17,17,17,17,13,0,25,23,0,0,0,0,0,0,0,0,0,0,0,0,0,0,0,7,7,7,1,0
15,12,16,22,15,6,0,22,15,12,16,22,0,5,16,22,15,12,16,22,15,12,16,15,12,16,22,15,6,0,22,15,12,16,22,0,5,16,22,15,12,16,22,15,12,16,0,6,16,0,7,3,0,11,0,6,16,0,0,0,0,22,0,3,8,0,15,7,0,11,10,16,16,0,0,0,0,11,10,16,16,13,10,11,22,11,4,0,16,15,11,11,15,12,16,22,13,5,0,19,15,12,16,22,15,12,16,22,15,11,14,22,15,12,16,11,10,16,16,15,6,0,22,11,10,16,16,15,11,11,22,11,10,16,16,15,11,11,2,6,16,0,15,6,0,22,0,5,16,3,15,7,2,22,0,5,16,0,15,7,2,15,12,16,0,15,6,0,22,0,5,16,22,15,12,16,22,0,5,16,0,15,12,16,15,12,16,16,15,6,0,22,11,11,16,22,15,12,16,22,11,11,16,16,15,12,16,15,12,16,22,15,6,0,22,15,12,16,22,15,12,16,22,15,12,16,22,15,12,16,1,6,16,22,15,6,0,22,15,12,16,2,15,7,1,22,15,12,16,22,15,7,1,0,5,16,7,15,6,0,22,5,8,16,0,15,6,0,22,5,8,16,7,15,6,0,0,5,16,0,15,6,0,22,0,5,16,0,15,6,0,22,0,5,16,0,15,6,0,0,5,16,0,4,2,0,6,0,5,16,0,4,2,0,22,0,1,5,0,15,6,0,8,18,16,5,0,0,0,0,3,7,23,14,7,6,15,25,3,1,0,5,15,19,9,15,20,9,22,13,5,0,19,15,10,17,25,15,12,24,15,15,11,14,22,9,19,16,15,6,0,22,15,6,0,22,15,6,0,22,15,12,16,0,15,12,16,22,0,5,16,15,6,0,21,15,6,0,22,14,6,0,22,15,12,16,0,14,12,16,21,0,5,16,15,6,0,0,15,6,0,22,0,0,0,22,4,8,16,0,0,5,16,0,0,5,16,15,6,0,0,15,6,0,22,0,0,0,22,0,5,16,0,0,5,16,0,0,5,16,2,5,11,0,15,6,0,22,0,4,11,3,11,5,2,16,0,5,16,0,11,5,2,10,10,16,0,15,6,0,22,0,5,16,15,15,10,11,22,0,5,16,0,15,10,11,15,12,16,0,15,6,0,22,0,5,16,22,15,12,16,22,0,5,16,0,15,12,16
0,0,0,11,17,17,17,17,17,17,17,17,17,17,17,17,17,17,17,17,14,0,0,0,0,0,0,5,5,5,5,5,5,4,0,0,0,0,0,0,0,0,0,0,0,0,0,0,0,2,29,29,29,29,29,29,25,0,0,0,0,0,0,0,0,0,0,0,0,0,0,0,2,29,22,12,14,29,22,10,0,0,1,14,7,0,11,12,0,6,14,2,0,0,0,2,29,15,13,4,29,15,13,1,0,2,29,15,0,22,25,0,12,29,5,5,26,5,2,29,15,19,5,29,15,19,2,0,2,29,15,0,22,25,0,12,29,5,5,29,5,2,29,15,19,5,29,15,19,2,0,2,29,15,0,22,25,0,12,29,5,5,29,5,2,29,15,5,3,29,15,5,0,0,2,29,15,0,22,25,0,12,29,5,1,9,1,2,29,15,6,24,29,27,17,0,0,0,9,5,0,7,8,0,4,9,1,0,0,0,2,29,15,6,25,25,25,18,0,0,0,0,0,0,0,0,0,0,0,0,0,3,3,4,4,4,3,3,3,3,3,3,3,3,3,3,3,3,3,3,3,0,0,2,12,12,12,12,12,12,12,12,12,12,12,12,12,12,12,12,12,12,12,10,0,0,0,2,7,7,0,0,0,0,0,0,0,0,0,0,0,0,0,0,0,0,0,0,0,0,9,29,29,1,0,0,0,0,0,11,26,5,2,26,14,0,20,23,0,11,26,5,0,9,19,10,0,0,0,0,0,0,12,29,5,2,29,15,0,22,25,0,12,29,5,1,16,12,0,0,16,0,0,0,0,12,29,5,2,29,15,0,22,25,0,12,29,5,1,14,12,0,0,22,0,0,0,0,12,29,5,2,29,15,0,22,25,0,12,29,5,0,9,12,0,0,22,0,0,0,0,12,29,5,2,29,15,0,22,25,0,12,29,5,0,9,15,3,0,17,0,0,0,0,12,29,5,2,29,15,0,22,25,0,12,29,5,0,9,29,29,1,0,0,0,0,0,6,15,3,1,15,8,0,22,25,0,12,29,5,0,4,14,14,0,0,0,0,0,0,0,0,0,0,0,0,0,22,25,0,12,29,5,2,13,13,13,13,13,13,13,13,13,13,13,11,0,0,0,0,22,25,0,12,29,5,0,2,2,2,2,2,2,2,2,2,2,2,2,0,0,0,0,19,21,0,10,25,4
0,0,6,4,1,12,12,12,12,12,12,7,1,12,12,12,12,12,12,7,0,0,0,0,0,13,8,0,0,0,0,0,0,0,0,0,0,0,0,0,0,0,0,0,0,0,0,0,13,8,14,17,17,17,17,17,17,17,17,17,17,17,17,17,17,17,17,17,17,0,0,13,8,0,0,0,0,0,0,0,0,4,4,1,0,0,0,0,0,0,0,0,0,0,13,11,2,2,2,2,2,0,0,3,29,29,7,0,0,0,0,9,15,1,3,0,0,13,29,29,29,29,29,27,0,0,3,24,13,3,9,0,0,0,16,29,1,6,0,0,13,20,15,15,15,15,14,0,0,3,18,0,0,22,0,0,0,16,29,1,6,0,0,13,8,0,0,0,0,0,0,0,3,18,0,0,22,0,0,0,16,29,1,6,0,0,13,8,0,8,17,17,17,17,17,18,18,0,0,22,0,0,0,16,29,1,6,0,0,13,9,0,0,0,0,0,0,0,3,19,0,0,1,0,0,0,16,29,1,6,0,0,13,29,29,29,29,29,27,0,0,3,29,29,7,0,0,0,0,15,26,1,6,0,0,8,17,17,17,17,17,16,0,0,2,17,17,4,0,0,0,0,0,0,0,0,2,2,2,2,2,2,2,2,2,2,2,2,2,2,2,2,2,2,2,2,2,2,2,13,13,13,13,13,13,13,13,13,13,13,13,13,13,13,13,13,13,13,13,13,13,13,0,0,0,0,0,0,0,0,0,0,0,11,19,1,10,14,14,14,3,0,0,0,0,9,0,2,9,3,0,8,7,0,0,0,16,29,1,21,29,29,29,7,0,0,0,2,29,1,6,29,11,0,26,21,0,0,0,16,29,1,2,18,29,5,1,0,0,0,6,29,1,6,29,11,0,26,21,0,0,0,16,29,5,18,16,29,5,18,0,0,0,6,29,1,6,29,11,0,26,21,0,0,0,16,29,5,18,16,29,5,18,0,0,0,6,29,1,6,29,11,0,26,21,0,0,0,16,29,5,18,16,29,5,18,0,0,0,6,14,0,3,14,5,0,13,10,0,0,0,16,29,4,2,18,29,4,1,0,0,0,3,0,0,0,0,0,0,0,0,0,0,0,16,29,29,29,29,29,29,10,0,0,0,0,0,0,0,0,0,0,0,0,0,0,0,9,15,15,15,15,15,15,5,0,0,0,0
0,3,11,22,10,10,16,15,0,3,11,0,10,10,16,15,15,10,11,0,10,4,0,0,5,16,22,15,12,16,22,0,5,16,0,15,12,16,22,15,12,16,0,15,6,0,0,5,16,16,15,11,11,22,0,5,16,0,15,11,11,22,11,10,16,0,15,6,0,0,4,13,3,12,6,2,17,0,5,16,0,12,6,2,17,2,5,13,0,15,6,0,0,0,0,22,0,5,16,0,0,5,16,0,0,5,16,0,15,6,0,0,15,6,0,0,0,0,22,4,7,16,0,0,5,16,0,0,5,16,6,15,6,0,0,15,6,0,14,6,0,22,15,12,16,0,14,12,16,20,0,5,16,22,15,6,0,20,15,12,15,15,6,0,22,15,12,16,0,15,12,16,22,0,5,16,22,15,6,0,22,15,12,16,15,10,15,25,15,12,23,14,15,12,14,22,8,18,16,22,15,19,9,22,13,12,16,4,8,24,15,8,7,17,25,4,2,0,6,15,20,9,12,9,19,16,6,0,1,5,0,5,16,0,3,1,0,22,0,1,3,0,15,6,0,5,0,5,16,0,3,1,0,0,5,16,0,15,6,0,22,0,5,16,0,15,6,0,22,0,5,16,0,15,6,0,4,8,16,0,15,6,0,22,4,8,16,6,15,6,0,22,0,5,16,6,15,8,5,15,12,16,1,15,7,1,22,15,12,16,22,15,7,1,22,1,6,16,22,15,12,16,15,12,16,22,15,12,16,22,15,12,16,22,15,12,16,22,15,12,16,22,15,12,16,12,11,16,22,15,12,16,22,12,11,16,18,15,12,16,22,15,12,16,18,15,11,13,0,5,16,22,15,12,16,22,0,5,16,0,15,12,16,22,15,12,16,0,15,6,0,0,5,16,3,15,7,2,22,0,5,16,0,15,7,2,22,2,7,16,0,15,6,0,10,10,16,15,15,10,11,22,10,10,16,15,15,10,11,22,10,10,16,15,15,10,11,15,12,16,22,15,12,16,22,15,12,14,22,15,12,16,22,15,12,16,22,13,12,16,11,11,16,16,13,10,12,22,11,5,0,16,15,11,12,19,11,11,16,16,0,4,12,0,5,16,0,0,0,0,22,0,2,7,0,15,6,0,0,0,5,16,0,7,3,0,15,12,16,22,0,5,16,22,15,12,16,22,15,12,16,0,15,12,16,22,15,12,16
2,12,22,9,9,18,15,0,2,12,0,9,9,18,15,13,11,12,0,9,5,0,15,3,18,22,13,12,18,22,0,3,18,0,13,12,18,22,13,12,18,0,13,8,0,22,3,18,16,13,11,13,22,0,3,18,0,13,11,13,22,9,10,18,0,13,8,0,22,3,14,3,10,7,2,17,0,3,18,0,10,7,2,17,1,4,14,0,13,8,0,17,0,0,22,0,3,18,0,0,3,18,0,0,3,18,0,13,8,0,0,13,8,0,0,0,0,22,3,6,18,0,0,3,18,0,0,3,18,6,13,8,0,0,13,8,0,0,8,0,22,13,12,18,0,12,12,18,20,0,3,18,22,13,8,0,20,13,12,17,0,8,0,22,13,12,18,0,13,12,18,22,0,3,18,22,13,8,0,22,13,12,18,0,11,15,26,13,12,24,15,13,12,16,22,7,17,18,22,13,20,10,22,12,11,18,12,6,25,16,7,7,17,26,4,2,0,6,13,20,10,12,7,18,18,6,0,1,5,23,3,18,0,3,2,0,22,0,0,4,0,13,8,0,5,0,3,18,0,3,2,0,22,3,18,0,13,8,0,22,0,3,18,0,13,8,0,22,0,3,18,0,13,8,0,22,6,18,0,13,8,0,22,4,6,18,6,13,8,0,22,0,3,18,6,13,10,5,22,12,18,1,13,9,1,22,13,12,18,22,13,9,1,22,0,4,18,22,13,12,18,22,12,18,22,13,12,18,22,13,12,18,22,13,12,18,22,13,12,18,22,13,12,18,22,11,18,22,13,12,18,22,11,11,18,18,13,12,18,22,13,12,18,18,13,12,15,22,3,18,22,13,12,18,22,0,3,18,0,13,12,18,22,13,12,18,0,13,8,0,22,3,18,3,13,9,3,22,0,3,18,0,13,9,3,22,2,5,18,0,13,8,0,22,9,18,15,13,11,12,22,9,9,18,15,13,11,12,22,9,9,18,15,13,11,12,22,12,18,22,13,12,18,22,13,12,16,22,13,12,18,22,13,12,18,22,12,11,18,22,10,18,16,12,10,13,22,10,6,0,16,13,11,13,19,10,10,18,16,0,2,13,22,3,18,0,0,0,0,22,0,1,8,0,13,8,0,0,0,3,18,0,6,4,0,22,12,18,22,0,3,18,22,13,12,18,22,13,12,18,0,13,12,18,22,13,12,18,22
0,0,0,0,0,0,0,0,0,0,0,0,0,0,0,0,0,0,0,0,0,0,0,0,0,0,0,0,0,0,0,0,0,0,0,0,0,0,0,0,0,0,0,0,0,0,0,0,0,0,0,0,4,8,8,8,8,8,8,8,8,8,8,8,8,8,8,8,8,0,0,0,0,0,0,3,7,7,7,7,7,7,7,7,7,7,7,7,7,7,7,7,0,0,0,0,1,1,0,0,1,0,0,1,1,0,0,0,0,1,20,20,20,19,0,0,0,0,0,16,29,1,6,29,11,0,26,21,0,0,0,0,1,27,29,29,26,0,0,0,0,0,16,29,1,6,29,11,0,26,21,0,0,0,0,2,1,26,21,2,1,0,0,0,0,16,29,1,6,29,11,0,26,21,0,0,0,0,13,8,26,21,13,8,0,0,0,0,16,29,1,6,29,11,0,26,21,0,0,0,0,13,8,26,21,13,8,3,0,0,0,16,29,1,6,29,11,0,26,21,0,0,0,0,11,7,26,21,11,7,8,0,0,0,16,29,1,6,29,11,0,26,21,0,0,0,0,1,8,27,24,8,8,8,0,0,0,6,10,0,2,10,4,0,9,8,0,0,0,0,4,29,29,29,29,29,8,0,0,0,0,0,0,0,0,0,0,0,0,0,0,0,0,1,9,9,9,9,9,4,0,0,0,0,0,8,17,17,17,17,17,17,17,17,17,17,17,17,17,17,17,17,0,0,0,0,0,0,0,0,0,0,0,0,0,0,0,0,0,0,0,0,0,0,0,0,0,0,0,0,0,0,0,0,0,0,0,0,0,0,0,0,0,6,6,6,6,6,0,23,19,0,14,25,1,6,25,10,0,23,19,0,14,25,1,1,29,29,29,29,29,0,26,21,0,16,29,1,6,29,11,0,26,21,0,16,29,1,0,11,11,11,16,29,0,26,21,0,16,29,1,6,29,11,0,26,21,0,16,29,1,0,0,0,0,6,29,0,26,21,0,16,29,1,6,29,11,0,26,21,0,16,29,1,1,14,14,8,6,29,0,8,7,0,5,9,0,2,9,3,0,8,7,0,5,9,0,0,9,9,5,2,9,0,0,0,0,0,0,0,0,0,0,0,0,0,0,0,0,0,0,0,0,0,0,0,0,0,0,0,0,0,0,0,0,0,0,0,0,0,0,0,0,0,0,0,0,0,0
8,27,24,8,8,8,8,8,8,27,24,8,0,13,12,18,0,13,12,18,0,6,20,0,26,21,0,3,3,3,3,0,26,21,0,0,13,12,18,0,13,12,18,0,0,16,0,26,21,0,28,28,28,25,0,26,21,0,0,13,12,18,0,13,12,18,0,0,16,0,26,21,0,0,0,0,0,0,26,21,0,0,13,12,18,0,13,12,18,0,0,16,5,27,23,5,0,4,5,5,5,27,23,5,0,5,7,18,0,13,10,6,0,4,19,29,29,29,27,0,21,29,29,29,29,29,27,0,0,0,2,0,1,1,0,0,21,29,12,12,12,12,0,9,12,12,12,12,12,12,0,0,0,0,0,0,0,0,0,9,12,7,7,7,7,7,7,7,7,7,7,7,7,7,7,7,7,7,7,7,7,7,7,7,8,8,8,8,8,8,8,8,8,8,8,8,8,8,8,8,8,8,8,8,8,8,8,19,5,0,0,0,0,0,0,0,0,0,2,0,5,3,0,0,0,1,7,0,1,1,28,7,0,4,9,9,9,9,9,3,3,18,0,13,8,0,0,0,3,18,0,13,8,0,0,0,13,13,6,6,6,6,2,3,18,0,13,8,0,0,0,3,18,0,13,8,17,17,17,23,8,1,5,5,5,5,9,18,0,13,8,0,0,0,3,18,0,13,13,0,0,0,13,8,2,10,10,10,10,10,6,0,13,12,18,0,13,12,18,0,5,10,1,0,0,13,8,0,0,2,17,17,17,17,17,23,12,18,0,13,12,25,17,17,17,29,7,0,13,8,0,0,0,0,0,0,0,0,13,12,18,0,13,12,18,0,0,0,17,4,0,11,19,17,17,17,17,17,11,0,0,13,12,18,0,13,12,18,0,0,8,0,0,0,0,0,0,0,0,0,0,0,0,0,0,3,18,0,13,8,0,0,0,0,17,17,17,17,17,17,17,17,17,17,17,17,17,17,4,18,0,13,8,14,17,17,17,0,0,0,0,0,0,0,0,0,0,0,0,0,0,3,18,0,13,8,0,0,0,0,29,29,29,29,29,29,29,29,29,29,29,27,0,0,3,18,0,13,8,0,0,21,29,18,28,27,18,18,18,18,18,18,28,27,17,0,6,8,18,0,13,10,9,0,13,25,0,26,21,0,0,0,0,0,0,26,21,0,0,13,12,18,0,13,12,18,0,0,16
16,29,1,6,29,11,0,0,0,0,28,24,23,23,18,0,16,29,1,16,23,23,23,6,11,0,2,11,4,0,0,0,0,8,8,8,8,6,0,16,29,1,6,8,8,8,0,0,0,0,0,0,0,0,0,0,0,0,0,0,0,0,16,29,1,0,0,0,0,0,0,0,0,0,0,0,0,0,0,0,0,10,25,25,25,28,29,26,6,10,25,25,0,0,0,0,0,0,0,0,0,0,0,0,9,22,22,22,22,22,22,6,9,22,22,0,0,0,0,0,0,0,0,0,0,0,0,0,0,0,0,0,0,0,0,0,0,0,17,17,17,17,17,17,11,0,0,14,17,17,17,17,17,17,17,17,17,17,17,17,17,0,0,0,0,0,0,0,0,0,11,17,17,17,17,17,17,17,17,17,17,17,17,17,11,20,1,4,20,8,0,0,0,18,21,14,14,14,14,14,14,14,14,14,14,14,14,16,29,1,6,29,11,0,0,0,18,13,4,5,5,5,1,2,5,5,5,3,0,5,16,29,1,6,29,11,0,0,0,18,13,22,29,29,29,7,12,29,29,29,17,2,29,16,29,1,6,29,11,0,0,0,18,13,9,22,29,14,3,5,16,29,19,7,1,12,16,29,1,6,29,11,0,0,0,18,13,0,16,29,1,0,0,6,29,11,0,0,0,16,29,1,6,29,11,0,0,0,18,13,22,29,29,29,29,29,29,29,29,29,29,29,12,21,1,5,21,8,0,0,0,18,13,14,18,18,18,18,18,18,18,18,18,18,18,0,0,0,0,0,0,0,0,0,18,13,0,0,0,0,0,0,0,0,0,0,0,0,7,7,7,7,7,7,5,0,0,18,13,1,7,7,7,7,7,7,7,7,7,7,7,8,8,8,8,8,8,6,0,0,18,13,1,8,8,8,8,8,8,8,8,8,8,8,0,0,0,0,0,0,0,0,0,18,13,8,11,11,11,11,11,11,11,11,11,11,11,8,14,0,3,14,5,0,0,0,18,13,14,20,20,20,20,20,20,20,20,20,20,20,16,29,1,6,29,11,0,0,0,18,26,23,23,23,23,23,12,0,23,23,23,23,23,16,29,1,6,29,11,0,0,0,18,18,9,9,8,8,8,4,0,10,8,8,8,8,16,29,1,6,29,11,0,0,0,18,13,13,8,0,0,0,0,0,22,0,0,0,0
0,0,0,0,0,0,0,0,0,0,0,0,0,0,0,0,0,0,0,0,0,0,0,0,0,0,0,0,0,0,0,0,0,0,0,0,0,0,0,0,0,0,0,0,0,0,0,0,0,0,0,0,0,0,0,0,0,0,0,0,0,0,0,0,0,0,0,5,23,17,17,17,17,17,17,17,17,17,17,17,17,17,17,17,17,17,17,11,0,0,6,29,0,1,0,1,0,0,2,0,0,1,0,1,0,0,2,0,0,1,0,0,0,6,29,3,18,0,13,8,0,22,0,3,18,0,13,8,0,22,0,3,18,0,0,0,6,29,3,18,0,13,8,0,22,0,3,18,0,13,8,0,22,0,3,18,0,0,0,6,29,3,18,0,13,8,0,22,0,3,18,0,13,8,0,22,0,3,18,0,0,0,6,29,3,18,0,13,8,0,22,0,3,18,0,13,8,0,22,0,3,18,0,0,0,6,29,3,18,0,13,8,0,22,0,3,18,0,13,8,0,22,0,3,18,0,0,0,6,29,12,18,22,13,12,18,22,13,12,18,22,13,12,18,22,13,12,18,22,0,0,6,29,12,18,22,13,12,18,22,13,12,18,22,13,12,18,22,13,12,18,22,0,0,6,29,12,18,22,13,12,18,22,13,12,18,22,13,12,18,22,13,12,18,22,0,0,6,29,12,18,21,13,12,17,22,13,12,18,21,13,12,17,22,13,12,18,21,0,0,6,29,3,18,0,13,8,0,22,0,3,18,0,13,8,0,22,0,3,18,0,0,0,6,29,25,18,0,13,26,25,27,0,3,28,25,27,8,0,23,25,25,18,0,0,0,6,29,10,18,0,3,7,7,24,0,1,7,7,18,8,0,6,7,10,18,0,0,0,6,29,10,18,0,20,20,13,22,0,14,20,20,13,8,7,20,20,10,18,0,0,0,6,29,12,18,0,11,14,18,22,0,8,11,25,13,8,4,11,20,12,18,0,0,0,6,29,12,18,0,0,3,18,22,0,0,0,22,13,8,0,0,13,12,18,0,0,0,6,29,10,15,0,9,9,15,18,0,2,13,18,11,7,0,16,11,10,15,0,0,0,5,23,0,0,0,0,0,0,0,0,0,0,0,0,0,0,0,0,0,0,0,0,0,0,0,0,0,0,0,0,0,0,0,0,0,0,0,0,0,0,0,0,0,0,0,0,0,0
11,18,19,13,12,15,22,11,11,18,19,13,12,15,22,11,7,0,19,13,12,15,22,3,18,0,13,8,0,22,0,3,18,0,13,8,0,22,0,0,0,0,13,8,0,22,3,29,27,28,8,0,23,27,28,18,0,13,28,27,28,0,0,0,0,13,28,27,28,0,4,4,16,8,0,3,4,8,18,0,2,4,4,23,0,0,0,0,2,4,4,23,16,23,23,13,8,8,23,23,11,18,0,23,23,15,22,0,0,0,0,23,23,15,22,6,8,24,13,8,3,8,18,12,18,0,8,11,18,22,0,0,0,0,8,11,18,22,0,0,22,13,8,0,0,13,12,18,0,0,3,18,22,0,0,0,0,0,3,18,22,3,18,22,13,8,0,22,13,12,18,0,13,12,18,22,0,0,0,0,13,12,18,22,3,18,2,13,8,0,22,1,4,18,0,13,9,1,22,0,0,0,0,13,9,1,22,3,29,29,29,8,0,23,29,29,18,0,13,29,29,28,0,0,0,0,13,29,29,28,0,2,2,2,0,0,2,2,2,1,0,1,2,2,2,0,0,0,0,1,2,2,2,17,17,17,17,17,17,17,17,17,17,17,17,17,17,17,17,0,0,8,17,17,17,17,0,0,0,0,0,0,0,0,0,0,0,0,0,0,0,0,0,0,0,0,0,0,0,3,16,0,12,7,0,19,0,3,16,0,12,7,0,19,0,0,0,0,12,7,0,19,3,18,0,13,8,0,22,0,3,18,0,13,8,0,22,0,0,0,0,13,8,0,22,3,18,0,13,8,0,22,0,3,18,0,13,8,0,22,0,0,0,0,13,8,0,22,3,18,0,13,8,0,22,0,3,18,0,13,8,0,22,0,0,0,0,13,8,0,22,3,18,0,13,8,0,22,0,3,18,0,13,8,0,22,0,0,0,0,13,8,0,22,10,18,16,13,11,13,22,10,10,18,16,13,11,13,22,10,6,0,16,13,11,13,22,12,18,22,13,12,18,22,13,12,18,22,13,12,18,22,13,8,0,22,13,12,18,22,12,18,22,13,12,18,22,13,12,18,22,13,12,18,22,13,8,0,22,13,12,18,22,12,18,22,13,12,18,22,13,12,18,22,13,12,18,22,13,8,0,22,13,12,18,22,5,18,3,13,9,3,22,2,5,18,3,13,9,3,22,2,1,0,3,13,9,3,22
20,0,16,29,1,6,29,11,0,26,21,0,0,18,13,0,8,8,8,13,29,17,8,0,0,16,29,1,6,29,11,0,26,21,0,0,18,16,3,3,3,0,6,29,11,1,10,0,16,29,1,6,29,11,0,26,21,0,0,18,28,28,28,28,2,6,29,11,10,21,0,16,29,1,6,29,11,0,26,21,0,0,0,0,0,0,0,0,6,29,11,0,21,0,16,29,1,6,29,11,0,26,21,0,0,0,0,0,5,5,5,11,29,15,3,21,0,16,29,1,6,29,11,0,26,21,0,0,0,0,1,29,29,29,29,29,29,17,21,0,16,29,1,6,29,11,0,26,21,0,0,0,0,0,12,12,12,12,12,12,7,21,0,16,29,1,6,29,11,0,26,21,0,3,7,7,7,7,7,7,7,7,7,7,21,0,16,29,1,6,29,11,0,26,21,0,4,8,8,8,8,8,8,8,8,8,8,21,0,16,29,1,6,29,11,0,26,21,0,0,12,19,19,19,19,19,18,0,0,0,21,0,16,29,1,6,29,11,0,26,21,0,0,18,29,28,28,28,28,27,0,0,7,21,0,16,29,1,6,29,11,0,26,21,0,0,18,13,0,0,0,0,0,0,0,23,21,0,16,29,1,6,29,11,0,26,21,0,0,18,13,15,17,17,17,17,17,17,26,21,0,16,29,1,6,29,11,0,26,21,0,0,18,13,0,0,0,0,0,0,0,22,21,0,16,29,1,6,29,11,0,26,21,0,0,18,15,1,1,1,1,1,0,0,22,21,0,16,29,1,6,29,11,0,26,21,0,0,18,29,29,29,29,29,27,0,0,22,21,0,16,29,1,6,29,11,0,26,21,0,0,18,23,17,17,17,17,15,0,0,19,21,0,16,29,1,6,29,11,0,26,21,0,0,18,13,0,0,0,0,0,0,0,0,21,0,16,29,1,6,29,11,0,26,21,0,0,18,13,14,17,17,17,17,17,17,17,21,0,16,29,1,6,29,11,0,26,21,0,0,18,13,0,0,0,0,0,0,0,0,21,0,16,29,1,6,29,11,0,26,21,0,0,18,13,1,29,29,29,29,29,29,29,21,0,16,29,1,6,29,11,0,26,21,0,0,18,13,1,18,18,18,21,29,23,18,21,0,16,29,1,6,29,11,0,26,21,0,0,18,13,0,0,0,0,6,29,11,0
3,18,22,13,12,18,22,0,0,0,0,0,0,0,22,13,12,18,22,13,8,0,0,3,18,22,13,12,18,22,0,3,17,0,12,8,0,22,13,12,18,22,13,8,0,20,3,18,22,13,12,18,22,0,3,18,0,13,8,0,22,13,12,18,22,13,8,0,22,3,18,22,13,12,18,22,0,3,18,0,13,8,0,22,13,12,18,22,13,8,0,22,3,18,2,13,9,1,22,0,3,18,0,13,8,0,22,1,4,18,2,13,8,0,22,8,18,12,13,11,10,22,7,8,18,0,13,11,10,22,7,8,18,12,13,11,10,22,12,18,22,13,12,18,22,13,12,18,0,13,12,18,22,13,12,18,22,13,12,18,22,12,18,22,13,12,18,22,13,12,18,0,13,12,18,22,13,12,18,22,13,12,18,22,9,3,22,2,5,18,4,13,9,3,0,2,5,18,4,13,9,3,22,2,5,18,4,28,27,28,0,3,29,27,28,8,0,0,0,3,29,27,28,8,0,23,27,28,18,0,12,4,23,0,3,20,4,16,8,0,0,0,3,20,4,16,8,0,23,4,8,18,0,8,0,22,0,3,18,0,13,8,0,0,0,3,18,0,13,8,0,22,0,3,18,0,8,0,22,0,3,18,0,13,8,0,0,0,3,18,0,13,8,0,22,0,3,18,0,8,0,22,0,3,18,0,13,8,0,0,0,3,18,0,13,8,0,22,0,3,18,0,8,0,22,0,3,18,0,13,8,0,0,0,3,18,0,13,8,0,22,0,3,18,0,7,0,19,0,3,16,0,12,7,0,0,0,3,16,0,12,7,0,19,0,3,16,0,0,0,0,0,0,0,0,0,0,0,0,0,0,0,0,0,0,0,0,0,0,0,0,17,17,17,17,17,17,17,17,17,6,0,2,17,17,17,17,17,17,17,17,17,17,17,1,1,1,0,0,1,1,1,0,0,0,0,0,1,1,1,0,0,1,1,1,1,0,29,29,28,0,3,29,29,29,8,0,0,0,3,29,29,29,8,0,23,29,29,18,0,9,2,23,0,3,19,2,14,8,0,0,0,3,19,2,14,8,0,23,1,5,18,0,12,18,22,0,3,18,22,13,8,0,0,0,3,18,22,13,8,0,22,13,12,18,0,4,18,22,0,0,1,22,13,8,0,0,0,0,1,22,13,8,0,1,13,12,18,0
0,0,5,5,5,5,5,21,18,8,8,8,8,8,8,8,0,27,20,0,0,27,20,0,3,29,29,29,29,29,29,12,0,0,22,27,27,27,27,27,29,20,0,0,20,15,0,1,12,12,12,12,12,12,5,0,0,16,20,20,20,20,20,20,14,0,0,0,0,0,0,4,7,7,7,7,7,7,7,7,7,7,7,7,7,7,7,7,7,0,0,0,0,0,4,8,8,8,8,8,8,8,8,8,8,8,8,8,8,8,8,8,0,0,0,0,0,0,3,17,17,17,17,17,17,18,0,0,0,0,0,0,0,0,0,0,0,0,0,0,0,0,0,8,9,9,2,0,22,0,0,0,8,14,0,3,14,5,0,13,10,0,0,0,0,0,6,6,18,7,0,22,7,4,0,17,29,0,7,29,10,0,27,20,0,0,0,0,3,12,0,14,7,0,22,14,7,0,17,29,0,7,29,10,0,27,20,0,0,0,0,4,17,0,14,7,0,22,14,7,0,13,21,0,7,29,10,0,27,20,18,25,25,25,26,17,0,14,7,0,22,1,0,0,0,0,0,7,29,10,0,27,20,4,6,6,6,10,17,0,14,7,0,24,15,15,15,10,0,0,2,9,3,0,9,6,0,0,0,0,4,17,0,14,12,5,6,6,6,2,0,0,0,0,0,0,0,0,0,0,0,0,0,0,0,0,5,10,10,10,10,10,3,0,0,0,0,0,0,0,0,0,11,17,17,17,17,17,17,17,17,17,17,17,17,17,17,17,17,17,17,17,0,0,0,0,0,0,0,0,0,0,0,2,4,0,0,0,0,0,0,0,0,0,0,0,0,0,0,0,0,0,0,0,0,0,17,29,0,22,29,29,29,6,0,0,0,0,0,0,0,0,8,6,0,5,8,0,0,17,29,0,14,25,29,19,4,0,2,8,3,0,8,6,0,27,20,0,17,29,0,0,17,29,3,8,17,29,3,8,0,7,29,10,0,27,20,0,27,20,0,17,29,0,0,17,29,5,17,17,29,5,17,0,7,29,10,0,27,20,0,27,20,0,17,29,0,0,17,29,5,17,17,29,5,17,0,7,29,10,0,27,20,0,27,20,0,17,29,0,0,17,29,3,8,17,29,3,8,0,7,29,10,0,27,20,0,14,11,0,9,15,0,0,17,29,18,17,25,29,18,5,0,4,15,5,0,14,11
0,0,0,3,25,25,25,25,25,25,25,25,25,25,25,25,25,25,25,25,25,25,26,0,0,0,0,0,0,0,0,0,0,0,0,0,0,0,0,0,0,0,0,0,0,8,15,2,25,25,25,24,0,19,25,25,25,6,11,25,25,25,15,2,25,25,25,24,8,13,2,22,29,28,21,0,17,26,29,23,6,9,24,29,25,13,2,22,29,28,21,8,0,0,0,26,21,0,0,0,16,29,1,0,0,6,29,11,0,0,0,26,21,0,8,11,1,19,28,27,19,19,19,25,29,20,19,19,22,29,23,19,19,19,28,27,18,8,17,2,28,28,28,28,28,28,28,28,28,28,28,28,28,28,28,28,28,28,28,27,8,0,0,0,0,0,0,0,0,0,0,0,0,0,0,0,0,0,0,0,0,0,0,8,0,0,0,0,0,0,0,0,0,0,0,0,0,0,0,0,0,0,0,0,0,0,8,17,17,17,17,17,17,17,17,17,17,17,17,17,17,17,17,17,17,17,17,17,6,8,0,0,0,0,0,0,0,0,0,0,1,1,1,1,1,1,1,1,1,1,1,1,8,0,0,0,0,0,0,0,0,0,0,29,29,29,29,29,29,29,29,29,29,29,25,8,0,0,0,9,13,13,13,13,13,14,14,14,14,14,14,3,6,14,14,14,14,14,18,0,0,0,13,18,18,18,18,18,18,18,18,18,18,18,3,6,18,18,18,18,18,22,0,0,0,0,0,0,0,10,6,0,0,0,0,0,16,0,0,0,0,0,2,13,8,0,0,0,0,0,0,0,13,8,0,0,0,0,0,22,0,0,0,0,0,3,18,8,0,0,0,0,0,0,0,9,6,0,0,0,0,0,16,0,0,0,0,0,2,13,8,0,0,0,9,11,11,11,11,11,11,11,11,11,11,11,11,11,11,11,11,11,11,17,0,0,0,16,20,20,20,20,20,20,20,20,20,20,20,20,20,20,20,20,20,20,20,7,7,7,7,7,7,7,7,7,7,7,7,7,7,7,7,7,7,7,7,7,7,7,8,8,8,8,8,8,8,8,8,8,8,8,8,8,8,8,8,8,8,8,8,8,8,0,0,0,0,7,19,19,19,19,19,19,19,19,18,0,14,19,19,19,19,19,18,0,0,0,0,0,11,28,28,28,29,29,29,28,28,27,0,21,29,29,29,28,28,27,0
22,16,12,15,22,14,12,15,22,16,12,15,22,16,12,15,19,16,12,15,22,16,10,19,12,11,15,16,0,5,11,22,12,10,13,16,16,11,11,0,12,11,15,16,14,8,0,0,6,15,0,7,2,0,22,0,0,0,0,16,5,0,10,0,6,15,0,0,0,0,16,12,15,22,16,12,15,22,16,5,0,22,16,12,15,22,16,12,15,22,0,4,0,16,12,15,22,16,12,15,22,16,5,0,22,16,12,15,22,16,12,15,22,0,4,0,16,12,15,22,16,12,15,22,16,5,0,22,16,12,15,22,16,12,15,22,0,4,0,16,12,15,22,16,12,15,22,16,5,0,22,16,12,15,22,16,12,15,22,0,4,0,16,12,15,2,16,6,1,22,16,5,0,22,16,6,1,22,1,7,15,22,0,4,0,16,12,15,0,16,5,0,22,16,5,0,22,16,5,0,22,0,6,15,22,0,4,0,16,6,1,0,2,0,0,2,16,5,0,22,1,0,0,3,0,0,1,22,0,4,0,16,17,3,0,0,0,0,8,23,5,0,24,13,0,0,0,0,0,13,24,0,4,0,10,18,5,0,0,0,0,11,18,3,0,17,17,0,0,0,0,0,17,16,0,3,0,0,0,0,0,0,0,0,0,0,0,0,0,0,0,0,0,0,0,0,0,0,0,0,0,0,0,0,0,0,0,0,0,0,0,0,0,0,0,0,0,0,0,0,0,0,0,0,0,0,0,0,0,0,0,0,0,0,0,0,0,0,0,0,0,0,0,0,0,0,0,0,0,0,0,0,0,0,0,0,0,0,0,0,0,0,0,0,0,0,0,0,0,10,17,4,0,0,0,0,10,17,3,0,16,16,0,0,0,0,0,16,15,0,2,0,16,17,3,0,0,0,0,8,23,5,0,24,13,0,0,0,0,0,13,24,0,4,0,16,6,1,0,1,0,0,1,16,5,0,22,1,0,0,1,0,0,1,22,0,4,0,16,12,15,0,16,5,0,22,16,5,0,22,16,5,0,22,0,6,15,22,0,4,0,16,12,15,0,16,6,0,22,16,5,0,22,16,6,0,22,0,7,15,22,0,4,0,16,12,15,22,16,12,15,22,16,5,0,22,16,12,15,22,16,12,15,22,0,4,0,16,12,15,22,16,12,15,22,16,5,0,22,16,12,15,22,16,12,15,22,0,4
11,19,22,12,9,0,22,12,12,19,22,12,12,19,22,0,2,19,22,12,12,19,22,11,19,22,12,9,0,22,12,12,19,22,12,12,19,22,0,2,19,22,12,12,19,22,4,0,22,0,0,0,0,12,10,0,11,0,3,19,0,0,0,0,22,0,1,9,0,2,13,22,9,9,16,16,12,12,13,0,9,9,19,16,10,10,13,22,9,6,0,16,10,19,22,12,12,19,22,12,12,19,19,12,12,19,22,12,12,19,22,12,12,16,22,11,13,22,9,9,19,16,12,12,13,22,9,9,19,16,12,12,13,22,9,9,19,16,8,0,22,1,4,19,3,12,9,0,22,0,2,19,3,12,10,2,22,0,2,19,0,8,0,22,12,12,19,22,12,9,0,22,0,2,19,22,12,12,19,22,0,2,19,0,11,14,22,12,12,19,22,12,12,14,22,9,10,19,22,12,12,19,22,9,10,19,16,11,19,22,12,12,19,22,12,12,19,22,12,12,19,22,12,12,19,22,12,12,19,22,11,19,22,1,3,19,2,12,12,19,22,12,12,19,2,12,10,1,22,12,12,19,22,9,6,22,0,2,19,0,12,10,6,22,4,6,19,0,12,9,0,22,4,6,19,7,8,0,22,0,2,19,0,12,9,0,22,0,2,19,0,12,9,0,22,0,2,19,0,2,0,22,0,0,5,0,12,9,0,6,0,2,19,0,3,2,0,22,0,0,5,0,0,4,22,15,6,9,12,22,10,4,0,3,5,25,15,6,6,15,26,3,2,0,5,10,19,13,22,12,19,22,17,8,19,19,12,11,17,26,12,12,25,17,12,12,16,22,11,19,0,12,12,19,22,0,2,19,22,12,9,0,22,12,12,19,0,12,12,19,22,11,18,0,12,12,19,22,0,2,18,22,12,9,0,22,12,12,19,0,12,12,19,21,8,0,0,12,10,5,22,0,0,0,22,0,0,0,22,3,5,19,0,0,2,19,0,8,0,0,12,9,0,22,0,0,0,22,0,0,0,22,0,2,19,0,0,2,19,0,8,0,16,2,3,13,3,9,6,0,22,0,2,13,3,9,7,3,16,0,2,19,0,8,0,22,8,9,19,15,12,9,0,22,0,2,19,15,12,11,13,22,0,2,19,0,8,0,22,12,12,19,22,12,9,0,22,0,2,19,22,12,12,19,22,0,2,19,0
0,0,0,0,8,17,2,2,17,8,0,14,14,0,14,29,3,4,29,13,0,0,0,0,0,0,0,0,0,0,0,0,0,0,0,0,0,14,29,3,4,29,13,0,0,0,0,0,0,0,12,25,3,4,25,11,0,20,20,0,10,21,2,3,21,10,0,0,0,0,0,0,0,14,29,3,4,29,13,0,25,23,0,0,0,0,0,0,0,0,0,0,14,0,0,0,14,29,3,4,29,13,0,25,23,0,0,0,3,7,7,7,7,7,6,21,0,0,0,14,29,3,4,29,13,0,25,23,0,0,0,3,8,8,8,8,8,6,21,0,0,0,14,29,3,4,29,13,0,25,23,0,0,0,0,0,0,0,0,13,15,21,0,0,0,14,29,3,4,29,13,0,25,23,0,7,14,1,0,0,0,0,19,22,21,0,0,0,14,29,3,4,29,13,0,25,23,0,14,29,3,0,0,0,0,2,7,21,0,0,0,14,29,3,4,29,13,0,25,23,0,14,29,3,0,0,0,1,20,7,21,0,0,0,14,29,3,4,29,13,0,25,23,0,14,29,3,0,0,0,1,20,7,21,0,0,0,14,29,3,4,29,13,0,25,23,0,14,29,3,0,0,0,1,17,7,19,0,0,0,4,9,1,1,9,4,0,8,7,0,4,9,1,0,0,0,0,6,11,0,0,0,0,0,0,0,0,0,0,0,0,0,0,0,0,0,0,0,0,0,22,22,5,0,0,0,0,0,0,0,0,0,0,0,0,0,0,0,0,0,0,0,0,8,8,21,0,0,0,0,0,0,13,17,17,17,17,17,17,17,17,17,17,17,17,17,17,13,21,0,0,0,0,0,0,0,0,0,0,0,0,0,0,0,0,0,0,0,0,0,0,21,0,0,0,0,0,0,0,0,0,0,0,0,0,0,0,0,0,0,0,0,0,0,21,0,0,0,4,8,1,1,8,4,0,7,7,0,4,8,1,1,8,4,0,7,6,21,0,0,0,14,29,3,4,29,13,0,25,23,0,14,29,3,4,29,13,0,25,22,21,0,0,0,14,29,3,4,29,13,0,25,23,0,14,29,3,4,29,13,0,25,22,21,0,0,0,14,29,3,4,29,13,0,25,23,0,14,29,3,4,29,13,0,25,22,21,0,0,0,14,29,3,4,29,13,0,25,23,0,14,29,3,4,29,13,0,25,22
2,19,22,12,12,19,22,0,0,0,0,0,0,0,22,12,12,19,22,12,9,0,0,2,15,22,10,10,19,18,0,0,0,0,0,0,0,18,12,12,15,22,10,7,0,0,0,0,22,0,2,19,0,0,0,0,0,0,0,0,0,12,9,0,22,0,0,0,0,0,0,22,0,2,19,0,0,0,0,0,0,0,0,0,12,9,0,22,0,0,0,0,1,13,22,8,9,19,15,0,1,13,0,8,6,0,15,12,11,13,22,8,6,0,15,2,19,22,12,12,19,22,0,2,19,0,12,9,0,22,12,12,19,22,12,9,0,22,2,19,16,12,12,13,22,0,2,19,0,12,9,0,22,9,9,19,16,12,9,0,22,2,15,3,9,8,2,17,0,2,19,0,12,9,0,17,1,3,15,3,9,7,0,22,0,0,22,0,2,19,0,0,2,19,0,12,9,0,0,12,9,0,22,0,0,0,22,0,0,22,3,5,19,0,0,2,19,0,12,9,0,0,12,10,5,22,0,0,0,22,8,0,22,12,12,19,0,11,11,19,0,12,12,17,0,12,12,19,22,0,2,17,22,8,0,22,12,12,19,0,12,12,19,0,12,12,19,0,12,12,19,22,0,2,19,22,10,15,26,12,12,25,15,12,12,17,0,11,11,19,12,22,12,19,22,15,8,19,19,5,25,17,6,7,17,26,3,2,0,0,0,0,5,22,17,7,10,13,22,10,5,0,2,19,0,3,2,0,22,0,0,4,0,3,2,0,22,0,0,4,0,12,9,0,5,2,19,0,12,9,0,22,0,2,19,0,12,9,0,22,0,2,19,0,12,9,0,22,5,19,0,12,9,0,22,3,5,19,0,12,10,5,22,0,2,19,0,12,10,5,22,11,19,1,12,10,1,22,12,12,19,0,12,12,19,22,0,3,19,1,12,12,19,22,11,19,22,12,12,19,22,12,12,19,0,12,12,19,22,12,12,19,22,12,12,19,22,10,19,22,12,12,19,22,10,10,19,0,12,12,15,22,12,12,19,22,12,12,15,22,2,19,22,12,12,19,22,0,2,19,0,12,9,0,22,12,12,19,22,12,9,0,22,2,19,3,12,10,3,22,0,2,19,0,12,9,0,22,2,4,19,3,12,9,0,22,8,19,15,12,11,13,22,8,9,19,0,12,11,13,22,8,9,19,15,12,11,13,22
13,12,18,0,13,12,18,0,0,1,2,2,2,2,2,6,18,0,1,29,29,29,29,19,12,18,0,13,12,22,9,9,9,9,9,3,0,0,3,18,0,0,12,12,12,12,17,12,18,0,13,12,21,6,6,6,6,6,2,0,0,3,18,0,0,0,0,0,0,13,10,6,0,4,6,18,0,13,20,17,17,17,17,7,3,24,13,13,13,13,13,13,13,8,0,0,0,3,18,0,13,8,0,0,0,0,0,3,20,2,2,2,2,2,2,13,8,0,0,0,3,18,0,13,8,2,17,17,17,17,17,13,0,1,17,17,17,17,11,7,0,0,0,3,15,0,6,4,0,0,0,0,0,0,0,0,1,29,29,29,29,0,0,0,0,0,0,0,0,0,0,0,0,0,0,0,0,0,0,0,0,0,0,0,17,17,17,17,17,17,17,17,17,17,17,17,17,17,17,17,17,17,17,17,17,17,17,0,0,0,0,0,0,0,0,1,1,1,1,1,1,1,0,1,1,1,1,1,1,1,0,0,0,0,0,0,0,0,21,29,29,29,29,29,27,0,21,29,29,29,29,29,27,10,9,14,0,10,9,13,0,12,24,29,17,17,17,15,0,12,24,29,17,17,17,15,13,12,18,0,13,12,18,0,0,16,29,1,0,0,0,0,0,16,29,1,0,0,0,13,12,18,0,13,12,18,0,0,16,29,1,12,17,17,17,3,16,29,1,4,17,17,13,12,18,0,13,12,18,0,0,16,29,1,10,14,14,14,2,16,29,1,3,14,14,13,12,18,0,13,12,18,0,0,16,29,1,0,0,0,0,0,16,29,1,0,0,0,2,5,18,0,13,9,3,0,20,29,29,28,27,27,27,27,27,29,29,28,27,27,26,0,3,18,0,13,8,0,0,15,20,20,20,20,20,20,20,20,20,20,20,20,20,19,7,4,18,0,13,8,6,7,7,7,7,7,7,7,7,7,7,7,7,7,7,7,7,8,4,18,0,13,8,7,8,8,8,8,8,8,8,8,8,8,8,8,8,8,8,8,4,6,18,0,13,10,5,0,0,1,3,3,3,3,3,3,2,0,0,0,0,0,0,13,12,18,0,13,12,18,0,0,6,12,12,12,12,12,15,18,0,1,25,25,25,25,13,12,18,0,13,12,18,0,0,0,0,0,0,0,0,3,18,0,1,22,22,22,22
0,0,7,14,14,14,14,14,14,14,14,14,14,14,10,0,0,0,0,13,8,0,16,3,25,17,17,17,17,17,17,0,0,0,3,0,0,0,0,0,0,0,13,8,0,15,3,18,0,0,6,0,0,0,0,0,3,18,0,0,0,0,0,0,0,13,8,0,0,3,18,0,0,22,0,0,0,0,0,3,18,0,0,0,0,0,0,0,13,8,0,0,3,18,0,0,22,0,0,0,0,0,3,18,0,0,0,0,0,0,0,13,8,0,0,3,18,0,0,7,5,5,5,5,5,6,7,5,5,5,5,1,0,0,13,8,0,16,3,18,1,5,14,14,14,14,14,14,14,14,14,14,13,19,8,0,0,13,8,0,16,3,18,6,20,18,12,12,12,12,12,12,12,12,12,9,13,8,0,0,13,8,0,16,3,18,0,13,8,1,7,7,7,7,7,7,7,7,0,13,8,0,0,13,8,0,16,3,18,0,13,8,1,8,8,8,8,8,8,8,8,0,13,8,0,0,13,8,0,16,3,18,0,13,11,3,3,3,3,3,3,3,3,3,2,13,8,0,0,13,8,0,16,3,18,0,8,14,14,14,12,12,12,12,12,12,12,9,13,8,0,0,13,8,0,16,3,18,7,14,16,24,10,0,0,0,0,1,0,0,0,13,8,0,0,6,4,0,16,3,18,0,9,10,18,0,0,0,0,3,18,0,0,0,13,8,0,0,0,0,0,16,3,18,0,13,12,18,0,0,0,0,3,18,0,0,0,13,8,0,0,0,0,0,16,3,18,0,9,10,18,0,0,0,0,2,13,0,0,0,13,8,0,0,12,7,0,16,3,18,7,15,17,24,15,15,15,15,15,15,15,15,15,22,8,0,0,13,8,0,3,3,24,14,14,14,14,14,14,1,0,0,0,0,0,0,0,0,0,0,13,8,0,1,0,2,2,2,2,2,2,2,0,0,0,0,0,0,0,0,0,0,0,13,8,0,16,17,17,17,17,17,17,17,17,17,17,17,17,17,17,17,17,17,17,0,13,8,0,16,0,0,0,0,0,0,0,0,0,0,0,0,0,0,0,0,0,0,0,13,8,0,16,0,22,29,29,29,7,12,29,29,29,17,0,0,0,0,0,0,0,0,13,8,0,16,0,14,25,29,19,5,8,21,29,23,11,0,0,0,0,2,8,3,0,13,8,0,16
22,0,3,18,0,13,10,7,22,5,7,18,0,13,8,0,22,5,7,18,9,13,8,22,0,3,18,0,13,12,18,22,13,12,18,0,13,8,0,22,13,12,18,22,13,8,22,0,3,18,0,13,12,18,22,13,12,18,0,13,8,0,22,13,12,18,22,13,8,22,0,2,12,0,13,12,18,22,13,12,18,0,8,5,0,22,13,12,18,22,13,8,22,0,0,0,0,13,12,18,22,13,12,18,0,0,0,0,22,13,12,18,22,13,8,10,0,0,0,0,6,8,18,10,13,10,8,0,0,0,0,10,13,10,8,22,6,4,0,0,0,0,0,0,3,18,0,13,8,0,0,0,0,0,0,13,8,0,22,0,0,0,0,0,0,0,0,3,18,0,13,8,0,0,0,0,0,0,13,8,0,22,0,0,22,0,3,18,0,13,12,18,22,13,12,18,0,13,8,0,22,13,12,18,22,13,8,22,0,3,18,0,13,12,18,22,13,12,18,0,13,8,0,22,13,12,18,22,13,8,22,0,3,18,0,13,10,6,22,5,7,18,0,13,8,0,22,5,7,18,8,13,8,9,0,3,18,0,6,5,8,9,6,5,8,0,13,8,0,9,6,5,8,10,6,3,0,0,3,18,0,0,3,18,0,13,8,0,0,13,8,0,0,13,8,0,22,0,0,0,3,6,18,5,0,3,18,13,13,8,0,5,13,9,4,0,13,11,11,22,0,0,0,13,12,18,22,0,3,18,22,13,8,0,22,13,12,18,0,13,12,18,22,0,3,0,13,12,18,22,0,3,18,22,13,8,0,22,13,12,18,0,13,12,18,22,0,3,25,13,10,10,22,12,26,18,22,13,27,16,22,7,8,18,20,27,12,18,23,25,11,24,0,0,0,0,13,13,4,4,3,10,18,0,0,0,0,23,6,2,3,5,17,8,22,0,2,10,0,13,8,0,13,0,3,18,0,7,5,0,22,0,2,10,0,13,8,22,0,3,18,0,13,8,0,22,0,3,18,0,13,8,0,22,0,3,18,0,13,8,22,8,9,18,14,13,8,0,22,0,3,18,14,13,11,12,22,0,3,18,0,13,11,22,13,12,18,22,13,10,7,22,5,7,18,22,13,12,18,22,5,7,18,9,13,12,22,13,12,18,22,13,12,18,22,13,12,18,22,13,12,18,22,13,12,18,22,13,12
6,8,8,8,0,27,20,0,0,0,0,27,20,0,17,29,0,7,29,10,0,0,0,19,27,27,27,27,29,20,0,0,0,0,20,15,0,13,21,0,5,21,8,0,0,0,14,20,20,20,20,20,14,0,0,0,0,0,0,0,0,0,0,0,0,0,0,0,0,5,7,7,7,7,7,7,7,0,0,0,0,0,6,7,7,7,7,5,0,0,0,0,6,8,8,8,8,8,8,8,0,0,0,0,0,7,8,8,8,8,5,0,0,0,0,0,0,0,0,0,0,0,0,0,0,0,0,0,0,0,0,0,0,0,0,0,0,0,0,0,0,0,8,14,0,3,14,5,0,13,10,0,8,14,0,3,14,5,0,0,0,0,0,0,0,17,29,0,7,29,10,0,27,20,0,17,29,0,7,29,10,0,0,0,0,0,0,0,17,29,0,7,29,10,0,27,20,0,17,29,0,7,29,10,0,0,0,0,0,0,0,17,29,0,7,29,10,0,27,20,0,17,29,0,7,29,10,0,0,0,0,0,0,0,17,29,0,7,29,10,0,27,20,0,17,29,0,7,29,10,0,0,0,11,15,10,0,5,9,0,2,9,3,0,9,6,0,5,9,0,2,9,3,0,0,0,4,2,0,0,0,0,0,0,0,0,0,0,0,0,0,0,0,0,0,0,0,0,0,7,3,0,0,0,0,0,0,0,0,0,0,0,0,0,0,0,0,0,0,0,0,0,11,17,17,17,17,17,17,17,0,0,0,0,0,14,17,17,17,5,0,0,0,0,0,0,0,0,0,0,0,0,0,0,0,0,0,0,0,0,0,0,0,0,0,0,0,0,20,29,29,6,0,0,0,0,0,0,0,0,0,0,0,0,0,0,0,0,0,0,0,19,29,19,4,0,0,0,2,8,3,0,8,6,0,5,8,0,2,8,3,0,0,0,17,29,3,8,0,0,0,7,29,10,0,27,20,0,17,29,0,7,29,10,0,0,0,17,29,5,17,0,0,0,7,29,10,0,27,20,0,17,29,0,7,29,10,0,0,0,17,29,5,17,0,0,0,7,29,10,0,27,20,0,17,29,0,7,29,10,0,0,0,17,29,3,8,0,0,0,7,29,10,0,27,20,0,17,29,0,7,29,10,0,0,0,19,29,18,5,0,0,0,4,15,5,0,14,11,0,9,15,0,4,15,5,0,13,10
12,12,12,12,12,12,12,12,12,12,12,12,12,12,12,12,12,12,12,12,12,12,12,3,3,3,3,3,3,3,3,3,3,3,3,3,3,3,3,3,3,3,3,3,3,3,0,7,17,17,16,0,2,17,17,17,5,0,13,17,17,10,0,7,17,17,16,0,2,0,13,20,15,26,0,3,24,15,22,8,0,23,15,17,18,0,13,20,15,26,0,3,0,13,11,10,22,0,3,18,13,13,8,0,22,7,9,18,0,13,11,10,22,0,3,0,13,12,18,13,0,3,18,22,7,5,0,22,13,11,10,0,13,12,18,13,0,3,0,13,12,18,0,0,3,18,22,0,0,0,22,13,8,0,0,13,12,18,0,0,3,5,13,12,27,22,13,3,18,23,22,20,0,22,13,25,22,5,13,12,27,22,13,3,2,13,10,9,9,5,3,18,7,9,8,0,22,4,9,9,2,13,10,9,9,5,3,0,13,22,18,18,0,3,25,18,18,5,0,23,18,18,12,0,13,22,18,18,0,3,0,13,18,13,25,0,3,24,13,21,8,0,23,13,16,18,0,13,18,13,25,0,3,6,13,10,5,22,4,6,18,6,13,10,5,22,4,6,18,6,13,10,5,22,4,6,22,13,12,18,22,13,12,18,22,13,12,18,22,13,12,18,22,13,12,18,22,13,12,22,13,12,18,22,13,12,18,22,13,12,18,22,13,12,18,22,13,12,18,22,13,12,22,13,12,18,22,13,12,18,22,13,12,18,22,13,12,18,22,13,12,18,22,13,12,13,13,11,11,22,8,9,18,13,13,11,11,22,8,9,18,13,13,11,11,22,8,9,0,13,8,0,22,0,3,18,0,13,8,0,22,0,3,18,0,13,8,0,22,0,3,0,13,8,0,22,0,3,18,0,13,8,0,22,0,3,18,0,13,8,0,22,0,3,0,13,8,0,22,0,3,18,0,13,8,0,22,0,3,18,0,13,8,0,22,0,3,0,13,8,0,22,0,3,18,0,13,8,0,22,0,3,18,0,13,8,0,22,0,3,0,10,6,0,16,0,2,13,0,10,6,0,16,0,2,13,0,10,6,0,16,0,2,2,2,2,2,2,2,2,2,2,2,2,2,2,2,2,2,2,2,2,2,2,2,2,13,13,13,13,13,13,13,13,13,13,13,13,13,13,13,13,13,13,13,13,13,13,13
11,0,26,21,0,16,29,1,6,29,11,0,6,29,11,4,8,8,8,8,8,8,8,8,0,19,16,0,12,21,1,5,21,8,0,6,29,28,27,27,27,27,27,7,0,0,0,0,0,0,0,0,0,0,0,0,0,0,4,20,20,20,20,20,20,20,5,0,0,1,7,7,7,7,7,2,0,0,0,0,3,7,7,7,7,7,7,7,7,7,7,7,1,8,8,8,8,8,3,0,0,0,0,4,8,8,8,8,8,8,8,8,8,8,8,0,0,0,0,0,0,0,0,0,0,0,0,0,0,0,0,0,0,0,0,9,17,17,5,0,13,10,0,8,14,0,3,14,5,0,13,10,0,8,14,0,0,0,13,8,0,11,0,26,21,0,16,29,1,6,29,11,0,26,21,0,16,29,1,0,12,13,8,0,11,0,26,21,0,16,29,1,6,29,11,0,26,21,0,16,29,1,0,22,13,8,0,11,0,26,21,0,16,29,1,6,29,11,0,26,21,0,12,21,1,0,22,13,8,0,11,0,26,21,0,16,29,1,6,29,11,0,26,21,0,0,0,0,0,2,13,8,0,11,0,8,7,0,5,9,0,2,9,3,0,8,7,0,0,2,15,15,15,22,8,0,11,0,0,0,0,0,0,0,0,0,0,0,0,0,0,0,0,0,5,6,6,6,5,11,0,0,0,0,0,0,0,0,0,0,0,0,0,0,0,0,0,9,10,10,10,10,11,0,14,17,17,17,6,0,0,0,0,8,17,17,17,17,17,17,17,17,17,17,17,11,0,0,0,0,0,0,0,0,0,0,0,0,0,0,0,0,0,0,0,0,2,4,11,0,0,0,0,0,0,0,0,0,0,0,0,0,0,0,21,29,29,29,7,16,29,11,0,8,6,0,5,8,0,2,8,3,0,8,6,0,0,13,25,29,19,5,16,29,11,0,26,21,0,16,29,1,6,29,11,0,26,21,0,1,8,16,29,3,8,16,29,11,0,26,21,0,16,29,1,6,29,11,0,26,21,0,3,18,16,29,5,18,16,29,11,0,26,21,0,16,29,1,6,29,11,0,26,21,0,3,18,16,29,5,18,16,29,11,0,26,21,0,16,29,1,6,29,11,0,26,21,0,1,9,16,29,3,9,16,29,11,0,14,11,0,9,15,1,3,15,6,0,14,11,0,0,14,24,29,18,17,24,29
12,12,12,12,12,12,12,12,12,12,12,12,12,12,12,12,12,12,12,12,12,12,12,3,3,3,3,3,3,3,3,3,3,3,3,3,3,3,3,3,3,3,3,3,3,3,0,0,0,0,0,0,0,0,0,0,0,0,0,0,0,0,0,0,0,0,0,0,0,0,0,0,6,4,2,22,22,22,22,22,22,10,0,0,17,22,22,22,22,22,22,16,0,0,0,13,8,2,25,25,25,25,25,28,13,0,0,19,25,25,25,25,25,29,21,0,0,0,13,11,2,2,2,2,2,1,18,13,0,0,0,0,0,0,0,0,26,21,0,0,0,13,18,13,13,13,13,13,5,18,18,8,8,8,8,8,8,8,0,26,21,4,0,11,13,8,0,0,0,0,0,0,18,26,23,23,23,23,23,23,23,0,26,21,8,0,22,13,8,2,20,20,20,20,20,26,13,0,0,9,12,12,12,12,12,28,21,8,0,22,13,8,2,27,27,27,27,27,27,13,0,0,22,29,29,29,29,29,29,21,8,0,22,13,8,0,0,0,0,0,0,0,0,0,0,4,5,5,5,5,5,5,4,8,0,22,13,8,0,8,17,17,17,17,17,17,17,17,17,17,17,17,17,17,17,17,8,0,22,13,8,0,0,0,4,4,4,4,4,4,4,0,0,0,0,0,0,0,0,7,0,19,13,8,0,0,1,11,11,11,11,11,11,25,0,0,0,0,0,0,0,0,0,0,0,13,8,0,0,0,0,14,17,20,7,0,22,0,0,0,0,6,29,11,0,5,0,13,13,8,0,0,0,0,3,0,13,8,0,22,13,8,0,0,6,29,11,0,8,0,22,13,8,0,0,0,3,18,0,13,8,0,22,13,8,0,0,6,29,11,0,8,0,22,13,16,10,10,10,13,18,0,13,8,0,22,8,5,0,0,1,6,2,0,2,0,7,10,21,21,21,21,23,18,0,13,8,0,23,0,0,0,0,0,0,0,0,0,0,0,0,0,0,0,0,3,18,0,13,8,0,12,15,15,15,11,0,0,0,0,0,0,0,0,0,0,0,0,2,10,0,12,19,17,17,17,17,6,0,0,0,0,0,2,2,2,2,2,2,2,2,2,2,2,2,2,2,2,2,2,2,2,2,2,2,2,13,13,13,13,13,13,13,13,13,13,13,13,13,13,13,13,13,13,13,13,13,13,13
19,28,0,0,0,0,0,0,0,0,0,0,0,0,0,0,0,0,0,0,0,0,0,3,5,0,0,0,7,27,14,0,15,27,7,0,0,0,0,16,27,5,0,25,26,0,0,0,0,0,0,1,10,15,0,16,9,1,0,0,0,0,2,19,5,0,23,4,0,9,0,2,6,0,6,9,15,0,16,8,6,0,6,2,0,9,16,5,0,22,6,2,22,0,6,15,0,16,12,15,0,16,12,15,0,16,5,0,22,16,5,0,22,16,5,22,0,6,15,8,16,12,15,0,16,12,15,8,16,8,5,22,16,5,0,22,16,7,22,0,6,15,22,16,12,15,0,16,12,15,22,16,12,15,22,16,5,0,22,16,10,22,0,6,15,22,16,12,15,0,16,12,15,22,16,12,15,22,16,5,0,22,16,10,22,0,6,15,22,16,12,15,0,16,12,15,22,16,12,15,22,16,5,0,22,16,10,22,0,6,15,16,16,10,11,0,11,11,15,16,16,10,11,22,11,4,0,16,16,9,3,0,1,2,0,16,6,0,3,0,7,15,0,2,1,0,22,0,1,2,0,16,6,3,0,1,2,22,16,12,15,22,16,12,15,22,2,7,15,22,16,12,15,22,16,10,22,0,6,15,22,16,12,15,22,16,12,15,22,16,12,15,22,16,12,15,22,16,10,22,0,6,15,8,16,8,5,22,6,9,15,8,16,8,5,22,6,9,15,8,16,7,22,0,6,15,0,16,9,7,22,7,9,15,0,16,5,0,22,7,9,15,10,16,5,22,0,6,15,1,16,12,15,22,16,12,15,1,16,6,1,22,16,12,15,22,16,6,22,0,6,15,22,16,12,15,22,16,12,15,22,16,12,15,22,16,12,15,22,16,10,22,0,6,15,22,16,11,12,22,13,11,15,22,16,12,15,22,13,11,15,17,16,10,22,0,6,15,22,16,5,0,22,0,6,15,22,16,12,15,22,0,6,15,0,16,10,22,0,6,15,0,16,5,0,22,0,6,15,0,16,5,0,22,0,6,15,0,16,5,22,0,6,15,0,16,5,0,22,0,6,15,0,16,5,0,22,0,6,15,0,16,5,0,0,0,0,0,16,5,0,0,0,6,15,0,0,0,0,22,0,0,0,0,16,5,3,0,1,2,13,16,26,13,19,14,26,15,13,2,4,9,26,25,11,13,23,28,8
0,16,5,0,22,16,5,0,22,16,5,0,22,0,6,15,22,0,6,15,22,0,4,0,7,2,0,9,16,5,0,22,7,2,0,10,0,3,6,22,0,6,15,9,0,2,0,0,0,0,2,18,5,0,23,3,0,0,0,0,0,3,23,0,6,17,2,0,0,0,0,0,0,17,28,5,0,26,27,0,0,0,0,0,27,25,0,6,28,17,0,0,0,0,0,0,0,0,0,0,0,0,0,0,0,0,0,0,0,0,0,0,0,0,0,0,0,0,0,0,0,0,0,0,0,0,0,0,0,0,0,0,0,0,0,0,0,0,0,0,0,0,0,0,0,0,0,0,0,0,0,0,0,0,0,0,0,0,0,0,0,0,0,0,0,0,0,0,0,0,0,0,0,0,0,0,0,0,0,0,0,0,0,0,0,0,0,0,4,7,1,0,7,7,0,0,0,0,0,7,6,0,1,7,4,0,0,0,0,0,0,14,27,5,0,26,23,0,0,0,0,0,23,25,0,6,27,14,0,0,0,0,0,0,0,16,5,0,22,0,0,0,0,0,0,0,22,0,6,15,0,0,0,0,12,4,0,16,16,5,0,22,12,4,0,16,0,5,11,22,0,6,15,16,0,3,0,16,5,0,22,16,5,0,22,16,5,0,22,0,6,15,22,0,6,15,22,0,4,16,16,10,11,22,16,5,0,22,16,10,11,22,11,11,15,22,0,6,15,22,11,9,22,16,12,15,22,16,5,0,22,16,12,15,22,16,12,15,22,0,6,15,22,16,10,22,16,12,15,22,16,5,0,22,16,12,15,22,16,12,15,22,0,6,15,22,16,10,22,16,12,15,22,16,5,0,22,16,12,15,22,16,12,15,22,0,6,15,22,16,10,8,14,7,5,22,6,2,0,8,16,8,5,19,6,9,15,8,0,2,5,22,6,6,8,0,2,5,22,6,5,7,8,16,8,5,0,6,9,15,8,8,5,5,22,6,2,22,8,9,15,22,16,12,15,22,16,12,15,11,16,12,15,22,16,12,15,22,16,8,22,16,12,15,22,16,12,15,22,16,12,15,22,16,12,15,22,16,12,15,22,16,10,0,16,6,0,22,0,7,15,0,16,6,0,22,0,7,15,0,16,6,0,22,0,5,0,16,5,0,22,13,11,15,18,16,5,0,22,0,6,15,18,16,11,12,22,0,4
18,0,0,0,0,0,6,29,11,0,13,8,26,21,13,8,0,16,29,5,18,0,13,18,0,0,0,0,4,14,29,17,9,10,10,27,24,10,10,9,21,29,11,10,9,10,18,0,0,0,0,12,29,29,29,29,29,29,29,29,29,29,29,29,29,29,29,29,29,18,0,0,0,0,3,8,8,8,8,8,8,8,8,8,8,8,8,8,8,8,8,8,18,0,0,0,0,0,0,0,0,0,0,0,0,0,0,0,0,0,0,0,0,0,0,18,0,14,17,17,17,17,17,17,17,17,17,17,17,17,17,17,17,17,17,17,17,13,18,0,0,0,0,0,0,0,0,0,0,0,0,0,3,7,7,7,7,7,7,5,1,18,0,0,0,0,0,0,0,0,0,0,0,0,0,10,25,25,29,25,25,25,17,4,18,0,0,3,15,14,0,0,13,19,11,7,0,0,0,0,0,28,3,0,0,0,0,18,0,0,3,18,16,0,0,15,22,13,8,0,0,6,4,11,28,12,5,6,0,6,18,0,0,3,18,16,0,0,15,22,13,8,0,0,13,9,15,28,14,9,18,0,13,18,0,0,3,18,16,0,0,15,22,13,8,0,0,13,9,15,28,14,9,18,0,13,17,0,0,3,18,13,0,0,7,18,13,8,0,0,12,8,7,28,9,3,4,0,12,0,0,0,1,8,0,0,0,0,0,2,1,0,0,0,0,0,28,3,0,0,0,0,0,0,0,0,0,0,15,23,23,23,23,23,23,23,23,23,23,29,24,23,23,23,23,0,0,0,0,0,0,5,8,8,8,8,8,8,8,8,8,8,8,8,8,8,8,8,17,17,17,17,17,17,17,17,17,17,17,17,17,17,17,17,17,17,17,17,17,17,17,0,0,0,0,0,0,0,0,0,0,0,0,0,0,0,0,0,0,0,0,0,0,0,0,3,7,7,7,7,7,7,1,0,0,7,7,7,7,7,7,7,3,0,4,20,8,0,12,29,29,29,29,29,29,3,0,2,29,29,29,29,29,29,29,11,0,6,29,11,0,4,10,10,10,10,10,29,3,0,1,10,10,10,10,10,15,29,11,0,6,29,11,17,17,17,17,17,17,0,28,3,0,0,0,0,0,0,0,6,29,11,0,6,29,11,0,0,0,0,0,0,0,28,24,23,23,23,23,23,23,16,6,29,11,0,6,29,11
18,22,0,3,18,22,13,12,18,0,13,12,18,22,13,8,0,22,13,12,18,22,13,18,22,0,3,18,22,13,12,18,0,13,12,18,22,13,8,0,22,13,12,18,22,13,18,22,0,3,18,22,13,12,18,0,13,12,18,22,13,8,0,22,13,12,18,22,13,18,22,0,3,18,22,1,4,18,0,13,9,1,22,13,8,0,22,13,9,1,22,1,18,22,0,3,18,22,0,3,18,0,13,8,0,22,13,8,0,22,13,8,0,22,0,1,22,0,3,18,2,0,0,2,0,1,1,0,2,13,8,0,22,1,0,0,3,0,11,25,0,3,24,9,0,0,0,0,0,0,0,6,21,8,0,23,13,0,0,0,0,15,18,0,2,18,13,0,0,22,18,0,0,0,9,18,5,0,15,18,0,0,0,0,0,0,0,0,0,0,0,0,26,21,0,0,0,0,0,0,0,0,0,0,0,0,0,0,0,0,0,0,0,0,0,26,21,0,0,0,0,0,0,0,0,0,0,0,0,0,0,0,0,0,0,0,0,0,26,21,0,0,0,0,0,0,0,0,0,0,0,0,0,0,0,0,0,0,0,0,0,26,21,0,0,0,0,0,0,0,0,0,0,0,0,0,14,17,0,2,17,12,0,0,0,0,0,0,0,8,17,5,0,14,17,0,0,0,0,12,25,0,3,24,10,0,0,0,0,0,0,0,7,21,8,0,23,14,0,0,0,0,1,22,0,3,18,1,0,0,1,0,0,0,0,1,13,8,0,22,0,0,0,1,0,18,22,0,3,18,22,0,3,18,0,13,8,0,22,13,8,0,22,13,8,0,22,0,18,22,0,3,18,22,0,4,18,0,13,9,0,22,13,8,0,22,13,9,0,22,0,18,22,0,3,18,22,13,12,18,0,13,12,18,22,13,8,0,22,13,12,18,22,13,18,22,0,3,18,22,13,12,18,0,13,12,18,22,13,8,0,22,13,12,18,22,13,18,22,0,3,18,22,13,12,18,0,13,12,18,22,13,8,0,22,13,12,18,22,13,18,22,0,3,18,22,13,12,18,0,13,12,18,22,13,8,0,22,13,12,18,22,13,18,0,0,0,0,22,0,2,9,0,6,4,0,22,0,0,0,0,13,9,0,11,0,18,16,11,10,13,22,9,6,0,0,0,2,13,22,9,9,15,16,13,11,13,0,9
0,0,0,0,6,29,29,29,29,29,29,20,0,0,0,0,0,0,0,0,0,0,0,0,0,0,0,0,0,0,0,0,0,0,0,0,0,0,0,0,0,0,0,0,0,0,17,17,17,17,17,17,17,17,17,17,17,17,17,17,17,17,6,0,0,0,0,8,17,0,0,0,0,0,0,0,5,9,9,9,9,9,9,3,0,0,0,0,0,0,0,0,8,0,0,0,0,0,0,16,29,29,29,29,29,29,10,0,0,0,4,20,8,0,18,11,0,0,0,0,0,0,16,29,10,8,20,29,10,3,0,0,0,6,29,11,0,26,11,0,0,0,0,0,0,16,29,5,15,16,29,5,15,0,0,0,6,29,11,0,26,11,0,8,5,0,0,0,16,29,5,18,16,29,5,18,0,0,0,6,29,11,0,26,11,0,13,8,0,0,0,16,29,5,18,16,29,5,18,0,0,0,6,29,11,0,26,11,0,13,8,0,0,0,16,29,2,3,16,29,2,3,0,0,0,6,29,11,0,26,8,0,13,8,0,0,0,16,29,1,20,29,29,28,7,0,0,0,5,21,8,0,19,0,0,13,8,0,0,0,15,26,1,15,20,20,20,5,0,0,0,0,0,0,0,0,0,0,13,8,0,3,7,7,7,7,7,7,7,7,7,7,7,7,7,7,7,7,7,0,0,13,8,0,4,8,8,8,8,8,8,8,8,8,8,8,8,8,8,8,8,8,0,0,13,8,0,0,0,0,0,0,0,0,0,0,0,0,0,0,0,0,0,0,0,5,0,13,8,0,8,14,0,3,14,5,0,13,10,0,8,14,0,3,14,5,0,13,11,0,13,8,0,16,29,1,6,29,11,0,26,21,0,16,29,1,6,29,11,0,26,11,0,13,8,0,16,29,1,6,29,11,0,26,21,0,16,29,1,6,29,11,0,26,11,0,13,8,0,16,29,1,6,29,11,0,26,21,0,16,29,1,6,29,11,0,26,11,0,13,8,0,16,29,1,6,29,11,0,26,21,0,16,29,1,6,29,11,0,26,3,0,13,8,0,5,9,0,2,9,3,0,8,7,0,5,9,0,2,9,3,0,8,0,0,13,8,0,0,0,0,0,0,0,0,0,0,0,0,0,0,0,0,0,0,0,0,0,13,8,0,0,0,0,0,0,0,0,0,0,0,0,0,0,0,0,0,0,0
12,0,2,10,0,7,6,8,12,6,6,10,0,7,4,0,12,6,6,10,9,7,4,22,0,3,18,0,13,8,0,22,0,3,18,0,13,8,0,22,0,3,18,0,13,8,22,0,3,18,16,13,11,13,22,10,10,18,16,13,11,13,22,10,10,18,16,13,11,22,0,3,18,22,13,12,18,22,13,12,18,22,13,12,18,22,13,12,18,22,13,12,22,0,3,18,22,13,12,18,22,13,12,18,22,13,12,18,22,13,12,18,22,13,12,0,0,0,0,23,3,7,18,0,13,11,3,23,0,3,20,3,16,8,0,23,3,7,0,0,0,0,23,28,29,18,0,13,29,28,28,0,3,29,28,29,8,0,23,28,29,0,0,0,0,22,0,3,18,0,13,8,0,22,0,3,18,0,13,8,0,22,0,3,0,0,0,0,22,0,3,18,0,13,8,0,22,0,3,18,0,13,8,0,22,0,3,0,0,0,0,22,0,3,18,0,13,8,0,22,0,3,18,0,13,8,0,22,0,3,0,0,0,0,22,0,3,18,0,13,8,0,22,0,3,18,0,13,8,0,22,0,3,0,0,0,0,22,0,3,18,0,13,8,0,22,0,3,18,0,13,8,0,22,0,3,0,0,0,0,15,0,2,12,0,9,5,0,15,0,2,12,0,9,5,0,15,0,2,3,3,3,3,3,3,3,3,3,3,3,3,3,3,3,3,3,3,3,3,3,3,3,12,12,12,12,12,12,12,12,12,12,12,12,12,12,12,12,12,12,12,12,12,12,12,0,0,0,0,0,0,0,0,0,0,0,0,0,0,0,0,0,0,0,0,0,0,0,15,26,1,6,26,10,0,24,19,0,15,26,1,6,26,10,0,24,19,0,15,26,1,16,29,1,6,29,11,0,26,21,0,16,29,1,6,29,11,0,26,21,0,16,29,1,16,29,1,6,29,11,0,26,21,0,16,29,1,6,29,11,0,26,21,0,16,29,1,16,29,1,6,29,11,0,26,21,0,16,29,1,6,29,11,0,26,21,0,16,29,1,16,29,1,6,29,11,0,26,21,0,16,29,1,6,29,11,0,26,21,0,16,29,1,16,29,1,6,29,11,0,26,21,0,16,29,1,6,29,11,0,26,21,0,16,29,1,9,15,1,3,15,6,0,14,11,0,9,15,1,3,15,6,0,14,11,0,9,15,1
0,6,29,7,0,29,17,0,20,27,0,0,0,17,4,0,22,0,7,14,0,0,0,0,6,29,7,0,29,17,0,20,27,0,0,0,17,4,0,22,0,7,14,0,0,0,0,6,29,7,0,29,17,0,20,27,0,0,0,17,4,0,22,0,7,14,0,0,0,0,6,29,7,0,29,17,0,20,27,0,0,0,4,1,0,5,0,1,3,0,0,0,0,6,29,7,0,29,17,0,20,27,0,0,10,17,17,17,17,17,17,17,17,3,0,0,6,29,7,0,29,17,0,20,27,0,0,0,0,0,0,0,0,0,0,0,0,0,0,6,29,7,0,29,17,0,20,27,0,0,0,13,21,21,18,0,5,21,21,5,0,0,6,29,7,0,5,3,0,20,27,0,0,0,17,14,10,23,0,7,20,10,2,0,0,6,29,7,0,6,4,0,20,27,0,0,0,17,10,10,22,0,7,14,16,0,0,0,6,29,7,0,29,17,0,20,27,0,0,0,7,9,14,22,0,3,5,22,0,0,0,6,29,7,0,29,17,0,19,26,0,0,0,0,7,14,22,0,0,0,22,0,0,0,6,29,7,0,29,17,0,0,0,0,0,4,27,28,14,22,0,23,27,24,0,0,0,6,29,7,0,29,17,0,10,13,0,0,0,4,4,2,22,0,4,4,4,0,0,0,6,29,7,0,29,17,0,20,27,0,0,0,14,23,23,24,0,6,23,23,5,0,0,6,29,7,0,29,17,0,20,27,0,0,0,17,12,8,23,0,7,19,8,2,0,0,6,29,7,0,29,17,0,20,27,0,0,10,17,8,6,22,8,10,14,10,0,0,0,6,29,7,0,29,17,0,20,27,0,0,22,17,12,14,22,17,12,14,22,0,0,0,6,29,7,0,29,17,0,20,27,0,0,22,17,12,14,22,17,12,14,22,0,0,0,6,27,7,0,29,17,0,20,27,0,0,22,17,12,14,22,17,12,14,22,0,0,0,0,0,0,0,29,17,0,20,27,0,0,9,17,8,6,22,7,10,14,9,0,0,0,3,14,3,0,29,17,0,20,27,0,0,0,17,4,0,22,0,7,14,0,0,0,0,6,29,7,0,29,17,0,20,27,0,0,0,17,4,0,22,0,7,14,0,0,0,0,6,29,7,0,29,17,0,20,27,0,0,0,17,4,0,22,0,7,14,0,0,0
26,21,0,16,29,1,0,0,0,28,24,23,23,18,0,16,29,1,16,23,23,23,4,10,8,0,6,11,0,0,0,0,8,8,8,8,6,0,16,29,1,6,8,8,8,1,0,0,0,0,0,0,0,0,0,0,0,0,0,0,0,16,29,1,0,0,0,0,0,0,0,0,0,0,0,0,0,0,0,0,10,25,25,25,28,29,26,6,10,25,25,25,0,0,0,0,0,0,0,0,0,0,0,9,22,22,22,22,22,22,6,9,22,22,22,0,0,0,0,0,0,0,0,0,0,0,0,0,0,0,0,0,0,0,0,0,0,0,17,17,17,17,17,11,0,0,14,17,17,17,17,17,17,17,17,17,17,17,17,17,17,0,0,0,0,0,0,0,0,11,17,17,17,17,17,17,17,17,17,17,17,17,17,17,18,15,0,11,20,1,0,0,18,21,14,14,14,14,14,14,14,14,14,14,14,14,14,26,21,0,16,29,1,0,0,18,13,4,5,5,5,1,2,5,5,5,3,0,5,5,26,21,0,16,29,1,0,0,18,13,22,29,29,29,7,12,29,29,29,17,2,29,29,26,21,0,16,29,1,0,0,18,13,9,22,29,14,3,5,16,29,19,7,1,12,28,26,21,0,16,29,1,0,0,18,13,0,16,29,1,0,0,6,29,11,0,0,0,26,26,21,0,16,29,1,0,0,18,13,22,29,29,29,29,29,29,29,29,29,29,29,29,19,16,0,12,21,1,0,0,18,13,14,18,18,18,18,18,18,18,18,18,18,18,18,0,0,0,0,0,0,0,0,18,13,0,0,0,0,0,0,0,0,0,0,0,0,0,7,7,7,7,7,5,0,0,18,13,1,7,7,7,7,7,7,7,7,7,7,7,7,8,8,8,8,8,6,0,0,18,13,1,8,8,8,8,8,8,8,8,8,8,8,8,0,0,0,0,0,0,0,0,18,13,8,11,11,11,11,11,11,11,11,11,11,11,2,13,10,0,8,14,0,0,0,18,13,14,20,20,20,20,20,20,20,20,20,20,20,4,26,21,0,16,29,1,0,0,18,26,23,23,23,23,23,12,0,23,23,23,23,23,23,26,21,0,16,29,1,0,0,18,18,9,9,8,8,8,4,0,10,8,8,8,8,8,26,21,0,16,29,1,0,0,18,13,13,8,0,0,0,0,0,22,0,0,0,0,0
28,12,0,25,22,0,0,0,0,0,0,0,0,0,0,0,0,0,0,0,0,0,0,28,12,0,5,4,0,13,27,9,0,21,27,1,0,0,0,0,22,27,0,2,27,20,28,12,0,0,0,0,2,15,9,0,22,4,0,0,0,0,0,3,24,0,2,21,3,25,11,0,5,3,0,9,12,9,0,22,5,3,0,9,0,1,7,22,0,2,19,9,0,0,0,12,9,0,22,12,9,0,22,12,9,0,22,0,2,19,22,0,2,19,22,16,7,0,12,11,7,22,12,9,0,22,12,11,7,22,4,6,19,22,0,2,19,22,28,12,0,12,12,19,22,12,9,0,22,12,12,19,22,12,12,19,22,0,2,19,22,28,12,0,12,12,19,22,12,9,0,22,12,12,19,22,12,12,19,22,0,2,19,22,28,12,0,12,12,19,22,12,9,0,22,12,12,19,22,12,12,19,22,0,2,19,22,28,12,0,12,12,13,22,9,6,0,16,12,12,13,22,9,9,19,16,0,2,13,22,28,12,0,2,1,0,22,0,0,3,0,12,10,0,3,0,3,19,0,2,1,0,22,28,12,0,2,4,19,22,12,12,19,22,12,12,19,3,12,12,19,22,12,12,19,22,28,12,0,12,12,19,22,12,12,19,22,12,12,19,22,12,12,19,22,12,12,19,22,28,12,0,12,11,7,22,4,6,19,8,12,11,7,22,4,6,19,8,12,11,7,22,28,12,0,12,9,0,22,6,7,19,10,12,9,0,22,0,2,19,10,12,11,9,22,28,12,0,12,10,1,22,12,12,19,22,12,10,1,22,0,3,19,22,12,12,19,22,28,12,0,12,12,19,22,12,12,19,22,12,12,19,22,12,12,19,22,12,12,19,22,5,2,0,12,12,19,22,9,10,19,17,12,12,19,22,12,12,19,17,12,12,15,22,0,0,0,12,12,19,22,0,2,19,0,12,12,19,22,12,12,19,0,12,9,0,22,0,0,0,12,9,0,22,0,2,19,0,12,9,0,22,0,2,19,0,12,9,0,22,0,0,0,12,9,0,22,0,2,19,0,12,9,0,22,0,2,19,0,12,9,0,22,0,0,0,0,0,0,22,0,0,0,0,12,9,0,0,0,2,19,0,0,0,0,22,28,12,0,2,3,11,22,25,11,16,19,27,11,11,3,7,8,28,25,10,10,25,29
25,25,25,25,25,25,25,25,25,25,25,25,24,0,0,0,0,0,20,25,25,25,25,0,0,0,0,0,0,0,0,0,0,0,0,0,0,0,0,0,0,0,0,0,0,0,19,25,25,25,6,11,25,25,25,15,2,25,25,25,24,0,19,25,25,25,6,11,25,17,26,29,23,6,9,24,29,25,13,2,22,29,28,21,0,17,26,29,23,6,9,24,0,16,29,1,0,0,6,29,11,0,0,0,26,21,0,0,0,16,29,1,0,0,6,19,25,29,20,19,19,22,29,23,19,19,19,28,27,18,0,15,25,29,20,19,19,22,28,28,28,28,28,28,28,28,28,28,28,28,28,28,27,0,22,28,28,28,28,28,28,0,0,0,0,0,0,0,0,0,0,0,0,0,0,0,0,0,0,0,0,0,0,0,0,0,0,0,0,0,0,0,0,0,0,0,0,0,0,0,0,0,0,0,0,0,0,17,17,17,17,17,17,17,17,17,17,17,17,17,17,17,17,17,17,17,17,17,17,17,1,1,1,1,1,1,1,0,0,0,0,0,0,0,0,0,0,0,0,0,0,0,0,29,29,29,29,29,29,25,0,0,0,0,0,0,0,0,0,0,0,0,0,0,0,0,3,6,14,14,14,14,14,13,13,13,13,13,13,7,0,0,0,5,13,13,13,13,13,3,6,18,18,18,18,18,18,18,18,18,18,18,10,0,0,0,6,18,18,18,18,18,0,2,13,0,0,0,0,0,10,6,0,0,0,0,0,0,0,0,0,0,0,2,13,0,3,18,0,0,0,0,0,13,8,0,0,0,0,0,0,0,0,0,0,0,3,18,0,2,13,0,0,0,0,0,9,6,0,0,0,0,0,0,0,0,0,0,0,2,13,11,11,11,11,11,11,11,11,11,11,11,11,11,7,0,0,0,5,11,11,11,11,11,20,20,20,20,20,20,20,20,20,20,20,20,20,12,0,0,0,9,20,20,20,20,20,7,7,7,7,7,7,7,7,7,7,7,7,7,7,7,7,7,7,7,7,7,7,7,8,8,8,8,8,8,8,8,8,8,8,8,8,8,8,8,8,8,8,8,8,8,8,19,11,1,19,19,19,19,19,19,19,19,19,5,0,0,0,0,0,1,19,19,19,19,29,17,1,28,28,28,29,29,29,28,28,28,7,0,0,0,0,0,1,28,28,28,29
4,4,12,24,4,4,0,4,4,4,12,24,4,4,1,0,0,6,6,9,9,0,0,0,4,11,23,6,1,1,0,0,4,11,23,6,1,1,0,0,13,12,18,16,0,0,22,10,14,23,16,13,8,0,22,10,14,23,16,13,8,0,0,13,12,18,16,0,0,22,10,14,23,16,13,8,0,22,10,14,23,16,13,8,0,0,13,12,18,16,0,0,13,9,13,23,14,13,8,0,13,9,13,23,14,13,8,0,0,13,12,18,14,0,0,0,0,8,23,0,2,1,0,0,0,8,23,0,2,1,0,0,6,5,2,0,0,0,0,3,18,26,13,13,13,13,13,13,18,26,13,13,13,13,13,13,13,13,13,13,6,0,5,18,18,18,18,18,18,18,18,18,18,18,18,18,18,18,18,18,18,18,18,8,17,17,17,17,17,17,17,17,17,17,17,17,17,17,17,17,17,17,17,17,17,17,17,0,0,0,0,0,0,0,0,0,0,0,0,0,0,0,0,0,0,0,0,0,0,0,6,10,0,2,10,4,0,9,8,0,0,0,0,0,0,0,0,0,0,0,0,0,0,16,29,1,6,29,11,0,26,21,0,15,27,27,27,27,27,27,26,0,0,8,27,27,16,29,1,6,29,11,0,26,21,0,16,29,21,20,20,20,20,19,0,0,8,28,20,16,29,1,6,29,11,0,26,21,0,16,29,1,0,0,0,0,0,0,0,8,23,1,16,29,1,6,29,11,0,26,21,0,16,29,1,11,13,13,13,13,13,13,18,23,1,16,29,1,6,29,11,0,26,21,0,16,29,1,15,18,18,18,18,18,18,22,23,0,16,29,1,6,29,11,0,26,21,0,16,29,18,17,17,17,17,16,0,0,8,29,25,1,1,0,0,1,0,0,1,1,0,16,29,29,29,29,29,29,27,0,0,6,22,22,0,0,0,0,0,0,0,0,0,0,0,0,0,0,0,0,0,0,0,0,0,0,0,17,17,17,17,0,0,0,0,0,14,17,17,17,17,17,17,17,17,17,17,17,17,17,0,0,0,0,0,0,0,0,0,0,0,0,0,0,0,0,0,0,7,9,9,9,9,2,4,0,1,4,1,0,4,3,0,2,4,0,0,0,0,0,0,23,6,6,6,6,16,29,1,6,29,11,0,26,21,0,16,29,1,0,0,0,0,3,22,0,3,25,17
7,0,0,0,9,5,0,15,13,11,12,22,9,5,0,15,0,2,12,22,9,9,18,8,0,0,0,13,8,0,22,13,12,18,22,13,8,0,22,0,3,18,22,13,12,18,0,0,0,0,13,8,0,22,9,10,18,16,13,8,0,22,0,3,18,16,13,11,13,26,21,0,0,13,8,0,17,1,4,14,3,10,6,0,22,0,3,14,3,10,7,2,26,21,0,0,13,8,0,0,13,8,0,22,0,0,0,22,0,0,0,22,0,3,18,26,21,0,0,13,8,0,0,13,10,5,22,0,0,0,22,0,0,0,22,3,6,18,26,21,0,0,13,12,17,0,13,12,18,22,0,3,17,22,12,8,0,22,13,12,18,26,21,0,0,13,12,18,0,13,12,18,22,0,3,18,22,13,8,0,22,13,12,18,26,21,0,0,12,11,18,12,22,12,18,23,15,8,18,19,13,11,15,26,13,12,24,10,8,0,0,0,1,5,23,17,7,10,13,23,10,5,0,4,6,25,16,7,7,17,0,0,0,0,3,2,0,22,0,0,4,0,13,8,0,5,0,3,18,0,3,2,0,0,0,0,0,13,8,0,22,0,3,18,0,13,8,0,22,0,3,18,0,13,8,0,0,0,0,0,13,10,5,22,0,3,18,0,13,10,5,22,4,6,18,0,13,8,0,0,0,0,0,13,12,18,22,0,4,18,1,13,12,18,22,13,12,18,1,13,9,1,22,18,0,0,13,12,18,22,13,12,18,22,13,12,18,22,13,12,18,22,13,12,18,26,21,0,0,13,12,15,22,13,12,18,22,13,12,15,22,11,11,18,22,13,12,18,26,21,0,0,13,8,0,22,13,12,18,22,13,8,0,22,0,3,18,22,13,12,18,26,21,0,0,13,8,0,22,2,5,18,3,13,8,0,22,0,3,18,3,13,9,3,26,21,0,0,13,11,12,22,9,9,18,15,13,11,12,22,9,9,18,15,13,11,12,26,21,0,0,12,11,18,22,13,12,18,22,13,12,18,19,13,12,18,22,13,12,18,26,21,0,0,0,2,13,22,10,10,16,16,13,11,13,0,10,10,18,16,12,10,13,26,21,0,0,6,4,0,22,0,0,0,0,13,8,0,10,0,3,18,0,0,0,0,26,21,0,0,13,12,18,22,13,8,0,22,13,12,18,22,13,12,18,22,0,3,18
21,0,0,0,0,0,2,4,4,4,27,9,4,2,2,4,4,4,27,9,4,3,0,21,0,0,0,0,0,0,0,0,6,26,9,3,2,0,0,0,6,26,9,3,2,0,21,0,0,0,0,0,21,12,10,16,26,14,9,20,0,11,10,16,26,14,9,20,0,13,0,0,0,0,0,21,12,10,16,26,14,9,20,0,11,10,16,26,14,9,20,0,0,0,0,0,0,0,21,7,6,14,26,13,8,20,0,6,6,14,26,13,8,20,0,0,0,0,0,0,0,18,0,0,0,26,5,0,4,0,0,0,0,26,5,0,4,0,0,0,0,0,0,0,0,0,0,12,28,17,13,13,13,13,13,13,28,17,13,13,10,0,0,0,0,0,0,0,0,0,16,18,18,18,18,18,18,18,18,18,18,18,18,14,21,0,0,0,7,17,17,17,17,17,17,17,17,17,17,17,17,17,17,17,17,17,13,21,0,0,0,0,0,0,0,0,0,0,0,0,0,0,0,0,0,0,0,0,0,0,21,0,0,0,5,10,1,1,10,5,0,9,8,0,5,10,1,0,0,0,0,0,0,21,0,0,0,14,29,3,4,29,13,0,25,23,0,14,29,3,4,27,27,27,27,21,21,0,0,0,14,29,3,4,29,13,0,25,23,0,14,29,3,4,29,25,20,20,16,21,0,0,0,14,29,3,4,29,13,0,25,23,0,14,29,3,4,29,13,0,0,0,21,0,0,0,14,29,3,4,29,13,0,25,23,0,14,29,3,4,29,13,6,13,10,21,0,0,0,14,29,3,4,29,13,0,25,23,0,14,29,3,4,29,13,8,18,14,11,0,0,0,14,29,3,4,29,13,0,25,23,0,14,29,3,4,29,23,17,17,13,0,0,0,0,0,1,0,0,1,0,0,1,1,0,0,1,0,4,29,29,29,29,22,12,0,0,0,0,0,0,0,0,0,0,0,0,0,0,0,0,0,0,0,0,0,0,21,0,0,0,0,1,17,17,17,17,17,7,0,0,0,0,7,17,17,17,17,17,13,21,0,0,0,0,0,0,0,0,0,0,0,0,0,0,0,0,0,0,0,0,0,0,21,0,0,0,2,4,0,0,4,2,0,4,3,0,2,4,0,0,4,2,0,0,0,21,0,0,0,14,29,3,4,29,13,0,25,23,0,14,29,3,4,29,13,0,0,0
11,12,20,5,16,12,20,21,7,4,20,21,12,11,6,23,12,12,23,6,12,12,12,11,12,20,0,11,12,20,21,0,1,20,21,12,10,0,21,12,12,20,0,11,12,12,11,12,12,0,11,12,20,21,0,1,12,21,8,6,0,21,12,12,20,0,7,8,12,11,10,0,0,11,10,0,21,0,0,0,21,0,0,0,21,0,1,20,0,0,1,12,11,10,0,0,10,9,0,18,1,0,0,21,0,0,0,18,1,2,17,0,0,1,12,11,10,0,21,0,1,20,0,11,10,0,21,0,1,20,0,11,10,0,21,0,1,12,11,10,0,21,12,12,20,21,12,10,0,21,0,1,20,21,12,12,20,21,0,1,12,11,10,0,21,12,12,20,21,12,10,0,21,0,1,20,21,12,12,20,21,0,1,12,4,4,0,8,12,11,7,21,5,4,0,8,0,0,7,21,5,6,20,8,0,0,4,0,0,0,0,11,10,0,21,0,0,0,0,0,0,0,21,0,1,20,0,0,0,0,0,0,0,1,12,11,1,21,1,0,0,0,0,0,1,21,1,2,20,1,0,0,0,0,0,0,21,12,12,20,21,12,10,0,0,0,1,20,21,12,12,20,21,0,0,0,2,2,0,21,12,12,20,21,12,10,0,5,0,1,20,21,12,12,20,21,0,0,3,11,10,0,21,12,12,20,21,12,10,0,21,0,1,20,21,12,12,20,21,0,1,12,11,10,0,21,12,12,20,21,12,10,0,21,0,1,20,21,12,12,20,21,0,1,12,11,10,0,21,10,10,20,16,12,10,0,21,0,1,20,16,12,12,16,21,0,1,12,11,10,0,21,0,1,20,0,11,10,0,21,0,1,20,0,11,10,0,21,0,1,12,11,12,18,21,11,11,20,19,12,12,18,21,11,11,20,19,12,12,18,21,11,11,12,11,12,20,21,12,12,20,21,12,12,20,21,12,12,20,21,12,12,20,21,12,12,12,10,11,20,19,12,12,18,21,11,11,20,19,12,12,18,21,11,11,20,19,12,12,11,0,1,23,7,16,10,0,21,8,9,20,0,11,16,7,24,0,1,23,7,16,10,0,0,1,28,25,26,10,0,21,25,25,20,0,11,26,25,28,0,1,28,25,26,10,0,0,1,20,0,11,10,0,21,0,1,20,0,11,10,0,21,0,1,20,0,11,10,0
11,10,0,21,0,1,20,0,11,10,0,21,0,1,20,0,11,10,0,21,0,1,12,11,12,13,21,0,1,20,0,11,12,13,21,8,8,20,0,11,10,0,21,8,8,12,11,12,20,21,5,6,20,8,12,12,20,21,12,12,20,8,12,11,8,21,12,12,12,11,12,20,21,12,12,20,21,12,12,20,21,12,12,20,21,12,12,20,21,12,12,12,11,11,9,21,12,12,20,21,12,11,9,21,6,7,20,21,12,12,20,21,6,7,12,11,10,0,21,10,11,20,18,12,10,0,21,0,1,20,18,12,12,17,21,0,1,12,11,10,0,21,0,1,20,0,11,10,0,21,0,1,20,0,11,10,0,21,0,1,12,11,12,20,21,12,12,20,21,12,12,20,21,12,12,20,21,12,12,20,21,12,12,12,6,7,20,21,12,12,20,21,12,12,20,11,12,12,20,21,12,12,20,21,12,12,6,0,0,8,21,5,5,11,8,12,11,8,0,4,6,20,8,6,6,8,21,5,4,0,9,9,6,21,4,3,0,7,12,11,6,17,4,5,20,7,0,0,6,21,4,5,10,11,12,20,21,12,10,0,21,12,12,20,21,12,12,20,21,0,1,20,21,12,12,12,11,12,20,21,12,10,0,21,12,12,20,21,12,12,20,21,0,1,20,21,12,12,12,11,12,20,21,12,10,0,21,12,12,20,21,12,12,20,21,0,1,20,21,12,12,12,11,12,16,21,12,10,0,21,12,12,16,21,10,10,20,21,0,1,20,21,10,10,12,11,10,0,21,12,10,0,21,12,10,0,21,0,1,20,21,0,1,20,21,0,1,12,9,8,0,16,12,10,0,21,10,8,0,17,0,1,16,21,0,1,20,16,0,1,10,0,0,0,0,11,10,0,21,0,0,0,0,0,0,0,21,0,1,20,0,0,0,0,0,0,0,10,26,10,0,21,24,2,0,0,0,0,18,28,0,1,28,18,0,0,0,0,0,0,3,8,3,0,6,8,0,3,18,8,0,6,8,0,0,8,6,0,0,0,0,0,0,0,0,0,0,0,0,0,4,29,13,0,0,0,0,0,0,0,0,0,0,0,0,0,0,0,0,0,0,0,0,4,29,13,0,0,0,0,0,0,0,0,0,0,0,0,0,0,0,0,0,0,0,0,4,29,13,0,0,0,0,0,0,0,0,0,0
25,25,25,25,25,25,25,25,25,25,25,25,25,25,29,3,0,0,6,10,0,2,10,0,0,0,0,0,0,0,0,0,0,0,0,0,0,28,3,0,0,16,29,1,6,29,25,25,15,2,25,25,25,24,0,19,25,25,25,6,28,3,0,0,16,29,1,6,29,29,25,13,2,22,29,28,21,0,17,26,29,23,6,28,3,0,0,16,29,1,6,29,29,11,0,0,0,26,21,0,0,0,16,29,1,0,28,3,0,0,16,29,1,6,29,29,23,19,19,19,28,27,19,19,19,25,29,20,5,28,3,0,0,16,29,1,6,29,28,28,28,28,28,28,28,28,28,28,28,28,28,7,28,3,0,0,16,29,1,6,29,0,0,0,0,0,0,0,0,0,0,0,0,0,0,28,3,0,0,1,1,0,0,1,0,0,0,0,0,0,0,0,0,0,0,0,0,0,28,3,0,0,0,0,0,0,0,17,17,17,17,17,17,17,17,17,17,17,17,11,0,28,3,0,2,17,17,17,17,17,0,1,1,1,1,1,1,1,1,1,1,1,1,0,28,3,0,0,0,0,0,0,0,0,20,29,29,29,29,29,29,29,29,29,29,29,5,28,3,0,0,2,4,0,1,4,13,14,14,14,14,14,8,1,14,14,14,14,14,14,29,3,0,0,16,29,1,6,29,18,18,18,18,18,18,10,0,18,18,18,18,18,18,29,3,0,0,16,29,1,6,29,0,0,0,0,0,10,6,0,0,0,0,0,16,0,28,3,0,0,16,29,1,6,29,0,0,0,0,0,13,8,0,0,0,0,0,22,0,28,3,0,0,16,29,1,6,29,0,0,0,0,0,9,6,0,0,0,0,0,16,0,28,3,0,0,11,19,1,4,19,11,11,11,11,11,11,11,11,11,11,11,11,11,11,29,3,0,0,0,0,0,0,0,20,20,20,20,20,20,20,20,20,20,20,20,20,20,20,2,0,0,0,0,0,0,0,7,7,7,7,7,7,7,7,7,7,7,7,7,7,7,2,0,1,7,7,7,7,7,8,8,8,8,8,8,8,8,8,8,8,8,8,8,8,3,0,1,8,8,8,8,8,19,19,19,19,19,5,7,19,19,19,19,19,19,5,0,0,0,0,0,0,0,0,0,29,29,28,28,28,7,11,29,29,29,28,28,28,7,0,0,0,0,0,0,0,0,0
10,7,0,22,0,4,17,0,14,7,0,22,0,4,17,0,14,7,0,0,7,29,10,6,5,0,22,0,3,11,0,14,7,0,14,0,4,17,0,9,5,0,0,7,29,10,1,2,5,23,0,0,0,0,14,12,3,3,2,9,17,0,0,0,0,0,7,29,10,10,12,28,25,13,9,8,20,13,27,17,22,14,27,16,20,7,3,0,0,7,29,10,10,12,17,0,14,12,17,22,0,4,17,22,14,7,0,22,14,7,0,0,7,29,10,10,12,17,0,14,12,17,22,0,4,17,22,14,7,0,22,14,7,0,0,7,29,10,6,10,17,0,3,7,17,6,0,4,17,14,14,7,0,6,14,7,0,0,7,29,10,0,4,17,0,0,4,17,0,0,4,17,0,14,7,0,0,14,7,0,0,7,29,10,4,5,8,8,0,4,17,0,5,5,8,8,7,5,6,0,14,7,0,0,7,29,10,10,9,5,22,0,4,17,0,14,9,5,22,4,7,17,0,14,7,0,0,7,29,10,10,12,17,22,0,4,17,0,14,12,17,22,14,12,17,0,14,7,0,0,7,29,10,10,12,17,22,0,4,17,0,14,12,17,22,14,12,17,0,14,7,0,0,7,29,10,0,5,17,0,0,0,0,0,0,5,17,0,14,8,0,0,0,0,0,0,7,29,10,0,4,17,0,0,0,0,0,0,4,17,0,14,7,0,0,0,0,0,0,7,29,10,4,8,17,9,0,0,0,0,5,8,17,9,14,9,7,0,0,0,0,0,7,29,10,10,12,17,22,0,0,0,0,14,12,17,22,14,12,17,0,0,0,0,0,7,29,10,10,12,17,22,0,2,10,0,14,12,17,22,14,12,17,0,8,4,0,0,7,29,10,10,12,17,22,0,4,17,0,14,12,17,22,14,12,17,0,14,7,0,0,7,29,10,10,12,17,22,0,4,17,0,14,12,17,22,14,12,17,0,14,7,0,0,7,29,10,10,10,7,22,0,4,17,0,14,10,7,22,6,8,17,0,14,7,0,0,7,29,10,10,8,3,22,2,6,17,4,14,8,3,22,2,6,17,4,14,7,0,0,2,7,2,10,12,17,22,14,12,17,22,14,12,17,22,14,12,17,22,14,7,0,0,1,4,1,10,12,17,22,14,12,17,22,14,12,17,22,14,12,17,22,14,7,0,0,7,29,10
4,4,4,1,0,0,0,0,3,18,0,13,10,7,22,5,7,18,0,13,8,0,22,6,0,0,0,0,0,0,0,3,18,0,13,12,18,22,13,12,18,0,13,8,0,22,16,13,12,18,0,0,0,0,3,18,0,13,12,18,22,13,12,18,0,13,8,0,22,16,13,12,18,0,0,0,0,2,12,0,13,12,18,22,13,12,18,0,8,5,0,22,14,7,9,18,0,0,0,0,0,0,0,13,12,18,22,13,12,18,0,0,0,0,22,0,0,3,15,0,0,0,0,0,0,0,6,8,18,10,13,10,8,0,0,0,0,10,10,0,0,0,0,0,0,0,0,0,0,0,3,18,0,13,8,0,0,0,0,0,0,14,0,0,0,0,0,0,0,0,0,0,0,3,18,0,13,8,0,0,0,0,0,0,17,17,17,17,17,6,0,0,3,18,0,13,12,18,22,13,12,18,0,13,8,0,22,0,0,0,0,0,0,0,0,3,18,0,13,12,18,22,13,12,18,0,13,8,0,22,8,0,6,10,0,0,0,0,3,18,0,13,10,6,22,5,7,18,0,13,8,0,22,21,0,16,29,1,0,0,0,3,18,0,6,5,8,9,6,5,8,0,13,8,0,9,21,0,16,29,1,0,0,0,3,18,0,0,3,18,0,13,8,0,0,13,8,0,0,21,0,16,29,1,0,0,0,3,18,5,0,3,18,13,13,8,0,5,13,9,4,0,21,0,16,29,1,0,0,0,3,18,22,0,3,18,22,13,8,0,22,13,12,18,0,21,0,16,29,1,0,0,0,3,18,22,0,3,18,22,13,8,0,22,13,12,18,0,21,0,16,29,1,0,0,0,2,10,22,12,26,18,22,13,27,16,22,7,8,18,20,1,0,1,1,0,0,0,0,0,0,0,13,13,4,4,3,10,18,0,0,0,0,23,0,0,0,0,0,0,0,0,2,10,0,13,8,0,13,0,3,18,0,7,5,0,22,17,17,17,17,0,0,0,0,3,18,0,13,8,0,22,0,3,18,0,13,8,0,22,0,0,0,0,0,0,0,0,3,18,14,13,8,0,22,0,3,18,14,13,11,12,22,3,0,2,4,0,0,0,0,3,18,22,13,10,7,22,5,7,18,22,13,12,18,22,21,0,16,29,1,0,0,0,3,18,22,13,12,18,22,13,12,18,22,13,12,18,22
1,11,11,11,11,11,11,7,0,0,0,0,6,29,11,0,26,21,0,16,29,1,6,2,29,29,29,29,29,29,17,0,0,0,0,6,29,11,0,26,21,0,16,29,1,6,0,6,6,20,29,8,6,4,0,0,0,0,6,29,11,0,26,21,0,16,29,1,6,13,13,3,16,29,1,11,13,12,0,0,0,6,29,11,0,26,21,0,16,29,1,6,18,18,5,16,29,1,15,18,16,0,0,0,6,29,11,0,26,21,0,16,29,1,6,9,9,9,21,29,11,9,5,0,0,0,0,6,29,11,0,26,21,0,16,29,1,6,29,29,29,29,29,29,29,17,0,0,0,0,6,29,11,0,26,21,0,16,29,1,6,8,8,8,8,8,8,8,5,0,0,0,0,6,29,11,0,26,21,0,16,29,1,6,0,0,0,0,0,0,0,0,0,0,0,0,6,29,11,0,26,21,0,16,29,1,6,17,17,17,17,17,17,17,17,17,17,17,0,6,29,11,0,26,21,0,16,29,1,6,0,0,0,0,0,0,0,0,0,0,0,0,6,29,11,0,26,21,0,16,29,1,6,0,0,0,11,29,29,29,29,29,29,3,0,6,29,11,0,26,21,0,16,29,1,6,18,5,0,7,18,18,18,18,18,29,3,0,6,29,11,0,26,21,0,16,29,1,6,13,10,1,1,1,1,1,1,0,28,3,0,6,29,11,0,26,21,0,16,29,1,6,13,19,14,14,14,14,14,14,5,28,3,0,6,29,11,0,26,21,0,16,29,1,6,13,8,0,0,0,0,0,0,0,28,3,0,6,29,11,0,26,21,0,16,29,1,6,13,8,0,4,11,11,11,11,11,29,3,0,6,29,11,0,26,21,0,16,29,1,6,15,8,0,11,29,29,29,29,29,29,3,0,6,29,11,0,26,21,0,16,29,1,6,14,4,0,2,6,6,6,6,6,29,3,0,0,1,0,0,1,1,0,1,1,0,6,0,0,0,0,0,0,0,0,0,28,3,0,2,10,4,0,9,8,0,6,10,0,6,17,17,17,17,17,17,17,17,6,28,3,0,6,29,11,0,26,21,0,16,29,1,6,9,9,9,9,9,9,9,5,0,28,3,0,6,29,11,0,26,21,0,16,29,1,6,29,29,29,29,29,29,29,17,0,28,3,0,6,29,11,0,26,21,0,16,29,1,6
0,0,4,3,0,0,4,3,0,2,4,0,1,4,1,0,4,3,0,0,1,4,1,0,0,26,21,0,0,26,21,0,16,29,1,6,29,11,0,26,21,0,0,6,29,11,0,0,26,21,0,0,26,21,0,16,29,1,6,29,11,0,26,21,0,0,6,29,11,0,0,26,21,0,0,26,21,0,16,29,1,6,29,11,0,26,21,0,0,6,29,11,0,0,26,21,0,0,26,21,0,16,29,1,6,29,11,0,26,21,0,0,6,29,11,0,0,26,21,0,0,26,21,0,16,29,1,6,29,11,0,26,21,0,0,6,29,11,0,0,26,21,0,0,26,21,0,16,29,1,6,29,11,0,26,21,0,0,6,29,11,0,0,26,21,0,0,26,21,0,16,29,1,6,29,11,0,26,21,0,0,6,29,11,0,0,26,21,0,0,26,21,0,16,29,1,6,29,11,0,26,21,0,0,6,29,11,0,0,26,21,0,0,26,21,0,16,29,1,6,29,11,0,26,21,0,0,6,29,11,0,0,26,21,0,0,26,21,0,16,29,1,6,29,11,0,26,21,0,0,6,29,11,0,0,26,21,0,0,26,21,0,16,29,1,6,29,11,0,26,21,0,0,6,29,11,0,0,26,21,0,0,15,12,0,9,17,1,3,17,6,0,15,12,0,0,6,29,11,0,0,21,17,0,0,0,0,0,0,0,0,0,0,0,0,0,0,0,0,5,23,9,0,0,0,0,0,6,12,12,12,12,12,12,12,12,12,12,12,9,0,0,0,0,0,0,0,0,0,0,1,3,3,3,3,3,3,3,3,3,3,3,2,0,4,7,0,0,0,0,0,0,0,0,0,0,0,0,0,0,0,0,0,0,0,0,0,16,29,1,0,19,1,4,19,7,0,17,14,0,11,19,1,4,19,7,0,17,14,0,16,29,1,4,29,1,6,29,11,0,26,21,0,16,29,1,6,29,11,0,26,21,0,16,29,1,6,29,1,6,29,11,0,26,21,0,16,29,1,6,29,11,0,26,21,0,16,29,1,6,29,1,6,29,11,0,26,21,0,16,29,1,6,29,11,0,26,21,0,16,29,1,6,29,1,6,29,11,0,26,21,0,16,29,1,6,29,11,0,26,21,0,16,29,1,6,4,0,1,4,1,0,4,3,0,2,4,0,1,4,1,0,4,3,0,2,4,0,1
17,17,17,17,17,17,17,17,17,17,17,17,17,11,0,16,29,1,0,3,18,0,13,0,0,0,0,0,0,0,0,0,0,0,0,0,0,0,16,29,1,0,3,18,14,13,0,0,0,0,0,0,0,0,0,0,0,0,0,0,0,16,29,1,0,3,18,22,13,7,0,17,13,0,10,18,1,4,18,7,0,17,13,0,16,29,1,0,3,18,22,13,11,0,26,21,0,16,29,1,6,29,11,0,26,21,0,16,29,1,0,3,18,10,13,11,0,26,21,0,16,29,1,6,29,11,0,26,21,0,16,29,1,0,3,18,0,13,11,0,26,21,0,16,29,1,6,29,11,0,26,21,0,16,29,1,0,3,18,0,13,11,0,26,21,0,16,29,1,6,29,11,0,26,21,0,16,29,1,0,3,18,22,13,2,0,5,4,0,3,5,0,1,5,2,0,5,4,0,16,29,1,0,2,10,22,13,0,0,0,0,0,0,0,0,0,0,0,0,0,0,0,16,29,1,0,0,0,9,13,7,7,7,7,7,7,7,7,7,7,7,7,7,5,0,16,29,1,0,3,15,7,13,8,8,8,8,8,8,8,8,8,8,8,8,8,6,0,16,29,1,0,3,18,22,13,19,19,5,0,0,0,0,0,0,0,0,0,0,0,0,16,29,1,0,3,18,22,13,29,29,7,0,0,16,29,1,6,29,11,0,26,21,0,16,29,1,0,3,18,22,13,29,2,2,0,0,16,29,1,6,29,11,0,26,21,0,16,29,1,0,3,18,17,13,29,5,18,0,0,16,29,1,6,29,11,0,26,21,0,16,29,1,0,3,18,0,13,29,5,18,0,0,16,29,1,6,29,11,0,26,21,0,16,29,1,0,3,15,0,10,29,5,15,0,0,16,29,1,6,29,11,0,26,21,0,16,29,1,0,0,0,0,0,29,9,2,0,0,16,29,1,6,29,11,0,26,21,0,16,29,1,0,0,0,0,3,29,29,10,0,0,6,11,0,2,11,4,0,10,8,0,16,29,1,4,18,7,0,1,10,10,4,0,0,0,0,0,0,0,0,0,0,0,0,16,29,1,6,29,11,0,0,17,17,17,17,17,17,17,17,17,17,17,17,17,11,0,16,29,1,6,29,11,0,0,7,7,7,0,0,0,0,0,0,0,0,0,0,0,0,16,29,1,6,29,11,0,0
25,25,25,25,25,25,25,25,25,25,25,25,25,25,25,25,7,0,0,0,0,11,25,0,0,0,0,0,0,0,0,0,0,0,0,0,0,0,0,0,0,0,0,0,0,0,25,25,6,11,25,25,25,15,2,25,25,25,24,0,19,25,25,25,6,11,25,25,25,29,23,6,9,24,29,25,13,2,22,29,28,21,0,17,26,29,23,6,9,24,29,25,29,1,0,0,6,29,11,0,0,0,26,21,0,0,0,16,29,1,0,0,6,29,11,29,20,19,19,22,29,23,19,19,19,28,27,19,19,19,25,29,20,5,8,22,29,23,28,28,28,28,28,28,28,28,28,28,28,28,28,28,28,28,28,28,7,12,28,28,28,0,0,0,0,0,0,0,0,0,0,0,0,0,0,0,0,0,0,0,0,0,0,0,0,0,0,0,0,0,0,0,0,0,0,0,0,0,0,0,0,0,0,0,0,0,0,17,17,17,17,17,17,17,17,17,17,17,17,17,17,17,17,17,17,17,17,17,17,17,1,1,1,1,1,1,1,1,1,1,0,0,0,0,0,0,0,0,0,0,0,0,0,29,29,29,29,29,29,29,29,29,29,5,0,0,0,0,0,0,0,0,0,0,0,0,14,14,14,8,1,14,14,14,14,14,14,13,13,13,13,13,12,0,0,0,0,13,13,18,18,18,10,0,18,18,18,18,18,18,18,18,18,18,18,16,0,0,0,0,18,18,0,0,0,0,0,16,0,0,0,0,0,2,13,0,0,0,0,0,0,0,0,0,0,0,0,0,0,0,22,0,0,0,0,0,3,18,0,0,0,0,0,0,0,0,0,0,0,0,0,0,0,16,0,0,0,0,0,2,13,0,0,0,0,0,0,0,0,0,0,11,11,11,11,11,11,11,11,11,11,11,11,11,11,11,11,11,0,0,0,1,11,11,20,20,20,20,20,20,20,20,20,20,20,20,20,20,20,20,19,0,0,0,2,20,20,7,7,7,7,7,7,7,7,7,7,7,7,7,7,7,7,7,7,7,7,7,7,7,8,8,8,8,8,8,8,8,8,8,8,8,8,8,8,8,8,8,8,8,8,8,8,19,19,19,19,18,0,14,19,19,19,19,19,19,19,19,11,0,0,0,0,0,0,14,28,28,29,29,27,0,21,28,28,28,29,29,28,28,28,17,0,0,0,0,0,0,21
3,18,22,0,3,18,22,0,3,18,0,13,8,0,22,13,8,0,22,13,8,0,22,1,8,22,0,3,18,9,0,1,8,0,6,4,0,9,13,8,0,22,6,3,0,10,0,3,23,0,3,20,2,0,0,0,0,0,0,0,1,16,8,0,23,3,0,0,0,0,24,28,0,3,28,20,0,0,0,0,0,0,0,14,28,8,0,23,28,0,0,0,0,0,0,0,0,0,0,0,16,28,1,0,0,0,0,0,0,0,0,0,0,6,28,0,0,0,0,0,0,0,0,16,29,1,0,0,0,0,0,0,0,0,0,0,6,29,0,0,0,0,0,0,0,0,16,29,1,0,0,0,0,0,0,0,0,0,0,6,29,0,0,0,0,0,0,0,0,16,29,1,0,0,0,0,0,0,0,0,0,0,6,29,0,6,7,0,1,7,5,0,14,25,1,0,0,0,3,7,2,0,6,7,0,6,25,0,20,27,0,3,28,17,0,0,0,0,0,0,0,12,27,8,0,23,25,0,0,0,0,0,22,0,3,18,0,0,0,0,0,0,0,0,0,13,8,0,22,0,0,0,0,2,13,22,0,3,18,16,0,2,13,0,10,6,0,16,13,8,0,22,10,6,0,16,3,18,22,0,3,18,22,0,3,18,0,13,8,0,22,13,8,0,22,13,8,0,22,10,18,22,0,3,18,22,9,10,18,0,13,11,13,22,13,8,0,22,13,11,13,22,12,18,22,0,3,18,22,13,12,18,0,13,12,18,22,13,8,0,22,13,12,18,22,12,18,22,0,3,18,22,13,12,18,0,13,12,18,22,13,8,0,22,13,12,18,22,12,18,22,0,3,18,22,13,12,18,0,13,12,18,22,13,8,0,22,13,12,18,22,7,18,8,0,1,6,22,5,6,15,0,11,8,6,22,5,3,0,8,13,10,6,19,7,18,8,6,5,6,22,5,3,0,0,0,1,6,22,5,5,9,8,13,10,6,0,12,18,22,13,12,18,22,13,10,9,0,6,8,18,22,13,12,18,22,13,12,18,11,12,18,22,13,12,18,22,13,12,18,0,13,12,18,22,13,12,18,22,13,12,18,22,4,18,0,13,9,0,22,0,4,18,0,13,9,0,22,0,4,18,0,13,9,0,22,3,18,18,13,12,15,22,0,3,18,0,13,8,0,22,11,11,18,18,13,8,0,22
22,13,12,18,0,0,16,29,1,0,0,0,0,0,0,0,0,0,0,0,0,0,0,22,13,12,18,0,0,16,29,1,0,0,0,0,0,0,0,0,0,0,0,0,0,0,22,13,12,18,0,0,16,29,1,4,18,7,0,17,13,0,10,18,1,4,18,7,0,22,1,4,18,0,0,16,29,1,6,29,11,0,26,21,0,16,29,1,6,29,11,0,22,0,3,18,0,0,16,29,1,6,29,11,0,26,21,0,16,29,1,6,29,11,0,2,0,0,2,0,0,16,29,1,6,29,11,0,26,21,0,16,29,1,6,29,11,0,9,0,0,0,0,0,16,29,1,6,29,11,0,26,21,0,16,29,1,6,29,11,0,13,0,0,22,18,0,16,29,1,1,5,2,0,5,4,0,3,5,0,1,5,2,0,0,0,0,26,21,0,16,29,1,0,0,0,0,0,0,0,0,0,0,0,0,0,0,0,0,0,26,21,0,16,29,1,1,7,7,7,7,0,0,0,0,0,6,7,7,7,0,0,0,26,21,0,16,29,1,1,8,8,8,8,0,0,0,0,0,7,8,8,8,0,0,0,26,21,0,16,29,1,0,0,0,0,0,0,0,0,0,0,0,0,16,19,12,0,0,0,0,0,16,29,1,6,29,11,0,26,21,0,16,29,1,0,0,24,29,10,0,0,0,0,0,16,29,1,6,29,11,0,26,21,0,16,29,1,0,0,2,16,1,0,0,1,0,0,16,29,1,6,29,11,0,26,21,0,16,29,1,0,3,18,16,22,0,3,18,0,0,16,29,1,6,29,11,0,26,21,0,16,29,1,0,3,18,16,22,0,4,18,0,0,16,29,1,6,29,11,0,26,21,0,16,29,1,0,3,15,16,22,13,12,18,0,0,16,29,1,6,29,11,0,26,21,0,16,29,1,0,0,5,20,22,13,12,18,0,0,15,27,1,2,11,4,0,10,8,0,6,11,0,0,0,21,29,22,13,12,18,0,0,0,0,0,0,0,0,0,0,0,0,0,0,0,0,0,8,10,22,13,12,18,0,0,8,14,0,2,17,17,17,17,17,17,17,17,17,17,17,17,17,22,0,2,9,0,0,16,29,1,0,0,0,0,0,0,0,0,0,0,0,0,0,0,22,9,6,0,0,0,16,29,1,0,0,0,0,0,0,0,0,0,0,0,0,0,0
11,0,26,21,0,16,29,1,6,29,11,0,18,26,23,23,23,2,6,29,11,8,23,11,0,10,8,0,6,11,0,6,29,11,0,5,8,8,8,8,0,6,29,11,3,8,11,0,0,0,0,0,0,0,6,29,11,0,0,0,0,0,0,0,6,29,11,0,0,11,0,0,0,0,0,0,0,3,15,6,0,0,0,1,25,25,25,26,29,27,15,1,11,0,0,0,0,0,0,0,0,0,0,0,0,0,1,22,22,22,22,22,22,13,1,11,0,0,0,0,0,0,0,0,0,0,0,0,0,0,0,0,0,0,0,0,0,0,11,0,14,17,17,17,17,17,17,0,0,8,17,17,17,17,17,17,17,17,17,17,17,3,0,0,0,0,0,0,0,0,0,0,5,17,17,17,17,17,17,17,17,17,17,17,1,0,18,15,0,11,20,1,0,0,0,8,26,14,14,14,14,14,14,14,14,14,14,11,0,26,21,0,16,29,1,0,0,0,8,23,2,5,5,5,3,0,5,5,5,5,11,0,26,21,0,16,29,1,0,0,0,8,23,12,29,29,29,17,2,29,29,29,27,11,0,26,21,0,16,29,1,0,0,0,8,23,5,16,29,19,7,1,12,28,25,12,11,0,26,21,0,16,29,1,0,0,0,8,23,0,6,29,11,0,0,0,26,21,0,11,0,26,21,0,16,29,1,0,0,0,8,23,12,29,29,29,29,29,29,29,29,29,11,0,19,16,0,12,21,1,0,0,0,8,23,8,18,18,18,18,18,18,18,18,18,11,0,0,0,0,0,0,0,0,0,0,8,23,0,0,0,0,0,0,0,0,0,0,11,0,6,7,7,7,7,7,7,0,0,8,23,0,6,7,7,7,7,7,7,7,7,11,0,7,8,8,8,8,8,8,0,0,8,23,0,7,8,8,8,8,8,8,8,8,11,0,0,0,0,0,0,0,0,0,0,8,23,4,11,11,11,11,11,11,11,11,11,11,0,13,10,0,8,14,0,0,0,0,8,23,7,20,20,20,20,20,20,20,20,20,11,0,26,21,0,16,29,1,0,0,0,8,28,23,23,23,23,23,20,0,16,23,23,11,0,26,21,0,16,29,1,0,0,0,8,25,9,10,8,8,8,7,0,7,9,8,11,0,26,21,0,16,29,1,0,0,0,8,23,3,18,0,0,0,0,0,13,8,0
23,23,23,23,23,23,23,23,23,25,23,0,0,1,0,0,1,1,0,1,1,0,6,8,8,8,8,8,8,8,8,8,8,7,0,0,0,0,0,0,0,0,0,0,0,6,17,17,17,17,17,17,17,17,17,17,17,0,0,8,17,17,17,17,17,17,6,0,6,0,1,1,1,1,1,1,1,0,0,0,0,0,0,0,0,0,0,0,0,0,0,6,1,29,29,29,29,29,29,17,0,0,0,0,1,4,1,0,4,3,0,2,4,0,6,1,17,28,26,17,17,17,10,0,0,0,0,6,29,11,0,26,21,0,16,29,1,6,0,0,26,21,0,0,0,0,0,0,0,0,6,29,11,0,26,21,0,16,29,1,6,15,0,26,21,0,10,17,17,17,17,2,0,6,29,11,0,26,21,0,16,29,1,6,12,0,26,21,0,8,14,14,14,29,3,0,6,29,11,0,26,21,0,16,29,1,6,0,0,26,21,0,0,0,0,0,28,3,0,6,29,11,0,26,21,0,16,29,1,6,27,27,29,29,27,27,27,16,0,28,3,0,6,29,11,0,26,21,0,16,29,1,6,20,20,20,20,20,20,20,12,0,28,3,0,6,29,11,0,26,21,0,16,29,1,6,7,7,7,7,7,7,7,7,2,28,3,0,6,29,11,0,26,21,0,16,29,1,6,8,8,8,8,8,8,8,8,3,28,3,0,6,29,11,0,26,21,0,16,29,1,6,3,1,0,0,0,0,0,0,0,28,3,0,6,29,11,0,26,21,0,16,29,1,6,20,8,0,10,25,25,25,25,25,29,3,0,6,29,11,0,26,21,0,16,29,1,3,13,8,0,9,22,22,22,22,22,29,3,0,6,29,11,0,26,21,0,16,29,1,0,13,8,0,0,0,0,0,0,0,28,3,0,6,29,11,0,26,21,0,16,29,1,6,13,11,3,3,3,3,3,3,1,28,3,0,6,29,11,0,26,21,0,16,29,1,6,13,18,12,12,12,12,12,12,5,28,3,0,6,29,11,0,26,21,0,16,29,1,6,22,8,0,3,7,7,7,7,7,29,3,0,6,29,11,0,26,21,0,16,29,1,6,0,0,0,11,29,29,29,29,29,29,3,0,6,29,11,0,26,21,0,16,29,1,6,0,0,0,4,10,10,10,10,10,10,1,0,6,29,11,0,26,21,0,16,29,1,6
0,14,11,0,9,15,1,6,29,11,0,0,19,13,12,18,22,13,12,18,22,13,12,0,0,0,0,0,0,0,6,29,11,0,0,0,10,10,18,16,12,10,13,22,10,6,0,0,0,0,0,0,0,6,29,11,0,0,10,0,3,18,0,0,0,0,22,0,1,17,17,17,17,17,17,0,6,29,11,0,0,22,13,12,18,22,0,3,18,22,13,12,0,0,0,0,0,0,0,6,29,11,0,0,22,13,12,18,22,0,3,18,22,13,12,0,18,15,0,11,20,1,6,29,11,0,0,22,13,12,18,22,0,3,18,22,13,12,0,26,21,0,16,29,1,6,29,11,0,0,22,13,12,18,22,0,3,18,22,13,12,0,26,21,0,16,29,1,6,29,11,0,0,22,1,4,18,22,0,3,18,22,1,4,0,26,21,0,16,29,1,6,29,11,0,0,22,0,3,18,22,0,3,18,22,0,3,0,26,21,0,16,29,1,6,29,11,0,0,3,0,0,1,22,0,3,18,2,0,0,0,26,21,0,16,29,1,6,29,11,0,0,0,0,0,11,25,0,3,24,9,0,0,0,19,16,0,12,21,1,6,29,11,0,8,6,0,0,15,18,0,2,18,13,0,0,0,0,0,0,0,0,0,6,29,11,0,26,21,0,0,0,0,0,0,0,0,0,0,7,7,7,7,7,7,0,6,29,11,0,26,21,0,0,0,0,0,0,0,0,0,0,8,8,8,8,8,8,0,6,29,11,0,26,21,0,0,0,0,0,0,0,0,0,0,0,0,0,0,0,0,0,6,29,11,0,26,21,0,0,0,0,0,0,0,0,0,0,0,13,10,0,8,14,0,6,29,11,0,14,11,0,0,14,17,0,2,17,12,0,0,0,26,21,0,16,29,1,6,29,11,0,0,0,0,0,12,25,0,3,24,10,0,0,0,26,21,0,16,29,1,6,29,11,0,0,1,0,0,1,22,0,3,18,1,0,0,0,26,21,0,16,29,1,1,5,2,0,0,22,0,3,18,22,0,3,18,22,0,3,0,26,21,0,16,29,1,1,6,2,0,0,22,0,4,18,22,0,3,18,22,0,4,0,8,7,0,5,9,0,6,29,11,0,0,22,13,12,18,22,0,3,18,22,13,12,0,0,0,0,0,0,0,6,29,11,0,0,22,13,12,18,22,0,3,18,22,13,12
0,0,0,0,13,12,14,19,17,12,14,22,17,12,14,22,17,11,12,0,0,0,0,0,0,0,0,13,10,10,22,12,11,14,16,17,10,10,22,12,11,14,0,0,0,0,0,0,0,0,13,4,0,22,0,7,14,3,17,6,1,22,0,7,14,0,0,0,0,0,0,0,0,13,4,0,22,0,7,14,22,17,12,14,22,0,7,14,0,0,0,0,0,0,0,0,13,10,10,22,13,11,14,22,17,12,14,22,13,11,14,0,0,0,0,0,0,0,0,13,12,14,22,17,12,14,22,17,12,14,22,17,12,14,0,0,0,0,0,0,0,0,13,12,14,22,17,12,14,2,17,5,1,22,17,12,14,0,0,0,0,0,0,0,0,13,7,4,22,5,9,14,0,17,4,0,22,5,9,14,0,0,0,0,0,0,0,0,13,4,0,22,0,7,14,0,17,4,0,22,0,7,14,0,0,0,0,0,0,0,0,13,4,0,6,0,7,14,0,5,1,0,22,0,2,4,0,0,0,0,0,0,0,0,13,6,3,0,4,9,22,13,8,6,15,24,4,1,0,0,0,0,0,0,0,0,0,7,10,14,19,17,9,17,24,17,12,23,14,17,11,12,0,0,0,0,0,0,0,0,0,7,14,22,17,4,0,22,17,12,14,0,17,12,14,0,0,0,0,0,0,0,0,0,7,13,22,16,4,0,22,17,12,14,0,16,12,14,0,0,0,0,0,0,0,0,0,0,0,22,0,0,0,22,5,9,14,0,0,7,14,0,0,0,0,0,0,0,0,0,0,0,22,0,0,0,22,0,7,14,0,0,7,14,0,0,0,0,0,0,0,0,9,3,0,22,0,5,10,3,12,4,2,16,0,7,14,0,0,0,0,0,0,0,0,13,4,0,22,0,7,14,15,17,10,9,22,0,7,14,0,0,0,0,0,0,0,0,13,4,0,22,0,7,14,22,17,12,14,22,0,7,14,0,0,0,0,0,0,0,0,9,3,0,16,0,5,10,22,12,11,14,16,0,5,10,0,0,0,0,0,0,0,0,0,0,0,0,0,0,0,22,0,7,14,0,0,0,0,0,0,0,0,0,0,0,0,0,0,0,0,0,0,0,22,0,7,14,0,0,0,0,0,0,0,0,0,0,0,0,10,3,0,0,0,5,10,22,13,11,14,16,0,0,0,0,0,0,0
0,3,18,0,13,8,0,22,0,3,18,0,13,8,0,22,0,3,18,0,13,8,0,0,3,18,0,13,8,0,22,0,3,18,0,13,8,0,22,0,3,18,0,13,8,0,0,3,18,0,13,8,0,22,0,3,18,0,13,8,0,22,0,3,18,0,13,8,0,0,3,18,0,13,8,0,22,0,3,18,0,13,8,0,22,0,3,18,0,13,8,0,0,2,10,0,7,4,0,12,0,2,10,0,7,4,0,12,0,2,10,0,7,4,0,7,7,7,7,7,7,7,7,7,7,7,7,7,7,7,7,7,7,7,7,7,7,7,8,8,8,8,8,8,8,8,8,8,8,8,8,8,8,8,8,8,8,8,8,8,8,0,0,0,0,0,0,0,0,0,0,0,0,0,0,0,0,0,0,0,0,0,0,0,29,1,6,29,11,0,26,21,0,16,29,1,6,29,11,0,26,21,0,16,29,1,6,29,1,6,29,11,0,26,21,0,16,29,1,6,29,11,0,26,21,0,16,29,1,6,29,1,6,29,11,0,26,21,0,16,29,1,6,29,11,0,26,21,0,16,29,1,6,29,1,6,29,11,0,26,21,0,16,29,1,6,29,11,0,26,21,0,16,29,1,6,29,1,6,29,11,0,26,21,0,16,29,1,6,29,11,0,26,21,0,16,29,1,6,29,1,6,29,11,0,26,21,0,16,29,1,6,29,11,0,26,21,0,16,29,1,6,11,0,2,11,4,0,10,8,0,6,11,0,2,11,4,0,10,8,0,6,11,0,2,0,0,0,0,0,0,0,0,0,0,0,0,0,0,0,0,0,0,0,0,0,0,0,17,17,17,17,17,17,17,17,17,17,17,17,17,17,17,17,17,17,17,17,17,17,6,0,0,0,0,0,0,0,0,0,0,0,0,0,0,0,0,0,0,0,0,0,0,0,0,0,0,0,0,0,0,0,0,0,0,0,0,0,0,0,0,0,0,0,0,0,0,25,1,5,25,9,0,22,18,0,14,25,1,5,25,9,0,22,18,0,14,25,1,5,29,1,6,29,11,0,26,21,0,16,29,1,6,29,11,0,26,21,0,16,29,1,6,29,1,6,29,11,0,26,21,0,16,29,1,6,29,11,0,26,21,0,16,29,1,6,29,1,6,29,11,0,26,21,0,16,29,1,6,29,11,0,26,21,0,16,29,1,6
22,0,6,15,0,16,5,0,22,0,6,15,0,16,5,0,22,0,6,15,0,16,5,14,0,6,15,0,10,3,0,22,0,4,10,0,16,5,0,14,0,6,15,0,10,3,0,0,6,18,5,2,2,5,23,0,0,0,0,16,10,3,3,3,11,15,0,0,0,11,15,11,26,25,16,12,28,23,15,8,7,20,15,27,15,22,16,27,14,20,8,7,22,16,5,0,22,16,12,15,0,16,12,15,22,0,6,15,22,16,5,0,22,16,10,22,16,5,0,22,16,12,15,0,16,12,15,22,0,6,15,22,16,5,0,22,16,10,22,4,1,0,22,10,10,15,0,4,8,15,6,0,6,15,14,16,5,0,6,16,7,22,0,0,0,22,0,6,15,0,0,6,15,0,0,6,15,0,16,5,0,0,16,5,22,0,2,5,11,6,5,7,8,0,6,15,0,6,5,7,8,8,5,5,0,16,5,22,0,6,15,7,16,8,5,22,0,6,15,0,16,8,5,22,5,8,15,0,16,5,22,0,6,15,22,16,12,15,22,0,6,15,0,16,12,15,22,16,12,15,0,16,5,22,0,6,15,22,16,12,15,22,0,6,15,0,16,12,15,22,16,12,15,0,16,5,0,0,0,0,22,0,7,15,0,0,0,0,0,0,7,15,0,16,6,0,0,0,0,0,0,0,0,22,0,6,15,0,0,0,0,0,0,6,15,0,16,5,0,0,0,0,0,0,2,6,22,6,9,15,9,0,0,0,0,6,9,15,9,16,8,6,0,0,0,0,0,6,15,22,16,12,15,22,0,0,0,0,16,12,15,22,16,12,15,0,0,0,13,0,6,15,22,16,12,15,22,0,3,9,0,16,12,15,22,16,12,15,0,9,3,22,0,6,15,22,16,12,15,22,0,6,15,0,16,12,15,22,16,12,15,0,16,5,22,0,6,15,22,16,12,15,22,0,6,15,0,16,12,15,22,16,12,15,0,16,5,22,0,6,15,9,16,9,6,22,0,6,15,0,16,9,6,22,7,9,15,0,16,5,22,3,8,15,4,16,7,3,22,3,8,15,4,16,7,3,22,3,8,15,4,16,6,22,16,12,15,22,16,12,15,22,16,12,15,22,16,12,15,22,16,12,15,22,16,10,22,16,12,15,22,16,12,15,22,16,12,15,22,16,12,15,22,16,12,15,22,16,10
21,0,16,29,1,6,29,11,0,26,21,0,0,0,0,1,11,11,11,11,11,11,7,21,0,16,29,1,6,29,11,0,26,21,0,0,0,0,2,29,29,29,29,29,29,17,21,0,16,29,1,6,29,11,0,26,21,0,0,0,0,0,6,6,20,29,8,6,4,21,0,16,29,1,6,29,11,0,26,21,0,0,0,5,13,13,4,16,29,1,10,13,21,0,16,29,1,6,29,11,0,26,21,0,0,0,6,18,18,6,16,29,1,14,18,21,0,16,29,1,6,29,11,0,26,21,0,0,0,0,0,9,9,21,29,11,9,9,21,0,16,29,1,6,29,11,0,26,21,0,0,0,0,2,29,29,29,29,29,29,29,21,0,16,29,1,6,29,11,0,26,21,0,0,0,0,0,8,8,8,8,8,8,8,21,0,16,29,1,6,29,11,0,26,21,0,0,0,0,0,0,0,0,0,0,0,0,21,0,16,29,1,6,29,11,0,26,21,0,8,17,17,17,17,17,17,17,17,17,17,21,0,16,29,1,6,29,11,0,26,21,0,0,0,0,0,0,0,0,0,0,0,0,21,0,16,29,1,6,29,11,0,26,21,0,0,18,29,29,29,29,29,27,0,0,0,21,0,16,29,1,6,29,11,0,26,21,0,0,18,24,18,18,18,18,17,0,0,15,21,0,16,29,1,6,29,11,0,26,21,0,0,18,13,1,1,1,1,1,1,1,23,21,0,16,29,1,6,29,11,0,26,21,0,0,18,13,13,14,14,14,14,14,14,25,21,0,16,29,1,6,29,11,0,26,21,0,0,18,13,0,0,0,0,0,0,0,22,21,0,16,29,1,6,29,11,0,26,21,0,0,18,20,11,11,11,11,11,0,0,22,21,0,16,29,1,6,29,11,0,26,21,0,0,18,29,29,29,29,29,27,0,0,23,21,0,1,1,0,0,1,0,0,1,1,0,0,18,17,6,6,6,6,6,0,0,11,21,0,6,10,0,2,10,4,0,9,8,0,0,18,13,0,0,0,0,0,0,0,0,21,0,16,29,1,6,29,11,0,26,21,0,0,18,13,14,17,17,17,17,17,17,17,21,0,16,29,1,6,29,11,0,26,21,0,0,18,13,0,9,9,9,9,9,9,9,21,0,16,29,1,6,29,11,0,26,21,0,0,18,13,1,29,29,29,29,29,29,29
18,18,18,18,18,18,18,18,18,18,18,18,18,18,18,18,18,18,18,18,18,18,18,13,13,13,18,26,13,13,13,13,13,13,18,26,13,13,13,13,13,13,18,26,13,13,0,0,0,8,23,0,3,2,0,0,0,8,23,0,3,2,0,0,0,8,23,0,3,0,3,1,9,23,10,13,8,0,3,1,9,23,10,13,8,0,3,1,9,23,10,13,0,22,10,14,23,16,13,8,0,22,10,14,23,16,13,8,0,22,10,14,23,16,13,0,22,10,14,23,16,13,8,0,22,10,14,23,16,13,8,0,22,10,14,23,16,13,0,0,10,14,23,6,13,8,0,0,10,14,23,6,13,8,0,0,10,14,23,6,13,0,0,0,12,23,0,13,8,0,0,0,12,23,0,13,8,0,0,0,12,23,0,13,0,0,4,27,22,0,0,0,0,0,4,27,22,0,0,0,0,0,4,27,22,0,0,8,8,8,8,8,8,8,8,8,8,8,8,8,8,8,8,8,8,8,8,8,8,8,7,7,7,7,7,7,7,7,7,7,7,7,7,7,7,7,7,7,7,7,7,7,7,0,0,0,0,0,0,0,0,17,20,20,20,20,20,19,0,16,20,20,20,5,9,20,6,0,0,0,0,0,0,0,23,27,27,27,29,29,26,0,21,29,29,28,7,12,28,11,0,0,0,0,0,0,1,6,0,5,3,26,21,0,1,6,16,29,3,6,0,6,11,0,0,9,22,22,18,3,18,0,13,8,26,21,0,3,18,16,29,5,18,0,6,11,0,0,4,9,29,10,3,18,0,13,8,26,21,0,3,18,16,29,5,18,0,6,11,0,0,0,0,28,3,0,9,10,10,10,28,24,10,10,10,21,29,12,10,10,15,3,0,0,0,0,28,3,0,25,29,29,29,29,29,29,29,29,29,29,29,29,29,29,0,0,0,0,0,28,3,0,6,7,7,7,7,7,7,7,7,7,7,7,7,7,7,0,0,0,0,0,28,3,0,0,0,0,0,0,0,0,0,0,0,0,0,0,0,0,17,17,17,17,0,28,3,0,10,17,17,17,17,17,17,17,17,17,17,17,17,17,17,0,4,8,8,8,29,11,8,3,4,8,8,8,8,8,8,5,0,0,0,0,0,0,0,9,19,19,19,19,19,19,7,9,19,19,19,19,19,19,12,0,0,0,0,0,0
0,0,0,0,0,0,0,0,0,0,0,0,0,0,0,0,0,0,0,0,0,0,0,0,0,0,0,0,0,0,0,0,0,0,0,0,0,0,0,0,0,0,0,0,0,0,0,0,0,0,0,0,0,0,0,0,0,0,0,0,0,0,0,0,0,0,0,0,0,0,0,0,0,0,0,0,0,0,0,0,0,0,0,0,0,0,0,0,0,0,0,0,0,0,0,0,0,0,0,0,0,0,0,0,0,0,0,0,0,0,0,0,0,0,0,0,0,0,0,0,0,0,0,0,0,0,0,0,0,0,0,0,0,0,0,0,0,0,0,0,0,0,0,0,0,0,0,0,0,0,0,0,0,0,0,0,0,0,0,0,26,17,17,17,17,17,17,17,17,17,17,17,17,17,17,17,17,17,17,17,11,0,0,26,0,1,5,0,3,2,0,6,0,1,5,0,3,2,0,6,0,1,5,0,0,0,26,0,3,18,0,13,8,0,22,0,3,18,0,13,8,0,22,0,3,18,0,0,0,26,0,3,18,0,13,8,0,22,0,3,18,0,13,8,0,22,0,3,18,0,0,0,26,0,3,18,0,13,8,0,22,0,3,18,0,13,8,0,22,0,3,18,0,0,0,26,0,3,18,0,13,8,0,22,0,3,18,0,13,8,0,22,0,3,18,0,0,0,26,1,5,18,3,13,9,2,22,1,5,18,3,13,9,2,22,1,5,18,3,0,0,26,13,12,18,22,13,12,18,22,13,12,18,22,13,12,18,22,13,12,18,22,0,0,26,13,12,18,22,13,12,18,22,13,12,18,22,13,12,18,22,13,12,18,22,0,0,26,13,12,18,22,13,12,18,22,13,12,18,22,13,12,18,22,13,12,18,22,0,0,26,0,0,0,0,0,0,0,0,0,0,0,0,0,0,0,0,0,0,0,0,0,0,0,0,0,0,0,0,0,0,0,0,0,0,0,0,0,0,0,0,0,0,0,0,0,0,0,0,0,0,0,0,0,0,0,0,0,0,0,0,0,0,0,0,0,0,0,0,0,0,0,0,0,0,0,0,0,0,0,0,0,0,0,0,0,0,0,0,0,0,0,0,0,0,0,0,0,0,0,0,0,0,0,0,0,0,0,0,0,0,0,0,0,0,0,0,0,0,0,0,0,0,0,0,0,0,0,0,0,0,0,0,0,0,0,0,0,0
0,0,0,0,6,11,0,2,11,4,0,10,8,0,6,11,0,2,11,4,0,10,8,0,0,0,0,0,0,0,0,0,0,0,0,0,0,0,0,0,0,0,0,0,0,0,17,17,17,17,17,17,17,17,17,17,17,17,17,17,17,17,17,17,17,17,17,17,17,0,0,0,0,0,0,0,0,0,0,0,0,0,0,0,0,0,0,0,0,0,0,0,19,0,3,15,0,11,7,0,19,0,3,15,0,11,7,0,19,0,3,15,0,11,7,22,0,3,18,0,13,8,0,22,0,3,18,0,13,8,0,22,0,3,18,0,13,8,22,0,3,18,0,13,8,0,22,0,3,18,0,13,8,0,22,0,3,18,0,13,8,22,0,3,18,0,13,8,0,22,0,3,18,0,13,8,0,22,0,3,18,0,13,8,22,0,3,18,0,13,8,0,22,0,3,18,0,13,8,0,22,0,3,18,0,13,8,23,3,7,18,0,13,11,3,23,0,3,20,3,16,8,0,23,3,7,18,0,13,11,23,28,29,18,0,13,29,28,28,0,3,29,28,29,8,0,23,28,29,18,0,13,29,22,2,5,18,3,13,9,3,22,2,5,18,3,13,9,3,22,2,5,18,3,13,9,22,13,12,18,22,13,12,18,22,13,12,18,22,13,12,18,22,13,12,18,22,13,12,22,13,12,18,22,13,12,18,22,13,12,18,22,13,12,18,22,13,12,18,22,13,12,13,13,11,10,22,7,9,18,13,13,11,10,22,7,9,18,13,13,11,10,22,7,9,0,13,9,1,22,0,4,18,0,13,8,0,22,0,4,18,1,13,8,0,22,0,3,0,13,12,18,22,13,12,18,0,13,8,0,22,13,12,18,22,13,8,0,22,0,3,0,13,12,18,22,13,12,18,0,13,8,0,22,13,12,18,22,13,8,0,22,0,3,0,13,12,18,22,13,12,18,0,13,8,0,22,13,12,18,22,13,8,0,22,0,3,0,13,12,18,22,13,12,18,0,0,0,0,22,13,12,18,22,13,8,0,0,0,3,0,11,11,18,18,13,12,15,0,0,0,0,18,13,12,15,22,11,7,0,0,0,3,0,0,3,18,0,13,8,0,0,0,0,0,0,13,8,0,22,0,0,0,0,0,0,0,0,3,18,0,13,8,0,0,0,0,0,0,13,8,0,22,0,0,0,0,0,0
0,0,0,0,0,0,0,0,16,29,1,0,0,0,0,0,0,0,0,0,0,6,29,0,0,0,0,0,0,0,0,16,29,1,0,0,0,0,0,0,0,0,0,0,6,29,0,0,0,0,0,0,0,0,16,29,1,0,0,0,0,0,0,0,0,0,0,6,29,0,0,0,0,0,0,0,0,16,29,1,0,0,0,0,0,0,0,0,0,0,6,29,0,6,7,0,1,7,5,0,5,9,0,0,0,0,3,7,2,0,6,7,0,2,9,0,20,27,0,3,28,17,0,0,0,0,0,0,0,12,27,8,0,23,25,0,0,0,0,0,22,0,3,18,0,0,0,0,0,0,0,0,0,13,8,0,22,0,0,0,0,2,13,22,0,3,18,16,0,2,13,0,10,6,0,16,13,8,0,22,10,6,0,16,3,18,22,0,3,18,22,0,3,18,0,13,8,0,22,13,8,0,22,13,8,0,22,10,18,22,0,3,18,22,9,10,18,0,13,11,13,22,13,8,0,22,13,11,13,22,12,18,22,0,3,18,22,13,12,18,0,13,12,18,22,13,8,0,22,13,12,18,22,12,18,22,0,3,18,22,13,12,18,0,13,12,18,22,13,8,0,22,13,12,18,22,12,18,22,0,3,18,22,13,12,18,0,13,12,18,22,13,8,0,22,13,12,18,22,7,18,8,0,1,6,22,5,6,15,0,11,8,6,22,5,3,0,8,13,10,6,19,7,18,8,6,5,6,22,5,3,0,0,0,1,6,22,5,5,9,8,13,10,6,0,12,18,22,13,12,18,22,13,10,9,0,6,8,18,22,13,12,18,22,13,12,18,11,12,18,22,13,12,18,22,13,12,18,0,13,12,18,22,13,12,18,22,13,12,18,22,4,18,0,13,9,0,22,0,4,18,0,13,9,0,22,0,4,18,0,13,9,0,22,3,18,18,13,12,15,22,0,3,18,0,13,8,0,22,11,11,18,18,13,8,0,22,7,18,22,13,12,18,22,5,7,18,0,13,10,7,22,13,12,18,22,13,10,7,22,12,18,22,13,12,18,22,13,12,18,0,13,12,18,22,13,12,18,22,13,12,18,22,12,18,9,13,10,8,22,13,12,18,0,13,12,18,22,6,7,18,9,13,12,18,22,9,18,0,13,8,0,22,9,9,18,0,13,11,12,22,0,3,18,0,13,11,12,22
0,17,13,8,0,0,0,1,6,0,13,8,0,22,13,8,0,0,0,16,29,1,6,0,22,13,8,0,0,0,3,18,0,13,8,0,22,13,8,0,0,0,16,29,1,6,0,22,13,20,15,15,15,17,18,0,13,8,0,22,6,3,0,0,0,16,29,1,6,0,3,7,17,17,17,17,18,18,0,13,8,0,23,5,5,5,4,0,11,19,1,4,0,0,0,0,0,0,0,3,18,0,13,8,0,8,10,10,10,7,0,0,0,0,0,0,0,0,0,0,0,0,1,6,0,9,18,17,17,17,17,6,0,0,0,0,0,0,7,7,7,7,7,7,7,7,7,7,7,7,7,7,7,7,7,7,7,7,7,7,7,8,8,8,8,8,8,8,8,8,8,8,8,8,8,8,8,8,8,8,8,8,8,8,0,0,0,0,0,0,0,0,0,0,0,14,25,1,14,19,19,19,5,0,0,0,0,0,0,0,0,0,0,0,0,0,0,0,16,29,1,21,29,29,29,7,0,0,0,0,28,1,6,28,11,0,26,21,0,0,0,16,29,2,2,16,29,2,2,0,0,0,6,29,1,6,29,11,0,26,21,0,0,0,16,29,5,18,16,29,5,18,0,0,0,6,29,1,6,29,11,0,26,21,0,0,0,16,29,5,18,16,29,5,18,0,0,0,6,29,1,6,29,11,0,26,21,0,0,0,16,29,5,15,16,29,5,15,0,0,0,6,25,1,6,25,10,0,23,19,0,0,0,16,29,9,7,20,29,9,2,0,0,0,6,0,0,0,0,0,0,0,0,0,0,0,16,29,29,29,29,29,29,10,0,0,0,0,0,0,0,0,0,0,0,0,0,0,0,6,10,10,10,10,10,10,4,0,0,0,0,17,17,17,17,17,17,17,17,17,17,17,17,17,17,17,17,17,17,17,17,17,17,17,0,0,0,0,0,0,0,0,0,0,0,0,0,0,0,0,0,0,0,0,0,0,0,10,0,2,10,4,0,0,0,0,0,0,0,0,0,26,29,29,29,29,29,29,0,0,29,1,6,29,11,0,0,0,0,0,0,0,0,0,26,27,18,18,28,27,18,0,0,29,1,6,29,11,0,0,0,0,0,0,0,0,0,26,21,6,4,26,21,6,4,0,29,1,6,29,11,0,0,0,0,6,0,0,0,0,26,21,13,8,26,21,13,8,0
0,0,0,0,0,6,29,11,0,0,0,0,0,0,0,0,0,0,0,26,21,0,0,0,0,0,0,0,6,29,11,0,0,0,0,0,0,0,0,0,0,0,26,21,0,0,17,17,11,0,0,6,29,11,0,0,0,0,0,0,0,0,0,0,0,26,21,0,0,0,0,0,0,0,6,29,11,0,0,0,0,0,0,0,0,0,0,0,26,21,0,0,15,0,11,20,1,2,9,3,0,0,0,1,7,5,0,3,7,2,0,8,7,0,3,21,0,16,29,1,0,0,0,0,0,0,4,25,18,0,13,26,9,0,0,0,0,12,21,0,16,29,1,0,0,0,0,0,0,0,3,18,0,13,8,0,0,0,0,0,0,21,0,16,29,1,0,0,0,2,13,0,10,10,18,0,13,11,13,0,10,6,0,16,21,0,16,29,1,0,0,0,3,18,0,13,12,18,0,13,12,18,0,13,8,0,22,21,0,16,29,1,0,0,0,3,18,16,13,12,18,0,13,12,18,16,13,11,13,22,16,0,12,21,1,0,0,0,3,18,22,13,12,18,0,13,12,18,22,13,12,18,22,0,0,0,0,0,0,0,0,3,18,22,13,12,18,0,13,12,18,22,13,12,18,22,7,7,5,0,0,0,0,0,3,18,22,13,12,18,0,13,12,18,22,13,12,18,22,8,8,6,0,0,0,0,0,3,15,8,13,10,6,0,5,7,18,8,11,8,6,22,0,0,0,0,0,0,0,0,0,0,8,13,10,6,11,5,7,18,8,0,1,6,22,10,0,8,14,0,0,0,0,1,9,22,13,12,18,22,13,12,18,22,6,8,18,22,21,0,16,29,1,0,0,0,3,18,22,13,12,18,22,13,12,18,22,13,12,18,22,21,0,16,29,1,0,0,0,3,18,0,13,9,0,22,0,4,18,0,13,9,0,22,21,0,16,29,1,0,0,0,3,18,0,13,12,15,22,11,11,18,0,13,8,0,22,21,0,16,29,1,0,0,0,3,18,9,13,12,18,22,13,12,18,9,13,10,7,22,7,0,5,9,0,0,0,0,3,18,22,13,12,18,22,13,12,18,22,13,12,18,22,0,0,0,0,0,0,0,0,3,18,22,13,10,8,22,6,7,18,22,13,12,18,22,0,0,0,0,0,0,0,0,3,18,15,13,8,0,22,0,3,18,15,13,11,12,22
9,18,15,13,11,12,0,9,5,0,15,13,11,12,22,9,5,0,15,0,0,0,3,12,18,22,13,12,18,0,13,8,0,22,13,12,18,22,13,8,0,22,0,0,0,4,11,13,22,9,10,18,0,13,8,0,22,9,10,18,16,13,8,0,22,0,0,0,0,7,2,17,1,4,14,0,13,8,0,17,1,4,14,3,10,6,0,22,0,0,6,29,3,18,0,13,8,0,0,13,8,0,0,13,8,0,22,0,0,0,22,0,0,6,29,3,18,6,13,8,0,0,13,8,0,0,13,10,5,22,0,0,0,22,0,0,6,29,3,18,22,13,8,0,20,13,12,17,0,13,12,18,22,0,3,17,22,0,0,6,29,3,18,22,13,8,0,22,13,12,18,0,13,12,18,22,0,3,18,22,0,0,6,29,17,18,22,13,20,10,22,12,11,18,12,22,12,18,23,15,8,18,19,0,0,6,29,20,10,12,7,18,18,6,0,1,5,23,17,7,10,13,23,10,5,0,0,0,2,11,8,0,5,0,3,18,0,3,2,0,22,0,0,4,0,13,8,0,5,0,0,0,0,8,0,22,0,3,18,0,13,8,0,22,0,3,18,0,13,8,0,22,0,0,0,0,8,0,22,0,3,18,6,13,10,5,22,0,3,18,0,13,10,5,22,0,0,0,0,9,1,22,0,4,18,22,13,12,18,22,0,4,18,1,13,12,18,22,0,0,0,0,12,18,22,13,12,18,22,13,12,18,22,13,12,18,22,13,12,18,22,0,0,5,25,12,18,22,13,12,18,18,13,12,15,22,13,12,18,22,13,12,15,22,0,0,6,29,12,18,22,13,12,18,0,13,8,0,22,13,12,18,22,13,8,0,22,0,0,6,29,9,3,22,2,5,18,0,13,8,0,22,2,5,18,3,13,8,0,22,0,0,6,29,11,12,22,9,9,18,15,13,11,12,22,9,9,18,15,13,11,12,22,0,0,6,29,12,18,22,13,12,18,22,12,11,18,22,13,12,18,22,13,12,18,19,0,0,6,29,11,13,19,10,10,18,16,0,2,13,22,10,10,16,16,13,11,13,0,0,0,6,29,8,0,0,0,3,18,0,6,4,0,22,0,0,0,0,13,8,0,10,0,0,6,29,12,18,0,13,12,18,22,13,12,18,22,13,8,0,22,13,12,18,22,0,0,6,29
4,16,29,1,0,3,18,22,0,3,18,22,0,0,6,29,11,8,23,23,23,12,6,1,16,29,1,0,3,18,22,0,3,18,22,0,0,6,29,11,3,8,8,8,4,6,0,16,29,1,0,3,18,22,0,3,18,22,0,0,6,29,11,0,0,0,0,0,6,25,28,29,26,6,1,8,10,0,1,8,9,0,10,26,29,27,25,25,25,6,10,26,22,22,22,22,6,0,0,0,0,0,0,0,0,9,22,22,22,22,22,22,6,9,22,0,0,0,0,0,0,0,0,0,0,0,0,0,0,0,0,0,0,0,0,0,0,0,17,17,17,17,17,17,17,17,17,17,17,17,17,17,17,17,17,17,17,17,17,17,17,17,17,17,17,17,17,5,0,0,0,0,8,17,17,17,17,17,17,17,17,17,17,17,14,14,14,14,14,14,4,0,0,0,0,6,14,14,14,14,14,14,14,14,14,14,14,5,5,5,0,4,5,5,5,1,2,5,5,5,3,0,5,5,5,5,0,4,5,5,29,29,27,0,22,29,29,29,7,12,29,29,29,17,2,29,29,29,27,0,22,29,29,28,25,12,0,9,22,29,14,3,5,16,29,19,7,1,12,28,25,12,0,9,22,29,26,21,0,0,0,16,29,1,0,0,6,29,11,0,0,0,26,21,0,0,0,16,29,29,29,29,29,29,29,29,29,7,12,29,29,29,29,29,29,29,29,29,29,29,29,29,18,18,18,18,18,18,18,18,5,8,18,18,18,18,18,18,18,18,18,18,18,18,18,0,0,0,0,0,0,0,0,0,0,0,0,0,0,0,0,0,0,0,0,0,0,0,7,7,7,7,7,7,7,7,7,7,7,7,7,7,7,7,7,7,7,7,7,7,7,8,8,8,8,8,8,8,8,8,8,8,8,8,8,8,8,8,8,8,8,8,8,8,2,0,0,0,0,0,0,0,0,0,0,0,0,0,0,0,0,4,11,11,11,11,11,4,0,0,0,0,0,0,0,0,0,0,0,0,0,0,0,0,7,20,20,20,20,20,23,23,23,23,23,23,20,0,0,0,0,23,23,23,23,23,23,23,23,23,23,23,20,8,9,10,8,8,8,7,0,0,0,0,8,8,8,8,10,8,8,8,8,8,9,9,0,3,18,0,0,0,0,0,0,0,0,0,0,0,0,22,0,0,0,0,0,3,18
17,17,17,17,17,17,17,17,17,17,17,17,17,17,17,17,17,17,17,17,17,17,17,0,0,0,0,0,0,0,0,0,0,0,0,0,0,0,0,0,0,0,0,0,0,0,0,0,0,0,0,0,0,0,0,0,0,0,0,0,0,0,0,0,0,0,0,0,0,0,17,14,0,11,19,1,4,19,7,0,17,14,0,0,0,0,0,0,0,0,17,14,0,26,21,0,16,29,1,6,29,11,0,26,21,0,0,0,0,0,0,0,0,26,21,0,26,21,0,16,29,1,6,29,11,0,26,21,0,0,0,0,0,0,0,0,26,21,0,26,21,0,16,29,1,6,29,11,0,26,21,0,0,0,0,0,0,0,0,26,21,0,26,21,0,16,29,1,6,29,11,0,26,21,0,0,0,13,22,1,0,0,26,21,0,4,3,0,2,4,0,1,4,1,0,4,3,0,0,0,16,29,1,0,0,26,21,0,0,0,0,0,0,0,0,0,0,0,0,0,0,0,0,16,29,1,0,0,26,21,8,8,8,8,8,8,8,8,8,8,8,8,8,3,0,0,16,29,1,0,0,26,21,7,7,7,7,7,7,7,7,7,7,7,7,7,2,0,0,16,29,1,0,0,26,21,0,1,1,0,0,1,20,20,20,19,0,23,19,0,0,0,16,29,1,0,0,26,21,0,26,21,0,0,1,27,29,29,26,0,26,21,0,0,0,16,29,1,0,0,26,21,0,26,21,0,0,2,1,26,21,2,1,26,21,0,0,0,16,29,1,0,0,26,21,0,26,21,0,0,13,8,26,21,13,8,26,21,0,0,0,16,29,1,0,0,26,21,0,26,21,0,0,13,8,26,21,13,8,26,21,0,0,0,16,29,1,0,0,26,21,0,26,21,0,0,11,7,26,21,11,7,26,21,0,0,0,16,29,1,0,0,26,21,0,26,21,0,0,1,8,27,24,8,8,27,21,0,0,0,16,29,1,0,0,26,21,0,9,8,0,0,4,29,29,29,29,29,29,21,0,0,0,16,29,1,0,0,9,8,0,0,0,0,0,1,9,9,9,9,9,9,7,0,0,0,10,17,1,0,0,0,0,17,17,17,17,17,17,17,17,17,17,17,17,17,6,0,0,0,0,0,2,17,17,17,0,0,0,0,0,6,8,8,4,0,0,0,0,0,0,0,0,0,0,0,0,0,0
0,12,11,18,0,13,12,16,0,5,20,29,9,7,7,7,7,7,20,29,9,7,7,0,0,3,18,0,13,8,0,0,21,29,29,29,29,29,29,29,29,29,29,29,29,29,0,0,3,18,0,13,8,0,0,8,10,10,10,10,10,10,10,10,10,10,10,10,10,17,17,4,18,0,13,8,14,17,17,17,17,17,17,17,17,17,17,17,17,17,17,17,0,0,3,18,0,13,8,0,0,0,0,0,0,0,0,0,0,0,0,0,0,0,0,0,8,9,18,0,13,11,12,0,0,6,13,13,13,13,13,13,8,0,0,5,5,5,0,13,12,18,0,13,12,18,0,0,1,2,2,2,2,2,6,18,0,1,29,29,29,9,19,12,18,0,13,12,22,9,9,9,9,9,3,0,0,3,18,0,0,12,12,12,6,17,12,18,0,13,12,21,6,6,6,6,6,2,0,0,3,18,0,0,0,0,0,0,13,10,6,0,4,6,18,0,13,20,17,17,17,17,7,3,24,13,13,13,13,13,0,13,8,0,0,0,3,18,0,13,8,0,0,0,0,0,3,20,2,2,2,2,2,0,13,8,0,0,0,3,18,0,13,8,2,17,17,17,17,17,13,0,1,17,17,17,0,11,7,0,0,0,3,15,0,6,4,0,0,0,0,0,0,0,0,1,29,29,29,0,0,0,0,0,0,0,0,0,0,0,0,0,0,0,0,0,0,0,0,0,0,0,17,17,17,17,17,17,17,17,17,17,17,17,17,17,17,17,17,17,17,17,17,17,17,0,0,0,0,0,0,0,0,0,0,0,0,0,0,0,0,0,0,0,0,0,0,0,0,0,0,0,0,0,0,0,0,6,7,7,7,7,7,7,7,7,7,7,7,7,7,0,0,0,0,0,0,0,0,0,22,29,29,29,29,29,29,29,29,29,29,29,29,29,0,0,0,0,0,0,0,0,0,8,10,10,10,28,24,10,10,10,10,15,29,18,10,9,9,2,0,0,0,1,9,9,9,9,3,0,26,21,2,17,17,10,6,29,11,8,6,17,8,0,0,0,3,21,6,6,6,2,0,26,21,2,14,14,8,6,29,11,7,0,13,8,0,0,0,3,18,0,4,5,5,5,27,23,5,0,4,5,11,29,15,5,0,13,8,0,0,0,3,18,0,22,29,29,29,29,29,27,0,22,29,29,29,29,29
1,13,22,8,9,19,15,0,1,13,0,8,6,0,15,12,11,13,22,8,6,0,15,2,19,22,12,12,19,22,0,2,19,0,12,9,0,22,12,12,19,22,12,9,0,22,2,19,16,12,12,13,22,0,2,19,0,12,9,0,22,9,9,19,16,12,9,0,22,2,15,3,9,8,2,17,0,2,19,0,12,9,0,17,1,3,15,3,9,7,0,22,0,0,22,0,2,19,0,0,2,19,0,12,9,0,0,12,9,0,22,0,0,0,22,0,0,22,3,5,19,0,0,2,19,0,12,9,0,0,12,10,5,22,0,0,0,22,8,0,22,12,12,19,0,11,11,19,0,12,12,17,0,12,12,19,22,0,2,17,22,8,0,22,12,12,19,0,12,12,19,0,12,12,19,0,12,12,19,22,0,2,19,22,10,15,26,12,12,25,15,12,12,17,0,11,11,19,12,22,12,19,22,15,8,19,19,5,25,17,6,7,17,26,3,2,0,0,0,0,5,22,17,7,10,13,22,10,5,0,2,19,0,3,2,0,22,0,0,4,0,3,2,0,22,0,0,4,0,12,9,0,5,2,19,0,12,9,0,22,0,2,19,0,12,9,0,22,0,2,19,0,12,9,0,22,5,19,0,12,9,0,22,3,5,19,0,12,10,5,22,0,2,19,0,12,10,5,22,11,19,1,12,10,1,22,12,12,19,0,12,12,19,22,0,3,19,1,12,12,19,22,11,19,22,12,12,19,22,12,12,19,0,12,12,19,22,12,12,19,22,12,12,19,22,10,19,22,12,12,19,22,10,10,19,0,12,12,15,22,12,12,19,22,12,12,15,22,2,19,22,12,12,19,22,0,2,19,0,12,9,0,22,12,12,19,22,12,9,0,22,2,19,3,12,10,3,22,0,2,19,0,12,9,0,22,2,4,19,3,12,9,0,22,8,19,15,12,11,13,22,8,9,19,0,12,11,13,22,8,9,19,15,12,11,13,22,11,19,22,12,12,19,22,12,12,17,0,11,11,19,22,12,12,19,22,12,12,19,19,9,19,16,11,10,14,22,9,7,0,0,0,2,14,22,9,9,17,16,12,12,14,0,2,19,0,0,0,0,22,0,1,9,0,6,4,0,22,0,0,0,0,12,9,0,10,11,19,22,0,2,19,22,12,12,19,0,12,12,19,22,12,9,0,22,12,12,19,22
6,0,1,5,0,4,3,5,6,4,3,5,0,4,2,0,6,4,3,5,6,4,2,9,0,1,7,0,5,7,18,9,13,10,7,0,5,3,0,9,13,10,7,22,5,3,0,0,0,0,0,0,3,18,0,13,8,0,0,0,0,0,0,13,8,0,22,0,0,0,0,0,0,0,0,4,18,0,13,9,0,0,0,0,0,0,13,9,0,22,0,0,0,0,0,0,0,13,12,18,22,13,12,18,0,0,0,0,22,13,12,18,22,13,8,4,0,0,3,0,13,12,18,22,13,12,18,0,2,1,0,22,13,12,18,22,13,8,22,0,3,18,0,13,12,18,22,13,12,18,0,13,8,0,22,13,12,18,22,13,8,22,0,3,18,0,13,12,18,22,13,12,18,0,13,8,0,22,13,12,18,22,13,8,22,0,3,18,0,13,12,15,22,11,11,18,0,13,8,0,22,11,11,18,18,13,8,22,0,3,18,0,13,8,0,22,0,3,18,0,13,8,0,22,0,3,18,0,13,8,22,0,3,18,19,13,12,15,22,11,11,18,19,13,12,15,22,11,11,18,19,13,12,22,0,3,18,22,13,12,18,22,13,12,18,22,13,12,18,22,13,12,18,22,13,12,20,0,3,17,22,12,12,18,20,13,12,17,22,12,12,18,20,13,12,17,22,12,12,0,0,0,0,23,6,10,18,0,13,13,6,24,0,3,21,6,17,8,0,23,6,10,0,0,0,0,23,25,26,18,0,13,27,25,28,0,3,28,25,27,8,0,23,25,26,0,0,0,0,22,0,3,18,0,13,8,0,22,0,3,18,0,13,8,0,22,0,3,0,0,0,0,22,0,3,18,0,13,8,0,22,0,3,18,0,13,8,0,22,0,3,0,0,0,0,22,0,3,18,0,13,8,0,22,0,3,18,0,13,8,0,22,0,3,0,0,0,0,22,0,3,18,0,13,8,0,22,0,3,18,0,13,8,0,22,0,3,0,0,0,0,22,0,3,18,0,13,8,0,22,0,3,18,0,13,8,0,22,0,3,0,0,0,0,13,0,2,10,0,7,5,0,13,0,2,10,0,7,5,0,13,0,2,6,6,6,6,6,6,6,6,6,6,6,6,6,6,6,6,6,6,6,6,6,6,6,9,9,9,9,9,9,9,9,9,9,9,9,9,9,9,9,9,9,9,9,9,9,9
0,0,0,0,13,10,6,0,13,8,0,0,26,21,0,0,13,8,0,22,0,0,26,17,17,17,17,18,18,17,11,13,8,0,0,0,0,0,0,13,8,0,22,0,0,0,0,0,14,17,17,17,17,17,19,6,0,0,0,0,0,0,13,8,0,22,0,0,0,0,0,0,0,0,0,0,0,0,0,0,0,0,0,0,0,13,8,0,22,0,0,0,17,17,17,17,17,17,17,17,17,17,17,17,17,11,0,0,13,8,0,22,0,0,0,9,9,9,9,9,0,0,0,0,0,0,0,0,0,0,0,13,8,0,22,0,0,0,29,29,29,29,29,0,0,0,0,0,0,0,0,0,0,0,13,8,0,22,0,0,0,29,10,8,8,8,0,0,0,0,0,0,0,17,13,0,0,13,8,0,22,0,0,17,29,5,18,0,13,8,9,11,11,7,0,0,26,21,0,0,13,8,0,22,0,0,26,29,5,18,0,13,8,16,29,22,12,0,0,26,21,0,0,13,8,0,22,0,0,26,29,3,6,0,5,3,0,28,3,0,0,0,26,21,0,0,13,8,0,22,0,0,26,29,29,29,29,29,0,0,28,3,0,0,0,26,21,0,0,13,8,0,22,0,0,26,18,18,18,18,18,0,0,28,3,0,0,0,5,4,0,0,13,8,0,22,0,0,5,0,0,0,0,0,0,0,28,3,0,0,0,0,0,0,0,13,8,0,22,0,0,0,7,7,7,7,6,0,0,28,3,6,7,7,7,5,0,0,13,8,0,22,0,0,0,8,8,8,8,6,0,0,28,3,7,8,8,8,6,0,0,13,8,0,22,0,0,0,27,27,27,27,27,27,27,29,28,27,27,19,0,0,0,0,13,8,0,22,0,0,0,8,4,4,4,4,4,4,29,8,4,4,3,0,0,0,0,13,8,0,22,0,0,26,3,0,0,0,7,4,0,28,3,0,0,12,0,0,0,0,13,8,0,22,0,0,26,8,4,8,0,13,9,14,28,8,4,8,22,0,0,0,0,13,8,0,22,0,0,26,14,9,18,0,13,9,15,28,14,9,18,22,0,0,0,0,13,8,0,22,0,0,26,14,8,13,0,13,9,15,28,14,8,13,22,0,0,0,0,9,6,0,22,0,0,26,10,3,0,0,13,9,1,28,10,3,0,22,0,0,0,0,0,0,0,17,0,0,26
29,29,29,17,0,3,20,2,2,2,2,2,2,0,0,3,18,22,0,3,18,22,0,12,12,12,7,0,3,18,0,0,0,8,9,9,9,9,12,18,22,0,3,18,23,9,0,0,0,0,0,3,18,0,0,0,5,6,6,6,6,10,18,22,0,3,18,23,6,13,13,13,13,13,16,18,0,15,17,17,17,17,26,0,3,18,7,0,1,6,22,0,2,2,2,2,2,6,18,0,0,0,0,0,0,22,0,3,18,0,0,0,0,22,0,17,17,17,10,0,2,19,17,17,17,17,11,0,22,0,3,18,0,0,0,0,22,0,29,29,29,17,0,0,0,0,0,0,0,0,0,11,0,3,15,0,0,0,0,18,0,0,0,0,0,0,0,0,0,0,0,0,0,0,0,0,0,0,0,0,0,0,0,0,17,17,17,17,17,17,17,17,17,17,17,17,17,17,17,17,17,17,17,17,17,17,17,1,1,1,1,1,1,0,0,1,1,1,1,1,1,0,0,0,0,0,0,0,0,0,29,29,29,29,29,29,7,11,29,29,29,29,29,29,7,0,0,0,0,0,0,0,0,17,17,17,24,29,17,4,6,17,17,17,24,29,17,4,2,13,17,0,3,14,16,0,0,0,0,16,29,1,0,0,0,0,0,16,29,1,0,3,18,22,0,3,18,22,0,17,13,0,16,29,1,12,17,17,17,3,16,29,1,0,3,18,22,0,3,18,22,0,14,11,0,16,29,1,10,14,14,14,2,16,29,1,0,3,18,22,0,3,18,22,0,0,0,0,16,29,1,0,0,0,0,0,16,29,1,0,3,18,22,0,3,18,22,0,27,27,27,29,29,28,27,27,27,27,27,29,29,28,7,0,3,22,0,3,18,4,0,20,20,20,20,20,20,20,20,20,20,20,20,20,20,5,0,0,22,0,3,18,0,0,7,7,7,7,7,7,7,7,7,7,7,7,7,7,7,7,2,22,0,3,18,3,7,8,8,8,8,8,8,8,8,8,8,8,8,8,8,8,8,3,22,0,3,18,4,8,0,0,0,0,0,0,3,3,3,3,3,3,3,0,0,1,5,22,0,3,18,6,0,25,25,25,15,0,3,23,12,12,12,12,12,12,0,0,3,18,22,0,3,18,22,0,22,22,22,13,0,3,18,0,0,0,0,0,0,0,0,3,18,22,0,3,18,22,0
7,7,0,14,12,12,13,21,8,7,0,14,0,1,13,21,8,9,20,14,0,1,8,11,10,0,21,12,12,20,21,12,10,0,21,0,1,20,21,12,12,20,21,0,1,12,11,10,0,21,9,9,20,15,12,10,0,21,0,1,20,15,12,12,14,21,0,1,12,11,10,0,16,2,2,16,2,9,8,0,21,0,1,16,2,9,8,2,16,0,1,12,11,10,0,0,11,10,0,21,0,0,0,21,0,0,0,21,0,1,20,0,0,1,12,11,10,0,0,11,11,5,21,0,0,0,21,0,0,0,21,4,4,20,0,0,1,12,11,12,18,0,11,12,20,21,0,1,18,21,11,9,0,21,12,12,20,0,10,11,12,11,12,20,0,11,12,20,21,0,1,20,21,12,10,0,21,12,12,20,0,11,12,12,10,11,20,11,21,12,20,21,16,7,20,19,12,12,15,26,12,12,25,15,12,12,11,0,0,6,21,17,7,11,12,22,11,6,0,3,5,26,17,6,6,17,26,4,3,0,2,2,0,21,0,0,4,0,11,10,0,5,0,1,20,0,2,2,0,21,0,0,3,11,10,0,21,0,1,20,0,11,10,0,21,0,1,20,0,11,10,0,21,0,1,12,11,11,6,21,0,1,20,0,11,11,6,21,4,5,20,0,11,10,0,21,4,5,12,11,12,20,21,1,2,20,1,12,12,20,21,12,12,20,1,12,11,1,21,12,12,12,11,12,20,21,12,12,20,21,12,12,20,21,12,12,20,21,12,12,20,21,12,12,12,11,12,16,21,12,12,20,21,12,12,16,21,10,10,20,21,12,12,20,21,10,10,12,11,10,0,21,12,12,20,21,12,10,0,21,0,1,20,21,12,12,20,21,0,1,12,11,10,0,21,2,3,20,3,12,10,0,21,0,1,20,3,12,11,3,21,0,1,12,11,12,13,21,8,9,20,14,12,12,13,21,8,9,20,14,12,12,13,21,8,9,12,10,11,20,21,12,12,20,21,12,12,20,19,12,12,20,21,12,12,20,21,12,12,11,0,1,15,21,9,9,18,16,12,12,15,0,8,10,20,16,11,10,15,21,9,8,0,5,5,0,21,0,0,0,0,11,10,0,10,0,1,20,0,0,0,0,21,0,0,6,11,12,20,21,12,10,0,21,12,12,20,21,12,12,20,21,0,1,20,21,12,12,12
7,7,7,7,7,2,0,0,2,12,0,9,9,18,15,13,11,12,0,9,5,0,15,8,8,8,8,8,3,0,0,3,18,0,13,12,18,22,13,12,18,0,13,8,0,22,0,0,0,0,0,0,0,0,3,18,0,13,11,13,22,9,10,18,0,13,8,0,22,21,0,16,29,1,0,0,0,3,18,0,10,7,2,17,1,4,14,0,13,8,0,17,21,0,16,29,1,0,0,0,3,18,0,0,3,18,0,13,8,0,0,13,8,0,0,21,0,16,29,1,0,0,0,3,18,0,0,3,18,6,13,8,0,0,13,8,0,0,21,0,16,29,1,0,0,0,3,18,20,0,3,18,22,13,8,0,20,13,12,17,0,21,0,16,29,1,0,0,0,3,18,22,0,3,18,22,13,8,0,22,13,12,18,0,21,0,16,29,1,0,0,0,3,16,22,7,17,18,22,13,20,10,22,12,11,18,12,8,0,6,11,0,0,0,0,0,0,6,13,20,10,12,7,18,18,6,0,1,5,23,0,0,0,0,0,0,0,0,0,4,0,13,8,0,5,0,3,18,0,3,2,0,22,17,17,17,17,0,0,0,0,3,18,0,13,8,0,22,0,3,18,0,13,8,0,22,0,0,0,0,0,0,0,0,3,18,6,13,8,0,22,0,3,18,6,13,10,5,22,0,0,0,0,0,0,0,0,3,18,22,13,9,1,22,0,4,18,22,13,12,18,22,18,0,14,25,1,0,0,0,3,18,22,13,12,18,22,13,12,18,22,13,12,18,22,21,0,16,29,1,0,0,0,3,18,18,13,12,18,22,13,12,18,18,13,12,15,22,21,0,16,29,1,0,0,0,3,18,0,13,12,18,22,13,12,18,0,13,8,0,22,21,0,16,29,1,0,0,0,3,18,0,13,9,3,22,2,5,18,0,13,8,0,22,21,0,16,29,1,0,0,0,3,18,15,13,11,12,22,9,9,18,15,13,11,12,22,0,0,0,0,0,0,0,0,3,16,22,13,12,18,22,13,12,18,22,12,11,18,22,0,0,0,0,0,0,0,0,0,0,16,13,11,13,19,10,10,18,16,0,2,13,22,0,0,0,0,0,0,0,0,1,8,0,13,8,0,0,0,3,18,0,6,4,0,22,17,17,11,0,0,0,0,0,3,18,22,13,12,18,0,13,12,18,22,13,12,18,22
0,0,0,0,0,0,0,0,0,0,0,0,0,0,0,0,0,0,0,0,0,6,29,0,0,0,0,0,0,0,0,0,0,0,0,0,0,0,0,0,0,0,0,0,6,29,0,0,0,0,0,0,0,0,0,0,0,0,0,0,0,0,0,0,0,0,0,6,29,0,0,0,0,0,0,0,0,0,0,0,0,0,0,0,0,0,0,0,0,0,6,29,0,0,3,7,2,0,6,7,0,0,0,0,0,6,7,0,1,7,5,0,0,2,9,0,0,12,27,8,0,23,25,0,0,0,0,0,20,27,0,3,28,17,0,0,0,0,0,0,0,13,8,0,22,0,0,0,0,0,0,0,22,0,3,18,0,0,0,0,0,6,0,16,13,8,0,22,10,6,0,16,0,2,13,22,0,3,18,16,0,2,13,0,8,0,22,13,8,0,22,13,8,0,22,0,3,18,22,0,3,18,22,0,3,18,0,11,13,22,13,8,0,22,13,11,13,22,9,10,18,22,0,3,18,22,9,10,18,0,12,18,22,13,8,0,22,13,12,18,22,13,12,18,22,0,3,18,22,13,12,18,0,12,18,22,13,8,0,22,13,12,18,22,13,12,18,22,0,3,18,22,13,12,18,0,12,18,22,13,8,0,22,13,12,18,22,13,12,18,22,0,3,18,22,13,12,18,0,8,6,22,5,3,0,8,13,10,6,19,5,7,18,8,0,1,6,22,5,6,15,0,1,6,22,5,5,9,8,13,10,6,0,5,7,18,8,6,5,6,22,5,3,0,0,8,18,22,13,12,18,22,13,12,18,11,13,12,18,22,13,12,18,22,13,10,9,0,12,18,22,13,12,18,22,13,12,18,22,13,12,18,22,13,12,18,22,13,12,18,0,9,0,22,0,4,18,0,13,9,0,22,0,4,18,0,13,9,0,22,0,4,18,0,8,0,22,11,11,18,18,13,8,0,22,0,3,18,18,13,12,15,22,0,3,18,0,10,7,22,13,12,18,22,13,10,7,22,5,7,18,22,13,12,18,22,5,7,18,0,12,18,22,13,12,18,22,13,12,18,22,13,12,18,22,13,12,18,22,13,12,18,0,12,18,22,6,7,18,9,13,12,18,22,13,12,18,9,13,10,8,22,13,12,18,0,11,12,22,0,3,18,0,13,11,12,22,9,9,18,0,13,8,0,22,9,9,18,0
0,13,12,18,0,13,12,18,0,0,16,29,1,17,25,25,25,4,16,29,1,6,25,0,13,12,18,0,13,12,18,0,0,16,29,1,0,0,0,0,0,16,29,1,0,0,0,7,8,18,0,13,11,10,0,13,24,29,18,17,17,17,17,17,24,29,18,17,17,0,0,3,18,0,13,8,0,0,21,29,29,29,29,29,29,29,29,29,29,29,29,29,0,0,3,18,0,13,8,0,0,0,0,0,0,0,0,0,0,0,0,0,0,0,0,17,17,4,18,0,13,8,14,17,17,17,17,17,17,17,17,17,17,17,17,17,17,17,0,0,3,18,0,13,8,0,0,0,0,0,0,0,0,0,0,0,0,0,0,0,0,0,13,12,18,0,13,12,18,0,0,8,17,17,17,17,17,17,15,0,1,15,15,15,0,13,12,18,0,13,12,18,0,0,0,0,0,0,0,0,3,18,0,1,29,29,29,17,23,12,18,0,13,12,25,17,17,17,17,17,6,0,0,3,18,0,0,2,2,2,0,13,12,18,0,13,12,18,0,4,9,9,9,9,9,4,3,18,0,0,0,0,0,0,13,8,0,0,0,3,18,0,13,13,6,6,6,6,3,3,25,17,17,17,17,17,0,13,8,0,0,0,3,18,0,13,8,0,5,5,5,5,9,18,0,0,0,0,0,0,13,8,0,0,0,3,18,0,13,8,1,10,10,10,10,10,6,0,1,27,27,27,0,6,4,0,0,0,1,8,0,2,1,0,0,0,0,0,0,0,0,1,20,20,20,7,7,7,7,7,7,7,7,7,7,7,7,7,7,7,7,7,7,7,7,7,7,7,8,8,8,8,8,8,8,8,8,8,8,8,8,8,8,8,8,8,8,8,8,8,8,0,0,0,0,0,0,0,0,0,8,11,11,11,11,11,11,0,8,11,11,11,11,11,0,0,0,1,0,1,1,1,0,21,29,29,29,29,29,27,0,21,29,29,29,29,29,0,13,12,18,0,13,12,18,0,5,20,29,8,6,6,6,0,5,20,29,8,6,6,0,13,12,18,0,13,12,18,0,0,16,29,1,0,0,0,0,0,16,29,1,0,0,0,13,12,18,0,13,12,18,0,0,16,29,1,19,27,27,27,5,16,29,1,7,27,0,13,12,18,0,13,12,18,0,0,16,29,1,3,4,4,4,0,16,29,1,1,4
0,13,10,8,22,6,7,18,0,13,8,0,22,6,7,18,9,13,8,0,22,0,3,4,13,9,3,22,2,5,18,4,13,9,3,22,2,5,18,4,13,9,3,22,2,5,22,13,12,18,22,13,12,18,22,13,12,18,22,13,12,18,22,13,12,18,22,13,12,22,13,12,18,22,13,12,18,22,13,12,18,22,13,12,18,22,13,12,18,22,13,12,22,7,8,18,12,13,11,10,22,7,8,18,12,13,11,10,22,7,8,18,12,13,11,23,17,19,18,0,13,21,17,26,0,3,25,17,23,8,0,23,17,19,18,0,13,21,23,14,16,18,0,13,19,14,25,0,3,24,14,21,8,0,23,14,16,18,0,13,19,22,0,3,18,0,13,8,0,22,0,3,18,0,13,8,0,22,0,3,18,0,13,8,22,0,3,18,0,13,8,0,22,0,3,18,0,13,8,0,22,0,3,18,0,13,8,22,0,3,18,0,13,8,0,22,0,3,18,0,13,8,0,22,0,3,18,0,13,8,22,0,3,18,0,13,8,0,22,0,3,18,0,13,8,0,22,0,3,18,0,13,8,22,0,3,18,0,13,8,0,22,0,3,18,0,13,8,0,22,0,3,18,0,13,8,4,0,0,3,0,2,1,0,4,0,0,3,0,2,1,0,4,0,0,3,0,2,1,17,17,17,17,17,17,17,17,17,17,17,17,17,17,17,17,17,17,17,17,17,17,17,0,0,0,0,0,0,0,0,0,0,0,0,0,0,0,0,0,0,0,0,0,0,0,0,9,8,0,6,10,0,2,10,4,0,9,8,0,6,10,0,2,10,4,0,9,8,0,26,21,0,16,29,1,6,29,11,0,26,21,0,16,29,1,6,29,11,0,26,21,0,26,21,0,16,29,1,6,29,11,0,26,21,0,16,29,1,6,29,11,0,26,21,0,26,21,0,16,29,1,6,29,11,0,26,21,0,16,29,1,6,29,11,0,26,21,0,26,21,0,16,29,1,6,29,11,0,26,21,0,16,29,1,6,29,11,0,26,21,0,26,21,0,16,29,1,6,29,11,0,26,21,0,16,29,1,6,29,11,0,26,21,0,26,21,0,16,29,1,6,29,11,0,26,21,0,16,29,1,6,29,11,0,26,21,0,26,21,0,1,1,0,0,1,0,0,1,1,0,1,1,0,0,1,0,0,1,1
0,0,0,0,0,0,0,0,0,0,0,0,0,0,0,0,0,0,0,0,0,2,19,10,17,17,17,17,17,17,17,17,17,17,17,17,17,17,1,0,0,0,0,0,2,19,0,0,0,0,0,0,0,0,0,0,0,0,0,0,0,0,0,0,0,0,0,2,19,0,0,4,3,0,2,4,0,0,4,2,0,4,3,0,2,4,0,0,0,0,2,19,1,0,25,22,0,15,29,2,5,29,12,0,25,22,0,15,29,2,0,0,0,2,19,1,0,25,22,0,15,29,2,5,29,12,0,25,22,0,15,29,2,0,0,0,2,19,1,0,25,22,0,15,29,2,5,29,12,0,25,22,0,15,29,2,0,13,0,2,19,1,0,25,22,0,15,29,2,5,29,12,0,25,22,0,15,29,2,0,22,0,2,19,1,0,17,15,0,10,19,1,3,19,8,0,17,15,0,10,19,1,0,22,0,2,19,0,0,0,0,0,0,0,0,0,0,0,0,0,0,0,0,0,0,0,22,0,2,19,0,0,0,0,0,0,0,0,0,0,0,0,0,0,0,0,0,0,0,22,0,2,19,5,7,7,7,7,7,7,7,7,7,7,7,7,7,7,0,0,0,0,22,0,2,19,5,8,8,8,8,8,8,8,8,8,8,8,8,8,8,0,0,0,0,22,0,2,19,0,0,0,0,0,0,0,0,0,0,0,0,0,0,0,0,0,0,0,22,0,2,19,0,0,0,0,0,0,0,0,0,0,0,0,0,0,0,0,0,0,0,22,0,2,19,1,0,25,22,0,15,28,2,5,28,12,0,25,22,0,15,28,2,0,22,0,2,19,1,0,25,22,0,15,29,2,5,29,12,0,25,22,0,15,29,2,0,22,0,2,19,1,0,25,22,0,15,29,2,5,29,12,0,25,22,0,15,29,2,0,22,0,2,19,1,0,25,22,0,15,29,2,5,29,12,0,25,22,0,15,29,2,0,22,0,2,19,1,0,22,19,0,13,25,2,5,25,11,0,22,19,0,13,25,2,0,22,0,2,19,0,0,0,0,0,0,0,0,0,0,0,0,0,0,0,0,0,0,0,22,0,2,19,0,0,0,0,0,0,0,0,0,0,0,0,0,0,0,0,0,0,0,22,0,2,19,10,17,17,17,17,17,17,17,17,17,17,17,17,17,17,1,0,0,0,22,0,2,19
8,22,25,9,12,0,12,29,5,22,0,9,12,5,26,16,8,0,0,0,0,22,25,8,25,27,10,10,9,18,29,13,10,9,10,2,0,25,7,0,0,0,0,0,22,25,25,29,29,29,29,29,29,29,29,29,29,29,4,0,25,7,0,0,0,0,0,7,8,7,8,8,8,8,8,8,8,8,8,8,8,1,0,25,7,0,0,0,0,0,0,0,0,0,0,0,0,0,0,0,0,0,0,0,0,0,25,7,0,0,0,0,0,0,0,14,17,17,17,17,17,17,17,17,17,17,15,0,0,25,7,11,17,17,17,14,0,0,0,0,0,2,7,7,7,7,7,7,6,0,7,7,26,13,7,7,6,0,0,0,0,0,0,0,7,25,25,29,26,25,25,20,0,25,25,29,26,25,25,20,0,0,0,0,7,0,0,0,0,0,25,7,0,0,0,0,0,0,25,7,0,0,0,0,0,0,0,8,0,0,4,6,12,25,13,7,7,0,4,6,12,25,13,7,7,6,0,0,0,0,8,0,0,9,12,16,25,14,9,22,0,9,12,16,25,14,9,22,19,2,0,0,0,8,0,0,9,12,16,25,14,9,22,0,9,12,16,25,14,9,22,19,2,0,0,0,8,0,0,8,11,8,25,11,4,5,0,8,11,8,25,11,4,5,19,2,0,0,0,1,0,0,0,0,0,25,7,0,0,0,0,0,0,25,7,0,0,9,1,0,0,0,20,23,23,23,23,23,28,25,23,23,23,23,23,23,28,25,5,0,0,0,0,0,0,7,8,8,8,8,8,8,8,8,8,8,8,8,8,8,8,2,0,0,0,0,0,0,14,17,17,17,17,17,17,17,17,17,17,17,17,17,17,17,17,17,17,17,14,0,0,0,0,0,0,0,0,0,0,0,0,0,0,0,0,0,0,0,0,0,0,0,0,0,6,7,7,7,7,7,7,4,0,0,0,16,18,0,9,20,4,2,20,11,0,0,0,25,29,29,29,29,29,29,15,0,0,0,22,25,0,12,29,5,2,29,15,0,0,0,9,10,10,10,10,12,29,15,0,0,0,22,25,0,12,29,5,2,29,15,0,0,0,0,0,0,0,0,2,29,15,0,0,0,22,25,0,12,29,5,2,29,15,0,0,0,20,23,23,23,19,2,29,15,0,0,0,22,25,0,12,29,5,2,29,15,0,0,0
12,18,0,13,12,18,0,13,8,0,22,13,8,0,22,13,8,0,22,0,0,6,29,7,18,0,13,10,8,0,6,4,0,9,13,8,0,22,6,3,0,10,0,0,6,29,7,18,0,13,11,1,0,0,0,0,1,16,8,0,23,3,0,0,0,0,0,6,29,28,18,0,13,28,10,0,0,0,0,14,28,8,0,23,28,0,0,0,0,0,6,29,0,0,0,0,0,0,0,0,0,0,0,0,0,0,0,0,0,0,16,28,1,6,29,0,0,0,0,0,0,0,0,0,0,0,0,0,0,0,0,0,0,16,29,1,6,29,0,0,0,0,0,0,0,0,0,0,0,0,0,0,0,0,0,0,16,29,1,6,29,0,0,0,0,0,0,0,0,0,0,0,0,0,0,0,0,0,0,16,29,1,6,29,7,5,0,3,7,2,0,0,0,0,3,7,2,0,6,7,0,0,14,25,1,6,29,25,18,0,13,26,9,0,0,0,0,12,27,8,0,23,25,0,0,0,0,0,6,29,3,18,0,13,8,0,0,0,0,0,0,13,8,0,22,0,0,0,0,0,0,6,29,10,18,0,13,11,13,0,10,6,0,16,13,8,0,22,10,6,0,16,0,0,3,15,12,18,0,13,12,18,0,13,8,0,22,13,8,0,22,13,8,0,22,0,0,0,0,12,18,0,13,12,18,16,13,11,13,22,13,8,0,22,13,11,13,22,0,0,6,26,12,18,0,13,12,18,22,13,12,18,22,13,8,0,22,13,12,18,22,0,0,6,29,12,18,0,13,12,18,22,13,12,18,22,13,8,0,22,13,12,18,22,0,0,6,29,12,18,0,13,12,18,22,13,12,18,22,13,8,0,22,13,12,18,22,0,0,6,29,10,6,0,5,7,18,8,11,8,6,22,5,3,0,8,13,10,6,19,0,0,6,29,10,6,11,5,7,18,8,0,1,6,22,5,5,9,8,13,10,6,0,0,0,6,29,12,18,22,13,12,18,22,6,8,18,22,13,12,18,22,13,12,18,11,0,0,6,29,12,18,22,13,12,18,22,13,12,18,22,13,12,18,22,13,12,18,22,0,0,6,29,9,0,22,0,4,18,0,13,9,0,22,0,4,18,0,13,9,0,22,0,0,6,29,12,15,22,11,11,18,0,13,8,0,22,11,11,18,18,13,8,0,22,0,0,6,29
21,0,16,29,1,0,22,0,3,18,9,13,10,8,22,0,3,18,0,13,10,8,22,21,0,16,29,1,0,22,2,5,18,4,13,9,3,22,2,5,18,4,13,9,3,22,21,0,16,29,1,0,22,13,12,18,22,13,12,18,22,13,12,18,22,13,12,18,22,21,0,16,29,1,0,22,13,12,18,22,13,12,18,22,13,12,18,22,13,12,18,22,21,0,16,29,1,0,12,13,11,10,22,7,8,18,12,13,11,10,22,7,8,18,12,21,0,16,29,1,0,0,13,21,17,26,0,3,25,17,23,8,0,23,17,19,18,0,21,0,16,29,1,0,0,13,19,14,25,0,3,24,14,21,8,0,23,14,16,18,0,21,0,16,29,1,0,0,13,8,0,22,0,3,18,0,13,8,0,22,0,3,18,0,21,0,16,29,1,0,0,13,8,0,22,0,3,18,0,13,8,0,22,0,3,18,0,21,0,16,29,1,0,0,13,8,0,22,0,3,18,0,13,8,0,22,0,3,18,0,21,0,14,25,1,0,0,13,8,0,22,0,3,18,0,13,8,0,22,0,3,18,0,21,0,0,0,0,0,0,13,8,0,22,0,3,18,0,13,8,0,22,0,3,18,0,21,0,0,0,0,0,0,2,1,0,4,0,0,3,0,2,1,0,4,0,0,3,0,21,0,0,0,0,14,17,17,17,17,17,17,17,17,17,17,17,17,17,17,17,17,17,21,0,0,0,0,0,0,0,0,0,0,0,0,0,0,0,0,0,0,0,0,0,0,21,0,6,10,0,2,10,4,0,9,8,0,6,10,0,2,10,4,0,9,8,0,6,21,0,16,29,1,6,29,11,0,26,21,0,16,29,1,6,29,11,0,26,21,0,16,21,0,16,29,1,6,29,11,0,26,21,0,16,29,1,6,29,11,0,26,21,0,16,21,0,16,29,1,6,29,11,0,26,21,0,16,29,1,6,29,11,0,26,21,0,16,21,0,16,29,1,6,29,11,0,26,21,0,16,29,1,6,29,11,0,26,21,0,16,21,0,16,29,1,6,29,11,0,26,21,0,16,29,1,6,29,11,0,26,21,0,16,21,0,16,29,1,6,29,11,0,26,21,0,16,29,1,6,29,11,0,26,21,0,16,21,0,1,1,0,0,1,0,0,1,1,0,1,1,0,0,1,0,0,1,1,0,1
0,0,0,0,0,0,0,0,26,29,29,29,29,29,29,0,0,0,0,0,0,0,0,0,0,0,0,0,0,0,0,0,0,0,0,0,0,0,0,0,0,0,0,0,0,0,17,17,17,17,17,17,17,17,17,17,17,17,17,17,17,17,17,17,17,11,0,0,0,0,0,0,0,0,0,0,0,0,0,2,9,9,9,9,9,9,6,0,0,0,0,0,4,20,8,0,0,0,0,0,0,0,6,29,29,29,29,29,29,20,0,0,4,20,8,6,29,11,0,0,0,0,0,0,0,6,29,17,8,13,29,17,6,0,0,6,29,11,6,29,11,0,0,0,0,0,0,0,6,29,11,18,6,29,11,18,0,0,6,29,11,6,29,11,0,0,2,11,0,0,0,6,29,11,22,6,29,11,22,0,0,6,29,11,6,29,11,0,0,3,18,0,0,0,6,29,11,22,6,29,11,22,0,0,6,29,11,6,29,11,0,0,3,18,0,0,0,6,29,11,3,6,29,11,3,0,0,6,29,11,5,21,8,0,0,3,18,0,0,0,6,29,11,11,28,29,28,16,0,0,5,21,8,0,0,0,0,0,3,18,0,0,0,6,26,10,8,20,20,20,12,0,0,0,0,0,7,7,2,0,0,3,18,0,1,7,7,7,7,7,7,7,7,7,7,7,7,7,7,8,8,3,0,0,3,18,0,1,8,8,8,8,8,8,8,8,8,8,8,8,8,8,0,0,0,0,0,3,18,0,0,0,0,0,0,0,0,0,0,0,0,0,0,0,0,3,14,5,0,0,3,18,0,0,0,3,14,5,0,13,10,0,8,14,0,3,14,5,6,29,11,0,0,3,18,0,0,0,6,29,11,0,26,21,0,16,29,1,6,29,11,6,29,11,0,0,3,18,0,0,0,6,29,11,0,26,21,0,16,29,1,6,29,11,6,29,11,0,0,3,18,0,0,0,6,29,11,0,26,21,0,16,29,1,6,29,11,6,29,11,0,0,3,18,0,0,0,6,29,11,0,26,21,0,16,29,1,6,29,11,2,9,3,0,0,3,18,0,0,0,2,9,3,0,8,7,0,5,9,0,2,9,3,0,0,0,0,0,3,18,0,0,0,0,0,0,0,0,0,0,0,0,0,0,0,0,0,0,0,0,0,3,18,0,0,0,0,0,0,0,0,0,0,0,0,0,0,0,0
20,29,10,2,3,18,22,0,3,18,22,0,3,13,29,17,8,8,8,8,8,13,29,16,29,1,0,3,18,22,0,3,18,22,0,0,6,29,11,1,3,3,3,2,6,29,16,29,1,0,3,18,22,0,3,18,22,0,0,6,29,11,10,28,28,28,15,6,29,16,29,1,0,3,18,22,0,3,18,22,0,0,6,29,11,0,0,0,0,0,6,29,19,29,7,1,1,6,22,0,3,18,8,0,2,11,29,15,5,5,5,1,2,11,29,29,29,29,7,0,0,3,0,0,2,0,0,11,29,29,29,29,29,29,7,11,29,29,12,12,12,3,0,0,0,0,0,0,0,0,5,12,12,12,12,12,12,3,5,12,12,7,7,7,7,7,7,7,7,7,7,7,7,7,7,7,7,7,7,7,7,7,7,7,8,8,8,8,8,8,8,8,8,8,8,8,8,8,8,8,8,8,8,8,8,8,8,0,0,3,0,1,7,0,0,0,0,9,0,0,2,0,0,0,0,0,0,0,0,0,6,0,22,0,3,18,0,0,0,0,22,0,3,18,0,8,9,9,9,9,9,0,0,4,0,22,0,3,18,0,0,0,0,22,0,3,18,0,5,6,6,6,6,24,0,0,5,5,24,0,3,18,0,0,0,0,22,0,3,21,5,5,5,5,4,0,23,17,17,10,10,10,0,3,18,22,0,3,18,22,0,1,10,10,10,10,10,8,0,22,0,0,17,17,17,17,18,18,22,0,3,18,23,17,17,17,17,17,11,0,0,0,22,0,0,0,0,0,0,3,18,22,0,3,18,22,0,0,0,0,0,0,0,0,0,22,0,0,17,17,0,0,3,18,22,0,3,18,22,0,0,2,17,17,17,17,17,17,22,0,0,0,0,0,0,0,0,22,0,3,18,0,0,0,0,0,0,0,0,0,0,0,0,0,17,17,17,17,17,6,22,0,3,18,8,17,17,17,17,17,17,17,17,17,17,17,17,0,0,0,0,0,0,22,0,3,18,0,0,0,0,0,0,0,0,0,0,0,0,0,29,29,29,7,0,0,22,0,3,18,0,0,11,29,29,29,29,29,29,29,29,29,29,25,29,19,5,1,9,22,0,3,18,11,0,7,21,29,23,18,18,18,18,18,21,29,16,29,1,0,3,18,22,0,3,18,22,0,0,6,29,11,0,0,0,0,0,6,29
29,29,29,29,11,0,0,0,0,0,0,0,0,0,0,0,0,0,0,0,0,0,0,0,0,0,0,0,0,0,0,0,0,0,0,0,0,0,0,0,0,0,0,0,0,0,17,17,17,17,17,0,14,17,17,17,17,17,17,17,17,17,17,17,17,17,17,17,17,9,7,0,0,0,0,0,0,0,0,0,0,0,0,0,0,0,0,0,0,0,0,0,29,21,0,0,0,0,0,0,0,0,0,11,20,1,4,20,8,0,18,15,0,0,0,27,21,0,0,0,0,0,0,0,0,0,16,29,1,6,29,11,0,26,21,0,0,0,26,21,0,0,0,0,0,0,0,0,0,16,29,1,6,29,11,0,26,21,0,0,0,26,21,0,0,0,2,11,0,0,0,0,16,29,1,6,29,11,0,26,21,0,0,0,26,21,0,0,0,3,18,0,0,0,0,16,29,1,6,29,11,0,26,21,0,0,0,26,21,0,0,0,3,18,0,0,0,0,16,29,1,6,29,11,0,26,21,0,0,0,26,21,0,0,0,3,18,0,0,0,0,12,21,1,5,21,8,0,19,16,0,0,0,24,19,0,0,0,3,18,0,0,0,0,0,0,0,0,0,0,0,0,0,0,0,0,7,7,7,5,0,3,18,0,1,7,7,7,7,7,7,7,7,7,7,7,7,0,0,8,8,8,6,0,3,18,0,1,8,8,8,8,8,8,8,8,8,8,8,8,0,0,0,0,0,0,0,3,18,0,0,0,0,0,0,0,0,0,0,0,0,0,0,0,0,0,8,14,0,0,3,18,0,0,0,0,8,14,0,3,14,5,0,13,10,0,0,0,0,16,29,1,0,3,18,0,0,0,0,16,29,1,6,29,11,0,26,21,0,0,0,0,16,29,1,0,3,18,0,0,0,0,16,29,1,6,29,11,0,26,21,0,0,0,0,16,29,1,0,3,18,0,0,0,0,16,29,1,6,29,11,0,26,21,0,0,0,0,16,29,1,0,3,18,0,0,0,0,16,29,1,6,29,11,0,26,21,0,0,0,0,5,9,0,0,3,18,0,0,0,0,5,9,0,2,9,3,0,8,7,0,0,0,0,0,0,0,0,3,18,0,0,0,0,0,0,0,0,0,0,0,0,0,0,0,0,0,0,0,0,0,3,18,0,0,0,0,0,0,0,0,0,0,0,0,0,0,0,0
21,0,16,29,1,6,29,11,0,26,21,0,0,18,13,0,7,7,7,13,29,16,7,21,0,15,27,1,6,27,11,0,25,20,0,0,18,13,1,29,29,29,29,29,29,29,21,0,0,0,0,0,0,0,0,0,0,0,0,18,13,0,10,10,10,10,10,10,10,21,0,8,14,0,3,14,5,0,13,10,0,0,18,13,14,17,17,17,17,17,17,17,21,0,16,29,1,6,29,11,0,26,21,0,0,18,13,0,0,0,0,0,0,0,0,21,0,16,29,1,6,29,11,0,26,21,0,0,18,17,5,5,5,5,5,0,0,11,21,0,16,29,1,6,29,11,0,26,21,0,0,18,29,29,29,29,29,27,0,0,23,21,0,16,29,1,6,29,11,0,26,21,0,0,18,20,12,12,12,12,12,0,0,22,21,0,16,29,1,6,29,11,0,26,21,0,0,18,13,0,0,0,0,0,0,0,22,21,0,16,29,1,6,29,11,0,26,21,0,0,18,13,12,13,13,13,13,13,13,25,21,0,16,29,1,6,29,11,0,26,21,0,0,18,13,2,2,2,2,2,2,2,23,21,0,16,29,1,6,29,11,0,26,21,0,0,18,23,17,17,17,17,16,0,0,16,21,0,16,29,1,6,29,11,0,26,21,0,0,18,29,29,29,29,29,27,0,0,0,21,0,16,29,1,6,29,11,0,26,21,0,0,0,0,0,0,0,0,0,0,0,0,4,0,16,29,1,6,29,11,0,26,21,0,8,17,17,17,17,17,17,17,17,17,17,5,0,16,29,1,6,29,11,0,26,21,0,0,0,0,0,0,0,0,0,0,0,0,21,0,16,29,1,6,29,11,0,26,21,0,0,0,0,0,7,7,7,7,7,7,7,21,0,16,29,1,6,29,11,0,26,21,0,0,0,0,2,29,29,29,29,29,29,29,21,0,16,29,1,6,29,11,0,26,21,0,0,0,0,1,10,10,21,29,12,10,10,21,0,16,29,1,6,29,11,0,26,21,0,0,0,6,17,17,5,16,29,1,13,17,21,0,16,29,1,6,29,11,0,26,21,0,0,0,5,14,14,4,16,29,1,11,14,21,0,16,29,1,6,29,11,0,26,21,0,0,0,0,0,5,5,19,29,7,5,3,21,0,16,29,1,6,29,11,0,26,21,0,0,0,0,2,29,29,29,29,29,29,17
17,8,8,8,8,8,8,8,1,21,26,0,0,21,26,0,11,29,6,1,29,16,0,13,0,0,16,27,27,27,27,27,29,26,0,0,16,19,0,8,21,5,1,21,12,0,6,0,0,12,20,20,20,20,20,20,18,0,0,0,0,0,0,0,0,0,0,0,0,6,7,7,7,7,7,7,7,7,7,7,7,1,0,0,0,0,5,7,7,7,7,6,7,8,8,8,8,8,8,8,8,8,8,8,1,0,0,0,0,5,8,8,8,8,7,14,17,18,2,0,0,0,0,0,0,0,0,0,0,0,0,0,0,0,0,0,0,0,2,0,18,3,0,0,5,14,3,0,14,8,0,10,13,0,5,14,3,0,14,8,0,8,0,18,8,7,0,11,29,6,1,29,16,0,21,26,0,11,29,6,1,29,16,0,8,0,18,12,13,0,11,29,6,1,29,16,0,21,26,0,11,29,6,1,29,16,0,8,0,18,12,13,0,8,21,5,1,29,16,0,21,26,0,11,29,6,1,29,16,0,8,0,18,4,1,0,0,0,0,1,29,16,0,21,26,0,11,29,6,1,29,16,0,8,0,18,17,15,15,13,0,0,0,9,5,0,7,8,0,3,9,2,0,9,5,0,12,5,6,6,6,4,0,0,0,0,0,0,0,0,0,0,0,0,0,0,0,0,0,9,10,10,10,10,5,0,0,0,0,0,0,0,0,0,0,0,0,0,0,0,0,0,14,17,17,17,17,17,17,17,17,17,17,17,3,0,0,0,0,11,17,17,17,9,0,1,4,1,0,0,0,0,0,0,0,0,0,0,0,0,0,0,0,0,0,0,0,0,11,29,6,16,29,29,29,12,0,0,0,0,0,0,0,0,0,0,0,0,0,0,0,11,29,6,10,23,29,21,8,0,0,8,5,0,6,8,0,3,8,2,0,8,5,0,11,29,6,10,11,29,6,10,0,1,29,16,0,21,26,0,11,29,6,1,29,16,0,11,29,6,22,11,29,6,22,0,1,29,16,0,21,26,0,11,29,6,1,29,16,0,11,29,6,22,11,29,6,22,0,1,29,16,0,21,26,0,11,29,6,1,29,16,0,11,29,6,11,11,29,6,11,0,1,29,16,0,21,26,0,11,29,6,1,29,16,0,11,29,20,17,22,29,20,9,0,1,15,9,0,11,14,0,6,15,3,1,15,9,0
22,11,3,0,15,0,4,10,22,11,10,15,15,0,4,10,0,11,10,15,15,16,9,22,16,5,0,22,0,6,15,22,16,12,15,22,0,6,15,0,16,12,15,22,16,10,16,16,5,0,22,0,6,15,16,16,10,11,22,0,6,15,0,16,10,11,22,11,9,3,13,4,0,22,0,5,12,3,13,5,2,17,0,6,15,0,13,5,2,17,2,4,22,0,0,0,22,0,0,0,22,0,6,15,0,0,6,15,0,0,6,15,0,16,5,22,0,0,0,22,0,0,0,22,4,8,15,0,0,6,15,0,0,6,15,6,16,5,22,0,6,14,22,15,5,0,22,16,12,15,0,15,12,15,20,0,6,15,22,16,5,22,0,6,15,22,16,5,0,22,16,12,15,0,16,12,15,22,0,6,15,22,16,5,25,15,10,15,19,16,9,15,24,16,12,23,13,16,12,13,22,9,19,15,22,16,17,15,24,8,4,0,5,8,23,14,9,7,17,24,5,1,0,6,16,19,9,12,9,18,0,16,5,0,5,0,6,15,0,3,1,0,22,0,1,3,0,16,5,0,5,0,4,0,16,5,0,22,0,6,15,0,16,5,0,22,0,6,15,0,16,5,0,22,0,4,0,16,8,4,22,5,8,15,0,16,5,0,22,5,8,15,6,16,5,0,22,0,4,1,16,12,15,22,16,12,15,1,16,6,1,22,16,12,15,22,16,6,1,22,1,5,22,16,12,15,22,16,12,15,22,16,12,15,22,16,12,15,22,16,12,15,22,16,10,22,16,11,12,22,13,11,15,22,16,12,15,22,13,11,15,18,16,12,15,22,16,10,22,16,5,0,22,0,6,15,22,16,12,15,22,0,6,15,0,16,12,15,22,16,10,3,16,5,0,22,0,6,15,3,16,7,2,22,0,6,15,0,16,7,2,22,2,5,15,16,10,10,22,11,10,15,15,16,10,10,22,11,10,15,15,16,10,10,22,11,8,22,16,12,15,19,16,12,15,22,16,12,15,22,16,12,13,22,16,12,15,22,16,10,16,16,11,11,0,12,11,15,16,14,10,11,22,12,4,0,16,16,11,11,19,12,9,0,16,5,0,10,0,6,15,0,0,0,0,22,0,3,7,0,16,5,0,0,0,4,22,16,12,15,22,16,12,15,22,0,6,15,22,16,12,15,22,16,12,15,0,16,10
12,0,9,5,0,15,13,11,12,22,9,5,0,15,0,2,12,22,9,9,18,15,0,18,0,13,8,0,22,13,12,18,22,13,8,0,22,0,3,18,22,13,12,18,22,0,18,0,13,8,0,22,9,10,18,16,13,8,0,22,0,3,18,16,13,11,13,22,0,14,0,13,8,0,17,1,4,14,3,10,6,0,22,0,3,14,3,10,7,2,17,0,0,0,13,8,0,0,13,8,0,22,0,0,0,22,0,0,0,22,0,3,18,0,0,0,0,13,8,0,0,13,10,5,22,0,0,0,22,0,0,0,22,3,6,18,0,0,0,20,13,12,17,0,13,12,18,22,0,3,17,22,12,8,0,22,13,12,18,0,12,0,22,13,12,18,0,13,12,18,22,0,3,18,22,13,8,0,22,13,12,18,0,13,10,22,12,11,18,12,22,12,18,23,15,8,18,19,13,11,15,26,13,12,24,15,13,18,6,0,1,5,23,17,7,10,13,23,10,5,0,4,6,25,16,7,7,17,26,4,18,0,3,2,0,22,0,0,4,0,13,8,0,5,0,3,18,0,3,2,0,22,0,18,0,13,8,0,22,0,3,18,0,13,8,0,22,0,3,18,0,13,8,0,22,0,18,6,13,10,5,22,0,3,18,0,13,10,5,22,4,6,18,0,13,8,0,22,4,18,22,13,12,18,22,0,4,18,1,13,12,18,22,13,12,18,1,13,9,1,22,13,18,22,13,12,18,22,13,12,18,22,13,12,18,22,13,12,18,22,13,12,18,22,13,18,18,13,12,15,22,13,12,18,22,13,12,15,22,11,11,18,22,13,12,18,22,11,18,0,13,8,0,22,13,12,18,22,13,8,0,22,0,3,18,22,13,12,18,22,0,18,0,13,8,0,22,2,5,18,3,13,8,0,22,0,3,18,3,13,9,3,22,0,18,15,13,11,12,22,9,9,18,15,13,11,12,22,9,9,18,15,13,11,12,22,9,18,22,12,11,18,22,13,12,18,22,13,12,18,19,13,12,18,22,13,12,18,22,13,18,16,0,2,13,22,10,10,16,16,13,11,13,0,10,10,18,16,12,10,13,22,10,18,0,6,4,0,22,0,0,0,0,13,8,0,10,0,3,18,0,0,0,0,22,0,18,22,13,12,18,22,13,8,0,22,13,12,18,22,13,12,18,22,0,3,18,22,13
15,0,2,12,0,9,9,18,15,13,11,12,0,9,5,0,15,13,11,12,22,9,5,22,0,3,18,0,13,12,18,22,13,12,18,0,13,8,0,22,13,12,18,22,13,8,22,0,3,18,0,13,11,13,22,9,10,18,0,13,8,0,22,9,10,18,16,13,8,17,0,3,18,0,10,7,2,17,1,4,14,0,13,8,0,17,1,4,14,3,10,6,0,0,3,18,0,0,3,18,0,13,8,0,0,13,8,0,0,13,8,0,22,0,0,0,0,3,18,0,0,3,18,6,13,8,0,0,13,8,0,0,13,10,5,22,0,0,0,12,12,18,20,0,3,18,22,13,8,0,20,13,12,17,0,13,12,18,22,0,3,0,13,12,18,22,0,3,18,22,13,8,0,22,13,12,18,0,13,12,18,22,0,3,15,13,12,16,22,7,17,18,22,13,20,10,22,12,11,18,12,22,12,18,23,15,8,26,4,2,0,6,13,20,10,12,7,18,18,6,0,1,5,23,17,7,10,13,23,10,22,0,0,4,0,13,8,0,5,0,3,18,0,3,2,0,22,0,0,4,0,13,8,22,0,3,18,0,13,8,0,22,0,3,18,0,13,8,0,22,0,3,18,0,13,8,22,4,6,18,6,13,8,0,22,0,3,18,6,13,10,5,22,0,3,18,0,13,10,22,13,12,18,22,13,9,1,22,0,4,18,22,13,12,18,22,0,4,18,1,13,12,22,13,12,18,22,13,12,18,22,13,12,18,22,13,12,18,22,13,12,18,22,13,12,22,11,11,18,18,13,12,18,22,13,12,18,18,13,12,15,22,13,12,18,22,13,12,22,0,3,18,0,13,12,18,22,13,12,18,0,13,8,0,22,13,12,18,22,13,8,22,0,3,18,0,13,9,3,22,2,5,18,0,13,8,0,22,2,5,18,3,13,8,22,9,9,18,15,13,11,12,22,9,9,18,15,13,11,12,22,9,9,18,15,13,11,22,13,12,16,22,13,12,18,22,13,12,18,22,12,11,18,22,13,12,18,22,13,12,22,10,6,0,16,13,11,13,19,10,10,18,16,0,2,13,22,10,10,16,16,13,11,22,0,1,8,0,13,8,0,0,0,3,18,0,6,4,0,22,0,0,0,0,13,8,22,13,12,18,22,13,12,18,0,13,12,18,22,13,12,18,22,13,8,0,22,13,12
0,0,0,0,13,12,14,22,17,12,14,22,0,7,14,22,17,12,14,0,0,0,0,0,0,0,0,13,12,14,22,17,12,14,22,0,7,14,22,17,12,14,0,0,0,0,0,0,0,0,13,5,0,11,0,8,14,0,0,0,0,22,0,4,7,0,0,0,0,0,0,0,0,13,10,10,0,12,11,14,16,14,9,10,22,12,3,0,0,0,0,0,0,0,0,0,13,12,14,19,17,12,14,22,17,12,14,22,17,11,12,0,0,0,0,0,0,0,0,13,10,10,22,12,11,14,16,17,10,10,22,12,11,14,0,0,0,0,0,0,0,0,13,4,0,22,0,7,14,3,17,6,1,22,0,7,14,0,0,0,0,0,0,0,0,13,4,0,22,0,7,14,22,17,12,14,22,0,7,14,0,0,0,0,0,0,0,0,13,10,10,22,13,11,14,22,17,12,14,22,13,11,14,0,0,0,0,0,0,0,0,13,12,14,22,17,12,14,22,17,12,14,22,17,12,14,0,0,0,0,0,0,0,0,13,12,14,22,17,12,14,2,17,5,1,22,17,12,14,0,0,0,0,0,0,0,0,13,7,4,22,5,9,14,0,17,4,0,22,5,9,14,0,0,0,0,0,0,0,0,13,4,0,22,0,7,14,0,17,4,0,22,0,7,14,0,0,0,0,0,0,0,0,13,4,0,6,0,7,14,0,5,1,0,22,0,2,4,0,0,0,0,0,0,0,0,13,6,3,0,4,9,22,13,8,6,15,24,4,1,0,0,0,0,0,0,0,0,0,7,10,14,19,17,9,17,24,17,12,23,14,17,11,12,0,0,0,0,0,0,0,0,0,7,14,22,17,4,0,22,17,12,14,0,17,12,14,0,0,0,0,0,0,0,0,0,7,13,22,16,4,0,22,17,12,14,0,16,12,14,0,0,0,0,0,0,0,0,0,0,0,22,0,0,0,22,5,9,14,0,0,7,14,0,0,0,0,0,0,0,0,0,0,0,22,0,0,0,22,0,7,14,0,0,7,14,0,0,0,0,0,0,0,0,9,3,0,22,0,5,10,3,12,4,2,16,0,7,14,0,0,0,0,0,0,0,0,13,4,0,22,0,7,14,15,17,10,9,22,0,7,14,0,0,0,0,0,0,0,0,13,4,0,22,0,7,14,22,17,12,14,22,0,7,14,0,0,0,0
15,9,8,22,7,3,0,11,15,9,8,22,7,9,16,11,15,9,8,22,7,9,16,15,12,16,22,15,6,0,22,15,12,16,22,15,12,16,22,15,12,16,22,15,12,16,15,12,16,22,15,6,0,22,15,12,16,22,15,12,16,22,15,12,16,22,15,12,16,3,7,16,5,15,6,0,22,3,7,16,5,15,8,3,22,3,7,16,5,15,8,3,6,8,16,0,15,6,0,22,0,5,16,9,15,9,6,22,0,5,16,0,15,9,6,15,12,16,0,15,6,0,22,0,5,16,22,15,12,16,22,0,5,16,0,15,12,16,15,12,16,0,15,6,0,22,0,5,16,22,15,12,16,22,0,5,16,0,15,12,16,15,12,16,0,10,4,0,14,0,5,16,22,15,12,16,22,0,3,10,0,15,12,16,15,12,16,0,0,0,0,0,0,5,16,22,15,12,16,22,0,0,0,0,15,12,16,15,9,7,0,0,0,0,0,0,2,7,22,7,9,16,10,0,0,0,0,7,9,16,15,6,0,0,0,0,0,0,0,0,0,22,0,5,16,0,0,0,0,0,0,5,16,15,6,0,0,0,0,0,0,0,0,0,22,0,5,16,0,0,0,0,0,0,5,16,15,12,16,0,15,6,0,22,0,5,16,22,15,12,16,22,0,5,16,0,15,12,16,15,12,16,0,15,6,0,22,0,5,16,22,15,12,16,22,0,5,16,0,15,12,16,5,8,16,0,15,6,0,22,0,5,16,8,15,9,6,22,0,5,16,0,15,9,6,7,5,7,0,15,6,0,22,0,2,7,10,6,5,7,9,0,5,16,0,6,5,7,15,6,0,0,15,6,0,22,0,0,0,22,0,5,16,0,0,5,16,0,0,5,16,15,6,0,5,15,6,0,22,3,1,0,22,9,10,16,0,3,7,16,5,0,5,16,15,6,0,22,15,6,0,22,15,6,0,22,15,12,16,0,15,12,16,22,0,5,16,15,6,0,22,15,6,0,22,15,6,0,22,15,12,16,0,15,12,16,22,0,5,16,15,26,14,22,8,3,0,12,15,11,25,26,15,12,28,23,15,9,9,22,13,26,16,3,11,16,0,0,0,0,0,0,5,20,6,3,2,6,23,0,0,0,0,15,12,3,0,5,16,0,9,3,0,13,0,5,16,0,9,3,0,22,0,3,9,0,15,6,0
15,16,10,10,0,11,3,0,15,16,10,10,22,11,3,0,15,0,4,10,22,11,8,22,16,12,15,0,16,5,0,22,16,12,15,22,16,5,0,22,0,6,15,22,16,10,22,11,11,15,0,16,5,0,22,11,11,15,16,16,5,0,22,0,6,15,16,16,9,17,2,6,12,0,16,5,0,17,2,6,12,3,13,4,0,22,0,5,12,3,13,5,0,16,5,0,0,16,5,0,0,16,5,0,22,0,0,0,22,0,0,0,22,0,4,6,16,5,0,0,16,5,0,0,16,7,4,22,0,0,0,22,0,0,0,22,4,6,22,16,5,0,20,16,12,14,0,16,12,15,22,0,6,14,22,15,5,0,22,16,10,22,16,5,0,22,16,12,15,0,16,12,15,22,0,6,15,22,16,5,0,22,16,10,22,16,18,8,22,14,12,15,14,23,12,15,25,15,10,15,19,16,9,15,24,16,10,12,9,20,15,6,0,2,4,25,17,7,8,15,24,8,4,0,5,8,23,14,9,6,5,0,6,15,0,3,1,0,22,0,1,3,0,16,5,0,5,0,6,15,0,3,1,22,0,6,15,0,16,5,0,22,0,6,15,0,16,5,0,22,0,6,15,0,16,5,22,0,6,15,6,16,8,4,22,0,6,15,0,16,8,4,22,5,8,15,0,16,5,22,1,7,15,22,16,12,15,22,1,7,15,1,16,12,15,22,16,12,15,1,16,6,22,16,12,15,22,16,12,15,22,16,12,15,22,16,12,15,22,16,12,15,22,16,10,22,16,12,15,18,16,11,12,22,16,12,15,22,16,11,12,22,13,11,15,22,16,10,22,16,12,15,0,16,5,0,22,16,12,15,22,16,5,0,22,0,6,15,22,16,10,22,2,7,15,0,16,5,0,22,2,7,15,3,16,5,0,22,0,6,15,3,16,6,22,11,10,15,15,16,10,10,22,11,10,15,15,16,10,10,22,11,10,15,15,16,9,22,16,12,15,22,14,12,15,22,16,12,15,22,16,12,15,19,16,12,15,22,16,10,19,12,11,15,16,0,5,11,22,12,10,13,16,16,11,11,0,12,11,15,16,14,8,0,0,6,15,0,7,2,0,22,0,0,0,0,16,5,0,10,0,6,15,0,0,0,0,16,12,15,22,16,12,15,22,16,5,0,22,16,12,15,22,16,12,15,22,0,4
8,0,0,0,0,0,0,0,0,0,0,13,8,0,22,0,3,18,0,0,0,0,0,8,2,17,17,17,17,17,17,17,17,0,13,8,0,22,0,3,18,0,14,17,17,17,8,0,0,0,0,0,0,0,0,0,0,13,8,0,22,0,3,18,0,0,0,0,0,8,14,17,17,17,17,17,17,17,17,17,20,7,0,22,0,3,18,8,17,17,17,17,8,0,0,0,0,0,0,0,0,14,20,17,17,6,22,0,3,18,0,0,0,0,0,8,0,0,0,16,0,0,0,0,0,22,4,2,0,22,0,3,18,0,0,0,13,8,8,0,0,0,22,0,0,0,0,0,22,13,8,0,22,0,3,18,0,0,0,13,8,8,0,0,0,22,0,0,0,0,0,22,13,8,0,22,0,3,18,0,0,0,9,5,12,4,4,4,6,4,4,4,4,4,24,5,5,1,22,0,3,20,4,4,4,4,4,11,11,11,11,11,11,11,12,14,14,14,14,14,7,23,0,1,11,11,11,11,11,11,0,0,0,0,0,0,0,2,13,13,13,13,13,13,13,0,0,0,0,0,0,0,0,6,6,6,6,6,6,6,6,6,6,6,6,6,6,6,6,6,6,6,6,6,6,6,9,9,9,9,9,9,9,9,9,9,9,9,9,9,9,9,9,9,9,9,9,9,9,0,0,0,0,0,14,18,18,18,5,8,18,18,18,11,1,18,18,18,17,0,14,18,0,0,0,0,0,22,29,29,29,7,12,29,29,29,17,2,29,29,29,27,0,22,29,1,0,0,0,1,5,16,29,1,0,6,6,29,11,0,4,2,26,21,4,2,0,16,1,0,0,0,3,18,16,29,1,0,22,6,29,11,0,13,8,26,21,13,8,0,16,1,0,0,0,3,18,16,29,1,0,22,6,29,11,0,13,8,26,21,13,8,0,16,1,0,0,0,0,8,20,29,10,8,10,13,29,17,8,9,9,27,24,9,9,8,20,1,0,0,0,0,22,29,29,29,29,29,29,29,29,29,29,29,29,29,29,29,29,29,0,0,0,0,0,7,9,9,9,9,9,9,9,9,9,9,9,9,9,9,9,9,9,0,0,0,0,0,0,0,0,0,0,0,0,0,0,0,0,0,0,0,0,0,0,0,17,17,17,17,17,17,17,17,17,17,17,17,17,17,17,17,17,17,17,17,17,17,17
6,20,8,0,22,0,0,26,21,0,3,18,0,13,17,4,0,0,2,13,0,18,20,9,19,5,0,22,0,0,26,21,0,3,18,0,9,19,7,0,0,0,0,0,12,19,17,17,11,0,22,0,0,26,21,0,3,18,0,14,17,17,17,17,17,17,17,17,17,0,0,0,0,22,0,0,26,21,0,3,18,0,0,0,0,0,0,0,0,0,0,0,0,0,0,0,22,0,0,26,21,0,3,18,0,0,0,0,12,28,28,28,17,2,28,0,0,0,0,22,0,0,26,21,0,3,18,0,0,0,0,8,22,29,23,11,1,19,0,0,0,0,22,0,0,26,21,0,3,18,0,0,0,0,0,6,29,11,0,8,5,0,0,0,0,22,0,0,9,8,0,3,18,0,0,0,0,0,6,29,11,0,13,8,0,0,0,0,22,0,0,1,1,0,3,18,0,0,0,0,0,6,29,11,0,10,6,0,0,0,0,22,0,0,26,21,0,3,18,0,0,0,0,8,21,29,23,18,18,18,0,0,0,0,22,0,0,26,21,0,3,18,0,0,0,0,12,29,29,29,29,29,29,0,0,0,0,22,0,0,26,21,0,3,18,0,0,0,0,0,0,0,0,0,0,0,0,0,0,0,22,0,0,26,21,0,3,18,0,0,0,0,0,0,0,0,0,0,0,17,17,11,0,22,0,0,26,21,0,3,18,0,14,17,17,17,17,17,17,17,17,17,0,0,0,0,22,0,0,26,21,0,3,18,0,0,0,0,0,0,0,0,0,0,0,3,0,0,0,22,0,0,26,21,0,3,18,0,0,0,2,2,0,0,2,3,1,1,22,0,0,0,22,0,0,26,21,0,3,18,0,0,3,18,16,0,0,15,22,13,8,22,0,0,0,22,0,0,26,21,0,3,18,0,0,3,18,16,0,0,15,22,13,8,22,0,0,0,22,0,0,26,21,0,3,18,0,0,3,18,16,0,0,15,22,13,8,22,0,0,0,22,0,0,26,21,0,3,18,0,0,3,18,16,0,0,15,22,13,8,22,0,0,0,13,0,0,26,21,0,2,11,0,0,3,18,8,0,0,3,11,12,7,3,0,0,0,0,0,0,6,5,0,0,0,0,0,0,2,0,1,2,2,2,2,2,0,0,0,0,0,0,0,0,0,0,0,0,0,0,0,0,0,18,29,29,29,29,29
12,12,12,12,12,12,3,5,12,12,12,12,12,12,3,1,9,0,0,0,0,11,0,0,0,0,0,0,0,0,0,0,0,0,0,0,0,0,3,18,0,0,0,0,22,0,17,17,17,17,17,17,17,17,17,17,17,17,17,17,17,4,18,0,0,0,0,22,2,0,0,0,0,0,4,4,1,0,0,0,0,0,0,0,3,18,0,0,0,0,22,0,0,0,0,0,2,29,29,8,0,0,2,2,2,2,2,6,18,0,0,0,0,23,2,0,0,0,9,1,13,21,8,0,0,22,29,29,29,29,29,18,0,0,0,0,23,29,0,0,0,22,0,0,13,8,0,0,12,15,15,15,15,17,18,0,0,0,0,23,15,0,0,0,22,0,0,13,8,0,0,0,0,0,0,0,3,18,0,0,0,0,22,0,0,0,0,22,0,0,13,20,17,17,17,17,17,11,0,3,18,0,0,0,0,22,0,0,0,0,1,0,0,14,8,0,0,0,0,0,0,0,4,18,0,0,0,0,23,0,0,0,0,0,2,29,29,8,0,0,22,29,29,29,29,29,18,0,0,0,0,23,29,0,0,0,0,1,17,17,5,0,0,13,17,17,17,17,17,11,0,0,0,0,14,17,2,2,2,2,2,2,2,2,2,2,2,2,2,2,2,2,2,2,2,2,2,2,2,13,13,13,13,13,13,13,13,13,13,13,13,13,13,13,13,13,13,13,13,13,13,13,0,14,14,14,13,0,17,14,0,0,0,0,0,0,0,0,0,0,0,0,0,0,0,1,29,29,29,27,0,26,21,0,0,8,7,0,5,9,0,2,9,3,0,8,7,0,0,3,27,23,3,0,26,21,0,0,26,21,0,16,29,1,6,29,11,0,26,21,0,13,8,26,21,13,8,26,21,0,0,26,21,0,16,29,1,6,29,11,0,26,21,0,13,8,26,21,13,8,26,21,0,0,26,21,0,16,29,1,6,29,11,0,26,21,0,13,8,26,21,13,8,26,21,0,0,26,21,0,16,29,1,6,29,11,0,26,21,0,0,2,27,22,2,2,27,21,0,0,13,10,0,8,14,0,3,14,5,0,13,10,0,4,29,29,29,29,29,29,21,0,0,0,0,0,0,0,0,0,0,0,0,0,0,0,2,15,15,15,15,15,15,11,0,0,0,0,0,0,0,0,0,0,0,0,0,0,0
17,17,17,17,17,17,17,17,17,17,17,17,17,17,17,17,17,17,17,17,17,17,17,0,0,0,0,0,0,0,0,0,0,0,0,0,0,0,0,0,0,0,0,0,0,0,0,0,0,0,0,0,0,6,6,6,6,6,6,6,6,6,6,6,6,6,6,6,6,0,14,25,1,0,0,1,29,29,29,29,29,29,29,29,29,29,29,29,29,29,29,29,0,16,29,1,0,0,0,11,11,11,16,29,19,11,11,11,11,11,16,29,19,11,11,0,16,29,1,0,0,0,0,0,0,6,29,11,0,0,0,0,0,6,29,11,0,0,0,16,29,1,0,0,1,14,14,8,6,29,11,6,14,14,14,8,6,29,11,6,14,0,16,28,1,0,0,1,17,17,10,6,29,11,7,17,17,17,10,6,29,11,7,17,0,0,0,0,0,0,1,18,18,18,21,29,23,11,1,18,18,18,21,29,23,18,18,0,0,0,0,0,0,1,29,29,29,29,29,29,17,1,29,29,29,29,29,29,29,29,0,0,0,0,0,0,0,0,0,0,0,0,0,0,0,0,0,0,0,0,0,0,0,17,17,6,0,2,17,17,17,17,17,17,17,17,17,17,17,17,17,17,17,17,17,17,0,0,0,0,0,10,10,10,10,10,10,10,10,10,10,10,10,10,10,10,10,10,10,0,0,0,0,0,28,23,21,21,21,21,21,21,21,21,21,21,21,21,21,21,21,21,0,11,19,1,0,28,3,7,0,0,0,0,0,1,6,0,0,0,0,0,4,2,0,0,16,29,1,0,28,3,22,0,0,0,0,0,3,18,0,0,0,0,0,13,8,0,0,16,29,1,0,28,3,22,0,0,0,0,0,3,18,0,0,0,0,0,13,8,0,0,16,29,1,0,28,11,10,8,8,8,8,1,3,10,8,8,8,8,8,9,9,8,0,16,29,1,0,28,24,23,23,23,23,23,4,8,23,23,23,23,23,23,23,23,23,0,2,4,0,0,28,4,20,20,20,20,20,20,20,20,20,20,20,18,0,0,0,0,0,0,0,0,0,28,4,11,11,11,11,11,11,11,11,11,11,11,10,0,0,0,0,8,8,3,0,0,28,3,4,8,8,8,8,8,8,8,8,8,8,8,8,8,8,8,7,7,2,0,0,19,2,3,7,7,7,7,7,7,7,7,7,7,7,7,7,7,7
5,5,5,5,1,3,18,22,0,3,18,22,0,2,5,5,5,5,5,29,11,8,8,29,29,29,29,7,3,18,22,0,3,18,22,0,12,29,29,29,29,29,29,3,0,2,12,12,12,12,3,3,18,22,0,3,18,22,0,5,12,12,12,12,12,12,1,0,2,7,7,7,5,0,3,18,22,0,3,18,22,0,0,6,7,7,7,7,7,7,7,7,8,8,8,6,0,3,18,22,0,3,18,22,0,0,7,8,8,8,8,8,8,8,8,17,17,6,0,0,3,18,22,0,3,18,22,0,0,0,8,17,17,17,17,17,17,12,9,0,0,0,0,3,18,8,0,1,6,22,0,0,0,0,1,9,9,9,0,3,18,6,0,0,0,0,3,18,2,0,0,1,22,0,0,0,0,1,6,6,24,0,3,18,9,6,0,0,0,3,18,22,0,3,18,22,0,0,0,0,9,6,0,22,0,3,18,13,8,0,0,0,3,18,22,0,3,18,22,0,0,0,0,13,8,0,22,0,3,18,13,27,25,25,25,26,18,19,0,3,15,23,25,25,25,25,27,8,0,22,0,3,18,13,13,6,6,6,6,4,0,0,0,0,5,6,6,6,6,17,8,0,22,0,3,24,13,8,0,0,0,0,0,0,0,0,0,0,0,0,0,0,13,8,0,23,5,6,6,0,0,0,0,0,0,0,0,0,0,0,0,0,0,0,0,0,0,0,8,10,10,10,17,17,17,17,17,17,17,17,17,17,17,17,17,17,17,17,17,17,17,17,17,17,17,0,0,0,0,0,0,0,0,0,0,0,0,0,0,0,0,0,0,0,0,4,3,0,0,0,0,0,0,0,0,0,0,0,0,0,0,0,0,0,0,0,0,0,26,21,1,2,8,3,0,8,6,0,5,8,0,2,8,3,0,8,6,0,0,0,0,26,21,1,6,29,11,0,26,21,0,16,29,1,6,29,11,0,26,21,0,0,0,0,26,21,6,6,29,11,0,26,21,0,16,29,1,6,29,11,0,26,21,0,0,0,0,26,21,13,6,29,11,0,26,21,0,16,29,1,6,29,11,0,26,21,0,0,0,0,26,21,13,6,29,11,0,26,21,0,16,29,1,6,29,11,0,26,21,0,0,0,0,26,21,6,3,15,6,0,14,11,0,9,15,1,3,15,6,0,14,11,0,0,0,0,26,26,17
0,26,21,0,16,29,1,6,29,11,0,0,22,0,0,1,18,1,4,15,2,0,3,0,26,21,0,16,29,1,6,29,11,0,0,22,0,0,0,22,0,3,18,0,0,3,0,26,21,0,16,29,1,6,29,11,0,0,22,7,5,0,22,13,12,18,0,7,9,0,26,21,0,16,29,1,6,29,11,0,0,22,13,8,0,22,13,12,18,0,13,12,0,17,14,0,11,19,1,6,29,11,0,0,22,13,9,5,24,13,12,21,5,13,12,0,0,0,0,0,0,0,1,5,2,0,0,4,8,9,28,26,12,11,26,28,8,6,0,0,0,0,0,0,0,1,6,2,0,0,0,0,3,18,0,0,0,0,22,0,0,7,7,7,7,7,7,0,6,29,11,0,0,20,0,3,18,0,12,8,0,22,0,3,8,8,8,8,8,8,0,6,29,11,0,0,22,0,3,18,0,13,8,0,22,0,3,0,0,0,0,0,0,0,6,29,11,0,0,22,13,12,18,0,13,8,0,22,13,12,0,0,0,0,0,0,0,6,29,11,0,0,22,13,12,18,16,13,11,13,22,13,12,0,26,21,0,16,28,1,6,29,11,0,0,22,13,12,18,22,13,12,18,22,13,12,0,26,21,0,16,29,1,6,29,11,0,0,22,1,5,18,22,13,12,18,22,1,5,0,26,21,0,16,29,1,6,29,11,0,0,22,0,3,18,11,13,10,9,22,0,3,0,26,21,0,16,29,1,6,29,11,0,0,22,4,6,18,7,13,10,6,22,4,6,0,23,19,0,14,25,1,6,29,11,0,0,22,13,12,18,22,13,12,18,22,13,12,0,0,0,0,0,0,0,6,29,11,0,0,4,13,12,18,22,13,12,18,22,13,9,0,0,0,0,0,0,0,6,29,11,0,0,3,0,4,18,1,2,2,1,22,0,1,17,17,17,17,17,17,0,6,29,11,0,0,22,9,9,18,15,0,2,12,22,9,9,0,0,0,0,0,0,0,6,29,11,0,0,22,13,12,18,22,0,3,18,22,13,12,0,9,8,0,6,10,0,6,29,11,0,0,22,13,12,18,22,0,3,18,22,13,12,0,26,21,0,16,29,1,6,29,11,0,0,22,13,12,18,22,0,3,18,22,13,12,0,26,21,0,16,29,1,6,29,11,0,0,22,6,7,18,22,0,3,18,22,6,7
3,24,13,4,4,4,0,0,0,0,0,17,4,0,22,7,9,14,9,17,4,0,22,6,22,11,4,0,0,0,0,0,0,0,17,4,0,22,17,12,14,22,17,4,0,22,15,22,14,11,22,17,4,0,0,0,0,17,4,0,22,17,12,14,22,17,4,0,22,15,22,14,11,22,17,4,0,0,0,0,11,3,0,22,17,12,14,22,17,4,0,14,13,22,14,9,13,17,4,0,0,0,0,0,0,0,22,17,12,14,22,17,4,0,0,0,22,9,0,0,14,4,0,0,0,0,0,0,0,10,17,8,6,22,8,2,0,0,11,26,19,4,0,0,0,0,0,0,0,0,0,0,0,17,4,0,22,0,0,0,0,15,18,18,5,0,0,0,0,0,0,0,0,0,0,0,17,4,0,22,0,0,0,0,13,17,17,17,17,17,17,15,0,0,0,17,4,0,22,17,12,14,22,17,4,0,22,0,0,0,0,0,0,0,0,0,0,0,17,4,0,22,17,12,14,22,17,4,0,22,0,10,6,0,7,10,0,4,10,2,0,17,4,0,22,6,9,14,8,17,4,0,22,0,29,17,0,20,27,0,10,29,7,0,17,4,0,9,8,5,6,10,7,2,0,22,0,29,17,0,20,27,0,10,29,7,0,17,4,0,0,17,4,0,22,0,0,0,22,0,29,17,0,20,27,0,10,29,7,0,17,6,3,0,17,9,8,22,0,1,3,22,0,29,17,0,20,27,0,10,29,7,0,17,12,14,0,17,12,14,22,0,7,14,22,0,29,17,0,20,27,0,10,29,7,0,17,12,14,0,17,12,14,22,0,7,14,22,0,29,17,0,20,27,0,10,29,7,0,9,10,14,24,28,12,14,27,25,12,14,12,0,1,1,0,1,1,0,0,1,0,0,0,0,0,24,6,2,2,6,20,4,0,0,0,0,0,0,0,0,0,0,0,0,0,10,2,0,22,0,4,8,0,17,4,0,13,0,16,17,17,17,17,9,0,0,0,0,17,4,0,22,0,7,14,0,17,4,0,22,0,0,0,0,0,0,0,0,0,0,0,17,10,9,22,0,7,14,0,17,10,9,22,0,4,2,0,3,4,0,1,4,1,0,17,12,14,22,7,9,14,9,17,12,14,22,0,29,17,0,20,27,0,10,29,7,0,17,12,14,22,17,12,14,22,17,12,14,22
19,0,14,25,1,0,0,0,3,18,0,0,3,15,0,11,7,0,0,13,8,0,0,0,0,0,0,0,0,0,0,3,18,0,13,8,0,22,0,3,18,0,13,8,0,22,0,0,0,0,0,0,0,0,3,18,0,13,12,18,22,13,12,18,0,13,8,0,22,17,6,0,0,0,0,0,0,3,18,0,13,12,18,22,13,12,18,0,13,8,0,22,0,0,0,0,0,0,0,0,1,6,0,5,7,18,8,13,10,6,0,5,3,0,8,8,0,6,10,0,0,0,0,0,0,0,0,3,18,0,13,8,0,0,0,0,0,0,21,0,16,29,1,0,0,0,0,0,0,0,4,18,1,13,9,1,0,0,0,0,1,21,0,16,29,1,0,0,0,0,0,0,13,12,18,22,13,12,18,0,0,0,0,22,21,0,16,29,1,0,0,0,0,4,0,13,12,18,22,13,12,18,0,3,2,0,22,21,0,16,29,1,0,0,0,3,18,0,13,12,18,22,13,12,18,0,13,8,0,22,21,0,16,29,1,0,0,0,3,18,0,13,12,18,22,13,12,18,0,13,8,0,22,21,0,16,29,1,0,0,0,3,18,0,13,12,14,22,10,10,18,0,13,8,0,22,21,0,16,29,1,0,0,0,3,18,0,13,8,0,22,0,3,18,0,13,8,0,22,21,0,16,29,1,0,0,0,3,18,19,13,12,16,22,12,11,18,19,13,12,16,22,21,0,16,29,1,0,0,0,3,18,22,13,12,18,22,13,12,18,22,13,12,18,22,21,0,16,29,1,0,0,0,3,16,22,12,11,18,19,13,12,16,22,12,11,18,19,21,0,16,29,1,0,0,0,0,0,23,7,10,18,0,13,14,7,24,0,3,21,7,21,0,16,29,1,0,0,0,0,0,23,25,25,18,0,13,26,25,27,0,3,28,25,21,0,16,29,1,3,17,6,0,0,22,0,3,18,0,13,8,0,22,0,3,18,0,21,0,16,29,1,6,29,11,0,0,22,0,3,18,0,13,8,0,22,0,3,18,0,21,0,16,29,1,6,29,11,0,0,22,0,3,18,0,13,8,0,22,0,3,18,0,21,0,16,29,1,6,29,11,0,0,22,0,3,18,0,13,8,0,22,0,3,18,0,21,0,16,29,1,6,29,11,0,0,22,0,3,18,0,13,8,0,22,0,3,18,0
5,25,5,2,29,15,2,10,29,19,5,0,0,2,25,13,0,19,22,0,11,25,5,0,0,0,2,29,15,7,29,29,29,21,0,0,0,0,0,0,0,0,0,0,0,0,0,0,0,1,17,9,2,10,10,10,8,0,0,0,0,0,0,0,0,0,0,0,0,3,17,17,17,17,17,17,17,17,17,17,17,17,17,17,17,17,17,17,17,14,0,0,0,0,0,0,0,0,0,0,0,0,0,0,0,0,0,0,0,0,0,0,0,0,0,0,7,21,21,1,0,0,0,0,0,4,10,2,1,10,5,0,8,9,0,4,10,2,0,9,28,26,1,0,0,0,0,0,12,29,5,2,29,15,0,22,25,0,12,29,5,0,9,12,0,0,4,0,0,0,0,12,29,5,2,29,15,0,22,25,0,12,29,5,3,21,12,0,0,22,0,0,0,0,12,29,5,2,29,15,0,22,25,0,12,29,5,0,9,12,0,0,22,0,0,0,0,12,29,5,2,29,15,0,22,25,0,12,29,5,0,9,12,0,0,22,0,0,0,0,12,29,5,2,29,15,0,22,25,0,12,29,5,0,9,23,17,1,6,0,0,0,0,12,29,5,2,29,15,0,22,25,0,12,29,5,0,9,29,29,1,0,0,0,0,0,0,1,0,0,1,1,0,22,25,0,12,29,5,0,0,0,0,0,0,0,0,0,0,0,0,0,0,0,0,0,22,25,0,12,29,5,3,17,17,17,17,17,17,17,17,17,17,17,14,0,0,0,0,22,25,0,12,29,5,0,0,0,1,1,1,1,1,1,0,0,0,0,0,0,0,0,22,25,0,12,29,5,5,11,8,29,29,29,29,29,29,11,0,0,0,0,4,2,0,22,25,0,12,29,5,3,6,5,17,17,26,28,17,17,6,0,0,0,2,29,15,0,22,25,0,12,29,5,0,2,3,3,0,22,25,0,3,3,2,0,0,2,29,15,0,22,25,0,12,29,5,0,20,28,28,1,22,25,0,28,28,19,0,0,2,29,15,0,22,25,0,12,29,5,0,0,0,0,0,22,25,0,0,0,0,0,0,2,29,15,0,22,25,0,12,29,5,5,29,29,29,29,29,29,29,29,11,0,0,0,1,19,10,0,22,25,0,12,29,5,3,18,18,18,18,18,18,18,18,7,0,0,0,0,0,0,0,22,25,0,12,29,5
12,12,12,12,12,12,12,12,12,12,12,12,12,12,12,12,12,12,12,12,12,12,12,3,3,3,3,3,3,3,3,3,3,3,3,3,3,3,3,3,3,3,3,3,3,3,0,0,0,0,0,0,0,0,0,0,0,0,0,0,0,0,0,0,0,0,0,0,0,29,29,29,29,29,29,29,27,0,0,0,0,0,0,11,29,29,29,29,29,29,29,29,17,17,24,29,18,17,17,16,0,0,0,0,0,0,7,17,17,17,24,29,18,17,17,0,0,16,29,1,0,0,0,0,0,0,0,0,0,0,0,0,0,16,29,1,0,0,8,2,16,29,1,6,8,8,0,0,0,0,0,0,3,8,8,2,16,29,1,6,8,23,6,16,29,1,18,23,22,0,0,0,0,0,0,10,23,23,6,16,29,1,18,23,12,12,22,29,14,12,12,12,0,0,0,0,0,0,5,12,12,12,22,29,14,12,12,29,29,29,29,29,29,29,27,0,0,0,0,0,0,11,29,29,29,29,29,29,29,29,5,5,5,5,5,5,5,5,0,0,0,0,0,0,2,5,5,5,5,5,5,5,5,17,17,17,17,17,17,17,17,17,17,17,17,17,17,17,17,17,17,17,17,17,17,17,4,4,4,4,4,4,4,4,4,1,0,0,0,3,4,4,4,4,4,4,4,4,4,27,27,27,27,27,27,27,27,27,7,0,0,0,21,27,27,27,27,27,27,27,27,27,0,0,0,0,3,0,0,0,0,0,0,0,0,0,0,0,0,1,1,0,0,0,0,0,0,0,0,22,0,0,0,0,0,0,0,0,0,0,0,0,13,8,0,0,0,0,0,0,0,0,22,0,0,0,0,0,0,0,0,0,0,0,0,13,8,0,0,0,0,2,2,2,2,9,2,2,2,2,0,0,0,0,2,2,2,2,6,5,2,2,2,2,29,29,29,29,29,29,29,29,29,5,0,0,0,20,29,29,29,29,29,29,29,29,29,14,14,7,0,0,0,0,0,0,0,0,0,0,0,0,0,0,0,0,0,14,14,14,17,17,9,0,0,0,0,0,0,0,0,0,0,0,0,0,0,0,0,0,17,17,17,2,2,2,2,2,2,2,2,2,2,2,2,2,2,2,2,2,2,2,2,2,2,2,13,13,13,13,13,13,13,13,13,13,13,13,13,13,13,13,13,13,13,13,13,13,13
18,11,13,10,9,22,6,8,18,11,13,10,9,22,6,8,18,11,13,10,9,22,6,18,22,13,12,18,22,13,12,18,22,13,12,18,22,13,12,18,22,13,12,18,22,13,18,22,13,12,18,22,13,12,18,22,13,12,18,22,13,12,18,22,13,12,18,22,13,4,22,3,6,18,5,13,9,4,22,3,6,18,5,13,9,4,22,3,6,18,5,13,0,22,0,3,18,9,13,10,7,22,0,3,18,0,13,10,7,22,5,7,18,0,13,0,22,0,3,18,22,13,12,18,22,0,3,18,0,13,12,18,22,13,12,18,0,13,0,22,0,3,18,22,13,12,18,22,0,3,18,0,13,12,18,22,13,12,18,0,13,0,14,0,3,18,22,13,12,18,22,0,2,12,0,13,12,18,22,13,12,18,0,8,0,0,0,3,18,22,13,12,18,22,0,0,0,0,13,12,18,22,13,12,18,0,0,0,0,0,1,8,22,6,8,18,10,0,0,0,0,6,8,18,10,13,10,8,0,0,0,0,0,0,0,22,0,3,18,0,0,0,0,0,0,3,18,0,13,8,0,0,0,0,0,0,0,0,22,0,3,18,0,0,0,0,0,0,3,18,0,13,8,0,0,0,0,22,0,3,18,22,13,12,18,22,0,3,18,0,13,12,18,22,13,12,18,0,13,0,22,0,3,18,22,13,12,18,22,0,3,18,0,13,12,18,22,13,12,18,0,13,0,22,0,3,18,8,13,10,6,22,0,3,18,0,13,10,6,22,5,7,18,0,13,0,22,0,1,8,10,6,5,8,9,0,3,18,0,6,5,8,9,6,5,8,0,13,0,22,0,0,0,22,0,3,18,0,0,3,18,0,0,3,18,0,13,8,0,0,13,4,22,3,2,0,22,8,9,18,0,3,6,18,5,0,3,18,13,13,8,0,5,13,18,22,13,8,0,22,13,12,18,0,13,12,18,22,0,3,18,22,13,8,0,22,13,18,22,13,8,0,22,13,12,18,0,13,12,18,22,0,3,18,22,13,8,0,22,13,18,12,13,12,25,28,13,12,28,25,13,10,10,22,12,26,18,22,13,27,16,22,7,0,0,0,3,21,6,2,2,6,24,0,0,0,0,13,13,4,4,3,10,18,0,0,0,13,0,3,18,0,7,5,0,22,0,2,10,0,13,8,0,13,0,3,18,0,7
17,6,0,0,0,0,0,0,3,18,0,13,8,0,22,0,3,18,0,13,8,0,22,0,0,0,0,0,0,0,0,2,12,0,13,8,0,14,0,3,18,0,8,5,0,22,0,0,0,0,0,0,0,0,0,0,0,13,13,3,3,2,9,18,0,0,0,0,23,6,0,5,8,0,0,0,0,1,9,20,12,27,18,22,13,27,17,20,6,8,17,21,21,0,16,29,1,0,0,0,3,18,22,0,3,18,22,13,8,0,22,13,12,18,0,21,0,16,29,1,0,0,0,3,18,22,0,3,18,22,13,8,0,22,13,12,18,0,21,0,16,29,1,0,0,0,3,18,6,0,3,18,14,13,8,0,6,13,10,5,0,21,0,16,29,1,0,0,0,3,18,0,0,3,18,0,13,8,0,0,13,8,0,0,11,0,9,15,1,0,0,0,3,18,0,5,5,9,8,6,5,6,0,13,8,0,8,0,0,0,0,0,0,0,0,3,18,0,13,10,6,22,4,6,18,0,13,8,0,22,0,0,0,0,0,0,0,0,3,18,0,13,12,18,22,13,12,18,0,13,8,0,22,17,6,0,0,0,0,0,0,3,18,0,13,12,18,22,13,12,18,0,13,8,0,22,0,0,0,0,0,0,0,0,0,0,0,0,4,18,0,13,9,0,0,0,0,0,0,15,0,11,20,1,0,0,0,0,0,0,0,3,18,0,13,8,0,0,0,0,0,0,21,0,16,29,1,0,0,0,0,0,0,5,7,18,9,13,10,7,0,0,0,0,9,21,0,16,29,1,0,0,0,0,0,0,13,12,18,22,13,12,18,0,0,0,0,22,21,0,16,29,1,0,0,0,2,10,0,13,12,18,22,13,12,18,0,7,5,0,22,21,0,16,29,1,0,0,0,3,18,0,13,12,18,22,13,12,18,0,13,8,0,22,21,0,16,29,1,0,0,0,3,18,0,13,12,18,22,13,12,18,0,13,8,0,22,21,0,16,29,1,0,0,0,3,18,0,13,10,8,22,6,7,18,0,13,8,0,22,21,0,16,29,1,0,0,0,3,18,4,13,9,3,22,2,5,18,4,13,9,3,22,21,0,16,29,1,0,0,0,3,18,22,13,12,18,22,13,12,18,22,13,12,18,22,21,0,16,29,1,0,0,0,3,18,22,13,12,18,22,13,12,18,22,13,12,18,22
1,7,7,7,7,7,7,7,7,7,7,7,7,7,7,7,7,7,7,3,0,17,4,3,25,27,28,25,25,25,25,25,25,27,28,25,25,25,25,25,25,26,14,0,17,4,0,0,12,19,0,0,0,0,0,0,12,19,0,0,0,0,0,0,7,14,0,17,4,0,0,12,19,3,15,4,0,0,0,12,19,3,15,4,0,0,0,7,14,0,17,4,0,10,14,19,16,17,4,0,17,10,14,19,16,17,4,0,17,10,9,14,0,17,4,0,14,14,19,16,17,4,0,22,14,14,19,16,17,4,0,22,14,9,14,0,17,4,0,14,14,19,12,17,4,0,9,14,14,19,12,17,4,0,9,14,9,14,0,17,4,0,4,13,19,0,17,4,0,0,4,13,19,0,17,4,0,0,4,8,14,0,17,4,0,7,26,19,0,6,1,0,0,7,26,19,0,6,1,0,0,7,25,14,0,17,4,0,2,8,5,0,0,0,0,0,2,8,5,0,0,0,0,0,2,8,4,0,17,4,2,17,17,17,17,17,17,17,17,17,17,17,17,17,17,17,17,17,17,15,0,17,4,1,9,9,9,9,7,0,8,9,9,9,1,5,9,9,9,4,0,0,0,0,17,4,3,29,29,29,29,23,0,26,29,29,29,3,16,29,29,29,13,0,0,0,0,17,4,1,8,9,29,21,7,0,8,23,28,8,1,5,16,29,14,4,0,0,0,0,17,4,0,17,5,29,17,0,7,14,20,27,7,14,0,10,29,7,0,0,0,0,0,17,4,0,17,5,29,17,0,7,14,20,27,7,14,0,10,29,7,0,0,0,0,0,17,4,0,6,2,29,17,0,2,5,20,27,2,5,0,10,29,7,0,0,0,0,0,17,4,3,29,29,29,29,29,29,29,29,29,29,29,29,29,29,29,13,0,0,0,0,17,4,2,18,18,18,18,18,18,18,18,18,18,18,18,18,18,18,8,0,0,0,0,17,4,0,0,0,0,0,0,0,0,0,0,0,0,0,0,0,0,0,0,0,0,0,17,4,1,7,7,7,7,7,7,7,7,7,7,7,7,7,7,7,7,7,7,7,0,17,4,1,8,8,8,8,8,8,8,8,8,8,8,8,8,8,8,8,8,8,8,0,17,4,3,27,27,27,27,27,27,13,0,0,0,0,0,0,0,0,0,0,0,0,0,17,4
7,14,15,17,10,9,0,11,3,0,15,17,10,9,22,11,3,0,15,0,5,9,22,7,14,22,17,12,14,0,17,4,0,22,17,12,14,22,17,4,0,22,0,7,14,22,5,10,22,12,11,14,0,17,4,0,22,12,11,14,16,17,4,0,22,0,7,14,16,1,1,17,2,6,11,0,17,4,0,17,2,6,11,3,13,3,0,22,0,6,11,3,7,14,0,17,4,0,0,17,4,0,0,17,4,0,22,0,0,0,22,0,0,0,22,7,14,6,17,4,0,0,17,4,0,0,17,7,3,22,0,0,0,22,0,0,0,22,7,14,22,17,4,0,20,17,12,13,0,17,12,14,22,0,7,13,22,16,4,0,22,7,14,22,17,4,0,22,17,12,14,0,17,12,14,22,0,7,14,22,17,4,0,22,16,14,22,17,18,7,22,15,12,14,14,24,12,14,25,15,10,14,19,17,9,15,24,13,8,12,10,20,14,6,0,2,4,25,17,7,7,15,24,7,4,0,5,9,23,14,0,0,5,0,7,14,0,4,1,0,22,0,1,3,0,17,4,0,5,0,7,14,0,0,0,22,0,7,14,0,17,4,0,22,0,7,14,0,17,4,0,22,0,7,14,0,0,0,22,0,7,14,6,17,7,4,22,0,7,14,0,17,7,4,22,5,9,14,0,0,0,22,1,8,14,22,17,12,14,22,1,8,14,1,17,12,14,22,17,12,14,1,7,14,22,17,12,14,22,17,12,14,22,17,12,14,22,17,12,14,22,17,12,14,22,7,14,22,17,12,14,18,17,11,11,22,17,12,14,22,17,11,11,22,14,11,14,22,7,14,22,17,12,14,0,17,4,0,22,17,12,14,22,17,4,0,22,0,7,14,22,1,2,22,2,8,14,0,17,4,0,22,2,8,14,3,17,4,0,22,0,7,14,3,5,9,22,11,11,14,15,17,10,9,22,11,11,14,15,17,10,9,22,11,11,14,15,7,14,22,17,12,14,22,15,12,14,22,17,12,14,22,17,12,14,19,17,12,14,22,5,10,19,13,11,14,16,0,5,10,22,13,10,12,16,17,10,10,0,13,11,14,16,0,0,0,0,7,14,0,8,2,0,22,0,0,0,0,17,4,0,10,0,7,14,0,7,14,0,17,12,14,22,17,12,14,22,17,4,0,22,17,12,14,22,17,12,14,22
21,0,26,21,0,14,25,25,25,29,3,0,6,29,11,0,26,21,0,16,29,1,6,0,0,26,21,0,0,0,0,0,28,3,0,6,29,11,0,26,21,0,16,29,1,6,17,17,28,26,17,17,17,10,0,28,3,0,6,29,11,0,26,21,0,16,29,1,6,29,29,29,29,29,29,29,17,0,28,3,0,6,29,11,0,26,21,0,16,29,1,6,0,0,0,0,0,0,0,0,0,28,3,0,6,29,11,0,26,21,0,16,29,1,6,17,17,17,17,17,17,17,17,6,28,3,0,6,29,11,0,26,21,0,16,29,1,6,0,0,0,0,0,0,0,0,0,28,3,0,6,29,11,0,26,21,0,16,29,1,6,20,7,0,6,15,15,15,15,15,29,3,0,6,29,11,0,26,21,0,16,29,1,6,13,8,0,11,29,29,29,29,29,29,3,0,6,29,11,0,26,21,0,16,29,1,0,13,8,0,1,2,2,2,2,2,29,3,0,6,29,11,0,26,21,0,16,29,1,3,13,8,0,0,0,0,0,0,0,28,3,0,6,29,11,0,26,21,0,16,29,1,6,13,20,17,17,17,17,17,17,6,28,3,0,6,29,11,0,26,21,0,16,29,1,6,17,8,0,0,0,0,0,0,0,28,3,0,6,29,11,0,26,21,0,16,29,1,6,10,3,0,11,27,27,27,27,27,29,3,0,6,29,11,0,26,21,0,16,29,1,6,0,0,0,8,20,20,20,20,20,20,2,0,6,29,11,0,26,21,0,16,29,1,6,7,7,7,7,7,7,7,7,7,7,7,0,6,29,11,0,26,21,0,16,29,1,6,8,8,8,8,8,8,8,8,8,8,8,0,6,29,11,0,26,21,0,16,29,1,6,0,11,11,11,11,11,11,7,0,0,0,0,6,29,11,0,26,21,0,16,29,1,6,1,29,29,29,29,29,29,17,0,0,0,0,6,29,11,0,26,21,0,16,29,1,6,0,6,27,23,6,6,6,4,0,0,0,0,6,29,11,0,26,21,0,16,29,1,6,0,0,26,21,0,0,0,0,0,0,0,0,6,29,11,0,26,21,0,16,29,1,6,24,0,26,21,0,16,27,27,27,27,3,0,6,29,11,0,26,21,0,16,29,1,6,4,0,26,21,0,2,4,4,4,29,3,0,6,29,11,0,26,21,0,16,29,1,6
0,0,0,0,0,0,0,0,3,18,22,13,12,18,0,13,12,18,22,13,12,18,22,17,17,11,0,0,0,0,0,3,18,22,13,12,18,0,13,12,18,22,13,12,18,22,0,0,0,0,0,0,0,0,1,9,0,13,9,0,0,0,4,18,0,6,4,0,22,0,0,0,0,0,0,0,0,0,0,16,13,11,13,19,9,10,18,16,0,2,13,22,6,0,5,8,0,0,0,0,3,15,22,13,12,18,22,13,12,18,22,11,11,18,22,21,0,16,29,1,0,0,0,3,18,16,13,11,13,22,9,10,18,16,13,11,13,22,21,0,16,29,1,0,0,0,3,18,0,13,9,2,22,1,5,18,0,13,8,0,22,21,0,16,29,1,0,0,0,3,18,0,13,12,18,22,13,12,18,0,13,8,0,22,21,0,16,29,1,0,0,0,3,18,16,13,12,18,22,13,12,18,16,13,11,13,22,11,0,9,15,1,0,0,0,3,18,22,13,12,18,22,13,12,18,22,13,12,18,22,0,0,0,0,0,0,0,0,3,18,22,13,9,1,22,1,4,18,22,13,12,18,22,0,0,0,0,0,0,0,0,3,18,7,13,8,0,22,0,3,18,7,13,10,6,22,17,17,17,17,0,0,0,0,3,18,0,13,8,0,22,0,3,18,0,13,8,0,22,0,0,0,0,0,0,0,0,1,5,0,13,8,0,6,0,3,18,0,4,2,0,22,15,0,11,20,1,0,0,0,0,0,5,13,20,10,11,7,17,18,5,0,0,4,23,21,0,16,29,1,0,0,0,3,15,22,7,18,18,22,13,20,10,22,11,11,18,13,21,0,16,29,1,0,0,0,3,18,22,0,3,18,22,13,8,0,22,13,12,18,0,21,0,16,29,1,0,0,0,3,18,21,0,3,18,22,13,8,0,21,13,12,17,0,21,0,16,29,1,0,0,0,3,18,0,0,3,18,6,13,8,0,0,13,8,0,0,21,0,16,29,1,0,0,0,3,18,0,0,3,18,0,13,8,0,0,13,8,0,0,16,0,12,21,1,0,0,0,3,18,0,9,6,3,16,2,4,13,0,13,8,0,16,0,0,0,0,0,0,0,0,3,18,0,13,11,12,22,9,9,18,0,13,8,0,22,7,7,7,7,7,2,0,0,3,18,0,13,12,18,22,13,12,18,0,13,8,0,22
0,0,0,0,0,0,0,3,18,22,13,12,18,0,13,12,18,22,13,12,18,22,13,0,0,0,0,0,0,0,3,18,22,13,12,18,0,13,12,18,22,13,12,18,22,13,7,0,17,13,0,0,0,3,18,22,13,12,18,0,13,12,18,22,13,12,18,22,13,11,0,26,21,0,0,0,3,18,2,13,12,18,0,13,12,18,2,13,9,1,22,13,11,0,26,21,0,0,0,3,18,0,13,12,18,0,13,12,18,0,13,8,0,22,13,11,0,26,21,0,0,0,0,2,0,1,4,18,0,13,9,1,0,1,1,0,2,13,11,0,26,21,0,0,0,0,0,0,2,16,18,0,13,18,5,0,0,0,0,6,21,2,0,5,4,0,14,25,1,0,0,3,18,12,0,8,18,6,0,0,0,0,9,18,0,0,0,0,0,16,29,1,0,0,0,0,0,0,0,0,0,0,0,0,0,0,0,7,5,0,0,0,16,29,1,0,0,0,0,0,0,0,0,0,0,0,0,0,0,0,8,6,0,0,0,16,29,1,0,0,0,0,0,0,0,0,0,0,0,0,0,0,0,0,0,0,0,0,16,29,1,0,0,0,0,0,0,0,0,0,0,0,0,0,0,0,11,0,26,21,0,0,0,0,0,0,2,17,11,0,8,17,6,0,0,0,0,8,17,11,0,26,21,0,0,0,0,0,0,2,16,18,0,13,19,5,0,0,0,0,7,21,11,0,26,21,0,0,0,0,1,0,0,4,18,0,13,9,1,0,0,0,0,1,13,11,0,26,21,0,0,0,3,18,0,13,12,18,0,13,12,18,0,13,8,0,22,13,11,0,26,21,0,0,0,3,18,0,13,12,18,0,13,12,18,0,13,9,0,22,13,11,0,26,21,0,0,0,3,18,22,13,12,18,0,13,12,18,22,13,12,18,22,13,4,0,10,8,0,0,0,3,18,22,13,12,18,0,13,12,18,22,13,12,18,22,13,0,0,0,0,0,0,0,3,18,22,13,12,18,0,13,12,18,22,13,12,18,22,13,17,11,0,0,0,0,0,3,18,22,13,12,18,0,13,12,18,22,13,12,18,22,13,0,0,0,0,0,0,0,1,9,0,13,9,0,0,0,4,18,0,6,4,0,22,0,0,0,0,0,0,0,0,0,0,16,13,11,13,19,9,10,18,16,0,2,13,22,9
3,18,0,13,8,0,0,0,0,0,0,0,0,0,0,13,8,0,0,13,8,0,16,3,18,0,13,8,2,17,17,17,17,17,17,17,17,0,13,8,0,0,13,8,0,16,3,18,0,13,8,0,0,0,0,0,0,0,0,0,0,13,8,0,0,13,8,0,16,3,18,0,10,18,17,17,17,17,17,17,17,17,17,11,13,8,0,0,13,8,0,16,3,18,8,17,17,20,11,0,0,0,0,0,0,0,0,13,8,0,0,11,7,0,16,3,18,0,5,7,18,0,0,0,0,2,13,0,0,0,13,8,0,0,0,0,0,16,3,18,0,13,12,18,0,0,0,0,3,18,0,0,0,13,8,0,0,0,0,0,16,3,18,0,13,12,18,0,0,0,0,3,18,0,0,0,13,8,0,0,7,4,0,16,3,18,2,6,9,21,5,5,5,5,6,6,5,5,5,17,8,0,0,13,8,0,9,3,20,9,14,14,14,14,14,11,10,10,10,10,10,10,10,3,0,0,13,8,0,0,1,12,12,12,12,12,12,12,0,0,0,0,0,0,0,0,0,0,0,13,8,0,13,7,7,7,7,7,7,7,7,7,7,7,7,7,7,7,7,7,7,0,13,8,0,16,8,8,8,8,8,8,8,8,8,8,8,8,8,8,8,8,8,8,0,13,8,0,16,0,15,19,19,19,5,8,19,19,19,11,0,0,0,0,0,0,0,0,13,8,0,16,0,22,29,29,29,7,12,29,29,29,17,0,0,0,0,0,0,0,0,13,8,0,16,2,0,16,29,3,6,0,6,29,11,7,0,0,0,0,6,28,11,0,13,8,0,16,8,0,16,29,5,18,0,6,29,11,22,0,0,0,0,6,29,11,0,13,8,0,16,8,0,16,29,5,18,0,6,29,11,22,0,0,0,0,6,29,11,0,13,8,0,16,10,9,21,29,11,10,9,14,29,17,6,0,0,0,0,6,29,11,0,13,8,0,16,29,29,29,29,29,29,29,29,29,29,17,0,0,0,0,6,25,10,0,13,8,0,16,8,8,8,8,8,8,8,8,8,8,5,0,0,0,0,0,0,0,0,13,8,0,16,0,0,0,0,0,0,0,0,0,0,0,0,0,0,0,0,0,0,0,13,8,0,16,17,17,17,17,17,17,17,17,17,17,17,17,17,17,17,17,17,17,0,13,8,0,16
21,0,16,29,1,0,0,0,1,9,22,6,8,18,11,13,10,9,22,6,8,18,11,21,0,16,29,1,0,0,0,3,18,22,13,12,18,22,13,12,18,22,13,12,18,22,21,0,16,29,1,0,0,0,3,18,22,13,12,18,22,13,12,18,22,13,12,18,22,21,0,16,29,1,0,0,0,3,18,5,13,9,4,22,3,6,18,5,13,9,4,22,21,0,16,29,1,0,0,0,3,18,0,13,10,7,22,5,7,18,0,13,8,0,22,21,0,16,29,1,0,0,0,3,18,0,13,12,18,22,13,12,18,0,13,8,0,22,21,0,16,29,1,0,0,0,3,18,0,13,12,18,22,13,12,18,0,13,8,0,22,21,0,16,29,1,0,0,0,2,12,0,13,12,18,22,13,12,18,0,8,5,0,22,5,0,4,7,0,0,0,0,0,0,0,13,12,18,22,13,12,18,0,0,0,0,22,3,0,2,4,0,0,0,0,0,0,0,6,8,18,10,13,10,8,0,0,0,0,10,21,0,16,29,1,0,0,0,0,0,0,0,3,18,0,13,8,0,0,0,0,0,0,21,0,16,29,1,0,0,0,0,0,0,0,3,18,0,13,8,0,0,0,0,0,0,21,0,16,29,1,0,0,0,3,18,0,13,12,18,22,13,12,18,0,13,8,0,22,21,0,16,29,1,0,0,0,3,18,0,13,12,18,22,13,12,18,0,13,8,0,22,21,0,16,29,1,0,0,0,3,18,0,13,10,6,22,5,7,18,0,13,8,0,22,21,0,16,29,1,0,0,0,3,18,0,6,5,8,9,6,5,8,0,13,8,0,9,21,0,16,29,1,0,0,0,3,18,0,0,3,18,0,13,8,0,0,13,8,0,0,21,0,16,29,1,0,0,0,3,18,5,0,3,18,13,13,8,0,5,13,9,4,0,21,0,16,29,1,0,0,0,3,18,22,0,3,18,22,13,8,0,22,13,12,18,0,21,0,16,29,1,0,0,0,3,18,22,0,3,18,22,13,8,0,22,13,12,18,0,0,0,0,0,0,0,0,0,2,10,22,12,26,18,22,13,27,16,22,7,8,18,20,0,0,0,0,0,0,0,0,0,0,0,13,13,4,4,3,10,18,0,0,0,0,23,0,0,0,0,0,0,0,0,2,10,0,13,8,0,13,0,3,18,0,7,5,0,22
0,0,0,0,1,0,0,22,0,0,1,18,1,6,11,2,0,7,14,0,0,0,0,0,0,0,0,0,0,0,22,0,0,0,22,0,7,14,0,0,7,14,0,0,0,0,0,0,0,0,0,4,8,22,10,2,0,22,16,12,14,0,10,10,14,0,0,0,0,0,0,0,0,0,7,14,22,17,4,0,22,17,12,14,0,17,12,14,0,0,0,0,0,0,0,0,2,8,14,22,17,6,5,23,17,12,17,4,17,12,14,0,0,0,0,0,0,0,0,13,10,9,4,11,11,28,22,15,11,26,24,11,4,2,0,0,0,0,0,0,0,0,13,4,0,0,0,7,14,0,0,0,0,22,0,0,0,0,0,0,0,0,0,0,0,13,4,0,20,0,7,14,0,16,4,0,22,0,7,13,0,0,0,0,0,0,0,0,13,4,0,22,0,7,14,0,17,4,0,22,0,7,14,0,0,0,0,0,0,0,0,13,12,14,22,17,12,14,0,17,4,0,22,17,12,14,0,0,0,0,0,0,0,0,13,12,14,22,17,12,14,16,17,10,10,22,17,12,14,0,0,0,0,0,0,0,0,13,12,14,22,17,12,14,22,17,12,14,22,17,12,14,0,0,0,0,0,0,0,0,13,6,1,22,2,8,14,22,17,12,14,22,2,8,14,0,0,0,0,0,0,0,0,13,4,0,22,0,7,14,11,17,8,7,22,0,7,14,0,0,0,0,0,0,0,0,13,7,4,22,5,9,14,7,17,7,4,22,5,9,14,0,0,0,0,0,0,0,0,13,12,14,22,17,12,14,22,17,12,14,22,17,12,14,0,0,0,0,0,0,0,0,13,12,14,4,17,12,14,22,17,12,14,22,17,6,2,0,0,0,0,0,0,0,0,13,5,0,3,1,8,14,1,3,1,0,22,1,1,1,0,0,0,0,0,0,0,0,13,10,9,22,11,11,14,15,0,5,9,22,11,11,14,0,0,0,0,0,0,0,0,13,12,14,22,17,12,14,22,0,7,14,22,17,12,14,0,0,0,0,0,0,0,0,13,12,14,22,17,12,14,22,0,7,14,22,17,12,14,0,0,0,0,0,0,0,0,13,12,14,22,17,12,14,22,0,7,14,22,17,12,14,0,0,0,0,0,0,0,0,13,8,6,22,7,10,14,22,0,7,14,22,7,10,14,0,0,0,0
16,0,0,0,0,20,25,25,16,0,12,25,25,25,0,3,25,25,25,7,0,20,25,18,0,0,0,0,23,8,11,18,0,13,14,9,24,0,3,21,10,17,8,0,23,8,18,0,0,0,0,22,13,12,18,0,13,12,18,22,0,3,18,22,13,8,0,22,13,18,0,0,0,0,6,13,12,18,0,3,6,18,22,0,1,5,22,13,8,0,6,13,18,0,0,0,0,1,15,12,18,0,1,5,18,22,0,1,1,23,13,8,0,1,15,18,0,0,0,10,29,29,12,18,0,29,29,18,22,0,20,29,28,13,8,10,29,29,18,0,0,0,0,0,0,4,18,0,0,0,0,22,0,0,0,0,13,8,0,0,0,18,0,0,0,0,22,27,28,18,0,13,27,27,28,0,3,27,27,28,8,0,22,27,18,0,0,0,0,23,4,8,18,0,13,12,4,23,0,3,20,4,16,8,0,23,4,18,13,0,2,11,22,8,9,18,13,13,11,11,22,8,9,18,13,13,11,11,22,8,18,22,0,3,18,22,13,12,18,22,13,12,18,22,13,12,18,22,13,12,18,22,13,18,22,0,3,18,22,13,12,18,22,13,12,18,22,13,12,18,22,13,12,18,22,13,18,22,0,3,18,22,13,12,18,22,13,12,18,22,13,12,18,22,13,12,18,22,13,18,6,0,1,5,22,4,6,18,6,13,10,5,22,4,6,18,6,13,10,5,22,4,18,0,0,0,0,22,0,3,18,0,13,8,0,22,0,3,18,0,13,8,0,22,0,18,0,0,0,0,22,0,3,18,0,13,8,0,22,0,3,18,0,13,8,0,22,0,18,0,0,0,0,22,0,3,18,0,13,8,0,22,0,3,18,0,13,8,0,22,0,18,0,0,0,0,22,0,3,18,0,13,8,0,22,0,3,18,0,13,8,0,22,0,8,0,0,0,0,9,0,1,8,0,6,3,0,9,0,1,8,0,6,3,0,9,0,11,8,0,0,9,11,11,11,11,11,11,11,11,11,11,11,11,11,11,11,11,11,11,4,3,0,0,4,4,4,4,4,4,4,4,4,4,4,4,4,4,4,4,4,4,4,10,0,0,0,0,12,15,15,10,0,7,15,15,15,0,2,15,15,15,4,0,12,15,17,0,0,0,0,21,17,18,17,0,12,19,17,24,0,3,23,17,21,8,0,21,17
0,22,0,6,15,0,0,0,0,19,28,0,9,29,8,0,29,18,0,19,28,0,0,0,22,0,6,15,0,0,0,0,0,0,0,0,0,0,0,0,0,0,0,0,0,0,0,22,0,6,15,0,0,0,0,0,0,0,0,0,0,0,0,0,0,0,0,0,0,0,22,0,6,15,0,0,0,0,0,0,0,0,0,0,0,0,0,0,0,0,0,0,0,22,0,6,15,0,0,0,4,17,17,17,17,17,17,17,17,17,17,17,17,15,0,0,22,0,6,15,0,0,0,0,0,0,0,0,0,0,0,0,0,0,0,0,0,0,0,22,0,6,15,0,0,0,0,0,0,0,0,0,0,0,0,0,0,0,0,0,0,0,22,0,6,15,0,0,0,0,12,18,0,6,18,5,0,18,12,0,12,18,0,0,0,22,0,6,15,0,0,0,0,19,28,0,9,29,8,0,29,18,0,19,28,0,0,0,22,0,6,15,0,0,0,0,19,28,0,9,29,8,0,29,18,0,19,28,0,0,0,22,0,6,15,0,0,0,0,19,28,0,9,29,8,0,29,18,0,19,28,0,0,0,22,0,6,15,0,0,0,0,19,28,0,9,29,8,0,29,18,0,19,28,0,0,0,22,0,6,15,0,0,0,0,3,5,0,1,5,1,0,5,3,0,3,5,0,0,0,22,0,6,15,0,0,0,0,0,0,0,0,0,0,0,0,0,0,0,0,0,0,0,22,0,6,15,0,0,0,2,7,7,7,7,7,7,7,7,7,7,7,7,7,0,0,22,0,6,15,0,0,0,2,8,8,8,8,8,8,8,8,8,8,8,8,8,0,0,22,0,6,15,0,0,0,0,0,0,0,0,0,0,0,0,0,0,0,0,0,0,0,22,0,6,15,0,0,0,0,19,28,0,9,29,8,0,29,18,0,19,28,0,0,0,22,0,6,15,0,0,0,0,19,28,0,9,29,8,0,29,18,0,19,28,0,0,0,22,0,6,15,0,0,0,0,19,28,0,9,29,8,0,29,18,0,19,28,0,0,0,22,0,6,15,0,0,0,0,19,28,0,9,29,8,0,29,18,0,19,28,0,0,0,16,0,6,15,0,0,0,0,19,28,0,9,29,8,0,29,18,0,19,28,0,0,0,0,0,5,12,0,0,0,0,19,28,0,9,29,8,0,29,18,0,19,28,0,0
22,11,3,0,15,0,4,10,22,11,10,15,15,0,4,10,0,0,0,7,7,7,7,22,16,5,0,22,0,6,15,22,16,12,15,22,0,6,15,0,0,0,8,8,8,8,16,16,5,0,22,0,6,15,16,16,10,11,22,0,6,15,0,0,0,0,0,0,0,3,13,4,0,22,0,5,12,3,13,5,2,17,0,6,15,0,0,0,9,29,8,0,22,0,0,0,22,0,0,0,22,0,6,15,0,0,6,15,0,0,0,9,29,8,0,22,0,0,0,22,0,0,0,22,4,8,15,0,0,6,15,0,0,0,9,29,8,0,22,0,6,14,22,15,5,0,22,16,12,15,0,15,12,15,0,0,0,9,29,8,0,22,0,6,15,22,16,5,0,22,16,12,15,0,16,12,15,0,0,0,9,29,8,0,25,15,10,15,19,16,9,15,24,16,12,23,13,16,12,13,0,0,0,9,29,8,0,15,24,8,4,0,5,8,23,14,9,7,17,24,5,1,0,0,0,0,3,11,3,0,0,16,5,0,5,0,6,15,0,3,1,0,22,0,1,3,0,0,0,0,0,0,0,0,16,5,0,22,0,6,15,0,16,5,0,22,0,6,15,0,0,0,0,10,17,15,0,16,8,4,22,5,8,15,0,16,5,0,22,5,8,15,0,0,0,0,0,0,0,1,16,12,15,22,16,12,15,1,16,6,1,22,16,12,15,0,0,0,0,0,0,0,22,16,12,15,22,16,12,15,22,16,12,15,22,16,12,15,0,0,0,8,25,7,0,22,16,11,12,22,13,11,15,22,16,12,15,22,13,11,15,0,0,0,9,29,8,0,22,16,5,0,22,0,6,15,22,16,12,15,22,0,6,15,0,0,0,9,29,8,0,3,16,5,0,22,0,6,15,3,16,7,2,22,0,6,15,0,0,0,9,29,8,0,15,16,10,10,22,11,10,15,15,16,10,10,22,11,10,15,0,0,0,9,29,8,0,22,16,12,15,19,16,12,15,22,16,12,15,22,16,12,13,0,0,0,0,0,0,0,16,16,11,11,0,12,11,15,16,14,10,11,22,12,4,0,0,0,0,0,0,0,0,0,16,5,0,10,0,6,15,0,0,0,0,22,0,3,7,0,0,0,0,0,0,0,22,16,12,15,22,16,12,15,22,0,6,15,22,16,12,15,0,0,0,0,0,4,15
10,12,11,10,21,6,7,20,10,12,11,10,21,6,7,20,10,0,0,10,21,6,5,21,12,12,20,21,12,12,20,21,12,12,20,21,12,12,20,21,0,1,20,21,12,10,21,12,12,20,21,12,12,20,21,12,12,20,21,12,12,20,21,0,1,20,21,12,10,21,3,4,20,5,12,11,4,21,3,4,20,5,12,11,4,21,0,1,20,5,12,10,21,5,6,20,0,11,10,0,21,5,6,20,8,12,10,0,21,0,1,20,0,11,10,21,12,12,20,0,11,10,0,21,12,12,20,21,12,10,0,21,0,1,20,0,11,10,21,12,12,20,0,11,10,0,21,12,12,20,21,12,10,0,21,0,1,20,0,11,10,21,12,12,20,0,7,6,0,21,12,12,20,21,12,10,0,13,0,1,13,0,11,10,21,12,12,20,0,0,0,0,21,12,12,20,21,12,10,0,0,0,0,0,0,11,10,10,12,11,9,0,0,0,0,10,12,11,9,21,6,5,0,0,0,0,0,0,5,5,0,11,10,0,0,0,0,0,0,11,10,0,21,0,0,0,0,0,0,0,0,0,0,0,11,10,0,0,0,0,0,0,11,10,0,21,0,0,0,0,0,0,0,0,0,0,21,12,12,20,0,11,10,0,21,12,12,20,21,12,10,0,21,0,1,20,0,11,10,21,12,12,20,0,11,10,0,21,12,12,20,21,12,10,0,21,0,1,20,0,11,10,21,5,6,20,0,11,10,0,21,5,6,20,8,12,10,0,21,0,1,20,0,11,10,9,6,5,9,0,11,10,0,9,6,5,9,10,5,4,0,21,0,1,20,0,5,4,0,11,10,0,0,11,10,0,0,11,10,0,21,0,0,0,21,0,1,20,0,0,0,13,12,10,0,5,12,11,4,0,11,12,12,21,0,0,4,21,0,1,20,5,0,0,21,12,10,0,21,12,12,20,0,11,12,20,21,0,1,20,21,0,1,20,21,0,0,21,12,10,0,21,12,12,20,0,11,12,20,21,0,1,20,21,0,1,20,21,0,0,21,12,27,18,21,7,7,20,19,27,12,20,21,26,11,20,11,0,1,11,21,11,19,4,2,8,20,0,0,0,0,21,7,2,4,5,16,10,0,0,0,0,0,0,11,13,12,0,1,20,0,6,6,0,21,0,1,11,0,11,10,0,12,0,1,11,0,11,10
0,0,0,0,0,0,0,0,0,0,0,0,0,0,0,0,0,0,0,0,0,0,0,0,0,0,0,0,0,0,0,0,0,0,0,0,0,0,0,0,0,0,0,0,0,0,8,8,8,8,8,8,8,8,8,3,0,0,0,0,0,1,8,8,8,8,8,8,8,7,7,7,7,7,7,7,7,7,2,0,0,0,0,0,1,7,7,7,7,7,7,7,0,0,0,1,1,0,1,1,0,0,1,0,0,0,0,0,2,10,0,7,5,0,13,0,0,0,26,21,0,16,29,1,6,29,11,0,0,0,0,3,18,0,13,8,0,22,0,0,0,26,21,0,16,29,1,6,29,11,0,0,0,0,3,18,0,13,8,0,22,0,0,0,26,21,0,16,29,1,6,29,11,0,0,0,0,3,18,0,13,8,0,22,0,0,0,26,21,0,16,29,1,6,29,11,0,0,0,0,3,18,0,13,8,0,22,0,0,0,26,21,0,16,29,1,6,29,11,0,0,0,6,7,18,9,13,10,8,22,0,0,0,26,21,0,16,29,1,6,29,11,0,0,0,13,12,18,22,13,12,18,22,0,0,0,9,8,0,6,10,0,2,10,4,0,0,0,13,12,18,22,13,12,18,22,0,0,0,0,0,0,0,0,0,0,0,0,0,0,0,13,12,18,22,13,12,18,22,17,17,17,17,17,17,17,17,17,6,0,0,0,0,0,6,8,18,10,13,10,8,22,0,0,0,0,0,0,0,0,0,0,0,0,0,0,0,0,3,22,8,18,8,0,23,0,0,0,0,0,0,0,0,0,0,0,0,0,0,0,0,3,23,23,26,8,0,19,25,10,0,23,19,0,14,25,1,6,25,10,0,0,0,0,3,4,4,13,8,1,4,29,11,0,26,21,0,16,29,1,6,29,11,0,0,0,0,19,27,28,13,8,10,27,29,11,0,26,21,0,16,29,1,6,29,11,0,0,0,0,0,0,22,13,8,0,0,29,11,0,26,21,0,16,29,1,6,29,11,0,0,0,0,1,6,22,13,8,0,8,9,3,0,8,7,0,5,9,0,2,9,3,0,0,0,0,1,6,7,4,2,0,7,0,0,0,0,0,0,0,0,0,0,0,0,0,0,0,0,0,0,0,0,0,0,0,0,0,0,0,0,0,0,0,0,0,0,0,0,0,0,0,0,0,0,0,0,0,0
0,16,8,6,22,6,9,15,0,16,5,0,22,6,9,15,9,16,5,0,22,0,4,0,16,12,15,22,16,12,15,0,16,5,0,22,16,12,15,22,16,5,0,22,0,4,0,16,12,15,22,16,12,15,0,16,5,0,22,16,12,15,22,16,5,0,22,0,4,0,16,12,15,22,16,12,15,0,10,3,0,22,16,12,15,22,16,5,0,14,0,4,0,16,12,15,22,16,12,15,0,0,0,0,22,16,12,15,22,16,5,0,0,0,4,0,7,9,15,10,16,9,7,0,0,0,0,10,16,9,7,22,7,2,0,0,0,2,0,0,6,15,0,16,5,0,0,0,0,0,0,16,5,0,22,0,0,0,0,0,0,0,0,6,15,0,16,5,0,0,0,0,0,0,16,5,0,22,0,0,0,0,0,0,0,16,12,15,22,16,12,15,0,16,5,0,22,16,12,15,22,16,5,0,22,0,4,0,16,12,15,22,16,12,15,0,16,5,0,22,16,12,15,22,16,5,0,22,0,4,0,16,8,5,22,6,9,15,0,16,5,0,22,6,9,15,8,16,5,0,22,0,4,0,7,5,7,9,7,5,6,0,16,5,0,9,7,5,6,10,7,2,0,22,0,2,0,0,6,15,0,16,5,0,0,16,5,0,0,16,5,0,22,0,0,0,22,0,0,5,0,6,15,13,16,5,0,5,16,7,3,0,16,10,9,22,0,1,3,22,3,1,22,0,6,15,22,16,5,0,22,16,12,15,0,16,12,15,22,0,6,15,22,16,5,22,0,6,15,22,16,5,0,22,16,12,15,0,16,12,15,22,0,6,15,22,16,5,22,14,26,15,22,16,26,13,22,9,9,15,23,28,12,15,26,25,11,15,12,16,10,0,16,11,3,4,3,12,15,0,0,0,0,23,6,2,3,6,20,5,0,0,0,4,0,16,5,0,13,0,6,15,0,9,3,0,22,0,3,9,0,16,5,0,13,0,4,0,16,5,0,22,0,6,15,0,16,5,0,22,0,6,15,0,16,5,0,22,0,4,14,16,5,0,22,0,6,15,14,16,10,10,22,0,6,15,0,16,10,10,22,10,8,22,16,8,6,22,6,9,15,22,16,12,15,22,6,9,15,9,16,12,15,22,16,10,22,16,12,15,22,16,12,15,22,16,12,15,22,16,12,15,22,16,12,15,22,16,10
13,29,4,3,29,14,0,22,23,0,0,10,12,21,20,12,12,21,20,12,12,21,4,13,29,4,3,29,14,0,0,0,0,0,4,6,21,9,11,12,9,20,6,6,21,2,13,29,4,3,29,14,0,11,12,0,0,0,0,21,0,10,11,0,20,1,0,21,0,13,29,4,3,29,14,0,23,25,0,0,0,0,21,0,10,11,0,20,1,0,21,0,13,29,4,3,29,14,0,23,25,0,0,0,0,21,0,10,11,0,20,1,0,21,0,13,29,4,3,29,14,0,23,25,0,0,0,0,21,0,10,11,0,20,1,0,21,0,13,29,4,3,29,14,0,23,25,0,0,0,0,12,0,6,6,0,11,1,0,12,0,13,29,4,3,29,14,0,23,25,0,0,0,7,7,7,7,7,7,7,7,7,7,3,13,29,4,3,29,14,0,23,25,0,0,0,8,8,8,8,8,8,8,8,8,8,4,13,29,4,3,29,14,0,23,25,0,0,0,0,11,11,11,4,0,8,11,11,8,0,13,29,4,3,29,14,0,23,25,0,0,0,0,27,20,24,11,0,20,21,21,21,0,13,29,4,3,29,14,0,23,25,0,0,0,0,21,8,11,11,0,20,6,5,21,0,13,29,4,3,29,14,0,23,25,0,0,0,0,21,20,10,8,0,20,12,12,16,0,13,29,4,3,29,14,0,23,25,0,0,0,0,21,20,1,0,0,20,12,11,0,0,13,29,4,3,29,14,0,23,25,0,0,0,0,21,20,18,17,0,20,12,22,17,5,13,29,4,3,29,14,0,23,25,0,0,0,0,21,10,14,14,0,20,7,14,14,4,13,29,4,3,29,14,0,23,25,0,0,0,0,25,13,13,5,0,20,15,13,10,0,13,29,4,3,29,14,0,23,25,0,0,0,0,27,18,23,11,0,20,19,19,21,0,13,29,4,3,29,14,0,23,25,0,0,1,2,21,2,11,12,2,20,3,2,21,0,13,29,4,3,29,14,0,23,25,0,0,10,12,21,20,12,12,21,20,12,12,21,4,13,29,4,3,29,14,0,23,25,0,0,10,12,21,20,12,12,21,20,12,12,21,4,13,29,4,3,29,14,0,23,25,0,0,10,12,21,20,12,12,21,20,12,12,21,4,13,29,4,3,29,14,0,23,25,0,0,8,10,21,16,12,12,16,20,10,10,21,3
0,0,0,0,0,0,0,10,29,7,0,17,12,14,22,17,4,0,22,17,12,14,22,0,0,0,0,0,0,0,10,29,7,0,17,12,14,22,17,4,0,22,17,12,14,22,0,18,11,0,13,17,0,10,29,7,0,17,12,14,22,17,4,0,22,17,12,14,22,0,29,17,0,20,27,0,10,29,7,0,17,5,1,22,17,4,0,22,17,5,1,22,0,29,17,0,20,27,0,10,29,7,0,17,4,0,22,17,4,0,22,17,4,0,22,0,29,17,0,20,27,0,10,29,7,0,2,0,0,2,17,4,0,22,1,0,0,3,0,29,17,0,20,27,0,10,29,7,0,0,0,0,8,23,4,0,25,12,0,0,0,0,5,3,0,4,5,0,10,29,7,0,25,14,0,12,18,3,0,17,17,0,0,0,0,0,0,0,0,0,0,10,29,7,0,29,17,0,0,0,0,0,0,0,0,0,0,0,7,7,7,7,1,0,10,29,7,0,29,17,0,0,0,0,0,0,0,0,0,0,0,8,8,8,8,2,0,10,29,7,0,29,17,0,0,0,0,0,0,0,0,0,0,0,0,0,0,0,0,0,10,29,7,0,29,17,0,0,0,0,0,0,0,0,0,0,0,29,17,0,20,27,0,10,29,7,0,0,0,0,11,17,2,0,16,16,0,0,0,0,29,17,0,20,27,0,10,29,7,0,0,0,0,9,23,4,0,25,13,0,0,0,0,29,17,0,20,27,0,10,29,7,0,1,0,0,1,17,4,0,22,1,0,0,1,0,29,17,0,20,27,0,10,29,7,0,17,4,0,22,17,4,0,22,17,4,0,22,0,29,17,0,20,27,0,10,29,7,0,17,5,0,22,17,4,0,22,17,5,0,22,0,29,17,0,20,27,0,10,29,7,0,17,12,14,22,17,4,0,22,17,12,14,22,0,11,7,0,8,11,0,10,27,7,0,17,12,14,22,17,4,0,22,17,12,14,22,0,0,0,0,0,0,0,0,0,0,0,17,12,14,22,17,4,0,22,17,12,14,22,13,17,17,17,17,3,0,5,14,3,0,17,12,14,22,17,4,0,22,17,12,14,22,0,0,0,0,0,0,0,10,29,7,0,8,2,0,22,0,0,0,0,17,5,0,11,0,0,0,0,0,0,0,10,29,7,0,0,5,10,22,12,10,12,16,17,10,10,0
7,14,22,17,6,6,23,17,12,18,5,17,12,14,22,4,13,14,22,17,10,3,22,7,14,22,17,4,0,22,17,12,14,0,17,12,14,22,0,7,14,22,17,4,0,22,4,8,22,10,2,0,22,17,12,14,0,10,10,14,13,0,7,14,22,17,4,0,13,0,0,22,0,0,0,22,0,7,14,0,0,7,14,0,0,7,14,0,17,4,0,0,0,0,22,0,0,0,19,0,6,12,0,0,7,14,0,0,6,12,0,14,4,0,0,0,0,22,0,7,14,0,17,4,0,22,0,7,14,0,17,4,0,22,0,7,14,0,0,0,22,0,7,14,22,17,12,14,22,0,7,14,0,17,12,14,22,17,12,14,0,0,0,22,0,7,14,22,17,12,14,22,0,7,14,0,17,12,14,22,17,12,14,0,0,0,8,0,2,5,22,6,9,14,8,0,2,5,0,6,9,14,8,17,7,5,0,0,0,0,0,0,0,22,0,7,14,0,0,0,0,0,0,7,14,0,17,4,0,0,0,0,0,0,0,0,22,1,8,14,1,0,0,0,0,1,8,14,1,17,5,0,0,0,0,0,0,7,14,22,17,12,14,22,0,0,0,0,17,12,14,22,17,12,14,0,0,0,5,0,7,14,22,17,12,14,22,0,1,3,0,17,12,14,22,17,12,14,0,0,0,22,0,7,14,22,17,12,14,22,0,7,14,0,17,12,14,22,17,12,14,0,0,0,22,0,7,14,22,17,12,14,22,0,7,14,0,17,12,14,22,17,12,14,0,0,0,22,0,7,14,17,17,11,11,22,0,7,14,0,17,11,11,22,13,11,14,0,0,0,22,0,7,14,0,17,4,0,22,0,7,14,0,17,4,0,22,0,7,14,0,6,12,22,15,12,14,19,17,11,12,22,15,12,14,19,17,11,12,22,15,12,14,19,7,14,22,17,12,14,22,17,12,14,22,17,12,14,22,17,12,14,22,17,12,14,22,7,14,19,17,11,12,22,15,12,14,19,17,11,12,22,15,12,14,19,17,11,12,22,12,14,0,17,11,7,23,0,7,18,7,21,4,0,24,7,13,14,0,17,11,7,23,21,14,0,17,25,25,24,0,7,27,25,27,4,0,27,25,26,14,0,17,25,25,24,7,14,0,17,4,0,22,0,7,14,0,17,4,0,22,0,7,14,0,17,4,0,22
0,22,0,3,18,9,13,10,8,22,0,3,18,0,13,10,8,22,6,7,18,0,13,3,22,2,5,18,4,13,9,3,22,2,5,18,4,13,9,3,22,2,5,18,4,13,18,22,13,12,18,22,13,12,18,22,13,12,18,22,13,12,18,22,13,12,18,22,13,18,22,13,12,18,22,13,12,18,22,13,12,18,22,13,12,18,22,13,12,18,22,13,18,12,13,11,10,22,7,8,18,12,13,11,10,22,7,8,18,12,13,11,10,22,7,18,0,13,21,17,26,0,3,25,17,23,8,0,23,17,19,18,0,13,21,17,26,0,18,0,13,19,14,25,0,3,24,14,21,8,0,23,14,16,18,0,13,19,14,25,0,18,0,13,8,0,22,0,3,18,0,13,8,0,22,0,3,18,0,13,8,0,22,0,18,0,13,8,0,22,0,3,18,0,13,8,0,22,0,3,18,0,13,8,0,22,0,18,0,13,8,0,22,0,3,18,0,13,8,0,22,0,3,18,0,13,8,0,22,0,18,0,13,8,0,22,0,3,18,0,13,8,0,22,0,3,18,0,13,8,0,22,0,18,0,13,8,0,22,0,3,18,0,13,8,0,22,0,3,18,0,13,8,0,22,0,3,0,2,1,0,4,0,0,3,0,2,1,0,4,0,0,3,0,2,1,0,4,0,17,17,17,17,17,17,17,17,17,17,17,17,17,17,17,17,17,17,17,17,17,17,17,0,0,0,0,0,0,0,0,0,0,0,0,0,0,0,0,0,0,0,0,0,0,0,2,10,4,0,9,8,0,6,10,0,0,0,0,0,0,0,0,6,10,0,0,0,0,6,29,11,0,26,21,0,16,29,1,0,0,0,0,0,0,0,16,29,1,0,2,18,6,29,11,0,26,21,0,16,29,1,0,0,0,0,0,0,0,16,29,1,0,3,18,6,29,11,0,26,21,0,16,29,1,0,0,0,1,5,0,0,16,29,1,0,3,18,6,29,11,0,26,21,0,16,29,1,0,0,0,3,18,0,0,16,29,1,0,3,18,6,29,11,0,26,21,0,16,29,1,0,0,0,3,18,0,0,16,29,1,0,3,18,6,29,11,0,26,21,0,16,29,1,0,0,0,3,18,0,0,16,29,1,0,3,18,0,1,0,0,1,1,0,1,1,0,0,0,0,3,18,0,0,16,29,1,0,3,18
13,8,18,13,0,0,6,29,11,0,26,21,0,16,29,1,6,29,11,0,26,21,0,13,8,18,13,0,0,6,29,11,0,26,21,0,16,29,1,6,29,11,0,26,21,0,13,8,18,13,0,0,6,29,11,0,26,21,0,16,29,1,6,29,11,0,26,21,0,13,8,18,13,0,0,6,29,11,0,26,21,0,16,29,1,6,29,11,0,26,21,0,8,5,18,13,0,0,6,29,11,0,26,21,0,16,29,1,6,29,11,0,26,21,0,10,13,24,13,0,0,2,11,4,0,10,8,0,6,11,0,2,11,4,0,10,8,0,14,18,18,8,0,0,0,0,0,0,0,0,0,0,0,0,0,0,0,0,0,0,0,17,17,17,17,17,17,17,17,17,17,17,17,17,17,17,17,17,17,17,17,17,17,17,7,7,7,7,7,7,7,7,7,3,0,0,0,0,0,0,0,0,0,0,0,0,0,25,25,25,25,25,25,25,25,25,11,0,0,0,0,0,0,0,0,0,0,0,0,0,0,0,0,0,1,1,0,0,0,0,0,9,0,0,0,0,0,0,0,0,0,0,0,11,7,0,0,13,12,14,7,0,0,12,22,0,0,0,19,0,0,0,0,0,3,16,13,8,0,0,13,12,18,16,0,0,15,22,0,0,0,22,0,0,0,0,0,3,18,13,8,0,0,13,12,18,16,0,0,15,22,0,0,0,22,0,0,0,0,0,3,18,6,4,0,0,13,12,18,16,0,0,15,22,0,0,0,22,0,0,0,0,0,3,18,0,0,0,0,12,11,17,15,0,0,14,20,0,0,0,22,0,0,0,0,0,3,18,23,7,0,0,0,0,0,0,0,0,0,0,0,0,0,22,0,0,0,0,0,3,18,8,2,0,0,0,0,0,0,0,0,0,0,0,0,0,22,0,0,0,0,0,3,18,17,17,17,17,17,17,17,17,17,17,17,17,17,11,0,22,0,0,0,0,0,3,18,0,0,0,0,0,0,0,0,0,0,0,0,0,0,0,22,0,0,0,0,0,3,18,7,7,7,7,7,7,7,7,7,7,2,0,0,0,0,22,0,0,0,0,0,3,18,29,29,29,29,29,29,29,29,29,29,7,0,0,0,0,22,0,0,0,0,0,3,18,10,10,28,24,10,10,10,21,29,12,2,0,0,0,0,22,0,0,0,0,0,3,18
0,11,10,15,15,16,10,10,0,11,3,0,15,16,10,10,22,11,3,0,15,0,3,0,16,12,15,22,16,12,15,0,16,5,0,22,16,12,15,22,16,5,0,22,0,4,0,16,10,11,22,11,11,15,0,16,5,0,22,11,11,15,16,16,5,0,22,0,4,0,13,5,2,17,2,6,12,0,16,5,0,17,2,6,12,3,13,4,0,22,0,3,0,0,6,15,0,16,5,0,0,16,5,0,0,16,5,0,22,0,0,0,22,0,0,0,0,6,15,6,16,5,0,0,16,5,0,0,16,7,4,22,0,0,0,22,0,0,20,0,6,15,22,16,5,0,20,16,12,14,0,16,12,15,22,0,6,14,22,15,5,22,0,6,15,22,16,5,0,22,16,12,15,0,16,12,15,22,0,6,15,22,16,5,22,9,19,15,22,16,18,8,22,14,12,15,14,23,12,15,25,15,10,15,19,16,8,6,16,19,9,12,9,20,15,6,0,2,4,25,17,7,8,15,24,8,4,0,5,6,0,16,5,0,5,0,6,15,0,3,1,0,22,0,1,3,0,16,5,0,5,0,4,0,16,5,0,22,0,6,15,0,16,5,0,22,0,6,15,0,16,5,0,22,0,4,6,16,5,0,22,0,6,15,6,16,8,4,22,0,6,15,0,16,8,4,22,5,6,22,16,6,1,22,1,7,15,22,16,12,15,22,1,7,15,1,16,12,15,22,16,10,22,16,12,15,22,16,12,15,22,16,12,15,22,16,12,15,22,16,12,15,22,16,10,18,16,12,15,22,16,12,15,18,16,11,12,22,16,12,15,22,16,11,12,22,13,9,0,16,12,15,22,16,12,15,0,16,5,0,22,16,12,15,22,16,5,0,22,0,4,0,16,7,2,22,2,7,15,0,16,5,0,22,2,7,15,3,16,5,0,22,0,4,15,16,10,10,22,11,10,15,15,16,10,10,22,11,10,15,15,16,10,10,22,11,8,22,16,12,15,22,16,12,15,22,14,12,15,22,16,12,15,22,16,12,15,19,16,10,16,16,11,11,19,12,11,15,16,0,5,11,22,12,10,13,16,16,11,11,0,12,9,0,16,5,0,0,0,6,15,0,7,2,0,22,0,0,0,0,16,5,0,10,0,4,22,16,12,15,0,16,12,15,22,16,12,15,22,16,5,0,22,16,12,15,22,16,10
0,7,3,0,11,0,2,8,0,7,3,0,0,0,10,17,0,7,29,10,0,27,20,0,14,7,0,22,0,4,17,0,14,7,0,0,0,17,29,0,7,29,10,0,27,20,0,14,7,0,22,0,4,17,0,14,7,0,0,0,17,29,0,7,29,10,0,27,20,0,14,7,0,22,0,4,17,0,14,7,0,0,0,17,29,0,7,29,10,0,27,20,0,14,7,0,22,0,4,17,0,14,7,0,0,0,17,29,0,7,29,10,0,27,20,0,14,7,0,22,0,4,17,0,14,7,0,0,0,17,29,0,7,29,10,0,27,20,0,14,25,23,26,0,4,27,23,26,7,0,0,0,17,29,0,7,29,10,0,27,20,0,14,14,8,24,0,4,21,8,19,7,0,0,0,17,29,0,7,29,10,0,27,20,15,14,12,14,22,12,11,17,19,14,12,14,0,0,17,29,0,7,29,10,0,27,20,18,14,12,17,22,14,12,17,22,14,12,17,0,0,17,29,0,7,29,10,0,27,20,18,13,12,17,20,14,12,16,22,13,12,17,0,0,17,29,0,7,29,10,0,27,20,18,0,4,17,0,14,7,0,22,0,4,17,0,0,17,29,0,7,29,10,0,27,20,18,0,4,17,16,14,11,13,22,0,4,17,0,0,17,29,0,7,29,10,0,27,20,18,0,4,17,22,14,12,17,22,0,4,17,0,0,17,29,0,7,29,10,0,27,20,18,0,4,17,22,14,12,17,22,0,4,17,0,0,17,29,0,7,29,10,0,27,20,5,0,4,17,22,14,12,17,22,0,1,5,0,0,17,29,0,7,27,10,0,26,19,0,0,4,17,22,14,12,17,22,0,0,0,0,0,17,29,0,0,0,0,0,0,0,0,0,0,2,22,1,6,17,3,0,0,0,0,0,17,29,0,3,14,5,0,13,10,0,0,0,0,22,0,4,17,0,0,0,0,0,0,17,29,0,7,29,10,0,27,20,6,0,1,5,22,4,7,17,7,0,1,5,0,0,17,29,0,7,29,10,0,27,20,18,0,4,17,22,14,12,17,22,0,4,17,0,0,17,29,0,7,29,10,0,27,20,18,0,4,17,22,14,12,17,22,0,4,17,0,0,17,29,0,7,29,10,0,27,20,18,0,4,17,0,14,8,0,22,0,4,17,0,0,17,29,0,7,29,10,0,27,20
25,20,8,8,8,3,4,27,0,0,0,22,25,0,12,29,5,2,29,15,0,0,0,25,15,0,3,3,3,8,27,0,0,0,22,25,0,12,29,5,2,29,15,0,0,0,25,15,0,23,28,28,28,27,0,0,0,22,25,0,12,29,5,2,29,15,0,0,0,25,15,0,0,0,0,0,0,0,0,0,22,25,0,12,29,5,2,29,15,0,0,0,25,18,5,5,5,2,0,0,0,0,0,22,25,0,12,29,5,2,29,15,0,20,23,25,29,29,29,29,11,0,0,0,0,0,22,25,0,12,29,5,2,29,15,0,22,25,11,12,12,12,12,5,0,0,0,0,0,22,25,0,12,29,5,2,29,15,0,22,25,6,7,7,7,7,7,7,7,6,0,0,22,25,0,12,29,5,2,29,15,0,22,25,7,8,8,8,8,8,8,8,7,0,0,22,25,0,12,29,5,2,29,15,0,22,25,0,11,19,19,19,19,19,18,0,0,0,22,25,0,12,29,5,2,29,15,0,22,25,0,17,28,28,28,28,29,27,0,0,0,22,25,0,12,29,5,2,29,15,0,22,25,0,0,0,0,0,0,4,27,0,0,0,22,25,0,12,29,5,2,29,15,0,22,25,14,17,17,17,17,17,8,27,0,0,0,22,25,0,12,29,5,2,29,15,0,22,25,0,0,0,0,0,0,4,27,0,0,0,22,25,0,12,29,5,2,29,15,0,22,25,0,1,1,1,1,1,6,27,0,0,0,22,25,0,12,29,5,2,29,15,0,22,25,0,17,29,29,29,29,29,27,0,0,0,22,25,0,12,29,5,2,29,15,0,22,25,0,10,17,17,17,17,19,27,0,0,0,22,25,0,12,29,5,2,29,15,0,21,24,0,0,0,0,0,0,4,27,0,0,0,22,25,0,12,29,5,2,29,15,0,0,0,14,17,17,17,17,17,7,27,0,0,0,22,25,0,12,29,5,2,29,15,0,0,0,0,0,0,0,0,0,4,27,0,0,0,22,25,0,12,29,5,2,29,15,0,0,0,25,29,29,29,29,11,4,27,0,0,0,22,25,0,12,29,5,2,29,15,0,0,0,25,24,18,18,18,7,4,27,0,0,0,22,25,0,12,29,5,2,29,15,0,0,0,25,15,0,0,0,0,4,27,0,0,0,22,25,0,12,29,5,2,29,15,0,0,0
0,0,0,0,17,0,5,12,0,13,4,0,17,0,5,12,0,13,4,0,17,0,3,0,0,0,0,22,0,6,15,0,16,5,0,22,0,6,15,0,16,5,0,22,0,4,0,0,0,0,22,0,6,15,0,16,5,0,22,0,6,15,0,16,5,0,22,0,4,0,0,0,0,22,0,6,15,0,16,5,0,22,0,6,15,0,16,5,0,22,0,4,0,0,0,0,22,0,6,15,0,16,5,0,22,0,6,15,0,16,5,0,22,0,4,0,0,0,0,23,1,8,15,0,16,7,1,23,0,6,16,1,17,5,0,23,1,6,0,0,0,0,26,29,29,15,0,16,29,29,25,0,6,29,29,29,5,0,26,29,27,2,0,0,1,23,2,8,15,2,16,7,2,23,1,7,16,3,17,6,1,23,2,6,22,0,6,15,22,16,12,15,22,16,12,15,22,16,12,15,22,16,12,15,22,16,10,22,0,6,15,22,16,12,15,22,16,12,15,22,16,12,15,22,16,12,15,22,16,10,22,0,6,15,14,16,10,10,22,10,10,15,14,16,10,10,22,10,10,15,14,16,9,22,0,6,15,0,16,5,0,22,0,6,15,0,16,5,0,22,0,6,15,0,16,5,22,0,6,15,0,16,12,15,22,16,12,15,0,16,5,0,22,16,12,15,22,16,5,22,0,6,15,0,16,12,15,22,16,12,15,0,16,5,0,22,16,12,15,22,16,5,22,0,6,15,0,16,12,15,22,16,12,15,0,16,5,0,22,16,12,15,22,16,5,0,0,0,0,0,16,12,15,22,16,12,15,0,0,0,0,22,16,12,15,22,16,5,0,0,0,0,0,14,12,15,19,16,12,13,0,0,0,0,19,16,12,13,22,14,5,0,0,0,0,0,0,6,15,0,16,5,0,0,0,0,0,0,16,5,0,22,0,0,0,0,0,0,0,0,6,15,0,16,5,0,0,0,0,0,0,16,5,0,22,0,0,13,0,4,9,0,10,10,15,13,16,10,9,0,10,3,0,13,16,10,9,22,10,3,22,0,6,15,0,16,12,15,22,16,12,15,0,16,5,0,22,16,12,15,22,16,5,22,0,6,15,0,16,11,12,22,13,11,15,0,16,5,0,22,13,11,15,17,16,5,17,0,5,12,0,13,4,0,17,0,5,12,0,13,4,0,17,0,5,12,0,13,4
8,29,9,0,0,29,1,3,7,7,7,21,29,7,7,7,7,7,7,21,29,7,1,8,27,9,0,0,29,1,13,29,29,29,29,29,29,29,29,29,29,29,29,29,29,5,0,0,0,0,0,29,1,5,10,10,10,10,10,10,10,10,10,10,10,10,10,10,2,4,14,4,0,0,29,5,17,17,17,17,17,17,17,17,17,17,17,17,17,17,17,5,8,29,9,0,0,29,1,0,0,0,0,0,0,0,0,0,0,0,0,0,0,0,0,8,29,9,0,0,29,7,5,5,5,5,3,0,2,13,13,13,13,13,13,13,0,0,8,29,9,0,0,29,29,29,29,29,29,15,0,5,18,2,2,2,2,2,2,0,0,8,29,9,0,0,29,14,12,12,12,12,6,0,5,16,0,0,0,8,9,9,9,2,8,29,9,0,0,29,1,0,0,0,0,0,0,5,16,0,0,0,6,6,6,6,2,8,29,9,0,0,29,6,13,13,13,13,13,13,17,16,0,16,17,17,17,17,25,0,8,29,9,0,0,29,2,2,2,2,2,2,2,8,16,0,0,0,0,0,0,22,0,8,29,9,0,0,29,18,17,17,17,17,9,0,4,19,17,17,17,17,10,0,22,0,8,29,9,0,0,29,29,29,29,29,29,15,0,0,0,0,0,0,0,0,0,11,0,8,29,9,0,0,0,0,0,0,0,0,0,0,0,0,0,0,0,0,0,0,0,0,8,29,9,0,15,17,17,17,17,17,17,17,17,17,17,17,17,17,17,17,17,17,5,8,29,9,0,0,0,0,0,0,0,0,0,0,0,0,0,0,0,0,0,0,0,0,8,29,9,0,0,0,0,3,7,7,7,7,7,7,7,7,7,7,7,7,7,7,1,8,29,9,0,0,0,0,14,29,29,29,29,29,29,29,29,29,29,29,29,29,29,5,8,29,9,0,0,0,0,5,10,10,29,23,10,10,10,10,16,29,17,10,10,10,2,8,29,9,0,0,0,13,17,16,0,28,19,2,17,17,10,8,29,9,0,8,9,2,8,29,9,0,0,0,11,14,13,0,28,19,2,14,14,8,8,29,9,0,6,6,2,8,29,9,0,0,0,0,2,5,5,29,21,5,5,1,2,13,29,13,5,5,5,1,8,29,9,0,0,0,0,14,29,29,29,29,29,29,5,14,29,29,29,29,29,29,5
11,0,26,21,0,0,0,0,0,11,0,1,9,0,6,4,0,11,0,1,9,0,6,11,0,26,21,0,0,0,0,0,22,0,3,18,0,13,8,0,22,0,3,18,0,13,11,0,26,21,0,16,28,1,0,22,0,3,18,0,13,8,0,22,0,3,18,0,13,11,0,26,21,0,16,29,1,0,22,0,3,18,0,13,8,0,22,0,3,18,0,13,11,0,26,21,0,16,29,1,0,22,0,3,18,0,13,8,0,22,0,3,18,0,13,11,0,26,21,0,4,7,0,0,22,0,3,18,0,13,8,0,22,0,3,18,0,13,11,0,26,21,0,0,0,0,0,23,23,24,18,0,13,25,23,27,0,3,27,23,26,11,0,26,21,0,0,0,0,0,23,8,11,18,0,13,15,8,24,0,3,22,8,18,11,0,26,21,0,0,0,3,15,22,11,11,18,19,13,12,15,22,11,11,18,19,13,11,0,26,21,0,0,0,3,18,22,13,12,18,22,13,12,18,22,13,12,18,22,13,11,0,26,21,0,0,0,3,18,20,13,12,17,22,12,12,18,20,13,12,17,22,12,11,0,26,21,0,0,0,3,18,0,13,8,0,22,0,3,18,0,13,8,0,22,0,11,0,26,21,0,0,0,3,18,0,13,11,13,22,10,10,18,0,13,8,0,22,10,11,0,26,21,0,0,0,3,18,0,13,12,18,22,13,12,18,0,13,8,0,22,13,11,0,26,21,0,0,0,3,18,0,13,12,18,22,13,12,18,0,13,8,0,22,13,11,0,25,20,0,0,0,1,5,0,13,12,18,22,13,12,18,0,4,2,0,22,13,0,0,0,0,0,0,0,0,0,0,13,12,18,22,13,12,18,0,0,0,0,22,13,5,0,13,10,0,0,0,0,0,0,1,5,18,3,13,9,2,0,0,0,0,3,13,11,0,26,21,0,0,0,0,0,0,0,3,18,0,13,8,0,0,0,0,0,0,13,11,0,26,21,0,0,0,1,6,0,4,6,18,7,13,10,6,0,4,2,0,7,13,11,0,26,21,0,0,0,3,18,0,13,12,18,22,13,12,18,0,13,8,0,22,13,11,0,26,21,0,0,0,3,18,0,13,12,18,22,13,12,18,0,13,8,0,22,13,11,0,26,21,0,0,0,3,18,0,13,9,0,22,0,4,18,0,13,8,0,22,0
11,0,26,21,0,16,29,1,6,29,11,0,18,13,0,7,7,7,13,29,16,7,7,11,0,25,20,0,15,27,1,6,29,11,0,18,13,1,29,29,29,29,29,29,29,29,11,0,0,0,0,0,0,0,6,29,11,0,18,13,0,10,10,10,10,10,10,10,10,11,0,13,10,0,8,14,0,6,29,11,0,18,13,14,17,17,17,17,17,17,17,17,11,0,26,21,0,16,29,1,6,29,11,0,18,13,0,0,0,0,0,0,0,0,0,11,0,26,21,0,16,29,1,6,29,11,0,18,17,5,5,5,5,5,0,0,11,13,11,0,26,21,0,16,29,1,6,29,11,0,18,29,29,29,29,29,27,0,0,23,2,11,0,26,21,0,16,29,1,6,29,11,0,18,20,12,12,12,12,12,0,0,22,0,11,0,26,21,0,16,29,1,6,29,11,0,18,13,0,0,0,0,0,0,0,22,0,11,0,26,21,0,16,29,1,6,29,11,0,18,13,12,13,13,13,13,13,13,25,0,11,0,26,21,0,16,29,1,6,29,11,0,18,13,2,2,2,2,2,2,2,23,0,11,0,26,21,0,16,29,1,0,0,0,0,18,23,17,17,17,17,16,0,0,16,17,11,0,26,21,0,16,29,1,0,0,0,0,18,29,29,29,29,29,27,0,0,0,0,11,0,26,21,0,16,29,1,0,0,0,0,0,0,0,0,0,0,0,0,0,0,0,2,0,26,21,0,16,29,1,0,0,0,8,17,17,17,17,17,17,17,17,17,17,17,2,0,26,21,0,16,29,1,0,0,0,0,0,0,0,0,0,0,0,0,0,0,0,11,0,26,21,0,16,29,1,0,0,0,0,0,0,0,7,7,7,7,7,7,7,7,11,0,26,21,0,16,29,1,4,18,7,0,0,0,2,29,29,29,29,29,29,29,29,11,0,26,21,0,16,29,1,6,29,11,0,0,0,1,10,10,21,29,12,10,10,10,11,0,26,21,0,16,29,1,6,29,11,0,0,6,17,17,5,16,29,1,13,17,17,11,0,26,21,0,16,29,1,6,29,11,0,0,5,14,14,4,16,29,1,11,14,14,11,0,26,21,0,16,29,1,6,29,11,0,0,0,0,5,5,19,29,7,5,3,0,11,0,26,21,0,16,29,1,1,5,2,0,0,0,2,29,29,29,29,29,29,17,2
8,0,22,13,20,17,17,17,17,17,0,0,0,13,8,0,0,0,0,0,0,0,28,5,0,15,13,8,0,15,17,17,17,17,17,1,13,11,3,3,3,3,3,3,1,28,0,0,0,13,8,0,22,0,0,0,0,0,0,13,18,12,12,12,12,12,12,5,28,0,0,0,13,8,0,22,0,7,15,15,15,15,22,8,0,3,7,7,7,7,7,29,0,0,0,13,8,0,19,0,0,0,0,0,0,0,0,0,11,29,29,29,29,29,29,0,0,0,1,1,0,0,0,0,0,0,0,0,0,0,0,4,10,10,10,10,10,10,17,17,17,17,17,17,17,17,17,17,17,17,17,17,17,17,17,17,17,17,17,17,17,0,0,0,0,0,0,0,0,0,0,0,0,0,0,0,0,0,0,0,0,0,0,0,0,0,0,0,0,0,0,0,0,0,0,0,0,0,0,0,0,0,0,0,0,0,0,0,0,0,0,0,2,27,27,27,27,27,27,27,27,27,27,27,27,27,27,16,0,0,0,0,0,0,0,2,20,20,20,23,29,24,20,20,20,20,26,29,21,20,12,0,0,0,0,0,0,0,0,0,0,0,6,29,11,3,7,7,2,16,29,1,6,7,6,0,0,0,0,13,20,17,17,17,0,6,29,11,12,25,25,6,16,29,1,20,25,21,0,0,0,0,13,8,0,0,0,0,6,29,11,0,0,0,0,16,29,1,0,0,0,0,0,0,0,13,8,2,25,25,25,26,29,27,15,2,25,25,28,29,26,25,15,0,0,0,0,0,13,8,2,22,22,22,22,22,22,13,2,22,22,22,22,22,22,13,0,0,0,0,0,13,8,0,0,0,0,0,0,0,0,0,0,0,0,0,0,0,0,0,0,0,0,0,13,8,14,17,17,17,17,17,17,17,17,17,17,17,17,17,17,17,17,17,0,0,0,13,8,0,0,0,0,0,0,0,1,9,9,2,0,0,0,0,0,0,0,0,0,0,13,14,7,7,7,7,7,0,0,3,29,29,7,0,0,0,4,20,8,0,0,0,0,13,29,29,29,29,29,27,0,0,3,22,8,2,13,0,0,6,29,11,0,0,0,0,13,16,10,10,10,10,10,0,0,3,18,0,0,22,0,0,6,29,11,0,0,0,0,13,8,0,0,1,1,1,1,1,5,18,0,0,22,0,0,6,29,11,0
3,3,29,7,3,3,2,0,0,0,0,0,22,0,3,18,9,13,10,8,22,0,3,28,28,29,29,28,28,20,0,0,0,0,0,22,2,5,18,4,13,9,3,22,2,5,0,0,28,3,6,7,7,7,5,0,0,0,22,13,12,18,22,13,12,18,22,13,12,0,0,28,3,7,8,8,8,6,0,0,0,22,13,12,18,22,13,12,18,22,13,12,0,0,28,3,0,0,0,0,0,0,0,0,12,13,11,10,22,7,8,18,12,13,11,0,0,28,3,0,0,0,0,0,0,0,0,0,13,21,17,26,0,3,25,17,23,8,0,0,28,3,0,0,0,6,28,11,0,0,0,13,19,14,25,0,3,24,14,21,8,2,0,28,3,0,0,0,6,29,11,0,0,0,13,8,0,22,0,3,18,0,13,8,8,12,29,21,11,0,0,6,29,11,0,0,0,13,8,0,22,0,3,18,0,13,8,8,8,12,12,7,0,0,6,29,11,0,0,0,13,8,0,22,0,3,18,0,13,8,0,0,0,0,0,0,0,6,25,10,0,0,0,13,8,0,22,0,3,18,0,13,8,0,0,0,0,0,0,0,0,0,0,0,0,0,13,8,0,22,0,3,18,0,13,8,0,0,0,0,0,0,0,0,0,0,0,0,0,2,1,0,4,0,0,3,0,2,1,17,17,17,17,17,17,17,17,17,17,17,17,17,17,17,17,17,17,17,17,17,17,17,0,0,0,0,0,0,0,0,0,0,0,0,0,0,0,0,0,0,0,0,0,0,0,17,17,17,17,17,17,17,17,17,17,17,17,0,0,0,0,0,0,0,0,0,0,0,0,0,0,0,0,0,8,17,17,17,17,17,17,12,0,0,0,0,0,0,0,0,0,0,0,3,16,0,0,0,0,0,0,0,0,3,18,0,0,0,0,0,0,0,0,0,0,0,3,18,0,0,0,0,0,13,8,0,3,18,0,0,0,0,0,0,1,5,0,0,0,3,18,0,0,0,0,0,13,8,0,3,18,0,0,0,0,0,0,3,18,0,0,0,1,7,0,0,0,0,0,5,3,0,3,18,0,0,0,0,0,0,3,18,0,17,17,17,17,17,17,17,17,17,17,11,0,3,18,0,0,0,0,0,0,3,18,0,17,17,17,17,17,17,17,17,17,17,22,17,4,18,0,0,0,0,0,0,3,18,0
21,12,14,4,21,12,12,20,4,15,12,20,21,6,4,20,21,0,1,20,21,3,4,19,11,27,20,13,3,3,13,21,27,11,18,19,28,12,13,4,0,0,4,13,12,21,0,0,1,20,0,0,0,0,21,0,0,0,0,11,10,0,0,0,0,0,0,11,10,19,0,1,20,0,10,9,0,21,0,1,18,0,11,10,0,19,0,1,18,0,11,10,21,0,1,20,0,11,10,0,21,0,1,20,0,11,10,0,21,0,1,20,0,11,10,21,0,1,20,21,12,12,20,21,0,1,20,0,11,12,20,21,0,1,20,21,12,10,21,9,10,20,21,12,12,20,21,9,10,20,16,12,12,20,21,0,1,20,21,12,10,21,12,12,20,21,12,12,20,21,12,12,20,21,12,12,20,21,0,1,20,21,12,10,21,12,12,20,2,12,11,2,21,12,12,20,21,12,11,2,21,0,1,20,2,12,10,21,6,7,20,0,11,10,0,21,6,7,20,10,12,10,0,21,0,1,20,0,11,10,21,4,5,20,7,12,11,6,21,4,5,20,7,12,11,6,21,0,1,20,7,12,10,21,12,12,20,21,12,12,20,21,12,12,20,21,12,12,20,21,0,1,20,21,12,10,21,12,12,20,21,3,4,20,21,12,12,20,21,12,12,20,4,0,0,4,21,12,10,4,0,2,20,1,1,1,1,21,1,1,4,1,12,11,1,2,0,0,2,1,12,10,0,7,9,20,14,12,12,13,21,8,7,0,14,12,12,13,21,0,1,20,14,12,10,0,11,12,20,21,12,12,20,21,12,10,0,21,12,12,20,21,0,1,20,21,12,10,0,11,12,20,21,12,12,20,21,12,10,0,21,12,12,20,21,0,1,20,21,12,10,0,11,12,20,21,12,12,20,21,12,10,0,21,12,12,20,21,0,1,20,21,12,10,0,11,12,20,9,12,11,9,21,12,10,0,21,12,11,9,21,0,1,20,9,12,10,0,11,12,20,0,11,10,0,21,12,10,0,21,12,10,0,21,0,1,20,0,11,10,0,11,11,9,0,5,5,0,9,12,10,0,21,6,4,0,10,0,0,9,0,5,4,0,11,13,1,0,0,0,0,1,14,10,0,21,4,0,0,0,0,0,0,0,0,3,0,11,28,12,0,0,0,0,12,28,10,0,21,28,2,2,14,6,0,0,0,2,22
28,19,0,0,0,6,7,24,15,6,3,7,19,12,16,0,7,12,16,22,0,6,7,28,19,0,0,0,19,25,22,15,6,10,25,25,11,16,2,25,25,14,22,0,19,24,28,19,0,0,0,0,3,3,17,6,0,3,3,9,16,0,2,3,3,23,0,0,3,28,19,0,0,0,5,29,28,29,6,0,25,28,29,16,0,15,29,28,26,0,5,28,28,19,0,0,0,5,16,0,15,6,0,22,0,5,16,0,15,6,0,22,0,5,16,28,19,0,0,12,11,16,18,15,11,13,22,12,11,16,18,15,11,13,22,12,11,16,28,19,0,0,15,12,16,22,15,12,16,22,15,12,16,22,15,12,16,22,15,12,16,28,19,0,0,15,12,16,22,15,12,16,22,15,12,16,22,15,12,16,22,15,12,16,17,11,0,0,15,12,16,22,15,12,16,22,15,12,16,22,15,12,16,22,15,12,16,0,0,0,0,1,6,16,2,15,7,1,22,1,6,16,2,15,7,1,22,1,6,16,24,16,0,0,0,5,16,0,15,6,0,22,0,5,16,0,15,6,0,22,0,5,16,28,19,0,0,0,5,16,0,15,6,0,22,0,5,16,0,15,6,0,22,0,5,16,28,19,0,0,0,5,16,0,15,6,0,22,0,5,16,0,15,6,0,22,0,5,16,28,19,0,0,0,5,16,0,15,6,0,22,0,5,16,0,15,6,0,22,0,5,16,28,19,0,0,0,1,3,0,3,1,0,5,0,1,3,0,3,1,0,5,0,1,3,28,19,0,0,3,17,17,17,17,17,17,17,17,17,17,17,17,17,17,17,17,17,16,28,19,0,0,0,0,0,0,0,0,0,0,0,0,0,0,0,0,0,0,0,0,0,28,19,0,0,0,4,21,21,21,5,0,19,21,21,12,0,11,21,21,19,0,4,21,28,19,0,0,0,5,21,10,21,6,0,24,10,14,16,0,15,15,10,24,0,5,21,28,19,0,0,0,5,16,16,15,6,0,22,11,11,16,0,15,11,12,22,0,5,16,28,19,0,0,0,5,16,22,6,2,0,22,15,9,6,0,15,12,16,9,0,5,16,28,19,0,0,0,5,16,22,0,0,0,22,15,6,0,0,15,12,16,0,0,5,16,28,19,0,0,0,5,16,25,27,23,0,22,15,28,27,4,15,12,29,27,13,5,16
21,8,7,0,14,0,1,13,21,8,9,20,14,0,1,13,0,7,9,20,14,12,10,21,12,10,0,21,0,1,20,21,12,12,20,21,0,1,20,0,11,12,20,21,12,10,15,12,10,0,21,0,1,20,15,12,12,14,21,0,1,20,0,11,12,14,21,9,7,2,9,8,0,21,0,1,16,2,9,8,2,16,0,1,20,0,9,8,2,16,2,1,21,0,0,0,21,0,0,0,21,0,1,20,0,0,1,20,0,0,1,20,0,11,10,21,0,0,0,21,0,0,0,21,4,4,20,0,0,1,20,0,0,1,20,5,12,10,21,0,1,18,21,11,9,0,21,12,12,20,0,10,11,20,19,0,1,20,21,12,10,21,0,1,20,21,12,10,0,21,12,12,20,0,11,12,20,21,0,1,20,21,12,10,21,16,7,20,19,12,12,15,26,12,12,25,15,12,12,18,21,7,16,20,21,12,17,12,22,11,6,0,3,5,26,17,6,6,17,26,4,3,0,6,12,21,11,11,7,13,0,11,10,0,5,0,1,20,0,2,2,0,21,0,0,4,0,11,10,0,5,0,0,0,11,10,0,21,0,1,20,0,11,10,0,21,0,1,20,0,11,10,0,21,0,0,0,11,11,6,21,4,5,20,0,11,10,0,21,4,5,20,6,12,10,0,21,0,0,1,12,12,20,21,12,12,20,1,12,11,1,21,12,12,20,21,12,11,1,21,1,0,21,12,12,20,21,12,12,20,21,12,12,20,21,12,12,20,21,12,12,20,21,12,10,21,12,12,16,21,10,10,20,21,12,12,20,21,10,10,20,17,12,12,20,21,12,10,21,12,10,0,21,0,1,20,21,12,12,20,21,0,1,20,0,11,12,20,21,12,10,3,12,10,0,21,0,1,20,3,12,11,3,21,0,1,20,0,11,11,3,21,2,1,14,12,12,13,21,8,9,20,14,12,12,13,21,8,9,20,14,12,12,13,21,8,7,21,12,12,20,19,12,12,20,21,12,12,20,21,12,12,18,21,12,12,20,21,12,10,16,12,12,15,0,8,10,20,16,11,10,15,21,9,8,0,16,12,12,15,19,9,8,0,11,10,0,10,0,1,20,0,0,0,0,21,0,0,9,0,11,10,0,0,0,0,21,12,12,20,21,12,12,20,21,0,1,20,21,12,12,20,21,12,12,20,0,11,10
23,6,8,15,22,16,7,6,23,16,12,19,6,16,12,15,22,3,12,15,22,16,11,22,0,6,15,22,16,5,0,22,16,12,15,0,16,12,15,22,0,6,15,22,16,5,22,0,4,9,22,10,3,0,22,16,12,15,0,10,10,15,13,0,6,15,22,16,5,22,0,0,0,22,0,0,0,22,0,6,15,0,0,6,15,0,0,6,15,0,16,5,19,0,0,0,22,0,0,0,19,0,6,13,0,0,6,15,0,0,6,13,0,14,5,0,16,5,0,22,0,6,15,0,16,5,0,22,0,6,15,0,16,5,0,22,0,4,22,16,5,0,22,0,6,15,22,16,12,15,22,0,6,15,0,16,12,15,22,16,10,22,16,5,0,22,0,6,15,22,16,12,15,22,0,6,15,0,16,12,15,22,16,10,22,6,2,0,8,0,2,5,22,6,9,15,8,0,2,5,0,6,9,15,8,16,7,22,0,0,0,0,0,0,0,22,0,6,15,0,0,0,0,0,0,6,15,0,16,5,22,1,0,0,0,0,0,1,22,1,7,15,1,0,0,0,0,1,7,15,1,16,6,22,16,5,0,0,0,6,15,22,16,12,15,22,0,0,0,0,16,12,15,22,16,10,22,16,5,0,5,0,6,15,22,16,12,15,22,0,1,3,0,16,12,15,22,16,10,22,16,5,0,22,0,6,15,22,16,12,15,22,0,6,15,0,16,12,15,22,16,10,22,16,5,0,22,0,6,15,22,16,12,15,22,0,6,15,0,16,12,15,22,16,10,17,16,5,0,22,0,6,15,17,16,11,12,22,0,6,15,0,16,11,12,22,13,9,0,16,5,0,22,0,6,15,0,16,5,0,22,0,6,15,0,16,5,0,22,0,4,19,16,12,13,22,14,12,15,19,16,12,13,22,14,12,15,19,16,12,13,22,14,10,22,16,12,15,22,16,12,15,22,16,12,15,22,16,12,15,22,16,12,15,22,16,10,22,14,12,15,19,16,12,13,22,14,12,15,19,16,12,13,22,14,12,15,19,16,10,24,7,13,15,0,16,12,7,23,0,6,19,7,20,5,0,24,7,13,15,0,16,11,26,25,26,15,0,16,25,25,25,0,6,27,25,27,5,0,26,25,26,15,0,16,24,22,0,6,15,0,16,5,0,22,0,6,15,0,16,5,0,22,0,6,15,0,16,5
15,0,4,10,0,11,10,15,15,16,10,10,0,11,3,0,15,16,10,10,22,11,3,22,0,6,15,0,16,12,15,22,16,12,15,0,16,5,0,22,16,12,15,22,16,5,22,0,6,15,0,16,10,11,22,11,11,15,0,16,5,0,22,11,11,15,16,16,5,22,0,6,15,0,13,5,2,17,2,6,12,0,16,5,0,17,2,6,12,3,13,4,22,0,6,15,0,0,6,15,0,16,5,0,0,16,5,0,0,16,5,0,22,0,0,22,0,6,15,0,0,6,15,6,16,5,0,0,16,5,0,0,16,7,4,22,0,0,22,0,6,15,20,0,6,15,22,16,5,0,20,16,12,14,0,16,12,15,22,0,4,22,0,6,15,22,0,6,15,22,16,5,0,22,16,12,15,0,16,12,15,22,0,4,19,0,6,13,22,9,19,15,22,16,18,8,22,14,12,15,14,23,12,15,25,15,8,0,0,0,0,6,16,19,9,12,9,20,15,6,0,2,4,25,17,7,8,15,24,7,5,0,1,3,0,16,5,0,5,0,6,15,0,3,1,0,22,0,1,3,0,16,5,22,0,6,15,0,16,5,0,22,0,6,15,0,16,5,0,22,0,6,15,0,16,5,22,0,6,15,6,16,5,0,22,0,6,15,6,16,8,4,22,0,6,15,0,16,7,22,0,6,15,22,16,6,1,22,1,7,15,22,16,12,15,22,1,7,15,1,16,10,22,0,6,15,22,16,12,15,22,16,12,15,22,16,12,15,22,16,12,15,22,16,10,22,0,6,15,18,16,12,15,22,16,12,15,18,16,11,12,22,16,12,15,22,16,9,22,0,6,15,0,16,12,15,22,16,12,15,0,16,5,0,22,16,12,15,22,16,5,22,0,6,15,0,16,7,2,22,2,7,15,0,16,5,0,22,2,7,15,3,16,5,22,0,6,15,15,16,10,10,22,11,10,15,15,16,10,10,22,11,10,15,15,16,9,19,0,6,13,22,16,12,15,22,16,12,15,22,14,12,15,22,16,12,15,22,16,10,0,0,0,0,16,16,11,11,19,12,11,15,16,0,5,11,22,12,10,13,16,16,9,10,0,3,7,0,16,5,0,0,0,6,15,0,7,2,0,22,0,0,0,0,16,5,22,0,6,15,22,16,12,15,0,16,12,15,22,16,12,15,22,16,5,0,22,16,10
3,17,17,17,17,17,17,17,17,17,17,17,17,17,17,17,2,0,0,0,12,29,5,0,0,0,0,0,0,0,0,0,0,0,0,0,0,0,0,0,0,0,0,12,29,5,0,19,0,8,11,0,17,2,0,19,0,8,11,0,17,2,0,0,0,0,12,29,5,0,22,0,9,12,0,19,2,0,22,0,9,12,0,19,2,0,0,0,0,12,29,5,0,22,0,9,12,0,19,2,0,22,0,9,12,0,19,2,0,0,0,0,12,29,5,0,22,0,9,12,0,19,2,0,22,0,9,12,0,19,2,0,0,0,0,12,29,5,0,22,0,9,12,0,19,2,0,22,0,9,12,0,19,2,0,0,0,0,12,29,5,0,22,14,12,12,16,19,10,9,22,14,12,12,16,19,10,9,0,0,0,12,29,5,0,22,19,12,12,22,19,12,12,22,19,12,12,22,19,12,12,0,0,0,12,29,5,0,22,19,12,12,22,19,12,12,22,19,12,12,22,19,12,12,0,0,0,7,17,3,0,22,19,12,12,22,19,12,12,22,19,12,12,22,19,12,12,0,0,0,0,0,0,0,22,3,10,12,3,19,4,2,22,3,10,12,3,19,4,2,0,0,0,10,25,4,0,27,17,21,12,0,19,19,17,22,0,9,23,17,25,2,0,0,0,0,12,29,5,0,14,14,19,12,0,9,14,14,22,0,4,14,14,24,2,0,3,4,0,12,29,5,2,13,13,11,12,3,13,13,6,22,0,12,13,10,19,2,0,22,25,0,12,29,5,3,18,26,12,12,4,18,22,12,22,0,17,18,22,19,2,0,22,25,0,12,29,5,0,0,19,12,12,0,0,9,12,22,0,0,0,22,19,2,0,22,25,0,12,29,5,0,15,19,12,12,0,13,11,12,22,0,6,8,22,19,2,0,22,25,0,12,29,5,0,22,8,11,12,0,19,7,5,22,0,9,12,9,19,2,0,15,17,0,12,29,5,0,27,19,23,12,0,19,20,19,22,0,9,24,19,26,2,0,0,0,0,12,29,5,0,12,12,12,5,0,8,12,12,9,0,4,12,12,12,1,0,0,0,0,12,29,5,1,7,7,7,7,7,7,7,7,7,7,7,7,7,7,7,1,0,0,0,12,29,5,1,8,8,8,8,8,8,8,8,8,8,8,8,8,8,8,1,0,0,0,12,29,5
11,19,0,12,12,19,0,12,9,0,22,12,9,0,22,12,9,0,22,0,2,19,22,6,19,0,12,11,8,0,6,4,0,9,12,9,0,22,5,4,0,10,0,1,8,22,6,19,0,12,12,1,0,0,0,0,1,15,9,0,22,3,0,0,0,0,0,3,23,28,19,0,12,28,11,0,0,0,0,13,28,9,0,22,28,1,0,0,0,0,23,28,0,0,0,0,0,0,0,0,0,0,0,0,0,0,0,0,0,0,0,0,0,0,0,0,0,0,0,0,0,0,0,0,0,0,0,0,0,0,0,0,0,0,0,0,0,0,0,0,0,0,0,0,0,0,0,0,0,0,0,0,0,0,0,0,0,0,0,0,0,0,0,0,0,0,0,0,0,0,0,0,0,0,0,0,0,0,0,0,0,0,0,0,7,5,0,3,7,3,0,0,0,0,3,7,2,0,6,7,0,0,0,0,0,6,7,24,19,0,12,26,9,0,0,0,0,11,27,9,0,22,25,1,0,0,0,0,20,28,2,19,0,12,9,0,0,0,0,0,0,12,9,0,22,0,0,0,0,0,0,0,22,9,19,0,12,12,14,0,9,7,0,16,12,9,0,22,9,7,0,16,0,2,14,22,11,19,0,12,12,19,0,12,9,0,22,12,9,0,22,12,9,0,22,0,2,19,22,11,19,0,12,12,19,16,12,12,13,22,12,9,0,22,12,12,13,22,9,9,19,22,11,19,0,12,12,19,22,12,12,19,22,12,9,0,22,12,12,19,22,12,12,19,22,11,19,0,12,12,19,22,12,12,19,22,12,9,0,22,12,12,19,22,12,12,19,22,11,19,0,12,12,19,22,12,12,19,22,12,9,0,22,12,12,19,22,12,12,19,22,10,7,0,4,6,19,8,10,9,7,22,4,3,0,8,12,11,7,19,4,6,19,8,10,7,11,4,6,19,8,0,1,7,22,4,5,9,8,12,11,7,0,4,6,19,8,11,19,22,12,12,19,22,6,7,19,22,12,12,19,22,12,12,19,11,12,12,19,22,11,19,22,12,12,19,22,12,12,19,22,12,12,19,22,12,12,19,22,12,12,19,22,9,0,22,0,3,19,0,12,10,0,22,0,3,19,0,12,10,0,22,0,3,19,0,11,15,22,10,10,19,0,12,9,0,22,10,10,19,18,12,9,0,22,0,2,19,18
0,22,2,4,4,1,13,9,4,4,2,0,0,0,26,21,0,16,29,1,6,29,11,0,23,23,23,15,0,13,25,23,23,0,0,0,0,26,21,0,16,29,1,6,29,11,0,23,8,11,18,0,13,15,8,24,0,0,0,0,26,21,0,16,29,1,6,29,11,8,22,6,8,18,10,13,10,8,22,6,4,0,0,26,21,0,16,29,1,6,29,11,18,22,13,12,18,22,13,12,18,22,13,8,0,0,26,21,0,16,29,1,6,29,11,18,22,13,12,18,22,13,12,18,22,13,8,0,0,26,21,0,16,29,1,6,29,11,18,22,13,12,18,22,13,12,18,22,13,8,0,0,26,21,0,16,29,1,6,29,11,8,22,6,7,18,9,13,10,8,22,6,3,0,0,26,21,0,16,29,1,6,29,11,0,22,0,3,18,0,13,8,0,22,0,0,0,0,26,21,0,16,29,1,6,29,11,0,22,0,3,18,0,13,8,0,22,0,0,0,0,26,21,0,1,1,0,0,1,0,0,22,0,3,18,0,13,8,0,22,0,0,0,0,26,21,0,0,0,0,0,0,0,0,22,0,3,18,0,13,8,0,22,0,0,0,0,26,21,0,0,0,0,0,0,0,0,13,0,2,10,0,7,5,0,13,0,0,0,0,26,21,0,0,0,0,0,0,0,7,7,7,7,7,7,7,7,7,7,7,0,0,0,26,21,0,3,7,7,7,7,7,8,8,8,8,8,8,8,8,8,8,8,0,0,0,25,20,0,4,8,8,8,8,8,0,9,11,11,7,0,5,11,11,11,0,0,0,0,0,0,0,0,0,0,0,0,0,0,23,20,22,18,0,13,23,20,27,0,0,0,0,13,10,0,16,29,1,6,29,11,0,22,9,9,18,0,13,11,12,22,0,0,0,0,26,21,0,16,29,1,6,29,11,0,16,13,12,18,0,10,10,18,22,0,0,0,0,26,21,0,16,29,1,6,29,11,0,0,13,12,18,0,0,3,18,22,0,0,0,0,26,21,0,16,29,1,6,29,11,6,17,23,12,18,0,17,19,18,22,0,0,0,0,26,21,0,16,29,1,6,29,11,5,14,14,8,18,0,14,14,9,22,0,0,0,0,26,21,0,16,29,1,6,29,11,0,11,13,16,18,0,6,13,13,25,0,0,0,0,26,21,0,6,11,0,2,11,4
9,6,24,13,12,21,6,13,12,18,22,3,10,18,22,13,13,4,22,13,12,18,5,8,0,22,13,12,18,0,13,12,18,22,0,3,18,22,13,8,0,22,13,12,18,0,5,0,22,13,12,18,0,8,9,18,13,0,3,18,22,13,8,0,13,13,11,11,0,0,0,22,0,3,18,0,0,3,18,0,0,3,18,0,13,8,0,0,13,8,0,0,0,0,19,0,3,15,0,0,3,18,0,0,3,15,0,11,7,0,0,13,8,0,0,3,18,0,13,8,0,22,0,3,18,0,13,8,0,22,0,3,18,0,13,8,0,22,3,18,22,13,12,18,22,0,3,18,0,13,12,18,22,13,12,18,0,13,8,0,22,3,18,22,13,12,18,22,0,3,18,0,13,12,18,22,13,12,18,0,13,8,0,22,1,6,22,5,7,18,8,0,1,6,0,5,7,18,8,13,10,6,0,5,3,0,8,0,0,22,0,3,18,0,0,0,0,0,0,3,18,0,13,8,0,0,0,0,0,0,0,1,22,0,4,18,1,0,0,0,0,0,4,18,1,13,9,1,0,0,0,0,1,3,18,22,13,12,18,22,0,0,0,0,13,12,18,22,13,12,18,0,0,0,0,22,3,18,22,13,12,18,22,0,0,4,0,13,12,18,22,13,12,18,0,3,2,0,22,3,18,22,13,12,18,22,0,3,18,0,13,12,18,22,13,12,18,0,13,8,0,22,3,18,22,13,12,18,22,0,3,18,0,13,12,18,22,13,12,18,0,13,8,0,22,3,18,17,13,12,14,22,0,3,18,0,13,12,14,22,10,10,18,0,13,8,0,22,3,18,0,13,8,0,22,0,3,18,0,13,8,0,22,0,3,18,0,13,8,0,22,11,18,19,13,12,16,22,12,11,18,19,13,12,16,22,12,11,18,19,13,12,16,22,12,18,22,13,12,18,22,13,12,18,22,13,12,18,22,13,12,18,22,13,12,18,22,12,16,22,12,11,18,19,13,12,16,22,12,11,18,19,13,12,16,22,12,11,18,19,14,7,24,0,3,21,7,18,8,0,23,7,10,18,0,13,14,7,24,0,3,21,7,26,25,27,0,3,28,25,27,8,0,23,25,25,18,0,13,26,25,27,0,3,28,25,8,0,22,0,3,18,0,13,8,0,22,0,3,18,0,13,8,0,22,0,3,18,0
21,17,26,0,3,25,17,23,8,0,23,17,19,18,0,13,21,17,26,0,3,25,17,14,14,25,0,1,14,14,21,8,0,11,14,16,18,0,6,14,14,25,0,1,14,14,13,8,22,0,9,13,13,13,8,5,13,13,8,18,0,13,13,8,22,0,9,13,13,20,18,22,0,13,18,26,13,8,6,18,24,12,18,0,18,20,18,22,0,13,18,26,3,18,22,0,0,0,22,13,8,0,0,13,12,18,0,0,3,18,22,0,0,0,22,9,18,22,0,2,12,22,13,8,0,15,13,12,18,0,9,9,18,22,0,2,12,22,11,13,22,0,3,18,16,13,8,0,22,9,10,18,0,13,11,13,22,0,3,18,16,22,19,26,0,3,26,19,24,8,0,23,19,21,18,0,13,22,19,26,0,3,26,19,12,12,12,0,1,12,12,12,3,0,10,12,12,8,0,6,12,12,12,0,1,12,12,7,7,7,7,7,7,7,7,7,7,7,7,7,7,7,7,7,7,7,7,7,7,7,8,8,8,8,8,8,8,8,8,8,8,8,8,8,8,8,8,8,8,8,8,8,8,4,0,12,0,1,9,0,7,4,0,11,0,2,10,0,6,4,0,12,0,1,9,0,8,0,22,0,3,18,0,13,8,0,22,0,3,18,0,13,8,0,22,0,3,18,0,8,0,22,0,3,18,0,13,8,0,22,0,3,18,0,13,8,0,22,0,3,18,0,8,0,22,0,3,18,0,13,8,0,22,0,3,18,0,13,8,0,22,0,3,18,0,8,0,22,0,3,18,0,13,8,0,22,0,3,18,0,13,8,0,22,0,3,18,0,10,7,22,5,7,18,9,13,10,7,22,5,7,18,9,13,10,7,22,5,7,18,9,12,18,22,13,12,18,22,13,12,18,22,13,12,18,22,13,12,18,22,13,12,18,22,12,18,22,13,12,18,22,13,12,18,22,13,12,18,22,13,12,18,22,13,12,18,22,12,18,22,13,12,18,22,13,12,18,22,13,12,18,22,13,12,18,22,13,12,18,22,10,9,22,6,8,18,11,13,10,9,22,6,8,18,11,13,10,9,22,6,8,18,11,14,7,24,0,3,21,7,18,8,0,23,7,10,18,0,13,14,7,24,0,3,21,7,26,25,24,0,3,28,25,25,7,0,23,25,25,15,0,13,26,25,24,0,3,28,25
22,16,8,6,22,6,9,15,22,16,12,15,22,6,9,15,0,0,0,9,29,8,0,22,16,12,15,22,16,12,15,22,16,12,15,22,16,12,15,0,0,0,8,25,7,0,9,16,12,15,22,16,12,15,9,16,9,6,22,16,12,15,0,0,0,0,0,0,0,0,16,10,10,22,11,10,15,0,16,5,0,22,11,10,15,0,0,0,0,0,0,0,0,16,5,0,22,0,6,15,0,16,5,0,22,0,6,15,0,0,0,0,10,17,15,0,16,5,0,14,0,6,15,0,10,3,0,22,0,4,10,0,0,0,0,0,0,0,5,19,5,0,0,0,6,18,5,2,2,5,23,0,0,0,0,0,0,3,10,3,0,26,26,11,14,11,15,11,26,25,16,12,28,23,15,8,7,0,0,0,9,29,8,0,22,0,6,15,22,16,5,0,22,16,12,15,0,16,12,15,0,0,0,9,29,8,0,22,0,6,15,22,16,5,0,22,16,12,15,0,16,12,15,0,0,0,9,29,8,0,22,0,1,4,22,4,1,0,22,10,10,15,0,4,8,15,0,0,0,9,29,8,0,22,0,0,0,22,0,0,0,22,0,6,15,0,0,6,15,0,0,0,9,29,8,0,11,6,2,0,22,0,2,5,11,6,5,7,8,0,6,15,0,0,0,9,29,8,0,7,16,5,0,22,0,6,15,7,16,8,5,22,0,6,15,0,0,0,0,1,0,0,22,16,5,0,22,0,6,15,22,16,12,15,22,0,6,15,0,0,0,0,0,0,0,22,16,5,0,22,0,6,15,22,16,12,15,22,0,6,15,0,0,0,15,17,17,15,22,0,0,0,0,0,0,0,22,0,7,15,0,0,0,0,0,0,0,0,0,0,0,22,0,0,0,0,0,0,0,22,0,6,15,0,0,0,0,0,0,0,0,0,0,0,22,6,2,0,0,0,2,6,22,6,9,15,9,0,0,0,0,0,0,0,5,12,0,22,16,5,0,0,0,6,15,22,16,12,15,22,0,0,0,0,0,0,0,6,15,12,22,16,5,0,13,0,6,15,22,16,12,15,22,0,3,9,0,0,0,0,6,15,22,22,16,5,0,22,0,6,15,22,16,12,15,22,0,6,15,0,0,0,0,6,15,22,22,16,5,0,22,0,6,15,22,16,12,15,22,0,6,15,0,0,0,0,0,1,1
6,0,17,0,2,15,0,9,7,0,17,0,2,15,0,9,7,0,17,0,2,15,0,8,0,22,0,2,19,0,12,9,0,22,0,2,19,0,12,9,0,22,0,2,19,0,8,0,22,0,2,19,0,12,9,0,22,0,2,19,0,12,9,0,22,0,2,19,0,8,0,22,0,2,19,0,12,9,0,22,0,2,19,0,12,9,0,22,0,2,19,0,8,0,22,0,2,19,0,12,9,0,22,0,2,19,0,12,9,0,22,0,2,19,0,8,0,22,1,4,19,0,12,11,1,23,0,2,20,1,14,9,0,22,1,4,19,0,8,0,22,29,29,19,0,12,29,29,29,0,2,29,29,29,9,0,22,29,29,19,0,9,1,22,2,4,19,2,12,10,3,23,1,3,20,3,13,10,1,22,2,4,19,2,11,19,22,12,12,19,22,12,12,19,22,12,12,19,22,12,12,19,22,12,12,19,22,11,19,22,12,12,19,22,12,12,19,22,12,12,19,22,12,12,19,22,12,12,19,22,8,19,14,12,11,12,22,8,9,19,14,12,11,12,22,8,9,19,14,12,11,12,22,2,19,0,12,9,0,22,0,2,19,0,12,9,0,22,0,2,19,0,12,9,0,22,11,19,22,12,9,0,22,0,2,19,22,12,12,19,22,0,2,19,0,12,12,19,22,11,19,22,12,9,0,22,0,2,19,22,12,12,19,22,0,2,19,0,12,12,19,22,11,19,22,12,9,0,22,0,2,19,22,12,12,19,22,0,2,19,0,12,12,19,22,11,19,22,12,9,0,0,0,2,19,22,12,12,19,22,0,0,0,0,12,12,19,22,11,17,22,11,8,0,0,0,2,17,22,11,11,19,19,0,0,0,0,11,11,19,19,8,0,22,0,0,0,0,0,0,0,22,0,2,19,0,0,0,0,0,0,2,19,0,8,0,22,0,0,0,0,0,0,0,22,0,2,19,0,0,0,0,0,0,2,19,0,10,11,22,7,5,0,13,0,1,11,22,7,9,19,13,0,1,11,0,7,9,19,13,11,19,22,12,9,0,22,0,2,19,22,12,12,19,22,0,2,19,0,12,12,19,22,9,19,17,12,9,0,22,0,2,19,17,12,12,15,22,0,2,19,0,12,12,15,22,2,15,0,9,7,0,17,0,2,15,0,9,7,0,17,0,2,15,0,9,7,0,17
0,0,0,0,13,4,0,22,0,7,14,9,17,8,5,22,0,7,14,0,0,0,0,0,0,0,0,13,4,0,22,0,7,14,22,17,12,14,22,0,7,14,0,0,0,0,0,0,0,0,13,4,0,22,0,7,14,22,17,12,14,22,0,7,14,0,0,0,0,0,0,0,0,13,4,0,14,0,7,14,22,17,12,14,22,0,5,9,0,0,0,0,0,0,0,0,13,4,0,0,0,7,14,22,17,12,14,22,0,0,0,0,0,0,0,0,0,0,0,6,2,0,0,0,3,6,22,8,10,14,10,0,0,0,0,0,0,0,0,0,0,0,0,0,0,0,0,0,0,22,0,7,14,0,0,0,0,0,0,0,0,0,0,0,0,0,0,0,0,0,0,0,22,0,7,14,0,0,0,0,0,0,0,0,0,0,0,0,13,4,0,22,0,7,14,22,17,12,14,22,0,7,14,0,0,0,0,0,0,0,0,13,4,0,22,0,7,14,22,17,12,14,22,0,7,14,0,0,0,0,0,0,0,0,13,4,0,22,0,7,14,8,17,7,5,22,0,7,14,0,0,0,0,0,0,0,0,6,2,0,22,0,3,6,10,7,5,6,9,0,7,14,0,0,0,0,0,0,0,0,0,0,0,22,0,0,0,22,0,7,14,0,0,7,14,0,0,0,0,0,0,0,0,0,1,3,22,4,1,0,22,10,10,14,0,4,9,14,0,0,0,0,0,0,0,0,0,7,14,22,17,4,0,22,17,12,14,0,17,12,14,0,0,0,0,0,0,0,0,0,7,14,22,17,4,0,22,17,12,14,0,17,12,14,0,0,0,0,0,0,0,0,12,12,14,12,17,11,25,24,17,12,27,21,17,9,7,0,0,0,0,0,0,0,0,13,4,0,0,0,7,18,5,3,2,6,23,0,0,0,0,0,0,0,0,0,0,0,13,4,0,13,0,7,14,0,10,2,0,22,0,4,8,0,0,0,0,0,0,0,0,13,4,0,22,0,7,14,0,17,4,0,22,0,7,14,0,0,0,0,0,0,0,0,13,10,9,22,11,11,14,0,17,4,0,22,11,11,14,0,0,0,0,0,0,0,0,13,12,14,22,17,12,14,9,17,8,5,22,17,12,14,0,0,0,0,0,0,0,0,13,12,14,22,17,12,14,22,17,12,14,22,17,12,14,0,0,0,0
25,19,0,16,29,1,17,25,25,25,4,16,29,1,0,3,18,22,0,3,18,22,0,0,0,0,16,29,1,0,0,0,0,0,16,29,1,0,3,18,22,0,3,18,22,0,17,17,17,24,29,18,17,17,17,17,17,24,29,18,4,2,10,22,0,3,18,12,0,29,29,29,29,29,29,29,29,29,29,29,29,29,29,7,0,0,22,0,3,18,0,0,0,0,0,0,0,0,0,0,0,0,0,0,0,0,0,0,0,22,0,3,18,0,0,17,17,17,17,17,17,17,17,17,17,17,17,17,17,17,17,6,22,0,3,18,8,17,0,0,0,0,0,0,0,0,0,0,0,0,0,0,0,0,0,22,0,3,18,0,0,15,15,15,9,0,3,21,17,17,17,17,17,17,0,0,3,18,22,0,3,18,22,0,29,29,29,17,0,3,18,0,0,0,0,0,0,0,0,3,18,22,0,3,18,22,0,2,2,2,1,0,3,18,0,0,0,14,17,17,17,17,18,18,22,0,3,18,23,17,0,0,0,0,0,3,18,0,8,9,9,9,9,9,0,3,18,22,0,3,18,22,0,17,17,17,17,17,18,18,0,6,6,6,6,6,24,0,3,18,0,0,0,0,22,0,0,0,0,0,0,3,21,5,5,5,5,4,0,22,0,3,18,0,0,0,0,22,0,27,27,27,16,0,1,10,10,10,10,10,7,0,22,0,3,18,0,0,0,0,22,0,20,20,20,12,0,0,0,0,0,0,0,0,0,3,0,1,8,0,0,0,0,10,0,7,7,7,7,7,7,7,7,7,7,7,7,7,7,7,7,7,7,7,7,7,7,7,8,8,8,8,8,8,8,8,8,8,8,8,8,8,8,8,8,8,8,8,8,8,8,11,11,11,11,11,11,3,4,11,11,11,11,11,11,3,0,0,0,0,0,0,0,0,29,29,29,29,29,29,7,11,29,29,29,29,29,29,7,0,1,2,0,0,1,1,0,6,6,6,20,29,8,1,2,6,6,6,20,29,8,1,3,18,22,0,3,18,22,0,0,0,0,16,29,1,0,0,0,0,0,16,29,1,0,3,18,22,0,3,18,22,0,27,21,0,16,29,1,19,27,27,27,5,16,29,1,0,3,18,22,0,3,18,22,0,4,3,0,16,29,1,3,4,4,4,0,16,29,1,0,3,18,22,0,3,18,22,0
0,21,17,0,13,23,1,5,23,9,0,0,8,17,17,17,17,17,17,17,17,17,17,0,26,21,0,16,29,1,6,29,11,0,0,0,0,0,0,0,0,0,0,0,0,0,0,26,21,0,16,29,1,6,29,11,0,0,0,12,25,25,25,0,3,25,25,25,7,0,26,21,0,16,29,1,6,29,11,0,0,0,13,13,6,24,0,3,21,6,17,8,0,26,21,0,16,29,1,6,29,11,0,0,0,13,12,16,22,0,3,18,19,13,8,0,26,21,0,16,29,1,6,29,11,0,0,0,13,12,18,6,0,3,18,22,3,2,0,26,21,0,16,29,1,6,29,11,0,0,0,13,12,19,1,1,3,18,23,1,1,0,26,21,0,16,29,1,6,29,11,0,0,0,13,12,29,29,16,3,18,23,29,26,0,26,21,0,16,29,1,6,29,11,0,0,0,13,9,0,0,0,3,18,0,0,0,0,26,21,0,16,29,1,6,29,11,0,0,0,13,28,27,27,0,3,29,27,27,8,0,26,21,0,16,29,1,6,29,11,0,0,0,13,12,4,23,0,3,20,4,16,8,0,26,21,0,16,29,1,6,29,11,0,0,13,13,11,11,22,8,9,18,13,13,11,0,26,21,0,16,29,1,6,29,11,0,0,22,13,12,18,22,13,12,18,22,13,12,0,26,21,0,16,29,1,6,29,11,0,0,22,13,12,18,22,13,12,18,22,13,12,0,26,21,0,16,29,1,6,29,11,0,0,22,13,12,18,22,13,12,18,22,13,12,0,26,21,0,16,29,1,6,29,11,0,0,6,13,10,5,22,4,6,18,6,13,10,0,25,20,0,15,27,1,6,29,11,0,0,0,13,8,0,22,0,3,18,0,13,8,0,0,0,0,0,0,0,6,29,11,0,0,0,13,8,0,22,0,3,18,0,13,8,0,0,0,0,0,0,0,6,29,11,0,0,0,13,8,0,22,0,3,18,0,13,8,0,0,0,0,0,0,0,6,29,11,0,0,0,13,8,0,22,0,3,18,0,13,8,0,0,0,0,0,0,0,6,29,11,0,0,0,6,3,0,9,0,1,8,0,6,3,11,11,11,11,11,11,0,6,29,11,0,0,5,11,11,11,11,11,11,11,11,11,11,4,4,4,4,4,4,0,5,23,9,0,0,2,4,4,4,4,4,4,4,4,4,4
0,0,0,0,0,0,0,0,0,0,0,0,0,0,0,0,0,0,0,0,0,0,0,0,0,0,0,0,0,0,0,0,0,0,0,0,0,0,0,0,0,0,0,0,0,0,8,8,8,8,8,8,8,8,8,8,8,8,8,8,8,8,8,8,8,8,8,8,8,7,7,7,7,7,7,7,7,7,7,7,7,7,7,7,7,7,7,7,7,7,7,7,20,20,19,0,23,19,0,1,1,0,0,0,23,19,1,20,20,20,19,0,15,20,20,29,29,26,0,26,21,0,16,29,1,0,0,26,21,1,27,29,29,26,0,20,29,29,26,21,2,1,26,21,0,16,29,1,0,0,26,21,2,1,26,21,0,0,3,16,29,26,21,13,8,26,21,0,16,29,1,0,0,26,21,13,8,26,21,0,3,18,16,29,26,21,13,8,26,21,0,16,29,1,0,0,26,21,13,8,26,21,0,3,18,16,29,26,21,11,7,26,21,0,16,29,1,0,0,26,21,11,7,26,21,0,3,15,16,29,27,24,8,8,27,21,0,16,29,1,0,0,26,24,8,8,27,24,8,8,8,20,29,29,29,29,29,29,21,0,6,10,0,0,0,26,29,29,29,29,29,29,29,29,29,29,9,9,9,9,9,7,0,0,0,0,0,0,8,9,9,9,9,9,9,9,9,9,9,17,17,17,17,17,17,17,17,17,17,17,17,17,17,17,17,17,17,17,17,17,17,17,0,0,0,0,0,0,0,0,0,0,0,0,0,0,0,0,0,0,0,0,0,0,0,6,6,6,6,6,4,0,0,0,0,0,0,5,6,6,6,6,6,6,6,6,6,6,29,29,29,29,29,17,0,14,25,1,0,0,21,29,29,29,29,29,29,29,29,29,29,28,25,11,11,11,7,0,16,29,1,0,0,8,11,11,11,28,25,11,11,11,11,11,26,21,0,0,0,0,0,16,29,1,0,0,0,0,0,0,26,21,0,0,0,0,0,26,21,1,14,14,8,0,16,29,1,0,0,11,14,13,0,26,21,1,14,14,14,13,8,7,0,9,9,5,0,5,9,0,0,0,7,9,9,0,8,7,0,9,9,9,9,0,0,0,0,0,0,0,0,0,0,0,0,0,0,0,0,0,0,0,0,0,0,0,0,0,0,0,0,0,0,0,0,0,0,0,0,0,0,0,0,0,0,0,0,0,0
0,0,0,0,3,5,0,1,5,2,0,5,4,0,3,5,0,1,5,2,0,0,0,0,0,0,0,17,29,0,7,29,10,0,27,20,0,17,29,0,7,29,10,0,0,0,0,0,0,0,17,29,0,7,29,10,0,27,20,0,17,29,0,7,29,10,0,0,0,0,0,0,0,17,29,0,7,29,10,0,27,20,0,17,29,0,7,29,10,0,0,0,0,0,0,0,17,29,0,7,29,10,0,27,20,0,17,29,0,7,29,10,0,0,0,0,0,0,0,17,29,0,7,29,10,0,27,20,0,17,29,0,7,29,10,0,0,0,0,0,0,0,17,29,0,7,29,10,0,27,20,0,17,29,0,7,29,10,0,0,0,0,0,0,0,4,6,0,1,6,2,0,6,4,0,4,6,0,1,6,2,0,0,0,0,0,0,0,0,0,0,0,0,0,0,0,0,0,0,0,0,0,0,0,0,0,0,0,0,0,6,17,17,17,17,17,17,17,17,17,17,17,17,17,17,11,0,0,0,0,0,0,0,0,0,0,0,0,0,0,0,0,0,0,0,0,0,0,0,0,0,0,0,0,0,0,0,4,17,0,14,7,0,22,0,4,17,0,14,7,0,0,0,0,0,0,0,0,0,0,4,17,0,14,7,0,22,0,4,17,0,14,7,0,0,0,0,0,0,0,0,0,0,4,17,0,14,7,0,22,0,4,17,0,14,7,0,0,0,0,0,0,0,0,0,0,4,17,0,14,7,0,22,0,4,17,0,14,7,0,0,0,0,0,0,0,0,0,0,4,17,0,14,7,0,22,0,4,17,0,14,7,0,0,0,0,0,0,0,0,0,3,12,17,0,14,14,8,24,0,4,21,8,19,7,0,0,0,0,0,0,0,0,0,8,25,17,0,14,25,23,26,0,4,27,23,26,7,0,0,0,0,0,0,0,0,0,3,7,17,7,14,9,5,22,4,7,17,7,14,9,5,0,0,0,0,0,0,0,0,10,12,17,22,14,12,17,22,14,12,17,22,14,12,17,0,0,0,0,0,0,0,0,10,12,17,22,14,12,17,22,14,12,17,22,14,12,17,0,0,0,0,0,0,0,0,10,9,7,22,5,8,17,9,14,9,7,22,5,8,17,0,0,0,0,0,0,0,0,2,1,0,4,0,0,3,0,2,1,0,4,0,0,3,0,0,0,0,0
18,22,0,3,18,22,0,3,18,0,13,8,0,22,13,8,0,22,13,8,0,22,0,18,22,0,3,18,22,5,7,18,0,13,10,6,22,13,8,0,22,13,10,6,22,5,18,22,0,3,18,22,13,12,18,0,13,12,18,22,13,8,0,22,13,12,18,22,13,18,22,0,3,18,22,13,12,18,0,13,12,18,22,13,8,0,22,13,12,18,22,13,18,22,0,3,18,22,13,12,18,0,13,12,18,22,13,8,0,22,13,12,18,22,13,18,16,0,2,13,22,9,10,18,0,13,11,13,22,9,6,0,16,13,11,13,22,9,18,0,2,1,0,22,0,0,3,0,2,1,0,22,0,0,3,0,13,9,0,3,0,18,22,13,12,18,22,13,9,3,0,2,5,18,22,13,12,18,22,13,12,18,3,13,18,22,13,12,18,22,13,12,18,0,13,12,18,22,13,12,18,22,13,12,18,22,13,18,8,13,10,6,22,5,7,18,0,13,10,6,22,5,7,18,8,13,10,6,22,5,18,10,13,10,8,22,0,3,18,0,13,8,0,22,6,8,18,10,13,8,0,22,0,18,22,13,12,18,22,0,4,18,0,13,9,1,22,13,12,18,22,13,9,1,22,0,18,22,13,12,18,22,13,12,18,0,13,12,18,22,13,12,18,22,13,12,18,22,13,18,17,13,12,14,22,13,12,18,0,13,12,18,22,10,10,18,17,13,12,18,22,13,18,0,13,8,0,22,13,12,18,0,13,12,18,22,0,3,18,0,13,12,18,22,13,18,0,13,8,0,22,0,3,18,0,13,8,0,22,0,3,18,0,13,8,0,22,0,18,0,13,8,0,22,0,3,18,0,13,8,0,22,0,3,18,0,13,8,0,22,0,18,0,0,0,0,22,0,0,0,0,0,0,0,22,0,0,0,0,13,8,0,0,0,28,25,11,10,25,28,7,5,3,0,2,3,10,23,25,11,15,20,27,11,10,3,7,6,24,13,12,21,6,13,12,18,0,13,12,18,5,17,12,18,23,6,6,18,22,13,0,22,13,12,18,0,13,12,18,0,13,12,18,0,13,12,18,22,0,3,18,22,13,0,22,13,12,18,0,8,9,18,0,13,11,11,0,13,12,18,22,0,2,11,22,8,0,22,0,3,18,0,0,3,18,0,13,8,0,0,13,8,0,22,0,0,0,22,0
0,0,0,0,0,0,0,0,0,0,0,0,0,0,0,0,0,0,0,0,0,0,0,0,0,0,0,0,0,0,0,0,0,0,0,0,0,0,0,0,0,0,0,0,0,0,0,0,0,0,0,0,0,0,0,0,0,0,0,0,0,0,0,0,0,0,0,0,0,0,0,0,0,0,0,0,0,0,0,0,0,0,0,0,0,0,0,0,0,0,0,0,0,0,0,0,0,0,0,0,0,0,0,0,0,0,0,0,0,0,0,0,0,0,0,0,0,0,0,0,0,0,0,0,0,0,0,0,0,0,0,0,0,0,0,0,0,0,11,0,0,0,0,0,0,0,0,0,0,0,0,0,0,0,0,0,0,0,0,0,0,11,0,14,17,17,17,17,17,17,17,17,17,17,17,17,17,17,17,17,17,17,17,17,11,0,0,0,0,0,0,0,0,0,0,0,0,4,11,11,11,7,0,11,11,11,11,11,0,20,16,0,13,22,1,5,22,9,0,0,11,29,29,29,17,1,29,29,29,27,11,0,26,21,0,16,29,1,6,29,11,0,0,2,12,29,16,4,0,6,27,23,6,11,0,26,21,0,16,29,1,6,29,11,0,0,19,6,29,11,19,0,0,26,21,12,11,0,26,21,0,16,29,1,6,29,11,0,0,22,6,29,11,22,0,0,26,21,13,11,0,26,21,0,16,29,1,6,29,11,0,0,22,6,29,11,22,0,0,26,21,13,11,0,26,21,0,16,29,1,6,29,11,0,0,2,6,29,11,2,0,0,26,21,1,11,0,17,14,0,11,19,1,4,19,7,0,0,14,29,29,29,29,29,29,29,29,29,11,0,0,0,0,0,0,0,0,0,0,0,0,9,18,18,18,18,18,18,18,18,18,0,0,0,0,0,0,0,0,0,0,0,0,0,0,0,0,0,0,0,0,0,0,0,0,0,0,0,0,0,0,0,0,0,0,0,0,0,0,0,0,0,0,0,0,0,0,0,0,0,0,0,0,0,0,0,0,0,0,0,0,0,0,0,0,0,0,0,0,0,0,0,0,0,0,0,0,0,0,0,0,0,0,0,0,0,0,0,0,0,0,0,0,0,0,0,0,0,0,0,0,0,0,0,0,0,0,0,0,0,0,0,0,0,0,0,0,0,0,0,0,0,0,0,0,0,0,0,0,0,0,0,0,0,0,0,0,0,0
0,0,0,13,8,0,22,0,0,0,0,1,7,7,7,21,18,7,7,7,7,7,7,10,4,0,13,8,0,22,0,0,0,0,4,25,25,25,28,27,25,25,25,25,25,25,29,11,0,13,8,0,22,0,0,0,0,0,0,0,0,18,13,0,0,0,0,0,0,29,11,0,13,8,0,22,0,0,0,0,12,7,0,0,18,14,3,19,0,0,0,0,29,11,0,13,8,0,22,0,0,0,0,13,12,14,12,18,14,15,22,0,3,14,12,29,11,0,13,8,0,22,0,0,0,0,13,12,18,16,18,14,15,22,0,3,18,16,29,11,0,13,8,0,8,0,0,0,0,13,10,7,16,18,14,11,22,0,1,7,16,29,11,0,6,3,0,0,0,0,0,0,13,8,0,5,18,13,0,22,0,0,0,5,1,0,0,0,0,0,0,0,0,0,0,5,3,0,11,27,13,0,8,0,0,0,11,0,0,0,0,0,0,0,0,0,0,0,0,0,0,4,8,4,0,0,0,0,0,4,17,17,17,17,17,17,17,17,17,17,17,17,17,17,17,17,17,17,17,17,17,17,17,3,0,0,3,0,2,1,0,3,0,0,3,0,2,1,0,0,0,0,0,0,0,0,22,0,3,18,0,13,8,0,22,0,3,18,0,13,8,0,2,4,0,1,4,1,0,22,0,3,18,0,13,8,0,22,0,3,18,0,13,8,0,16,29,1,6,29,11,0,22,0,3,18,0,13,8,0,22,0,3,18,0,13,8,0,16,29,1,6,29,11,0,22,0,3,18,0,13,8,0,22,0,3,18,0,13,8,0,16,29,1,6,29,11,0,22,0,3,18,0,13,8,0,22,0,3,18,0,13,8,0,16,29,1,6,29,11,0,23,13,16,18,0,13,18,13,25,0,3,24,13,21,8,0,11,19,1,4,19,7,0,23,18,20,18,0,13,22,18,26,0,3,25,18,24,8,0,0,0,0,0,0,0,0,22,6,8,18,11,13,10,9,22,6,8,18,11,13,10,9,0,0,0,0,0,0,0,22,13,12,18,22,13,12,18,22,13,12,18,22,13,12,18,0,0,0,6,7,7,7,22,13,12,18,22,13,12,18,22,13,12,18,22,13,12,18,0,0,0,7,8,8,8,5,13,9,4,22,3,6,18,5,13,9,4,22,3,6,18,0,0,0,0,0,23,27
4,0,16,29,1,6,29,11,0,26,21,0,0,18,29,29,29,29,29,27,0,0,23,5,0,16,29,1,6,29,11,0,26,21,0,0,18,20,12,12,12,12,12,0,0,22,21,0,16,29,1,6,29,11,0,26,21,0,0,18,13,0,0,0,0,0,0,0,22,21,0,16,29,1,6,29,11,0,26,21,0,0,18,13,12,13,13,13,13,13,13,25,21,0,16,29,1,6,29,11,0,26,21,0,0,18,13,2,2,2,2,2,2,2,23,21,0,16,29,1,6,29,11,0,26,21,0,0,18,23,17,17,17,17,16,0,0,16,21,0,16,29,1,6,29,11,0,26,21,0,0,18,29,29,29,29,29,27,0,0,0,21,0,16,29,1,6,29,11,0,26,21,0,0,0,0,0,0,0,0,0,0,0,0,21,0,16,29,1,6,29,11,0,26,21,0,8,17,17,17,17,17,17,17,17,17,17,21,0,16,29,1,6,29,11,0,26,21,0,0,0,0,0,1,1,1,1,1,1,1,21,0,16,29,1,6,29,11,0,26,21,0,0,0,0,1,29,29,29,29,29,29,17,21,0,16,29,1,6,29,11,0,26,21,0,0,0,0,1,17,17,17,20,29,22,10,21,0,16,29,1,6,29,11,0,26,21,0,0,0,0,0,0,0,0,6,29,11,0,21,0,16,29,1,6,29,11,0,26,21,0,0,11,17,17,17,17,1,6,29,11,6,21,0,16,29,1,6,29,11,0,26,21,0,0,18,21,14,14,14,1,6,29,11,5,21,0,16,29,1,6,29,11,0,26,21,0,0,18,13,0,0,0,0,6,29,11,0,21,0,16,29,1,6,29,11,0,26,21,0,0,18,13,1,27,27,27,28,29,28,27,21,0,4,7,0,1,7,3,0,7,5,0,0,18,13,1,20,20,20,20,20,20,20,21,0,2,4,0,1,4,1,0,4,3,0,0,18,13,6,7,7,7,7,7,7,7,21,0,16,29,1,6,29,11,0,26,21,0,0,18,13,7,8,8,8,8,8,8,8,21,0,16,29,1,6,29,11,0,26,21,0,0,18,13,0,0,0,0,0,0,0,3,21,0,16,29,1,6,29,11,0,26,21,0,0,18,27,25,25,25,25,24,0,0,23,21,0,16,29,1,6,29,11,0,26,21,0,0,18,26,22,22,22,22,21,0,0,22
0,10,12,12,12,12,12,12,12,12,12,12,12,12,12,12,12,12,12,12,12,11,0,0,3,3,3,3,3,3,3,3,3,3,3,3,3,3,3,3,3,3,3,3,3,0,0,0,0,0,0,0,0,0,0,0,0,0,4,5,0,2,5,1,0,5,3,0,0,0,19,22,22,22,22,22,22,13,0,0,0,21,26,0,11,29,6,1,29,16,0,0,0,21,25,25,25,25,26,29,16,0,0,0,21,26,0,11,29,6,1,29,16,0,0,0,0,0,0,0,0,1,29,16,0,0,0,21,26,0,11,29,6,1,29,16,0,0,0,7,8,8,8,7,1,29,16,0,0,0,21,26,0,11,29,6,1,29,16,0,0,0,19,23,23,23,20,1,29,16,0,0,0,21,26,0,11,29,6,1,29,16,0,0,0,10,12,12,12,12,14,29,16,0,0,0,21,26,0,11,29,6,1,29,16,0,0,0,25,29,29,29,29,29,29,16,0,0,0,5,6,0,2,6,1,0,6,3,0,0,0,4,5,5,5,5,5,5,3,0,0,0,0,0,0,0,0,0,0,0,0,0,0,0,14,17,17,17,17,17,17,17,14,0,0,0,0,0,17,17,17,17,17,9,0,0,0,0,0,0,0,0,0,0,0,0,0,0,0,0,0,0,0,0,0,0,0,0,0,0,0,0,0,0,0,0,0,0,0,0,0,0,0,0,0,0,0,0,0,0,0,0,0,0,0,0,0,11,29,6,1,29,16,0,21,26,0,11,29,6,1,29,16,0,0,0,18,3,0,0,11,29,6,1,29,16,0,21,26,0,11,29,6,1,29,16,0,0,0,18,3,0,0,11,29,6,1,29,16,0,21,26,0,11,29,6,1,29,16,0,0,0,11,2,0,0,2,6,1,1,29,16,0,21,26,0,11,29,6,1,29,16,0,0,0,0,0,0,0,0,0,0,1,25,14,0,18,22,0,9,25,5,1,25,14,0,0,0,13,15,15,8,0,0,0,0,0,0,0,0,0,0,0,0,0,0,0,0,0,0,0,14,17,3,0,0,0,0,0,0,0,0,0,0,0,0,0,0,0,0,0,0,0,0,2,2,2,2,2,2,2,2,2,0,0,0,0,0,2,2,2,2,0,0,0,0,0,11,13,13,13,13,13,13,13,12,0,0,0,0,0,13,13,13,13,2,0,0,0
0,26,21,9,5,0,0,0,16,29,1,0,3,18,0,0,0,0,0,13,8,0,0,0,26,21,13,8,0,0,0,16,29,1,0,3,18,0,0,0,0,0,13,8,0,0,0,26,21,9,6,0,0,0,16,29,1,0,3,18,0,0,0,0,0,13,8,0,0,19,28,27,18,0,0,0,0,16,29,1,0,3,18,0,0,0,0,0,13,8,0,0,28,28,28,27,0,0,0,0,9,15,1,0,3,18,0,0,0,0,0,13,8,0,0,0,0,0,0,0,0,0,0,0,0,0,0,3,18,0,0,0,0,0,13,8,0,0,0,0,0,0,0,0,0,0,0,0,0,0,3,18,0,0,0,0,0,13,8,0,0,17,17,17,17,17,17,17,17,17,17,17,6,3,18,0,0,0,0,0,13,8,2,17,17,17,17,17,17,17,17,17,17,17,17,0,3,18,0,0,0,0,0,13,8,0,14,14,14,29,16,14,14,14,14,14,14,25,0,3,18,0,0,0,0,0,13,8,0,23,0,0,28,3,0,3,0,0,0,0,22,0,3,18,0,0,0,0,0,13,8,0,22,0,1,28,10,7,18,0,1,0,1,22,0,3,18,0,0,0,0,0,13,8,0,22,9,15,28,14,9,18,0,13,9,15,22,0,3,18,0,0,0,0,0,13,8,0,22,9,15,28,14,9,18,0,13,9,15,22,0,3,18,0,0,0,0,0,13,8,0,22,1,15,28,8,6,18,0,0,1,15,22,0,3,18,0,0,0,0,0,13,8,0,22,0,3,29,3,3,18,0,0,0,3,23,0,3,18,0,0,0,0,0,13,8,0,23,0,24,28,3,0,0,0,0,0,24,28,0,3,18,0,0,0,0,0,13,8,0,23,7,7,7,7,7,7,7,7,7,7,7,2,3,18,0,0,0,0,0,13,8,1,7,8,8,8,8,8,8,8,8,8,8,8,3,3,18,0,0,0,0,0,13,8,1,8,19,19,11,1,19,19,19,18,0,0,0,0,3,18,0,0,0,0,0,13,8,0,0,29,29,17,2,28,29,29,27,0,0,0,0,3,18,0,0,0,0,0,13,8,0,0,29,11,7,0,0,26,21,0,0,0,0,0,3,18,0,0,0,0,0,13,8,0,0,29,11,22,0,0,26,21,0,0,0,0,0,3,18,0,0,0,0,0,13,8,0,0
0,16,5,0,22,16,5,0,22,16,5,0,22,0,6,15,0,16,12,15,0,16,10,8,16,8,5,22,16,5,0,22,16,8,5,22,0,6,15,8,16,12,15,0,16,10,22,16,12,15,22,16,5,0,22,16,12,15,22,0,6,15,22,16,12,15,0,16,10,22,16,12,15,22,16,5,0,22,16,12,15,22,0,6,15,22,16,12,15,0,16,10,22,16,12,15,22,16,5,0,22,16,12,15,22,0,6,15,22,16,12,15,0,16,10,16,16,10,11,22,11,4,0,16,16,10,11,22,0,6,15,16,16,10,11,0,11,9,0,2,1,0,22,0,1,2,0,16,6,0,3,0,1,2,0,16,6,0,3,0,5,22,2,7,15,22,16,12,15,22,16,12,15,3,0,1,2,22,16,12,15,22,16,10,22,16,12,15,22,16,12,15,22,16,12,15,22,0,6,15,22,16,12,15,22,16,10,8,16,8,5,22,6,9,15,8,16,8,5,22,0,6,15,8,16,8,5,22,6,7,0,16,5,0,22,7,9,15,10,16,5,0,22,0,6,15,0,16,9,7,22,7,7,1,16,6,1,22,16,12,15,22,16,6,1,22,0,6,15,1,16,12,15,22,16,10,22,16,12,15,22,16,12,15,22,16,12,15,22,0,6,15,22,16,12,15,22,16,10,22,16,12,15,22,13,11,15,17,16,12,15,22,0,6,15,22,16,11,12,22,13,9,22,16,12,15,22,0,6,15,0,16,12,15,22,0,6,15,22,16,5,0,22,0,4,0,16,5,0,22,0,6,15,0,16,5,0,22,0,6,15,0,16,5,0,22,0,4,0,16,5,0,22,0,6,15,0,16,5,0,22,0,6,15,0,16,5,0,22,0,4,0,0,0,0,22,0,0,0,0,16,5,0,0,0,0,0,0,16,5,0,0,0,4,13,2,4,9,26,25,11,13,23,28,9,9,3,0,1,2,13,16,26,13,19,14,24,22,16,12,15,6,20,12,15,23,6,8,15,22,0,6,15,22,3,12,15,22,16,11,22,16,12,15,0,16,12,15,22,0,6,15,22,0,6,15,22,0,6,15,22,16,5,13,16,10,9,0,16,12,15,22,0,4,9,22,0,6,15,13,0,6,15,22,16,5,0,16,5,0,0,16,5,0,22,0,0,0,22,0,6,15,0,0,6,15,0,16,5
0,0,0,0,0,0,0,0,0,0,0,0,0,0,0,4,29,13,0,0,0,0,0,0,0,0,0,0,0,0,0,0,0,0,0,0,0,0,4,29,13,0,0,0,0,0,0,0,0,0,0,0,0,0,0,0,0,0,0,0,0,4,29,13,0,0,0,0,0,0,0,0,0,0,0,0,0,0,0,0,0,0,0,0,4,29,13,0,0,0,0,0,0,3,7,3,0,0,0,0,3,7,2,0,5,7,0,1,9,4,0,0,0,0,6,0,11,26,10,0,0,0,0,10,26,10,0,21,25,2,0,0,0,0,0,0,2,19,0,11,10,0,0,0,0,0,0,11,10,0,21,0,0,0,0,0,0,0,0,0,0,0,11,12,15,0,8,8,0,16,12,10,0,21,9,8,0,16,0,1,15,0,8,8,0,11,12,20,0,11,10,0,21,12,10,0,21,12,10,0,21,0,1,20,0,11,10,0,11,12,20,15,12,12,14,21,12,10,0,21,12,12,14,21,0,1,20,15,12,10,0,11,12,20,21,12,12,20,21,12,10,0,21,12,12,20,21,0,1,20,21,12,10,0,11,12,20,21,12,12,20,21,12,10,0,21,12,12,20,21,0,1,20,21,12,10,0,11,12,20,21,12,12,20,21,12,10,0,21,12,12,20,21,0,1,20,21,12,10,0,4,6,20,8,10,9,7,21,5,4,0,8,12,11,7,18,0,1,17,8,12,10,10,4,6,20,8,0,0,7,21,5,5,10,8,12,11,7,0,0,0,0,8,12,10,21,12,12,20,21,6,7,20,21,12,12,20,21,12,12,20,10,0,0,10,21,12,10,21,12,12,20,21,12,12,20,21,12,12,20,21,12,12,20,21,0,1,20,21,12,10,21,1,2,20,0,12,11,0,21,1,2,20,0,12,11,0,21,0,1,20,0,12,10,21,10,10,20,0,11,10,0,21,10,10,20,17,12,10,0,21,0,1,20,0,11,10,21,12,12,20,8,12,11,8,21,12,12,20,21,12,11,8,21,0,1,20,8,12,10,21,12,12,20,21,12,12,20,21,12,12,20,21,12,12,20,21,0,1,20,21,12,10,21,6,6,20,21,12,12,20,21,6,6,20,9,12,12,20,21,0,1,20,21,12,10,21,0,1,20,14,12,12,13,21,0,1,20,0,11,12,13,21,0,1,20,14,12,10
21,0,16,29,1,0,8,17,17,17,17,17,17,17,17,17,17,17,17,17,17,17,17,21,0,16,29,1,0,0,0,1,1,1,0,0,1,1,1,0,0,1,1,1,1,0,21,0,16,29,1,0,0,13,29,29,28,0,3,29,29,29,8,0,23,29,29,18,0,21,0,16,29,1,0,0,13,9,2,23,0,3,19,2,14,8,0,23,1,5,18,0,21,0,16,29,1,0,0,13,12,18,22,0,3,18,22,13,8,0,22,13,12,18,0,21,0,16,29,1,0,0,13,12,18,1,0,3,18,22,0,0,0,22,13,9,1,0,21,0,16,29,1,0,0,13,12,21,7,4,3,18,23,7,7,0,22,13,14,7,1,21,0,16,29,1,0,0,13,12,25,25,14,3,18,20,25,22,0,22,11,25,25,5,21,0,16,29,1,0,0,13,11,3,3,0,3,20,3,3,1,0,23,3,3,2,0,21,0,16,29,1,0,0,13,29,28,28,0,3,29,28,29,8,0,23,28,29,18,0,21,0,16,29,1,0,0,13,8,0,22,0,3,18,0,13,8,0,22,0,3,18,0,21,0,16,29,1,0,18,13,12,15,22,11,11,18,18,13,12,15,22,11,11,18,18,21,0,16,29,1,0,22,13,12,18,22,13,12,18,22,13,12,18,22,13,12,18,22,21,0,16,29,1,0,22,13,12,18,22,13,12,18,22,13,12,18,22,13,12,18,22,21,0,16,29,1,0,22,13,12,18,22,13,12,18,22,13,12,18,22,13,12,18,22,21,0,16,29,1,0,2,13,9,1,22,1,4,18,2,13,9,1,22,1,4,18,2,4,0,16,29,1,0,0,13,8,0,22,0,3,18,0,13,8,0,22,0,3,18,0,5,0,16,29,1,0,0,13,8,0,22,0,3,18,0,13,8,0,22,0,3,18,0,21,0,16,29,1,0,0,13,8,0,22,0,3,18,0,13,8,0,22,0,3,18,0,21,0,15,27,1,0,0,13,8,0,22,0,3,18,0,13,8,0,22,0,3,18,0,21,0,0,0,0,0,0,3,2,0,5,0,0,4,0,3,2,0,5,0,0,4,0,21,0,8,14,0,0,8,17,17,17,17,17,17,17,17,17,17,17,17,17,17,17,17,21,0,16,29,1,0,0,0,0,0,0,0,0,0,0,0,0,0,0,0,0,0,0
0,16,0,2,13,22,9,10,18,16,0,2,13,0,9,10,18,16,13,11,13,0,9,0,0,0,0,0,22,0,3,18,0,0,0,0,0,0,3,18,0,13,8,0,0,0,0,0,0,0,0,22,0,3,18,0,0,0,0,0,0,3,18,0,13,8,0,0,0,0,0,0,2,13,22,10,10,18,16,0,0,0,0,10,10,18,16,13,11,13,0,0,0,0,0,3,18,22,13,12,18,22,0,0,0,0,13,12,18,22,13,12,18,0,0,0,20,0,3,18,22,13,12,18,22,0,3,17,0,13,12,18,22,13,12,18,0,12,0,22,0,3,18,22,13,12,18,22,0,3,18,0,13,12,18,22,13,12,18,0,13,0,22,0,3,18,22,13,12,18,22,0,3,18,0,13,12,18,22,13,12,18,0,13,0,22,0,3,18,2,13,9,1,22,0,3,18,0,13,9,1,22,1,4,18,0,13,0,22,7,8,18,12,13,11,10,22,7,8,18,12,13,11,10,22,7,8,18,12,13,0,22,13,12,18,22,13,12,18,22,13,12,18,22,13,12,18,22,13,12,18,22,13,0,22,13,12,18,22,13,12,18,22,13,12,18,22,13,12,18,22,13,12,18,22,13,0,4,13,9,3,22,2,5,18,4,13,9,3,22,2,5,18,4,13,9,3,22,2,0,0,13,28,27,28,0,3,29,27,28,8,0,23,27,28,18,0,13,28,27,28,0,0,0,13,12,4,23,0,3,20,4,16,8,0,23,4,8,18,0,13,12,4,23,0,0,0,13,8,0,22,0,3,18,0,13,8,0,22,0,3,18,0,13,8,0,22,0,0,0,13,8,0,22,0,3,18,0,13,8,0,22,0,3,18,0,13,8,0,22,0,0,0,13,8,0,22,0,3,18,0,13,8,0,22,0,3,18,0,13,8,0,22,0,0,0,13,8,0,22,0,3,18,0,13,8,0,22,0,3,18,0,13,8,0,22,0,0,0,12,7,0,19,0,3,16,0,12,7,0,19,0,3,16,0,12,7,0,19,0,0,0,0,0,0,0,0,0,0,0,0,0,0,0,0,0,0,0,0,0,0,0,0,17,17,17,17,17,17,17,17,17,17,17,17,17,17,17,17,17,17,17,17,17,17,17,1,0,0,0,0,0,0,0,0,0,0,0,0,0,0,0,0,0,0,0,0,0,0
0,0,0,0,0,0,0,0,0,0,0,0,0,0,0,0,0,0,0,0,0,0,0,0,0,0,0,0,0,0,0,0,0,0,0,0,0,0,0,0,0,0,0,0,0,0,0,0,0,0,0,0,0,0,0,0,0,0,0,0,0,0,0,0,0,0,0,0,5,17,17,17,17,17,17,17,17,17,17,17,17,17,17,17,17,17,17,17,17,6,0,6,6,6,6,4,0,6,6,6,6,0,0,0,0,0,0,0,0,0,0,0,0,0,6,29,29,29,17,1,29,29,29,27,0,0,0,4,17,7,0,16,13,0,10,17,1,6,16,29,19,7,0,11,28,25,11,0,0,0,6,29,11,0,26,21,0,16,29,1,6,6,29,11,0,9,6,26,21,9,6,0,0,6,29,11,0,26,21,0,16,29,1,6,6,29,11,0,13,8,26,21,13,8,0,0,6,29,11,0,26,21,0,16,29,1,6,6,29,11,0,13,8,26,21,13,8,0,0,6,29,11,0,26,21,0,16,29,1,6,6,29,11,0,3,2,26,21,3,2,0,0,6,29,11,0,26,21,0,16,29,1,6,26,29,26,25,25,25,29,28,25,0,0,0,5,25,9,0,22,18,0,14,25,1,6,23,23,23,23,23,23,23,23,23,0,0,0,0,0,0,0,0,0,0,0,0,0,6,4,4,4,4,4,4,4,4,4,4,4,4,4,4,4,4,4,4,4,4,1,0,6,11,11,11,11,11,11,11,11,11,11,11,11,11,11,11,11,11,11,11,11,4,0,6,0,0,0,0,0,0,0,0,0,0,0,0,0,0,0,0,0,0,0,0,0,0,6,22,22,22,22,22,22,22,22,21,0,0,0,2,11,4,0,10,8,0,6,11,0,6,25,25,25,28,29,26,25,25,24,0,0,0,6,29,11,0,26,21,0,16,29,1,6,0,0,0,16,29,1,0,0,0,0,0,0,6,29,11,0,26,21,0,16,29,1,6,0,0,0,16,29,1,0,0,0,0,0,0,6,29,11,0,26,21,0,16,29,1,6,23,23,6,13,23,1,18,23,22,0,0,0,5,23,9,0,21,17,0,13,23,1,5,0,0,0,0,0,0,0,0,0,0,0,0,0,0,0,0,0,0,0,0,0,0,0,0,0,0,0,0,0,0,0,0,0,0,0,0,0,0,0,0,0,0,0,0,0,0
12,12,12,12,12,12,12,12,12,12,12,12,12,12,12,12,12,12,12,12,12,12,12,3,3,3,3,3,3,3,3,3,3,3,3,3,3,3,3,3,3,3,3,3,3,3,7,17,17,16,0,2,17,17,17,5,0,13,17,17,10,0,7,17,17,16,0,2,17,13,20,15,26,0,3,24,15,22,8,0,23,15,17,18,0,13,20,15,26,0,3,24,13,11,10,22,0,3,18,13,13,8,0,22,7,9,18,0,13,11,10,22,0,3,18,13,12,18,13,0,3,18,22,7,5,0,22,13,11,10,0,13,12,18,13,0,3,18,13,12,18,0,0,3,18,22,0,0,0,22,13,8,0,0,13,12,18,0,0,3,18,13,12,27,22,13,3,18,23,22,20,0,22,13,25,22,5,13,12,27,22,13,3,18,13,10,9,9,5,3,18,7,9,8,0,22,4,9,9,2,13,10,9,9,5,3,18,13,22,18,18,0,3,25,18,18,5,0,23,18,18,12,0,13,22,18,18,0,3,25,13,18,13,25,0,3,24,13,21,8,0,23,13,16,18,0,13,18,13,25,0,3,24,13,10,5,22,4,6,18,6,13,10,5,22,4,6,18,6,13,10,5,22,4,6,18,13,12,18,22,13,12,18,22,13,12,18,22,13,12,18,22,13,12,18,22,13,12,18,13,12,18,22,13,12,18,22,13,12,18,22,13,12,18,22,13,12,18,22,13,12,18,13,12,18,22,13,12,18,22,13,12,18,22,13,12,18,22,13,12,18,22,13,12,18,13,11,11,22,8,9,18,13,13,11,11,22,8,9,18,13,13,11,11,22,8,9,18,13,8,0,22,0,3,18,0,13,8,0,22,0,3,18,0,13,8,0,22,0,3,18,13,8,0,22,0,3,18,0,13,8,0,22,0,3,18,0,13,8,0,22,0,3,18,13,8,0,22,0,3,18,0,13,8,0,22,0,3,18,0,13,8,0,22,0,3,18,13,8,0,22,0,3,18,0,13,8,0,22,0,3,18,0,13,8,0,22,0,3,18,10,6,0,16,0,2,13,0,10,6,0,16,0,2,13,0,10,6,0,16,0,2,13,2,2,2,2,2,2,2,2,2,2,2,2,2,2,2,2,2,2,2,2,2,2,2,13,13,13,13,13,13,13,13,13,13,13,13,13,13,13,13,13,13,13,13,13,13,13
12,12,12,12,12,12,12,12,12,12,12,12,12,12,12,12,12,12,12,12,12,12,12,3,3,3,3,3,3,3,3,3,3,3,3,3,3,3,3,3,3,3,3,3,3,3,7,17,17,16,0,2,17,17,17,5,0,13,17,17,10,0,7,17,17,16,0,2,17,13,20,15,26,0,3,24,15,22,8,0,23,15,17,18,0,13,20,15,26,0,3,24,13,11,10,22,0,3,18,13,13,8,0,22,7,9,18,0,13,11,10,22,0,3,18,13,12,18,13,0,3,18,22,7,5,0,22,13,11,10,0,13,12,18,13,0,3,18,13,12,18,0,0,3,18,22,0,0,0,22,13,8,0,0,13,12,18,0,0,3,18,13,12,27,22,13,3,18,23,22,20,0,22,13,25,22,5,13,12,27,22,13,3,18,13,10,9,9,5,3,18,7,9,8,0,22,4,9,9,2,13,10,9,9,5,3,18,13,22,18,18,0,3,25,18,18,5,0,23,18,18,12,0,13,22,18,18,0,3,25,13,18,13,25,0,3,24,13,21,8,0,23,13,16,18,0,13,18,13,25,0,3,24,13,10,5,22,4,6,18,6,13,10,5,22,4,6,18,6,13,10,5,22,4,6,18,13,12,18,22,13,12,18,22,13,12,18,22,13,12,18,22,13,12,18,22,13,12,18,13,12,18,22,13,12,18,22,13,12,18,22,13,12,18,22,13,12,18,22,13,12,18,13,12,18,22,13,12,18,22,13,12,18,22,13,12,18,22,13,12,18,22,13,12,18,13,11,11,22,8,9,18,13,13,11,11,22,8,9,18,13,13,11,11,22,8,9,18,13,8,0,22,0,3,18,0,13,8,0,22,0,3,18,0,13,8,0,22,0,3,18,13,8,0,22,0,3,18,0,13,8,0,22,0,3,18,0,13,8,0,22,0,3,18,13,8,0,22,0,3,18,0,13,8,0,22,0,3,18,0,13,8,0,22,0,3,18,13,8,0,22,0,3,18,0,13,8,0,22,0,3,18,0,13,8,0,22,0,3,18,10,6,0,16,0,2,13,0,10,6,0,16,0,2,13,0,10,6,0,16,0,2,13,2,2,2,2,2,2,2,2,2,2,2,2,2,2,2,2,2,2,2,2,2,2,2,13,13,13,13,13,13,13,13,13,13,13,13,13,13,13,13,13,13,13,13,13,13,13
0,0,0,0,16,29,1,6,29,11,0,26,21,0,0,0,28,3,22,0,0,0,0,0,0,0,0,5,9,0,2,9,3,0,8,7,0,0,0,28,3,8,0,0,0,0,0,0,0,0,0,0,0,0,0,0,0,0,0,0,0,0,28,23,21,21,21,21,21,0,0,0,0,0,0,0,0,0,0,0,0,0,0,0,0,10,10,10,10,10,10,10,0,0,0,0,0,0,8,17,17,17,17,17,17,6,0,2,17,17,17,17,17,17,17,0,0,0,0,0,0,0,0,0,0,0,0,0,0,0,0,0,0,0,0,0,0,0,0,0,0,0,0,0,0,0,0,0,0,0,0,0,0,0,0,1,29,29,29,29,29,0,8,6,0,5,8,0,2,8,3,0,8,6,0,5,8,0,1,18,18,18,21,29,0,26,21,0,16,29,1,6,29,11,0,26,21,0,16,29,1,1,17,17,10,6,29,0,26,21,0,16,29,1,6,29,11,0,26,21,0,16,29,1,1,14,14,8,6,29,0,26,21,0,16,29,1,6,29,11,0,26,21,0,16,29,1,0,0,0,0,6,29,0,26,21,0,16,29,1,6,29,11,0,26,21,0,16,29,1,0,11,11,11,16,29,0,14,11,0,9,15,1,3,15,6,0,14,11,0,9,15,1,1,29,29,29,29,29,0,0,0,0,0,0,0,0,0,0,0,0,0,0,0,0,0,0,6,6,6,6,6,0,0,0,0,0,0,0,0,0,0,0,0,0,0,0,0,0,0,0,0,0,0,0,4,0,0,0,0,0,8,17,17,17,17,17,17,17,17,17,17,17,17,17,17,17,17,8,0,0,0,0,0,0,0,0,0,0,0,0,0,0,0,0,1,9,9,9,9,9,8,0,0,0,11,20,1,4,20,8,0,18,15,0,0,0,0,4,29,29,29,29,29,8,0,0,0,16,29,1,6,29,11,0,26,21,0,0,0,0,1,8,27,24,8,8,3,0,0,0,16,29,1,6,29,11,0,26,21,0,0,0,0,11,7,26,21,11,7,0,0,0,0,16,29,1,6,29,11,0,26,21,0,0,0,0,13,8,26,21,13,8,0,0,0,0,16,29,1,6,29,11,0,26,21,0,0,0,0,13,8,26,21,13,8,0,0,0,0,16,29,1,6,29,11,0,26,21,0,0,0,0,2,1,26,21,2,1
0,13,8,0,22,0,3,18,0,0,0,0,0,0,0,0,0,0,3,18,0,0,3,0,13,8,0,22,0,3,18,0,14,17,17,17,17,17,17,17,6,3,18,0,0,3,0,13,8,0,22,0,3,18,0,0,0,0,0,0,0,0,0,0,3,18,0,0,3,11,13,8,0,22,0,3,20,17,17,17,17,17,17,17,17,17,17,4,18,0,0,3,0,13,8,0,22,2,17,17,20,17,0,0,0,0,0,0,0,0,3,18,0,0,3,0,13,8,0,22,0,1,6,22,0,0,0,0,0,16,0,0,0,3,18,0,0,0,0,13,8,0,22,0,3,18,22,0,0,0,0,0,22,0,0,0,3,18,0,0,0,0,13,8,0,22,0,3,18,22,0,0,0,0,0,22,0,0,0,3,18,0,0,2,5,17,8,0,22,0,6,6,24,5,5,5,5,5,6,5,5,5,9,18,0,0,3,10,10,3,0,23,5,14,14,14,14,14,12,10,10,10,10,10,10,10,6,0,0,3,0,0,0,0,10,12,12,12,12,12,12,4,0,0,0,0,0,0,0,0,0,0,3,7,7,7,7,7,7,7,7,7,7,7,7,7,7,7,7,7,7,7,7,7,2,3,8,8,8,8,8,8,8,8,8,8,8,8,8,8,8,8,8,8,8,8,8,3,3,19,19,19,5,8,19,19,19,11,1,19,19,19,18,0,0,0,0,0,0,0,0,3,29,29,29,7,12,29,29,29,17,2,28,29,29,27,0,0,0,0,0,0,0,0,3,16,29,3,6,0,6,29,11,7,0,0,26,21,4,2,0,0,6,28,11,0,0,3,16,29,5,18,0,6,29,11,22,0,0,26,21,13,8,0,0,6,29,11,0,0,3,16,29,5,18,0,6,29,11,22,0,0,26,21,13,8,0,0,6,29,11,0,0,3,21,29,11,10,9,14,29,17,10,9,9,27,24,9,0,0,0,6,29,11,0,0,3,29,29,29,29,29,29,29,29,29,29,29,29,29,27,0,0,0,6,25,10,0,0,3,8,8,8,8,8,8,8,8,8,8,8,8,8,8,0,0,0,0,0,0,0,0,3,0,0,0,0,0,0,0,0,0,0,0,0,0,0,0,0,0,0,0,0,0,0,3,17,17,17,17,17,17,17,17,17,17,17,17,17,17,17,17,17,17,17,17,17,6,3
1,5,2,0,5,4,0,3,5,0,1,5,2,0,5,4,0,3,5,0,1,5,2,6,29,11,0,26,21,0,16,29,1,6,29,11,0,26,21,0,16,29,1,6,29,11,6,29,11,0,26,21,0,16,29,1,6,29,11,0,26,21,0,16,29,1,6,29,11,6,29,11,0,26,21,0,16,29,1,6,29,11,0,26,21,0,16,29,1,6,29,11,6,29,11,0,26,21,0,16,29,1,6,29,11,0,26,21,0,16,29,1,6,29,11,6,29,11,0,26,21,0,16,29,1,6,29,11,0,26,21,0,16,29,1,6,29,11,6,29,11,0,26,21,0,16,29,1,6,29,11,0,26,21,0,16,29,1,6,29,11,1,6,2,0,6,5,0,3,6,0,1,6,2,0,6,5,0,3,6,0,1,6,2,0,0,0,0,0,0,0,0,0,0,0,0,0,0,0,0,0,0,0,0,0,0,0,17,17,17,17,17,17,17,17,17,17,17,17,17,17,17,17,17,17,17,17,17,17,17,0,0,0,0,0,0,0,0,0,0,0,0,0,0,0,0,0,0,0,0,0,0,0,18,0,0,0,0,22,0,3,18,0,13,8,0,22,0,3,18,0,13,8,0,22,0,18,0,0,0,0,22,0,3,18,0,13,8,0,22,0,3,18,0,13,8,0,22,0,18,0,0,0,0,22,0,3,18,0,13,8,0,22,0,3,18,0,13,8,0,22,0,18,0,0,0,0,22,0,3,18,0,13,8,0,22,0,3,18,0,13,8,0,22,0,18,0,0,0,0,22,0,3,18,0,13,8,0,22,0,3,18,0,13,8,0,22,0,18,0,0,0,0,23,8,11,18,0,13,15,8,24,0,3,22,8,18,8,0,23,8,18,0,0,0,0,23,23,24,18,0,13,25,23,27,0,3,27,23,26,8,0,23,23,18,7,0,1,6,22,4,6,18,7,13,10,6,22,4,6,18,7,13,10,6,22,4,18,22,0,3,18,22,13,12,18,22,13,12,18,22,13,12,18,22,13,12,18,22,13,18,22,0,3,18,22,13,12,18,22,13,12,18,22,13,12,18,22,13,12,18,22,13,7,22,0,3,18,9,13,10,7,22,5,7,18,9,13,10,7,22,5,7,18,9,13,0,4,0,0,3,0,2,1,0,4,0,0,3,0,2,1,0,4,0,0,3,0,2
0,0,0,0,0,0,0,0,0,0,0,0,0,0,0,0,0,0,0,0,0,0,0,0,0,0,0,0,0,0,0,0,0,0,0,0,0,0,0,0,0,0,0,0,0,0,8,8,8,8,8,8,8,6,0,0,0,0,0,0,7,8,8,8,8,8,8,8,8,7,7,7,7,7,7,7,5,0,0,0,0,0,0,6,7,7,7,7,7,7,7,7,7,5,0,13,0,2,10,0,0,0,0,0,1,1,0,1,1,0,0,1,0,0,0,13,8,0,22,0,3,18,0,0,0,0,0,26,21,0,16,29,1,6,29,11,0,0,13,8,0,22,0,3,18,0,0,0,0,0,26,21,0,16,29,1,6,29,11,0,0,13,8,0,22,0,3,18,0,0,0,0,0,26,21,0,16,29,1,6,29,11,0,0,13,8,0,22,0,3,18,0,0,0,0,0,26,21,0,16,29,1,6,29,11,0,0,13,10,8,22,6,7,18,9,0,0,0,0,26,21,0,16,29,1,6,29,11,0,0,13,12,18,22,13,12,18,22,0,0,0,0,26,21,0,16,29,1,6,29,11,0,0,13,12,18,22,13,12,18,22,0,0,0,0,9,8,0,6,10,0,2,10,4,0,0,13,12,18,22,13,12,18,22,0,0,0,0,0,0,0,0,0,0,0,0,0,0,0,13,10,8,22,6,8,18,10,0,0,0,0,0,0,14,17,17,17,17,17,17,17,17,18,8,0,23,8,11,18,0,0,0,0,0,0,0,0,0,0,0,0,0,0,0,0,26,8,0,19,23,24,18,0,0,0,0,0,0,0,0,0,0,0,0,0,0,0,0,13,8,1,4,4,5,18,0,6,25,10,0,23,19,0,14,25,1,6,25,10,0,23,13,8,10,27,28,12,18,0,6,29,11,0,26,21,0,16,29,1,6,29,11,0,26,13,8,0,0,13,12,18,0,6,29,11,0,26,21,0,16,29,1,6,29,11,0,26,13,8,0,8,13,12,18,0,6,29,11,0,26,21,0,16,29,1,6,29,11,0,26,4,2,0,7,4,4,6,0,2,9,3,0,8,7,0,5,9,0,2,9,3,0,8,0,0,0,0,0,0,0,0,0,0,0,0,0,0,0,0,0,0,0,0,0,0,0,0,0,0,0,0,0,0,0,0,0,0,0,0,0,0,0,0,0,0,0,0,0,0
21,0,11,20,1,4,20,8,0,18,15,0,11,20,1,4,20,8,0,18,15,0,11,21,0,16,29,1,6,29,11,0,26,21,0,16,29,1,6,29,11,0,26,21,0,16,21,0,16,29,1,6,29,11,0,26,21,0,16,29,1,6,29,11,0,26,21,0,16,21,0,16,29,1,6,29,11,0,26,21,0,16,29,1,6,29,11,0,26,21,0,16,21,0,16,29,1,6,29,11,0,26,21,0,16,29,1,6,29,11,0,26,21,0,16,21,0,16,29,1,6,29,11,0,26,21,0,16,29,1,6,29,11,0,26,21,0,16,21,0,12,21,1,5,21,8,0,19,16,0,12,21,1,5,21,8,0,19,16,0,12,21,0,0,0,0,0,0,0,0,0,0,0,0,0,0,0,0,0,0,0,0,0,0,19,0,0,0,0,6,7,7,7,7,7,7,7,7,7,7,7,7,7,7,7,7,7,0,0,0,0,0,7,8,8,8,8,8,8,8,8,8,8,8,8,8,8,8,8,8,12,0,0,0,0,0,0,0,0,0,0,0,0,0,0,0,0,0,0,0,0,0,0,21,0,8,14,0,3,14,5,0,13,10,0,8,14,0,3,14,5,0,13,10,0,8,21,0,16,29,1,6,29,11,0,26,21,0,16,29,1,6,29,11,0,26,21,0,16,21,0,16,29,1,6,29,11,0,26,21,0,16,29,1,6,29,11,0,26,21,0,16,21,0,16,29,1,6,29,11,0,26,21,0,16,29,1,6,29,11,0,26,21,0,16,21,0,16,29,1,6,29,11,0,26,21,0,16,29,1,6,29,11,0,26,21,0,16,21,0,5,9,0,2,9,3,0,8,7,0,5,9,0,2,9,3,0,8,7,0,5,21,0,0,0,0,0,0,0,0,0,0,0,0,0,0,0,0,0,0,0,0,0,0,21,0,0,0,0,0,0,0,0,0,0,0,0,0,0,0,0,0,0,0,0,0,0,21,0,0,0,0,14,17,17,17,17,17,17,17,17,17,17,17,17,17,17,17,17,17,21,0,0,0,0,0,0,0,0,0,0,0,0,0,0,0,0,0,0,0,0,0,0,21,0,0,0,0,0,0,0,0,0,0,0,0,0,0,0,0,0,0,0,0,0,0,21,0,5,8,0,2,8,3,0,8,6,0,5,8,0,2,8,3,0,8,6,0,5
0,13,21,17,26,0,3,25,17,23,8,0,23,17,19,18,0,13,21,17,26,0,3,0,6,14,14,25,0,1,14,14,21,8,0,11,14,16,18,0,6,14,14,25,0,1,0,13,13,8,22,0,9,13,13,13,8,5,13,13,8,18,0,13,13,8,22,0,9,0,18,20,18,22,0,13,18,26,13,8,6,18,24,12,18,0,18,20,18,22,0,13,0,0,3,18,22,0,0,0,22,13,8,0,0,13,12,18,0,0,3,18,22,0,0,0,9,9,18,22,0,2,12,22,13,8,0,15,13,12,18,0,9,9,18,22,0,2,0,13,11,13,22,0,3,18,16,13,8,0,22,9,10,18,0,13,11,13,22,0,3,0,13,22,19,26,0,3,26,19,24,8,0,23,19,21,18,0,13,22,19,26,0,3,0,6,12,12,12,0,1,12,12,12,3,0,10,12,12,8,0,6,12,12,12,0,1,7,7,7,7,7,7,7,7,7,7,7,7,7,7,7,7,7,7,7,7,7,7,7,8,8,8,8,8,8,8,8,8,8,8,8,8,8,8,8,8,8,8,8,8,8,8,0,6,4,0,12,0,1,9,0,7,4,0,11,0,2,10,0,6,4,0,12,0,1,0,13,8,0,22,0,3,18,0,13,8,0,22,0,3,18,0,13,8,0,22,0,3,0,13,8,0,22,0,3,18,0,13,8,0,22,0,3,18,0,13,8,0,22,0,3,0,13,8,0,22,0,3,18,0,13,8,0,22,0,3,18,0,13,8,0,22,0,3,0,13,8,0,22,0,3,18,0,13,8,0,22,0,3,18,0,13,8,0,22,0,3,9,13,10,7,22,5,7,18,9,13,10,7,22,5,7,18,9,13,10,7,22,5,7,22,13,12,18,22,13,12,18,22,13,12,18,22,13,12,18,22,13,12,18,22,13,12,22,13,12,18,22,13,12,18,22,13,12,18,22,13,12,18,22,13,12,18,22,13,12,22,13,12,18,22,13,12,18,22,13,12,18,22,13,12,18,22,13,12,18,22,13,12,11,13,10,9,22,6,8,18,11,13,10,9,22,6,8,18,11,13,10,9,22,6,8,0,13,14,7,24,0,3,21,7,18,8,0,23,7,10,18,0,13,14,7,24,0,3,0,13,26,25,24,0,3,28,25,25,7,0,23,25,25,15,0,13,26,25,24,0,3
22,16,5,0,22,16,5,0,22,0,0,0,19,28,0,9,29,8,0,29,18,0,17,22,16,5,0,22,16,8,5,22,0,0,0,19,28,0,9,29,8,0,29,18,0,17,22,16,5,0,22,16,12,15,22,0,0,0,19,28,0,9,29,8,0,29,18,0,17,22,16,5,0,22,16,12,15,22,0,0,0,1,1,0,0,1,0,0,1,1,0,1,22,16,5,0,22,16,12,15,22,0,0,0,0,0,0,0,0,0,0,0,0,0,0,22,11,4,0,16,16,10,11,22,0,0,0,0,0,0,15,17,17,17,17,17,17,15,22,0,1,2,0,16,6,0,3,0,0,0,0,0,0,0,0,0,0,0,0,0,0,22,16,12,15,22,16,12,15,3,0,0,0,3,4,0,1,4,1,0,4,3,0,2,22,16,12,15,22,16,12,15,22,0,0,0,19,28,0,9,29,8,0,29,18,0,17,22,6,9,15,8,16,8,5,22,0,0,0,19,28,0,9,29,8,0,29,18,0,17,22,7,9,15,10,16,5,0,22,0,0,0,19,28,0,9,29,8,0,29,18,0,17,22,16,12,15,22,16,6,1,22,0,0,0,19,28,0,9,29,8,0,29,18,0,17,22,16,12,15,22,16,12,15,22,0,0,0,19,28,0,6,19,5,0,19,12,0,11,22,13,11,15,17,16,12,15,22,0,0,0,19,28,0,0,0,0,0,0,0,0,0,22,0,6,15,0,16,12,15,22,0,0,0,19,28,0,0,0,0,0,0,0,0,0,22,0,6,15,0,16,5,0,22,0,0,0,19,28,0,0,4,7,7,7,7,7,7,22,0,6,15,0,16,5,0,22,0,0,0,19,28,0,0,5,8,8,8,8,8,8,22,0,0,0,0,16,5,0,0,0,0,0,19,28,0,0,0,0,0,0,0,0,0,26,25,11,13,23,28,9,9,3,0,0,0,19,28,0,0,0,0,0,0,0,0,0,6,20,12,15,23,6,8,15,22,0,0,0,19,28,0,9,28,8,0,28,18,0,17,0,16,12,15,22,0,6,15,22,0,0,0,19,28,0,9,29,8,0,29,18,0,17,0,16,12,15,22,0,4,9,22,0,0,0,19,28,0,9,29,8,0,29,18,0,17,0,16,5,0,22,0,0,0,22,0,0,0,19,28,0,9,29,8,0,29,18,0,17
12,18,22,3,10,18,22,13,13,4,22,13,8,0,16,29,1,6,29,11,0,26,21,12,18,22,0,3,18,22,13,8,0,22,13,8,0,16,29,1,6,29,11,0,26,21,9,18,13,0,3,18,22,13,8,0,13,13,8,0,16,29,1,6,29,11,0,26,21,3,18,0,0,3,18,0,13,8,0,0,13,8,0,16,29,1,6,29,11,0,26,21,3,18,0,0,3,15,0,11,7,0,0,13,8,0,16,29,1,6,29,11,0,26,21,3,18,0,13,8,0,22,0,3,18,0,13,8,0,6,11,0,2,11,4,0,10,8,3,18,0,13,12,18,22,13,12,18,0,13,8,0,0,0,0,0,0,0,0,0,0,3,18,0,13,12,18,22,13,12,18,0,13,8,0,0,2,17,17,17,17,17,17,17,1,6,0,5,7,18,8,13,10,6,0,5,3,0,0,0,0,0,0,0,4,7,7,0,0,0,0,3,18,0,13,8,0,0,0,0,0,0,0,0,0,0,0,14,28,27,0,0,0,0,4,18,1,13,9,1,0,0,0,0,0,0,0,6,3,0,0,18,13,0,0,0,13,12,18,22,13,12,18,0,0,0,0,0,0,0,13,9,3,7,18,14,0,4,0,13,12,18,22,13,12,18,0,3,2,0,0,0,0,13,12,18,16,18,14,3,18,0,13,12,18,22,13,12,18,0,13,8,0,0,0,0,13,12,18,16,18,14,3,18,0,13,12,18,22,13,12,18,0,13,8,0,0,0,0,5,5,7,13,18,14,3,18,0,13,12,14,22,10,10,18,0,13,8,0,0,0,0,0,0,0,0,18,13,3,18,0,13,8,0,22,0,3,18,0,13,8,0,0,0,0,3,23,23,23,27,26,11,18,19,13,12,16,22,12,11,18,19,13,8,0,0,0,0,1,8,8,8,22,18,12,18,22,13,12,18,22,13,12,18,22,13,8,0,0,2,17,17,17,17,5,18,13,12,16,22,12,11,18,19,13,12,16,22,12,7,0,0,0,0,0,0,0,0,18,13,8,0,23,7,10,18,0,13,14,7,24,0,0,0,0,0,0,0,0,0,0,18,13,8,0,23,25,25,18,0,13,26,25,27,0,0,0,10,18,1,0,0,0,0,18,13,8,0,22,0,3,18,0,13,8,0,22,0,0,0,16,29,1,0,0,0,0,18,13
21,0,16,29,1,6,29,11,0,26,21,0,0,18,13,0,0,0,0,0,0,0,22,21,0,16,29,1,6,29,11,0,26,21,0,0,18,13,3,3,3,3,3,3,3,23,21,0,16,29,1,6,29,11,0,26,21,0,0,18,13,11,12,12,12,12,12,12,25,21,0,16,29,1,6,29,11,0,26,21,0,0,18,18,7,7,7,7,7,0,0,23,21,0,16,29,1,6,29,11,0,26,21,0,0,18,29,29,29,29,29,27,0,0,0,21,0,16,29,1,6,29,11,0,26,21,0,0,6,10,10,10,10,10,10,0,0,0,11,0,16,29,1,6,29,11,0,26,21,0,8,17,17,17,17,17,17,17,17,17,17,0,0,16,29,1,6,29,11,0,26,21,0,0,0,0,0,0,0,0,0,0,0,0,19,0,16,29,1,6,29,11,0,26,21,0,0,0,0,0,0,0,0,0,0,0,0,21,0,16,29,1,6,29,11,0,26,21,0,0,0,0,2,27,27,27,27,27,27,27,21,0,16,29,1,6,29,11,0,26,21,0,0,0,0,2,20,20,26,29,21,20,20,21,0,16,29,1,6,29,11,0,26,21,0,0,0,2,7,7,2,16,29,1,6,7,21,0,16,29,1,6,29,11,0,26,21,0,0,0,9,25,25,8,16,29,1,19,25,21,0,16,29,1,6,29,11,0,26,21,0,0,0,0,0,0,0,16,29,1,0,0,21,0,16,29,1,6,29,11,0,26,21,0,0,0,0,2,25,25,28,29,26,25,15,21,0,16,29,1,6,29,11,0,26,21,0,0,0,0,2,22,22,22,22,22,22,13,21,0,16,29,1,6,29,11,0,26,21,0,0,0,0,0,0,0,0,0,0,0,0,21,0,16,29,1,6,29,11,0,26,21,0,8,17,17,17,17,17,17,17,17,17,17,21,0,16,29,1,6,29,11,0,26,21,0,0,0,0,0,0,0,0,0,0,7,9,21,0,16,29,1,6,29,11,0,26,21,0,11,20,1,4,20,8,0,0,0,22,29,21,0,16,29,1,6,29,11,0,26,21,0,16,29,1,6,29,11,0,8,5,6,11,21,0,16,29,1,6,29,11,0,26,21,0,16,29,1,6,29,11,0,13,8,0,3,21,0,16,29,1,6,29,11,0,26,21,0,16,29,1,6,29,11,0,13,8,0,3
13,12,18,0,13,12,18,0,0,16,29,1,16,23,23,23,4,16,29,1,6,23,23,13,12,18,0,13,12,18,0,0,16,29,1,6,8,8,8,1,16,29,1,2,8,8,13,12,18,0,13,12,18,0,0,16,29,1,0,0,0,0,0,16,29,1,0,0,0,6,5,8,0,6,5,8,0,19,28,29,26,25,25,24,0,19,28,29,26,25,25,24,0,0,0,0,0,0,0,0,16,22,22,22,22,22,21,0,16,22,22,22,22,22,21,0,0,0,0,0,0,0,0,0,0,0,0,0,0,0,0,0,0,0,0,0,0,0,17,17,17,17,17,17,17,17,17,17,17,17,17,17,17,17,17,17,17,17,17,17,17,17,0,0,0,0,0,14,17,17,17,17,17,17,17,17,17,17,17,17,17,17,17,17,14,0,0,0,0,0,11,14,14,14,14,14,14,14,14,14,14,14,14,14,14,14,14,5,5,5,0,4,5,5,5,1,2,5,5,5,3,0,5,5,5,5,0,4,5,5,29,29,27,0,22,29,29,29,7,12,29,29,29,17,2,29,29,29,27,0,22,29,29,28,25,12,0,9,22,29,14,3,5,16,29,19,7,1,12,28,25,12,0,9,22,29,26,21,0,0,0,16,29,1,0,0,6,29,11,0,0,0,26,21,0,0,0,16,29,29,29,27,0,22,29,29,29,29,29,29,29,29,29,29,29,29,29,29,29,29,29,29,18,18,17,0,14,18,18,18,18,18,18,18,18,18,18,18,18,18,18,18,18,18,18,0,0,0,0,0,0,0,0,0,0,0,0,0,0,0,0,0,0,0,0,0,0,0,7,7,7,7,7,7,7,7,7,7,7,7,7,7,7,7,7,7,7,7,7,7,7,8,8,8,8,8,8,8,8,8,8,8,8,8,8,8,8,8,8,8,8,8,8,8,0,0,0,0,0,0,0,0,0,0,0,0,8,11,11,11,11,11,11,11,11,11,11,0,0,0,0,0,0,0,0,0,0,0,0,14,20,20,20,20,20,20,20,20,20,20,23,12,0,0,0,8,23,23,23,23,23,23,23,23,23,23,23,12,0,23,23,23,23,8,4,0,0,0,3,8,8,8,9,10,8,8,8,8,8,9,5,0,8,8,8,8,0,0,0,0,0,0,0,0,0,3,18,0,0,0,0,0,13,8,0,0,0,0,0
0,0,0,0,0,0,0,0,0,23,19,0,14,25,1,6,25,10,0,23,19,0,14,0,0,0,0,0,0,0,0,0,26,21,0,16,29,1,6,29,11,0,26,21,0,16,0,0,0,0,0,0,0,0,0,26,21,0,16,29,1,6,29,11,0,26,21,0,16,0,0,0,0,0,10,6,0,0,26,21,0,16,29,1,6,29,11,0,26,21,0,16,0,0,0,0,0,13,8,0,0,26,21,0,16,29,1,6,29,11,0,26,21,0,16,0,0,0,0,0,13,8,0,0,26,21,0,16,29,1,6,29,11,0,26,21,0,16,0,0,0,0,0,13,8,0,0,26,21,0,9,17,1,3,17,6,0,15,12,0,9,0,0,0,0,0,13,8,0,0,26,21,0,0,0,0,0,0,0,0,0,0,0,0,0,0,0,0,0,13,8,0,0,26,21,0,0,10,12,12,12,12,12,12,12,12,12,0,0,0,0,0,13,8,0,0,26,21,0,0,3,3,3,3,3,3,3,3,3,3,0,0,0,0,0,13,8,0,0,26,21,0,0,0,0,0,0,0,0,0,0,0,0,0,0,0,0,0,13,8,0,0,9,8,0,11,19,1,4,19,7,0,17,14,0,11,0,0,0,0,0,13,8,0,0,0,0,0,16,29,1,6,29,11,0,26,21,0,16,0,0,0,0,0,13,8,0,2,0,0,0,16,29,1,6,29,11,0,26,21,0,16,0,0,0,0,0,13,8,0,22,0,0,0,16,29,1,6,29,11,0,26,21,0,16,0,0,0,0,0,13,8,0,22,0,0,0,16,29,1,6,29,11,0,26,21,0,16,0,0,0,0,0,13,8,0,22,0,0,0,2,4,0,1,4,1,0,4,3,0,2,0,0,0,0,0,13,8,0,22,0,0,0,0,0,0,0,0,0,0,0,0,0,0,0,0,0,0,0,13,8,0,22,0,0,0,0,0,0,0,0,0,0,0,0,0,0,17,17,11,0,0,13,8,0,22,0,0,0,0,14,17,17,17,17,17,17,17,17,17,0,0,0,0,0,13,8,0,22,0,0,0,0,0,0,0,0,0,0,0,0,0,0,0,0,0,0,0,13,8,0,22,0,0,0,0,0,0,0,0,0,0,0,0,0,0,0,0,0,0,0,12,7,0,19,0,0,0,5,9,0,2,9,3,0,8,7,0,5
8,0,22,0,3,18,0,13,8,0,22,0,3,18,0,13,8,0,22,0,3,18,0,8,0,22,0,3,18,0,13,8,0,22,0,3,18,0,13,8,0,22,0,3,18,0,8,0,22,0,3,18,0,13,8,0,22,0,3,18,0,13,8,0,22,0,3,18,0,8,0,22,0,3,18,0,13,8,0,22,0,3,18,0,13,8,0,22,0,3,18,0,4,0,12,0,2,10,0,7,4,0,12,0,2,10,0,7,4,0,12,0,2,10,0,7,7,7,7,7,7,7,7,7,7,7,7,7,7,7,7,7,7,7,7,7,7,7,8,8,8,8,8,8,8,8,8,8,8,8,8,8,8,8,8,8,8,8,8,8,8,0,0,0,0,0,0,0,0,0,0,0,0,0,0,0,0,0,0,0,0,0,0,0,21,0,16,29,1,6,29,11,0,26,21,0,16,29,1,6,29,11,0,26,21,0,16,21,0,16,29,1,6,29,11,0,26,21,0,16,29,1,6,29,11,0,26,21,0,16,21,0,16,29,1,6,29,11,0,26,21,0,16,29,1,6,29,11,0,26,21,0,16,21,0,16,29,1,6,29,11,0,26,21,0,16,29,1,6,29,11,0,26,21,0,16,21,0,16,29,1,6,29,11,0,26,21,0,16,29,1,6,29,11,0,26,21,0,16,21,0,16,29,1,6,29,11,0,26,21,0,16,29,1,6,29,11,0,26,21,0,16,8,0,6,11,0,2,11,4,0,10,8,0,6,11,0,2,11,4,0,10,8,0,6,0,0,0,0,0,0,0,0,0,0,0,0,0,0,0,0,0,0,0,0,0,0,0,0,14,17,17,17,17,17,17,17,17,17,17,17,17,17,17,17,17,17,17,17,17,17,0,0,0,0,0,0,0,0,0,0,0,0,0,0,0,0,0,0,0,0,0,0,0,0,0,0,0,0,0,0,0,0,0,0,0,0,0,0,0,0,0,0,0,0,0,0,18,0,14,25,1,5,25,9,0,22,18,0,14,25,1,5,25,9,0,22,18,0,14,21,0,16,29,1,6,29,11,0,26,21,0,16,29,1,6,29,11,0,26,21,0,16,21,0,16,29,1,6,29,11,0,26,21,0,16,29,1,6,29,11,0,26,21,0,16,21,0,16,29,1,6,29,11,0,26,21,0,16,29,1,6,29,11,0,26,21,0,16
14,12,12,13,21,8,7,0,14,0,1,13,21,8,9,20,14,0,1,13,0,0,0,21,12,12,20,21,12,10,0,21,0,1,20,21,12,12,20,21,0,1,20,0,0,0,21,9,9,20,15,12,10,0,21,0,1,20,15,12,12,14,21,0,1,20,0,0,0,16,2,2,16,2,9,8,0,21,0,1,16,2,9,8,2,16,0,1,20,0,4,22,0,11,10,0,21,0,0,0,21,0,0,0,21,0,1,20,0,0,1,20,0,4,22,0,11,11,5,21,0,0,0,21,0,0,0,21,4,4,20,0,0,1,20,0,4,22,0,11,12,20,21,0,1,18,21,11,9,0,21,12,12,20,0,10,11,20,0,4,22,0,11,12,20,21,0,1,20,21,12,10,0,21,12,12,20,0,11,12,20,0,4,22,11,21,12,20,21,16,7,20,19,12,12,15,26,12,12,25,15,12,12,18,0,4,22,21,17,7,11,12,22,11,6,0,3,5,26,17,6,6,17,26,4,3,0,0,1,9,21,0,0,4,0,11,10,0,5,0,1,20,0,2,2,0,21,0,0,4,0,0,0,21,0,1,20,0,11,10,0,21,0,1,20,0,11,10,0,21,0,1,20,0,0,0,21,0,1,20,0,11,11,6,21,4,5,20,0,11,10,0,21,4,5,20,0,0,0,21,1,2,20,1,12,12,20,21,12,12,20,1,12,11,1,21,12,12,20,0,0,0,21,12,12,20,21,12,12,20,21,12,12,20,21,12,12,20,21,12,12,20,0,4,19,21,12,12,20,21,12,12,16,21,10,10,20,21,12,12,20,21,10,10,20,0,4,22,21,12,12,20,21,12,10,0,21,0,1,20,21,12,12,20,21,0,1,20,0,4,22,21,2,3,20,3,12,10,0,21,0,1,20,3,12,11,3,21,0,1,20,0,4,22,21,8,9,20,14,12,12,13,21,8,9,20,14,12,12,13,21,8,9,20,0,4,22,21,12,12,20,21,12,12,20,19,12,12,20,21,12,12,20,21,12,12,18,0,4,22,21,9,9,18,16,12,12,15,0,8,10,20,16,11,10,15,21,9,8,0,0,4,22,21,0,0,0,0,11,10,0,10,0,1,20,0,0,0,0,21,0,0,9,0,4,22,21,12,10,0,21,12,12,20,21,12,12,20,21,0,1,20,21,12,12,20,0,4,22
18,1,0,0,21,0,0,0,18,1,2,17,0,0,1,20,0,0,2,17,0,10,9,0,11,10,0,21,0,1,20,0,11,10,0,21,0,1,20,0,11,10,0,21,0,0,21,12,10,0,21,0,1,20,21,12,12,20,21,0,1,20,0,11,12,20,21,12,10,21,12,10,0,21,0,1,20,21,12,12,20,21,0,1,20,0,11,12,20,21,12,10,21,5,4,0,8,0,0,7,21,5,6,20,8,0,0,7,0,4,6,20,8,12,10,21,0,0,0,0,0,0,0,21,0,1,20,0,0,0,0,0,0,1,20,0,11,10,21,1,0,0,0,0,0,1,21,1,2,20,1,0,0,0,0,0,2,20,1,12,10,21,12,10,0,0,0,1,20,21,12,12,20,21,0,0,0,0,11,12,20,21,12,10,21,12,10,0,5,0,1,20,21,12,12,20,21,0,0,4,0,11,12,20,21,12,10,21,12,10,0,21,0,1,20,21,12,12,20,21,0,1,20,0,11,12,20,21,12,10,21,12,10,0,21,0,1,20,21,12,12,20,21,0,1,20,0,11,12,20,21,12,10,16,12,10,0,21,0,1,20,16,12,12,16,21,0,1,20,0,11,12,16,21,10,8,0,11,10,0,21,0,1,20,0,11,10,0,21,0,1,20,0,11,10,0,21,0,0,19,12,12,18,21,11,11,20,19,12,12,18,21,11,11,20,19,12,12,18,21,11,9,21,12,12,20,21,12,12,20,21,12,12,20,21,12,12,20,21,12,12,20,21,12,10,21,11,11,20,19,12,12,18,21,11,11,20,19,12,12,18,21,11,11,20,19,12,10,21,8,9,20,0,11,16,7,24,0,1,23,7,16,10,0,21,8,9,20,0,11,14,21,25,25,20,0,11,26,25,28,0,1,28,25,26,10,0,21,25,25,20,0,11,20,21,0,1,20,0,11,10,0,21,0,1,20,0,11,10,0,21,0,1,20,0,11,10,21,0,1,20,0,11,10,0,21,0,1,20,0,11,10,0,21,0,1,20,0,11,10,21,0,1,20,0,11,10,0,21,0,1,20,0,11,10,0,21,0,1,20,0,11,10,21,0,1,20,0,11,10,0,21,0,1,20,0,11,10,0,21,0,1,20,0,11,10,21,0,1,20,0,11,10,0,21,0,1,20,0,11,10,0,21,0,1,20,0,11,10
11,10,0,21,0,0,25,23,0,14,29,3,4,29,13,0,25,23,0,14,29,3,0,11,10,0,21,0,0,0,0,0,0,0,0,0,0,0,0,0,0,0,0,0,0,0,11,10,0,21,0,0,0,0,0,0,0,0,0,0,0,0,0,0,0,0,0,0,0,11,10,0,21,0,0,0,0,0,0,0,0,0,0,0,0,0,0,0,0,0,0,0,11,10,0,21,0,0,0,0,13,17,17,17,17,17,17,17,17,17,17,17,17,17,7,11,10,0,21,0,0,0,0,0,0,0,0,0,0,0,0,0,0,0,0,0,0,0,11,10,0,21,0,0,0,0,0,0,0,0,0,0,0,0,0,0,0,0,0,0,0,11,10,0,21,0,0,15,15,0,9,18,2,3,18,8,0,15,15,0,9,18,2,0,11,10,0,21,0,0,25,23,0,14,29,3,4,29,13,0,25,23,0,14,29,3,0,11,10,0,21,0,0,25,23,0,14,29,3,4,29,13,0,25,23,0,14,29,3,0,11,10,0,21,0,0,25,23,0,14,29,3,4,29,13,0,25,23,0,14,29,3,0,11,10,0,21,0,0,25,23,0,14,29,3,4,29,13,0,25,23,0,14,29,3,0,11,10,0,21,0,0,4,4,0,2,5,0,0,5,2,0,4,4,0,2,5,0,0,11,10,0,21,0,0,0,0,0,0,0,0,0,0,0,0,0,0,0,0,0,0,0,11,10,0,21,0,0,0,0,6,7,7,7,7,7,7,7,7,7,7,7,7,7,3,11,10,0,21,0,0,0,0,6,8,8,8,8,8,8,8,8,8,8,8,8,8,3,11,10,0,21,0,0,0,0,0,0,0,0,0,0,0,0,0,0,0,0,0,0,0,11,10,0,21,0,0,25,23,0,14,29,3,4,29,13,0,25,23,0,14,29,3,0,11,10,0,21,0,0,25,23,0,14,29,3,4,29,13,0,25,23,0,14,29,3,0,11,10,0,21,0,0,25,23,0,14,29,3,4,29,13,0,25,23,0,14,29,3,0,11,10,0,21,0,0,25,23,0,14,29,3,4,29,13,0,25,23,0,14,29,3,0,8,7,0,21,0,0,25,23,0,14,29,3,4,29,13,0,25,23,0,14,29,3,0,0,0,0,16,0,0,25,23,0,14,29,3,4,29,13,0,25,23,0,14,29,3,0
8,8,8,8,8,8,8,0,26,21,0,0,6,29,11,0,26,21,0,16,29,1,6,0,0,21,27,27,27,27,27,29,21,0,0,6,29,11,0,19,16,0,12,21,1,5,0,0,16,20,20,20,20,20,20,15,0,0,6,29,11,0,0,0,0,0,0,0,0,7,7,7,7,7,7,7,7,7,7,7,0,6,29,11,0,6,7,7,7,7,5,0,8,8,8,8,8,8,8,8,8,8,8,0,6,29,11,0,7,8,8,8,8,6,0,17,18,0,0,0,0,0,0,0,0,0,0,6,29,11,0,0,0,0,0,0,0,0,0,22,0,0,0,0,13,10,0,8,14,0,6,29,11,0,13,10,0,8,14,0,3,0,22,7,4,0,0,26,21,0,16,29,1,6,29,11,0,26,21,0,16,29,1,6,0,22,13,8,0,0,26,21,0,16,29,1,6,29,11,0,26,21,0,16,29,1,6,0,22,13,8,0,0,19,16,0,16,29,1,6,29,11,0,26,21,0,16,29,1,6,0,22,1,0,0,0,0,0,0,16,29,1,6,29,11,0,26,21,0,16,29,1,6,0,23,15,15,15,11,0,0,0,5,9,0,6,29,11,0,8,7,0,5,9,0,6,5,6,6,6,3,0,0,0,0,0,0,0,6,29,11,0,0,0,0,0,0,0,6,10,10,10,10,4,0,0,0,0,0,0,0,6,29,11,0,0,0,0,0,0,0,6,17,17,17,17,17,17,17,17,17,17,17,0,6,29,11,0,14,17,17,17,6,0,6,4,0,0,0,0,0,0,0,0,0,0,0,6,29,11,0,0,0,0,0,0,0,6,29,1,21,29,29,29,7,0,0,0,0,0,6,29,11,0,0,0,0,0,0,0,6,29,1,13,25,29,19,5,0,0,5,8,0,6,29,11,0,8,6,0,5,8,0,6,29,3,8,16,29,3,8,0,0,16,29,1,6,29,11,0,26,21,0,16,29,1,6,29,5,18,16,29,5,18,0,0,16,29,1,6,29,11,0,26,21,0,16,29,1,6,29,5,18,16,29,5,18,0,0,16,29,1,6,29,11,0,26,21,0,16,29,1,6,29,3,9,16,29,3,9,0,0,16,29,1,6,29,11,0,26,21,0,16,29,1,6,29,18,17,24,29,18,6,0,0,9,15,1,6,29,11,0,14,11,0,9,15,1,6
22,16,5,0,22,0,6,15,22,0,6,15,22,0,6,15,0,0,0,9,29,8,0,22,16,8,5,22,6,9,15,22,0,6,15,22,6,9,15,0,0,0,9,29,8,0,22,16,12,15,22,16,12,15,22,0,6,15,22,16,12,15,0,0,0,9,29,8,0,22,16,12,15,22,16,12,15,22,0,6,15,22,16,12,15,0,0,0,0,1,0,0,22,16,12,15,22,16,12,15,22,0,6,15,22,16,12,15,0,0,0,0,0,0,0,16,16,10,11,22,11,11,15,16,0,4,11,22,11,11,15,0,0,0,0,0,4,15,0,16,6,0,3,0,7,15,0,2,1,0,22,0,1,2,0,0,0,0,0,0,0,22,16,12,15,3,16,12,15,22,16,12,15,22,16,7,2,0,0,0,1,4,1,0,22,16,12,15,22,16,12,15,22,16,12,15,22,16,12,15,0,0,0,9,29,8,0,8,16,8,5,22,6,9,15,8,16,8,5,22,6,9,15,0,0,0,9,29,8,0,10,16,5,0,22,0,6,15,10,16,9,7,22,0,6,15,0,0,0,9,29,8,0,22,16,6,1,22,1,7,15,22,16,12,15,22,1,7,15,0,0,0,9,29,8,0,22,16,12,15,22,16,12,15,22,16,12,15,22,16,12,15,0,0,0,9,29,8,0,17,16,12,15,22,16,12,15,17,16,11,12,22,16,12,15,0,0,0,9,29,8,0,0,16,12,15,22,16,12,15,0,16,5,0,22,16,12,15,0,0,0,9,29,8,0,0,16,5,0,22,0,6,15,0,16,5,0,22,0,6,15,0,0,0,9,29,8,0,0,16,5,0,22,0,6,15,0,16,5,0,22,0,6,15,0,0,0,9,29,8,0,0,16,5,0,0,0,6,15,0,0,0,0,22,0,0,0,0,0,0,9,29,8,0,23,28,9,9,3,9,10,28,22,14,11,25,25,9,4,2,0,0,0,9,29,8,0,23,6,8,15,22,16,7,6,23,16,12,19,6,16,12,15,0,0,0,9,29,8,0,22,0,6,15,22,16,5,0,22,16,12,15,0,16,12,15,0,0,0,9,29,8,0,22,0,4,9,22,10,3,0,22,16,12,15,0,10,10,15,0,0,0,9,29,8,0,22,0,0,0,22,0,0,0,22,0,6,15,0,0,6,15,0,0,0,9,29,8,0
18,22,0,3,18,22,3,10,18,22,13,13,4,22,13,12,18,5,17,12,18,23,6,18,22,0,3,18,22,0,3,18,22,13,8,0,22,13,12,18,0,13,12,18,22,0,11,22,0,3,18,13,0,3,18,22,13,8,0,13,13,11,11,0,13,12,18,22,0,0,22,0,3,18,0,0,3,18,0,13,8,0,0,13,8,0,0,13,8,0,22,0,0,22,0,3,18,0,0,3,15,0,11,7,0,0,13,8,0,0,11,7,0,19,0,0,22,0,3,18,0,13,8,0,22,0,3,18,0,13,8,0,22,0,3,18,0,13,0,22,0,3,18,0,13,12,18,22,13,12,18,0,13,8,0,22,13,12,18,22,13,0,22,0,3,18,0,13,12,18,22,13,12,18,0,13,8,0,22,13,12,18,22,13,0,8,0,1,6,0,5,7,18,8,13,10,6,0,5,3,0,8,13,10,6,22,5,0,0,0,0,0,0,0,3,18,0,13,8,0,0,0,0,0,0,13,8,0,22,0,0,0,0,0,0,0,0,4,18,1,13,9,1,0,0,0,0,1,13,9,1,22,0,0,0,0,0,0,0,13,12,18,22,13,12,18,0,0,0,0,22,13,12,18,22,13,0,5,0,0,4,0,13,12,18,22,13,12,18,0,3,2,0,22,13,12,18,22,13,0,22,0,3,18,0,13,12,18,22,13,12,18,0,13,8,0,22,13,12,18,22,13,0,22,0,3,18,0,13,12,18,22,13,12,18,0,13,8,0,22,13,12,18,22,13,0,22,0,3,18,0,13,12,14,22,10,10,18,0,13,8,0,22,10,10,18,17,13,0,22,0,3,18,0,13,8,0,22,0,3,18,0,13,8,0,22,0,3,18,0,13,16,22,0,3,18,19,13,12,16,22,12,11,18,19,13,12,16,22,12,11,18,19,13,18,22,0,3,18,22,13,12,18,22,13,12,18,22,13,12,18,22,13,12,18,22,13,18,19,0,3,16,22,12,11,18,19,13,12,16,22,12,11,18,19,13,12,16,22,12,18,0,0,0,0,23,7,10,18,0,13,14,7,24,0,3,21,7,18,8,0,23,7,18,0,0,0,0,23,25,25,18,0,13,26,25,27,0,3,28,25,27,8,0,23,25,18,0,0,0,0,22,0,3,18,0,13,8,0,22,0,3,18,0,13,8,0,22,0
0,0,0,0,0,0,0,0,0,0,0,0,0,0,0,0,0,0,6,29,11,0,26,17,17,17,17,17,17,17,17,17,17,17,17,16,0,0,0,0,0,6,29,11,0,26,29,29,29,29,29,29,29,29,29,29,29,29,27,0,0,0,0,0,6,29,11,0,26,0,0,27,22,0,0,0,0,7,29,12,0,0,0,0,0,0,0,6,29,11,0,26,6,0,26,21,4,27,27,16,6,29,11,13,27,27,5,0,0,0,6,29,11,0,26,0,0,26,21,0,4,4,2,6,29,11,2,4,4,0,0,0,0,6,29,11,0,26,15,15,28,26,14,0,12,15,19,29,21,15,14,0,0,0,0,0,6,29,11,0,26,29,29,29,29,27,0,22,29,29,29,29,29,27,0,0,0,0,0,6,29,11,0,26,2,2,2,2,2,0,2,2,2,2,2,2,2,0,0,0,0,0,6,29,11,0,26,17,17,17,17,17,17,17,17,17,17,17,17,17,17,17,17,6,0,6,29,11,0,26,0,0,0,0,0,0,0,0,0,0,0,0,0,0,0,0,0,0,6,29,11,0,26,0,0,0,0,0,23,29,17,0,0,0,0,9,8,0,6,10,0,6,29,11,0,26,27,27,7,0,0,23,18,11,3,2,0,0,26,21,0,16,29,1,6,29,11,0,26,20,20,5,0,0,22,0,0,13,8,0,0,26,21,0,16,29,1,6,29,11,0,26,0,0,0,0,0,22,0,0,13,8,0,0,26,21,0,16,29,1,6,29,11,0,26,17,17,17,17,17,26,0,0,13,8,0,0,26,21,0,16,29,1,6,27,11,0,25,0,0,0,0,0,22,0,0,3,2,0,0,26,21,0,16,29,1,0,0,0,0,0,25,25,6,0,0,23,25,15,0,0,0,0,26,21,0,16,29,1,3,14,5,0,13,22,22,6,0,0,18,22,13,0,0,0,0,1,1,0,1,1,0,6,29,11,0,26,0,0,0,0,0,0,0,0,0,0,0,0,0,0,0,0,0,0,6,29,11,0,26,17,17,17,17,17,17,17,17,17,17,17,17,17,17,17,17,6,0,6,29,11,0,26,0,0,0,0,3,14,5,3,9,9,9,5,0,0,0,0,0,0,6,29,11,0,26,1,0,0,0,6,29,11,11,29,29,29,17,0,0,0,2,4,0,6,29,11,0,26
3,12,12,12,12,12,12,12,12,12,12,12,12,12,12,12,12,12,12,12,12,12,0,1,3,3,3,3,3,3,3,3,3,3,3,3,3,3,3,3,3,3,3,3,3,0,0,7,17,17,17,0,1,17,17,17,5,0,13,17,17,11,0,7,17,17,17,0,0,0,12,20,15,26,0,2,25,15,22,9,0,22,15,17,19,0,12,20,15,26,0,0,0,12,11,11,22,0,2,19,13,12,9,0,22,7,8,19,0,12,11,11,22,0,0,0,12,12,19,13,0,2,19,22,7,5,0,22,12,11,11,0,12,12,19,13,0,0,0,12,12,19,0,0,2,19,22,0,0,0,22,12,9,0,0,12,12,19,0,0,0,0,12,12,27,22,13,2,19,22,22,21,0,22,12,25,22,6,12,12,27,22,13,0,0,12,10,9,9,5,2,19,7,9,9,0,22,4,9,9,2,12,10,9,9,5,0,0,12,22,18,18,0,2,26,18,18,6,0,22,18,18,12,0,12,22,18,18,0,0,0,12,19,13,26,0,2,24,13,20,9,0,22,13,15,19,0,12,19,13,26,0,0,2,12,10,5,22,3,5,19,6,12,10,5,22,3,5,19,6,12,10,5,22,3,2,8,12,12,19,22,12,12,19,22,12,12,19,22,12,12,19,22,12,12,19,22,12,9,8,12,12,19,22,12,12,19,22,12,12,19,22,12,12,19,22,12,12,19,22,12,9,8,12,12,19,22,12,12,19,22,12,12,19,22,12,12,19,22,12,12,19,22,12,9,5,12,11,11,22,7,9,19,13,12,11,11,22,7,9,19,13,12,11,11,22,7,5,0,12,9,0,22,0,2,19,0,12,9,0,22,0,2,19,0,12,9,0,22,0,0,0,12,9,0,22,0,2,19,0,12,9,0,22,0,2,19,0,12,9,0,22,0,0,0,12,9,0,22,0,2,19,0,12,9,0,22,0,2,19,0,12,9,0,22,0,0,0,12,9,0,22,0,2,19,0,12,9,0,22,0,2,19,0,12,9,0,22,0,0,0,9,7,0,16,0,2,14,0,9,7,0,16,0,2,14,0,9,7,0,16,0,0,0,2,2,2,2,2,2,2,2,2,2,2,2,2,2,2,2,2,2,2,2,2,0,4,13,13,13,13,13,13,13,13,13,13,13,13,13,13,13,13,13,13,13,13,13,0
0,0,0,0,0,0,0,0,0,0,0,17,4,0,0,17,4,0,20,27,0,0,22,0,5,17,17,17,17,17,17,17,15,0,17,4,0,0,17,4,0,20,27,0,0,22,0,0,0,0,0,0,0,0,0,0,0,17,4,0,0,17,4,0,20,27,0,0,22,13,17,17,17,17,17,17,17,17,17,9,17,4,0,0,17,4,0,20,27,0,0,22,14,19,9,0,0,0,0,0,0,0,0,17,4,0,0,14,4,0,20,27,0,0,19,7,14,0,0,0,0,5,10,0,0,0,17,4,0,0,0,0,0,20,27,0,0,0,7,14,0,0,0,0,7,14,0,0,0,17,4,0,0,0,0,0,20,27,0,0,0,7,14,0,0,0,0,7,14,0,0,0,17,4,0,0,9,2,0,20,27,0,0,12,11,17,5,5,5,5,6,6,5,5,5,20,4,0,0,17,4,0,11,15,0,0,22,11,14,14,14,10,10,10,10,10,10,10,10,1,0,0,17,4,0,0,0,0,0,22,10,12,12,11,0,0,0,0,0,0,0,0,0,0,0,17,4,0,0,0,0,0,22,6,7,7,7,7,7,7,7,7,7,7,7,7,7,0,17,4,0,0,0,0,0,22,7,8,8,8,8,8,8,8,8,8,8,8,8,8,0,17,4,0,0,0,0,0,22,15,2,11,19,19,19,9,0,0,0,0,0,0,0,0,17,4,0,0,0,0,0,22,23,3,16,29,29,29,13,0,0,0,0,0,0,0,0,17,4,0,0,0,0,0,22,2,4,0,10,29,7,7,0,0,0,20,27,0,0,0,17,4,0,0,0,0,0,22,7,14,0,10,29,7,22,0,0,0,20,27,0,0,0,17,4,0,0,0,0,0,22,7,14,0,10,29,7,22,0,0,0,20,27,0,0,0,17,4,0,0,0,0,0,22,8,10,9,17,29,15,5,0,0,0,20,27,0,0,0,17,4,0,0,0,0,0,22,23,29,29,29,29,29,13,0,0,0,18,24,0,0,0,17,4,0,0,0,0,0,22,7,8,8,8,8,8,4,0,0,0,0,0,0,0,0,17,4,0,0,0,0,0,22,0,0,0,0,0,0,0,0,0,0,0,0,0,0,0,17,4,0,0,0,0,0,22,13,17,17,17,17,17,17,17,17,17,17,17,17,15,0,17,4,0,0,0,0,0,22
0,16,29,1,0,28,3,22,0,0,0,0,0,3,18,0,0,0,0,0,13,8,0,0,5,9,0,0,28,3,8,0,0,0,0,0,1,6,0,0,0,0,0,5,3,0,0,0,0,0,0,28,23,21,21,21,21,21,21,21,21,21,21,21,21,21,21,21,21,0,0,0,0,0,10,10,10,10,10,10,10,10,10,10,10,10,10,10,10,10,10,10,17,17,6,0,2,17,17,17,17,17,17,17,17,17,17,17,17,17,17,17,17,17,17,0,0,0,0,0,0,0,0,0,0,0,0,0,0,0,0,0,0,0,0,0,0,0,0,0,0,0,0,0,1,29,29,29,29,29,29,17,1,29,29,29,29,29,29,29,29,0,5,8,0,0,0,1,18,18,18,21,29,23,11,1,18,18,18,21,29,23,18,18,0,16,29,1,0,0,1,17,17,10,6,29,11,7,17,17,17,10,6,29,11,7,17,0,16,29,1,0,0,1,14,14,8,6,29,11,6,14,14,14,8,6,29,11,6,14,0,16,29,1,0,0,0,0,0,0,6,29,11,0,0,0,0,0,6,29,11,0,0,0,16,29,1,0,0,0,11,11,11,16,29,19,11,11,11,11,11,16,29,19,11,11,0,9,15,1,0,0,1,29,29,29,29,29,29,29,29,29,29,29,29,29,29,29,29,0,0,0,0,0,0,0,6,6,6,6,6,6,6,6,6,6,6,6,6,6,6,6,0,0,0,0,0,0,0,0,0,0,0,0,0,0,0,0,0,0,0,0,0,0,0,17,17,17,17,17,17,17,17,17,17,17,17,17,17,17,17,17,17,17,17,17,17,17,0,0,0,0,0,0,1,9,9,9,9,9,9,9,9,9,9,9,9,9,9,9,9,0,11,20,1,0,0,4,29,29,29,29,29,29,29,29,29,29,29,29,29,29,29,29,0,16,29,1,0,0,1,8,27,24,8,8,8,20,29,10,8,8,13,29,17,8,13,0,16,29,1,0,0,11,7,26,21,11,7,0,16,29,5,15,0,6,29,11,18,6,0,16,29,1,0,0,13,8,26,21,13,8,0,16,29,5,18,0,6,29,11,22,6,0,16,29,1,0,0,13,8,26,21,13,8,0,16,29,5,18,0,6,29,11,22,6,0,16,29,1,0,0,2,1,26,21,2,1,0,16,29,2,3,0,6,29,11,3,6
15,29,2,5,29,12,0,25,22,0,15,29,2,5,29,12,0,25,22,0,0,0,22,0,0,0,0,0,0,0,0,0,0,0,0,0,0,0,0,0,0,0,0,0,0,22,0,0,0,0,0,0,0,0,0,0,0,0,0,0,0,0,0,0,0,0,0,0,22,0,0,0,0,0,0,0,0,0,0,0,0,0,0,0,0,0,0,0,0,0,0,22,16,17,17,17,17,17,17,17,17,17,17,17,17,17,17,17,17,17,1,0,0,0,22,0,0,0,0,0,0,0,0,0,0,0,0,0,0,0,0,0,0,0,0,0,0,22,0,0,0,0,0,0,0,0,0,0,0,0,0,0,0,0,0,0,0,0,0,0,22,10,18,1,3,18,8,0,16,14,0,10,18,1,3,18,8,0,16,14,0,0,0,22,15,29,2,5,29,12,0,25,22,0,15,29,2,5,29,12,0,25,22,0,0,0,22,15,29,2,5,29,12,0,25,22,0,15,29,2,5,29,12,0,25,22,0,0,0,22,15,29,2,5,29,12,0,25,22,0,15,29,2,5,29,12,0,25,22,0,0,0,22,15,29,2,5,29,12,0,25,22,0,15,29,2,5,29,12,0,25,22,0,0,0,22,3,5,0,1,5,2,0,5,4,0,3,5,0,1,5,2,0,5,4,0,0,0,22,0,0,0,0,0,0,0,0,0,0,0,0,0,0,0,0,0,0,0,0,0,0,22,7,7,7,7,7,7,7,7,7,7,7,7,7,7,7,7,7,7,0,0,0,0,22,8,8,8,8,8,8,8,8,8,8,8,8,8,8,8,8,8,8,0,0,0,0,22,0,0,0,0,0,0,0,0,0,0,0,0,0,0,0,0,0,0,0,0,0,0,22,15,29,2,5,29,12,0,25,22,0,15,29,2,5,29,12,0,25,22,0,0,0,22,15,29,2,5,29,12,0,25,22,0,15,29,2,5,29,12,0,25,22,0,0,0,22,15,29,2,5,29,12,0,25,22,0,15,29,2,5,29,12,0,25,22,0,0,0,22,15,29,2,5,29,12,0,25,22,0,15,29,2,5,29,12,0,25,22,0,0,0,22,15,29,2,5,29,12,0,25,22,0,15,29,2,5,29,12,0,25,22,0,0,0,22,15,29,2,5,29,12,0,25,22,0,15,29,2,5,29,12,0,25,22,0,0,0,17
12,12,12,12,12,12,12,12,4,0,2,12,12,12,12,12,12,12,12,12,12,12,12,3,3,3,3,3,3,3,3,1,0,0,3,3,3,3,3,3,3,3,3,3,3,3,17,16,0,2,17,17,17,5,0,0,0,2,17,17,17,5,0,13,17,17,10,0,7,15,26,0,3,24,15,22,8,0,0,0,3,24,15,22,8,0,23,15,17,18,0,13,10,22,0,3,18,13,13,8,0,0,0,3,18,13,13,8,0,22,7,9,18,0,13,18,13,0,3,18,22,7,5,0,0,0,3,18,22,7,5,0,22,13,11,10,0,13,18,0,0,3,18,22,0,0,0,0,0,3,18,22,0,0,0,22,13,8,0,0,13,27,22,13,3,18,23,22,20,0,0,0,3,18,23,22,20,0,22,13,25,22,5,13,9,9,5,3,18,7,9,8,0,0,0,3,18,7,9,8,0,22,4,9,9,2,13,18,18,0,3,25,18,18,5,0,0,0,3,25,18,18,5,0,23,18,18,12,0,13,13,25,0,3,24,13,21,8,0,0,0,3,24,13,21,8,0,23,13,16,18,0,13,5,22,4,6,18,6,13,10,5,0,4,6,18,6,13,10,5,22,4,6,18,6,13,18,22,13,12,18,22,13,12,18,0,13,12,18,22,13,12,18,22,13,12,18,22,13,18,22,13,12,18,22,13,12,18,0,13,12,18,22,13,12,18,22,13,12,18,22,13,18,22,13,12,18,22,13,12,18,0,13,12,18,22,13,12,18,22,13,12,18,22,13,11,22,8,9,18,13,13,11,11,0,8,9,18,13,13,11,11,22,8,9,18,13,13,0,22,0,3,18,0,13,8,0,0,0,3,18,0,13,8,0,22,0,3,18,0,13,0,22,0,3,18,0,13,8,0,0,0,3,18,0,13,8,0,22,0,3,18,0,13,0,22,0,3,18,0,13,8,0,0,0,3,18,0,13,8,0,22,0,3,18,0,13,0,22,0,3,18,0,13,8,0,0,0,3,18,0,13,8,0,22,0,3,18,0,13,0,16,0,2,13,0,10,6,0,0,0,2,13,0,10,6,0,16,0,2,13,0,10,2,2,2,2,2,2,2,2,1,0,0,2,2,2,2,2,2,2,2,2,2,2,2,13,13,13,13,13,13,13,13,5,0,2,13,13,13,13,13,13,13,13,13,13,13,13
28,19,0,18,29,0,8,29,9,0,28,19,0,0,0,19,0,0,15,17,13,13,13,28,19,0,18,29,0,8,29,9,0,28,19,0,0,0,22,0,0,15,9,2,2,2,28,19,0,18,29,0,8,29,9,0,28,19,0,0,0,22,0,0,15,6,0,0,7,28,19,0,18,29,0,8,29,9,0,28,19,0,0,0,14,1,7,19,6,0,0,23,28,19,0,18,29,0,3,11,3,0,11,7,0,0,0,0,4,29,29,6,0,0,7,28,19,0,18,29,0,0,0,0,0,0,0,0,0,0,0,1,10,10,2,0,0,0,28,19,0,18,29,0,0,0,15,17,17,17,17,17,17,17,17,17,17,17,17,17,16,28,19,0,18,29,0,0,0,0,0,0,0,0,0,0,0,0,0,0,0,0,0,0,28,19,0,18,29,0,0,0,0,0,0,10,21,21,21,21,21,21,4,10,21,21,21,28,19,0,18,29,0,7,25,8,0,0,13,26,26,29,28,26,26,5,13,27,29,27,28,19,0,18,29,0,8,29,9,0,0,0,0,0,28,19,0,0,0,0,8,29,9,28,19,0,18,29,0,8,29,9,0,18,23,22,0,28,19,3,23,23,14,8,29,9,28,19,0,18,29,0,8,29,9,0,6,8,8,0,28,19,1,8,8,5,8,29,9,28,19,0,18,29,0,8,29,9,0,0,9,19,19,29,26,19,19,19,19,22,29,22,28,19,0,18,29,0,0,0,0,0,0,14,28,28,28,28,28,28,28,28,28,28,28,28,19,0,18,29,0,0,0,0,0,0,0,0,0,0,0,0,0,0,0,0,0,0,28,19,0,18,29,0,0,0,0,0,0,0,0,0,0,0,0,0,0,0,0,0,0,28,19,0,18,29,0,0,0,15,17,17,17,17,17,17,17,17,17,17,17,17,17,16,28,19,0,18,29,0,0,0,0,9,9,9,9,9,9,5,0,0,0,0,0,0,0,28,19,0,18,29,0,0,0,0,29,29,29,29,29,29,15,0,0,0,0,0,0,0,28,19,0,18,29,0,0,0,0,29,10,8,8,8,8,4,0,5,24,17,17,17,16,28,19,0,18,29,0,0,0,0,29,5,11,11,11,11,11,11,15,16,0,0,0,0,28,19,0,18,29,0,0,0,0,29,3,4,4,4,4,4,4,9,16,0,16,17,16
29,11,0,26,21,0,16,29,1,6,29,11,0,26,21,0,16,29,1,6,29,11,0,29,11,0,26,21,0,16,29,1,6,29,11,0,26,21,0,16,29,1,6,29,11,0,29,11,0,26,21,0,16,29,1,6,29,11,0,26,21,0,16,29,1,6,29,11,0,29,11,0,26,21,0,16,29,1,6,29,11,0,26,21,0,16,29,1,6,29,11,0,15,6,0,14,11,0,9,15,1,3,15,6,0,14,11,0,9,15,1,3,15,6,0,0,0,0,0,0,0,0,0,0,0,0,0,0,0,0,0,0,0,0,0,0,0,0,0,0,0,0,0,0,0,0,0,0,0,0,0,0,0,0,0,0,0,0,0,0,0,17,17,17,17,17,17,17,17,17,17,17,17,17,17,17,17,17,17,17,17,17,17,17,0,0,0,0,0,0,0,0,0,0,0,0,0,0,0,0,0,0,0,0,0,0,0,20,8,0,18,15,0,11,20,1,4,20,8,0,18,15,0,11,20,1,4,20,8,0,29,11,0,26,21,0,16,29,1,6,29,11,0,26,21,0,16,29,1,6,29,11,0,29,11,0,26,21,0,16,29,1,6,29,11,0,26,21,0,16,29,1,6,29,11,0,29,11,0,26,21,0,16,29,1,6,29,11,0,26,21,0,16,29,1,6,29,11,0,29,11,0,26,21,0,16,29,1,6,29,11,0,26,21,0,16,29,1,6,29,11,0,29,11,0,26,21,0,16,29,1,6,29,11,0,26,21,0,16,29,1,6,29,11,0,21,8,0,19,16,0,12,21,1,5,21,8,0,19,16,0,12,21,1,5,21,8,0,0,0,0,0,0,0,0,0,0,0,0,0,0,0,0,0,0,0,0,0,0,0,0,7,7,7,7,7,7,7,7,7,7,7,7,7,7,7,7,7,7,7,7,7,7,7,8,8,8,8,8,8,8,8,8,8,8,8,8,8,8,8,8,8,8,8,8,8,8,11,0,1,9,0,6,4,0,11,0,1,9,0,6,4,0,11,0,1,9,0,6,4,22,0,3,18,0,13,8,0,22,0,3,18,0,13,8,0,22,0,3,18,0,13,8,22,0,3,18,0,13,8,0,22,0,3,18,0,13,8,0,22,0,3,18,0,13,8,22,0,3,18,0,13,8,0,22,0,3,18,0,13,8,0,22,0,3,18,0,13,8
18,0,0,0,0,22,0,3,18,0,13,8,0,22,0,3,18,0,13,8,0,22,0,18,0,0,0,0,22,0,3,18,0,13,8,0,22,0,3,18,0,13,8,0,22,0,18,0,0,0,0,23,23,24,18,0,13,25,23,27,0,3,27,23,26,8,0,23,23,18,0,0,0,0,23,8,11,18,0,13,15,8,24,0,3,22,8,18,8,0,23,8,18,19,0,3,15,22,11,11,18,19,13,12,15,22,11,11,18,19,13,12,15,22,11,18,22,0,3,18,22,13,12,18,22,13,12,18,22,13,12,18,22,13,12,18,22,13,17,22,0,3,18,20,13,12,17,22,12,12,18,20,13,12,17,22,12,12,18,20,13,0,22,0,3,18,0,13,8,0,22,0,3,18,0,13,8,0,22,0,3,18,0,13,0,22,0,3,18,0,13,11,13,22,10,10,18,0,13,8,0,22,10,10,18,16,13,0,22,0,3,18,0,13,12,18,22,13,12,18,0,13,8,0,22,13,12,18,22,13,0,22,0,3,18,0,13,12,18,22,13,12,18,0,13,8,0,22,13,12,18,22,13,0,6,0,1,5,0,13,12,18,22,13,12,18,0,4,2,0,22,13,12,18,22,13,0,0,0,0,0,0,13,12,18,22,13,12,18,0,0,0,0,22,13,12,18,22,13,0,0,0,0,0,0,1,5,18,3,13,9,2,0,0,0,0,3,13,9,2,22,1,0,0,0,0,0,0,0,3,18,0,13,8,0,0,0,0,0,0,13,8,0,22,0,0,7,0,1,6,0,4,6,18,7,13,10,6,0,4,2,0,7,13,10,6,22,4,0,22,0,3,18,0,13,12,18,22,13,12,18,0,13,8,0,22,13,12,18,22,13,0,22,0,3,18,0,13,12,18,22,13,12,18,0,13,8,0,22,13,12,18,22,13,0,22,0,3,18,0,13,9,0,22,0,4,18,0,13,8,0,22,0,4,18,0,13,0,22,0,3,18,0,1,4,15,2,11,7,1,0,13,8,0,2,11,7,1,18,1,0,22,0,3,18,0,0,3,18,0,13,8,0,0,13,8,0,0,13,8,0,22,0,10,22,0,3,18,13,0,3,18,21,13,8,0,13,13,11,10,0,13,12,17,22,0,18,22,0,3,18,22,0,3,18,22,13,8,0,22,13,12,18,0,13,12,18,22,0
0,13,8,0,22,0,3,18,0,13,8,0,22,0,3,18,0,13,8,0,22,0,3,0,13,8,0,22,0,3,18,0,13,8,0,22,0,3,18,0,13,8,0,22,0,3,0,13,8,0,22,0,3,18,0,13,8,0,22,0,3,18,0,13,8,0,22,0,3,0,13,8,0,22,0,3,18,0,13,8,0,22,0,3,18,0,13,8,0,22,0,3,0,7,4,0,12,0,2,10,0,7,4,0,12,0,2,10,0,7,4,0,12,0,2,7,7,7,7,7,7,7,7,7,7,7,7,7,7,7,7,7,7,7,7,7,7,7,8,8,8,8,8,8,8,8,8,8,8,8,8,8,8,8,8,8,8,8,8,8,8,0,0,0,0,0,0,0,0,0,0,0,0,0,0,0,0,0,0,0,0,0,0,0,9,6,0,0,16,29,1,0,0,0,0,0,0,0,16,29,1,6,29,11,0,26,21,10,18,0,0,16,29,1,0,0,0,0,0,0,0,16,29,1,6,29,11,0,26,21,3,18,0,0,16,29,1,0,0,0,0,0,0,0,16,29,1,6,29,11,0,26,21,3,18,0,0,16,29,1,0,3,17,0,0,0,0,16,29,1,6,29,11,0,26,21,3,18,0,0,16,29,1,0,3,18,0,0,0,0,16,29,1,6,29,11,0,26,21,3,18,0,0,16,29,1,0,3,18,0,0,0,0,16,29,1,6,29,11,0,26,21,3,18,0,0,16,29,1,0,3,18,0,0,0,0,6,11,0,2,11,4,0,10,8,3,18,0,0,16,29,1,0,3,18,0,0,0,0,0,0,0,0,0,0,0,0,0,3,18,0,0,16,29,1,0,3,18,0,0,0,0,0,0,8,17,17,17,17,17,17,3,18,0,0,16,29,1,0,3,18,0,0,0,0,0,0,0,0,0,0,0,0,0,3,18,0,0,16,29,1,0,3,18,0,0,0,0,0,0,0,0,0,0,0,0,0,3,18,0,0,16,29,1,0,3,18,0,0,0,0,14,25,1,5,25,9,0,22,18,3,18,0,0,16,29,1,0,3,18,0,0,0,0,16,29,1,6,29,11,0,26,21,3,18,0,0,16,29,1,0,3,18,0,3,2,0,16,29,1,6,29,11,0,26,21,3,18,0,0,16,29,1,0,3,18,0,13,8,0,16,29,1,6,29,11,0,26,21
3,18,0,0,0,0,0,13,8,0,0,6,5,8,0,5,5,9,11,0,0,0,3,3,18,0,0,0,0,0,13,8,0,0,13,9,15,0,10,9,18,22,0,0,0,3,3,18,0,0,0,0,0,13,8,0,0,13,9,15,0,10,9,18,22,0,0,0,22,3,18,0,0,0,0,0,13,8,0,0,13,9,15,0,10,9,18,22,0,0,0,22,3,18,0,0,0,0,0,13,8,0,0,13,9,15,0,9,8,18,22,0,0,0,22,0,4,0,0,0,0,0,3,2,0,0,10,7,2,0,0,0,2,11,0,0,0,4,0,0,0,0,0,0,0,0,0,0,0,0,0,0,13,13,13,13,13,13,13,13,13,0,0,0,0,0,0,0,0,0,0,0,0,0,0,18,18,18,18,18,18,18,18,18,17,17,17,17,17,17,17,17,17,17,17,17,17,17,17,17,17,17,17,17,17,17,17,0,0,0,0,0,0,0,0,0,0,0,0,0,0,0,0,0,0,0,0,0,0,0,0,0,0,0,0,0,0,0,0,0,0,0,0,0,0,0,0,0,0,0,0,0,0,0,9,5,0,0,0,2,12,0,21,27,27,27,27,27,22,0,0,12,27,27,27,27,0,13,8,0,0,0,3,18,0,16,20,20,20,20,23,23,0,0,9,20,20,20,20,7,18,8,0,0,0,3,21,7,7,7,7,7,5,8,23,0,0,0,0,0,0,0,8,18,8,0,0,0,3,22,8,8,8,8,8,6,8,26,13,13,13,13,13,13,13,0,13,11,12,0,9,9,18,0,0,0,0,0,0,8,27,18,18,18,18,18,18,18,0,13,12,18,0,13,12,18,0,19,25,25,25,25,27,23,0,0,7,17,17,17,17,0,13,12,18,0,13,12,18,0,17,22,22,22,22,22,18,0,0,12,29,29,29,29,0,13,12,18,0,13,12,18,0,0,0,0,0,0,0,0,0,0,0,0,0,0,0,0,13,12,18,0,13,12,18,0,2,17,17,17,17,17,17,17,17,17,17,17,17,17,0,13,12,18,0,13,12,18,0,0,0,8,9,9,9,9,9,9,2,0,0,0,0,0,13,11,13,0,9,10,18,0,0,0,5,6,6,6,6,6,17,8,0,0,1,4,0,13,8,0,0,0,3,18,0,0,0,0,8,17,18,18,0,13,9,3,0,6,29
0,0,0,0,0,0,0,0,0,0,0,0,0,0,0,0,0,0,0,0,0,0,0,0,0,0,0,0,0,0,0,0,0,0,0,0,0,0,0,0,0,0,0,0,0,0,8,8,8,8,8,0,0,4,8,8,8,8,8,8,8,8,8,8,8,8,8,8,8,7,7,7,7,7,0,0,3,7,7,7,7,7,7,7,7,7,7,7,7,7,7,7,7,5,0,13,0,0,0,0,7,5,0,13,0,2,10,0,7,5,0,13,0,2,10,13,8,0,22,0,0,0,0,13,8,0,22,0,3,18,0,13,8,0,22,0,3,18,13,8,0,22,0,0,0,0,13,8,0,22,0,3,18,0,13,8,0,22,0,3,18,13,8,0,22,0,0,0,0,13,8,0,22,0,3,18,0,13,8,0,22,0,3,18,13,8,0,22,0,0,0,0,13,8,0,22,0,3,18,0,13,8,0,22,0,3,18,13,10,8,22,6,3,0,9,13,10,8,22,6,7,18,9,13,10,8,22,6,7,18,13,12,18,22,13,8,0,22,13,12,18,22,13,12,18,22,13,12,18,22,13,12,18,13,12,18,22,13,8,0,22,13,12,18,22,13,12,18,22,13,12,18,22,13,12,18,13,12,18,22,13,8,0,22,13,12,18,22,13,12,18,22,13,12,18,22,13,12,18,13,10,8,22,6,4,0,10,13,10,8,22,6,8,18,10,13,10,8,22,6,8,18,13,15,8,24,0,0,0,0,13,15,8,24,0,3,22,8,18,8,0,23,8,11,18,11,23,23,27,0,0,0,0,11,23,23,27,0,3,23,23,26,8,0,19,23,24,18,4,4,3,22,0,0,0,0,4,4,3,22,0,3,4,4,13,8,1,4,4,5,18,27,28,18,22,0,0,0,0,27,28,18,22,0,19,27,28,13,8,10,27,28,12,18,0,3,18,22,0,0,0,0,0,3,18,22,0,0,0,22,13,8,0,0,13,12,18,5,7,18,22,0,0,0,0,5,7,18,22,0,1,6,22,13,8,0,8,13,12,18,4,4,6,7,0,0,0,0,4,4,6,7,0,1,6,7,4,2,0,7,4,4,6,0,0,0,0,0,0,0,0,0,0,0,0,0,0,0,0,0,0,0,0,0,0,0,0,0,0,0,0,0,0,0,0,0,0,0,0,0,0,0,0,0,0,0,0,0,0
21,12,10,0,21,12,10,0,21,0,1,20,21,0,1,20,21,0,1,20,0,4,22,21,12,10,0,21,12,11,7,21,5,6,20,21,0,1,20,21,5,6,20,0,4,22,21,12,10,0,21,12,12,20,21,12,12,20,21,0,1,20,21,12,12,20,0,4,22,21,12,10,0,21,12,12,20,21,12,12,20,21,0,1,20,21,12,12,20,0,2,13,21,12,10,0,21,12,12,20,21,12,12,20,21,0,1,20,21,12,12,20,0,0,0,21,9,7,0,15,12,12,14,21,9,9,20,15,0,1,14,21,9,9,20,0,4,19,21,1,0,3,0,12,11,0,3,0,2,20,0,2,1,0,21,1,0,3,0,4,22,21,12,12,20,21,12,12,20,3,12,12,20,21,12,12,20,21,12,11,3,0,4,22,21,12,12,20,21,12,12,20,21,12,12,20,21,12,12,20,21,12,12,20,0,4,22,21,5,6,20,8,12,11,7,21,5,6,20,8,12,11,7,21,5,6,20,0,4,22,21,6,7,20,10,12,10,0,21,0,1,20,10,12,11,9,21,0,1,20,0,4,22,21,12,12,20,21,12,11,1,21,1,2,20,21,12,12,20,21,1,2,20,0,4,22,21,12,12,20,21,12,12,20,21,12,12,20,21,12,12,20,21,12,12,20,0,4,22,21,10,10,20,16,12,12,20,21,12,12,20,16,12,12,16,21,12,12,20,0,4,22,21,0,1,20,0,11,12,20,21,12,12,20,0,11,10,0,21,12,12,20,0,4,22,21,0,1,20,0,11,10,0,21,0,1,20,0,11,10,0,21,0,1,20,0,4,22,21,0,1,20,0,11,10,0,21,0,1,20,0,11,10,0,21,0,1,20,0,4,22,21,0,0,0,0,11,10,0,0,0,1,20,0,0,0,0,21,0,0,0,0,4,22,21,26,11,17,19,27,12,11,3,6,8,28,25,10,10,25,28,7,6,3,0,4,22,5,16,12,20,21,7,4,20,21,12,11,6,23,12,12,23,6,12,12,20,0,4,22,0,11,12,20,21,0,1,20,21,12,10,0,21,12,12,20,0,11,12,20,0,4,22,0,11,12,20,21,0,1,12,21,8,6,0,21,12,12,20,0,7,8,20,0,4,22,0,11,10,0,21,0,0,0,21,0,0,0,21,0,1,20,0,0,1,20,0,4,22
13,29,4,3,29,14,0,23,25,0,0,5,6,21,10,11,12,10,20,7,6,21,2,13,29,4,3,29,14,0,23,25,0,0,10,12,21,20,12,12,21,20,12,12,21,4,13,29,4,3,29,14,0,23,25,0,0,10,12,21,20,12,12,21,20,12,12,21,4,13,29,4,3,29,14,0,23,25,0,0,10,12,5,20,4,3,21,4,11,12,5,4,13,29,4,3,29,14,0,23,25,0,0,10,11,0,20,6,5,21,8,11,11,0,4,13,29,4,3,29,14,0,23,25,0,0,10,11,0,20,12,12,21,20,12,11,0,4,13,29,4,3,29,14,0,23,25,0,0,10,11,0,20,12,12,21,20,12,11,0,4,13,29,4,3,29,14,0,23,25,0,0,6,7,0,20,12,12,21,20,12,11,0,3,3,7,1,1,7,3,0,23,25,0,0,0,0,0,20,12,12,21,20,12,11,0,0,2,4,0,0,4,2,0,23,25,0,0,0,0,0,9,11,12,10,20,7,5,0,0,13,29,4,3,29,14,0,23,25,0,0,0,0,0,0,10,11,0,20,1,0,0,0,13,29,4,3,29,14,0,23,25,0,0,0,0,0,0,10,11,0,20,1,0,0,0,13,29,4,3,29,14,0,23,25,0,0,10,11,0,20,12,12,21,20,12,11,0,4,13,29,4,3,29,14,0,23,25,0,0,10,11,0,20,12,12,21,20,12,11,0,4,13,29,4,3,29,14,0,23,25,0,0,10,11,0,20,6,5,21,7,11,11,0,4,13,29,4,3,29,14,0,23,25,0,0,10,11,0,9,5,6,9,9,5,5,0,4,13,29,4,3,29,14,0,23,25,0,0,10,11,0,0,10,11,0,20,1,0,0,4,13,29,4,3,29,14,0,23,25,0,0,10,12,5,0,10,12,13,20,1,0,5,4,13,29,4,3,29,14,0,23,25,0,0,10,12,21,0,10,12,21,20,1,0,21,4,13,29,4,3,29,14,0,23,25,0,0,10,12,21,0,10,12,21,20,1,0,21,4,0,0,0,0,0,0,0,12,13,0,0,5,7,21,18,27,12,21,20,26,11,21,2,0,0,0,0,0,0,0,0,0,0,0,0,0,0,20,8,2,4,4,15,11,0,0,0,0,0,0,0,0,0,21,22,0,0,6,6,0,20,1,0,12,0,10,11,0,2
22,0,3,18,0,13,8,0,22,0,3,18,0,13,8,0,22,0,3,18,0,13,8,22,0,3,18,0,13,8,0,22,0,3,18,0,13,8,0,22,0,3,18,0,13,8,22,0,3,18,0,13,8,0,22,0,3,18,0,13,8,0,22,0,3,18,0,13,8,22,0,3,18,0,13,8,0,22,0,3,18,0,13,8,0,22,0,3,18,0,13,8,12,0,2,10,0,7,4,0,12,0,2,10,0,7,4,0,12,0,2,10,0,7,4,7,7,7,7,7,7,7,7,7,7,7,7,7,7,7,7,7,7,7,7,7,7,7,8,8,8,8,8,8,8,8,8,8,8,8,8,8,8,8,8,8,8,8,8,8,8,0,0,0,0,0,0,0,0,0,0,0,0,0,0,0,0,0,0,0,0,0,0,0,16,29,1,6,29,11,0,26,21,0,16,29,1,6,29,11,0,26,21,0,16,29,1,16,29,1,6,29,11,0,26,21,0,16,29,1,6,29,11,0,26,21,0,16,29,1,16,29,1,6,29,11,0,26,21,0,16,29,1,6,29,11,0,26,21,0,16,29,1,16,29,1,6,29,11,0,26,21,0,16,29,1,6,29,11,0,26,21,0,16,29,1,16,29,1,6,29,11,0,26,21,0,16,29,1,6,29,11,0,26,21,0,16,29,1,16,29,1,6,29,11,0,26,21,0,16,29,1,6,29,11,0,26,21,0,16,29,1,6,11,0,2,11,4,0,10,8,0,6,11,0,2,11,4,0,10,8,0,16,29,1,0,0,0,0,0,0,0,0,0,0,0,0,0,0,0,0,0,0,0,0,16,29,1,17,17,17,17,17,17,17,17,17,17,17,17,17,17,17,17,17,17,0,0,16,29,1,0,0,0,0,0,0,0,0,0,0,0,0,0,0,0,0,0,0,0,0,16,29,1,0,0,0,0,0,0,0,0,0,0,0,0,0,0,0,0,0,0,0,0,16,29,1,14,25,1,5,25,9,0,22,18,0,14,25,1,5,25,9,0,22,18,0,3,5,0,16,29,1,6,29,11,0,26,21,0,16,29,1,6,29,11,0,26,21,0,0,0,0,16,29,1,6,29,11,0,26,21,0,16,29,1,6,29,11,0,26,21,0,0,0,6,16,29,1,6,29,11,0,26,21,0,16,29,1,6,29,11,0,26,21,0,0,0,22
6,5,8,0,5,5,9,11,0,0,0,3,4,12,24,4,4,4,1,2,4,12,24,13,9,15,0,10,9,18,22,0,0,0,3,4,11,23,6,0,0,0,3,4,11,23,13,9,15,0,10,9,18,22,0,0,0,22,10,14,23,16,13,8,0,22,10,14,23,13,9,15,0,10,9,18,22,0,0,0,22,10,14,23,16,13,8,0,22,10,14,23,13,9,15,0,9,8,18,22,0,0,0,22,9,13,23,14,7,5,0,22,9,13,23,10,7,2,0,0,0,2,11,0,0,0,4,0,8,23,0,0,0,0,4,0,8,23,0,0,0,13,13,13,13,13,13,13,13,13,13,18,26,13,13,13,13,13,13,18,26,0,0,0,18,18,18,18,18,18,18,18,18,18,18,18,18,18,18,18,18,18,18,18,17,17,17,17,17,17,17,17,17,17,17,17,17,17,17,17,17,17,17,17,17,17,17,0,0,0,0,0,0,0,0,0,0,0,0,0,0,0,0,0,0,0,0,0,0,0,0,0,0,0,0,0,0,0,0,0,0,0,0,0,0,0,0,0,2,10,4,0,9,27,27,27,27,22,0,0,12,27,27,27,27,27,27,27,1,0,0,6,29,11,0,26,20,20,20,23,23,0,0,9,20,20,20,20,20,26,29,1,0,0,6,29,11,0,26,7,7,5,8,23,0,0,0,0,0,0,0,0,16,29,1,0,0,6,29,11,0,26,8,8,6,8,26,13,13,13,13,13,13,13,5,16,29,1,0,0,6,29,11,0,26,0,0,0,8,27,18,18,18,18,18,18,18,6,16,29,1,0,0,6,29,11,0,26,25,25,25,27,23,0,0,7,17,17,17,17,17,24,29,1,0,0,6,29,11,0,26,22,22,22,22,18,0,0,12,29,29,29,29,29,29,29,1,0,0,0,1,0,0,1,0,0,0,0,0,0,0,0,0,0,0,0,0,0,0,0,0,0,0,0,0,0,0,17,17,17,17,17,17,17,17,17,17,17,17,17,17,17,17,6,0,0,0,0,8,17,8,9,9,9,9,9,9,2,0,0,0,0,0,0,0,0,0,0,0,0,0,0,0,5,6,6,6,6,6,17,8,0,0,0,0,4,3,0,2,4,0,1,4,1,0,4,0,8,17,18,18,0,13,9,3,0,0,0,26,21,0,16,29,1,6,29,11,0,26
6,13,12,18,22,3,10,18,22,13,13,4,22,13,12,18,5,17,12,18,23,6,6,0,13,12,18,22,0,3,18,22,13,8,0,22,13,12,18,0,13,12,18,22,0,3,0,8,9,18,13,0,3,18,22,13,8,0,13,13,11,11,0,13,12,18,22,0,2,0,0,3,18,0,0,3,18,0,13,8,0,0,13,8,0,0,13,8,0,22,0,0,0,0,3,18,0,0,3,15,0,11,7,0,0,13,8,0,0,11,7,0,19,0,0,22,0,3,18,0,13,8,0,22,0,3,18,0,13,8,0,22,0,3,18,0,13,8,22,0,3,18,0,13,12,18,22,13,12,18,0,13,8,0,22,13,12,18,22,13,8,22,0,3,18,0,13,12,18,22,13,12,18,0,13,8,0,22,13,12,18,22,13,8,8,0,1,6,0,5,7,18,8,13,10,6,0,5,3,0,8,13,10,6,22,5,3,0,0,0,0,0,0,3,18,0,13,8,0,0,0,0,0,0,13,8,0,22,0,0,1,0,0,0,0,0,4,18,1,13,9,1,0,0,0,0,1,13,9,1,22,0,0,22,0,0,0,0,13,12,18,22,13,12,18,0,0,0,0,22,13,12,18,22,13,8,22,0,0,4,0,13,12,18,22,13,12,18,0,3,2,0,22,13,12,18,22,13,8,22,0,3,18,0,13,12,18,22,13,12,18,0,13,8,0,22,13,12,18,22,13,8,22,0,3,18,0,13,12,18,22,13,12,18,0,13,8,0,22,13,12,18,22,13,8,22,0,3,18,0,13,12,14,22,10,10,18,0,13,8,0,22,10,10,18,17,13,8,22,0,3,18,0,13,8,0,22,0,3,18,0,13,8,0,22,0,3,18,0,13,8,22,12,11,18,19,13,12,16,22,12,11,18,19,13,12,16,22,12,11,18,19,13,12,22,13,12,18,22,13,12,18,22,13,12,18,22,13,12,18,22,13,12,18,22,13,12,19,13,12,16,22,12,11,18,19,13,12,16,22,12,11,18,19,13,12,16,22,12,11,7,18,8,0,23,7,10,18,0,13,14,7,24,0,3,21,7,18,8,0,23,7,10,25,27,8,0,23,25,25,18,0,13,26,25,27,0,3,28,25,27,8,0,23,25,25,0,13,8,0,22,0,3,18,0,13,8,0,22,0,3,18,0,13,8,0,22,0,3
0,0,2,13,8,0,6,13,5,0,0,0,0,6,13,4,0,11,13,0,0,0,0,0,0,3,20,18,0,13,22,6,0,0,0,0,9,24,8,0,23,18,0,0,0,0,0,0,0,3,18,0,13,8,0,0,0,0,0,0,13,8,0,22,0,0,0,0,0,17,0,13,12,18,0,13,12,17,0,13,8,0,21,13,8,0,22,13,8,0,21,0,18,0,13,12,18,0,13,12,18,0,13,8,0,22,13,8,0,22,13,8,0,22,0,18,20,13,12,18,0,13,12,18,20,13,12,17,22,13,8,0,22,13,12,17,22,12,18,22,13,12,18,0,13,12,18,22,13,12,18,22,13,8,0,22,13,12,18,22,13,18,22,13,12,18,0,13,12,18,22,13,12,18,22,13,8,0,22,13,12,18,22,13,18,22,13,12,18,0,13,12,18,22,13,12,18,22,13,8,0,22,13,12,18,22,13,12,3,13,9,3,0,2,5,18,3,8,6,3,22,2,1,0,3,13,9,3,14,2,0,13,13,11,10,16,7,9,18,13,0,2,10,22,7,7,13,13,13,11,10,0,7,13,22,13,12,18,22,13,12,18,22,9,10,18,22,13,12,18,22,13,12,18,16,13,18,19,13,12,15,22,11,11,18,19,13,12,15,22,11,11,18,19,13,12,15,22,11,18,0,13,8,0,22,0,3,18,0,13,8,0,22,0,3,18,0,13,8,0,22,0,18,0,13,12,18,22,13,12,18,0,13,8,0,22,13,12,18,22,13,8,0,22,0,18,13,13,12,18,22,13,12,18,13,13,11,11,22,13,12,18,22,13,11,11,22,8,18,22,13,12,18,22,13,12,18,22,13,12,18,22,13,12,18,22,13,12,18,22,13,18,22,13,9,4,22,3,6,18,22,13,12,18,22,3,6,18,5,13,12,18,22,13,18,10,13,8,0,22,0,3,18,10,13,10,8,22,0,3,18,0,13,10,8,22,6,18,0,13,8,0,22,0,3,18,0,13,8,0,22,0,3,18,0,13,8,0,22,0,8,0,13,8,0,9,0,3,18,0,6,3,0,22,0,1,8,0,13,8,0,9,0,0,2,13,17,7,8,5,14,18,2,0,0,1,23,11,5,6,9,20,9,1,0,1,3,11,6,14,9,11,6,14,9,11,2,3,9,11,14,6,9,11,14,6,9,4,6
12,12,12,12,12,12,12,12,12,12,12,12,12,12,12,12,12,12,12,12,12,12,12,3,3,3,3,3,3,3,3,3,3,3,3,3,3,3,3,3,3,3,3,3,3,3,0,0,0,0,0,0,0,0,0,0,0,0,0,0,0,0,0,0,0,0,0,0,0,22,22,22,22,22,21,0,0,6,22,22,22,22,22,22,6,1,9,0,0,0,0,11,26,25,25,25,25,24,0,0,8,29,25,25,25,25,25,6,3,18,0,0,0,0,22,1,0,0,0,0,0,0,0,8,23,0,2,2,2,2,2,6,18,0,0,0,0,23,1,7,8,8,8,8,8,8,15,23,2,13,13,13,13,13,16,18,0,0,0,0,23,1,19,23,23,23,23,23,23,25,23,0,0,0,0,0,0,3,18,11,0,1,9,22,14,12,12,12,12,12,0,0,8,28,20,20,20,20,20,5,3,18,22,0,3,18,22,29,29,29,29,29,27,0,0,8,27,27,27,27,27,27,7,3,18,22,0,3,18,22,5,5,5,5,5,5,0,0,0,0,0,0,0,0,0,0,3,18,22,0,3,18,22,17,17,17,17,17,17,17,17,17,17,17,17,17,17,11,0,3,18,22,0,3,18,22,0,0,0,0,0,0,3,4,4,4,4,4,4,1,0,0,3,18,22,0,3,18,22,0,0,0,0,0,0,23,11,11,11,11,11,11,4,0,0,3,18,19,0,3,16,22,16,29,1,0,0,0,22,0,3,22,17,17,0,0,0,0,3,18,0,0,0,0,22,16,29,1,0,3,18,22,0,3,18,0,2,1,0,0,0,3,18,13,0,2,11,22,16,29,1,0,3,18,22,0,3,18,0,13,8,0,0,0,3,18,22,0,3,18,22,3,6,0,0,2,11,22,0,3,18,0,13,16,10,10,10,13,18,22,0,3,18,23,0,0,0,0,0,0,23,0,3,18,0,13,24,21,21,21,21,13,7,0,1,6,17,0,0,7,15,15,15,15,0,3,18,0,13,8,0,0,0,0,0,0,0,0,0,0,0,0,0,2,17,17,17,17,18,16,0,7,4,0,0,0,0,0,0,0,0,0,0,2,2,2,2,2,2,2,2,2,2,2,2,2,2,2,2,2,2,2,2,2,2,2,13,13,13,13,13,13,13,13,13,13,13,13,13,13,13,13,13,13,13,13,13,13,13
9,14,0,0,0,0,0,12,14,14,14,14,14,14,14,14,14,14,14,5,0,0,0,0,0,0,0,0,13,20,17,17,17,17,17,11,0,0,2,1,0,0,0,0,0,0,0,0,0,0,0,13,8,0,1,5,0,0,0,0,0,13,8,0,0,0,0,0,0,0,0,0,0,0,13,8,0,3,18,0,0,0,0,0,13,8,0,0,0,0,0,0,0,0,0,0,0,13,8,0,3,18,0,0,0,0,0,13,8,0,0,0,0,0,0,3,5,5,3,0,13,8,0,3,7,5,5,5,5,5,6,6,5,5,5,5,0,0,9,14,13,18,0,13,8,3,9,14,14,14,14,14,14,14,14,14,14,12,25,0,0,8,12,4,18,0,13,8,10,26,12,12,12,12,12,12,12,12,12,12,4,22,0,0,5,2,3,18,0,13,8,0,22,0,3,7,7,7,7,7,7,7,5,0,22,0,0,5,3,3,18,0,13,8,0,22,0,4,8,8,8,8,8,8,8,6,0,22,0,0,2,3,4,18,0,13,8,0,23,3,3,3,3,3,3,3,3,3,3,1,22,0,0,8,12,4,18,0,13,8,1,12,14,14,13,12,12,12,12,12,12,12,4,22,0,0,0,0,3,18,0,13,8,12,14,21,19,5,0,0,0,0,0,0,0,0,22,0,0,0,0,3,18,0,13,8,0,16,13,8,0,0,0,0,13,8,0,0,0,22,0,0,0,0,3,18,0,13,8,0,22,13,8,0,0,0,0,13,8,0,0,0,22,0,0,0,0,3,18,0,13,8,0,16,13,8,0,0,0,0,9,6,0,0,0,22,0,0,10,15,17,18,0,13,8,13,15,22,20,15,15,15,15,15,15,15,15,15,26,0,0,0,0,0,0,0,13,18,14,14,14,14,14,10,0,0,0,0,0,0,0,0,0,0,0,0,0,0,0,1,2,2,2,2,2,2,2,0,0,0,0,0,0,0,0,0,0,11,17,17,17,17,17,17,17,17,17,17,17,17,17,17,17,17,17,17,17,17,17,11,0,0,0,0,0,0,0,0,0,0,0,0,0,0,0,0,0,0,0,0,0,0,0,12,29,29,29,17,2,29,29,29,27,0,22,29,29,29,7,0,0,0,0,0,0,0,8,21,29,23,11,1,18,28,27,17,0,14,25,29,19,5,0,0,5,8,0,0,0
0,0,0,26,21,0,16,29,1,6,29,11,0,0,0,0,3,18,0,13,8,0,22,0,0,0,26,21,0,16,29,1,6,29,11,0,0,0,0,3,18,0,13,8,0,22,0,0,0,26,21,0,16,29,1,6,29,11,0,0,0,0,3,18,0,13,8,0,22,0,0,0,26,21,0,16,29,1,6,29,11,0,0,0,0,3,18,0,13,8,0,22,0,0,0,26,21,0,16,29,1,6,29,11,0,0,0,5,7,18,9,13,10,7,22,0,0,0,26,21,0,16,29,1,6,29,11,0,0,0,13,12,18,22,13,12,18,22,0,0,0,10,8,0,6,11,0,2,11,4,0,0,0,13,12,18,22,13,12,18,22,0,0,0,0,0,0,0,0,0,0,0,0,0,0,0,13,12,18,22,13,12,18,22,17,17,17,17,17,17,17,17,17,6,0,0,0,0,0,6,8,18,11,13,10,9,22,0,0,0,0,0,0,0,0,0,0,0,0,0,0,0,0,3,21,7,18,8,0,23,0,0,0,0,0,0,0,0,0,0,0,0,0,0,0,0,3,25,25,27,8,0,20,25,9,0,22,18,0,14,25,1,5,25,9,0,0,0,0,2,3,3,13,8,1,3,29,11,0,26,21,0,16,29,1,6,29,11,0,0,0,0,20,28,28,13,8,10,28,29,11,0,26,21,0,16,29,1,6,29,11,0,0,0,0,0,0,22,13,8,0,0,29,11,0,26,21,0,16,29,1,6,29,11,0,0,0,0,1,6,22,13,8,0,7,29,11,0,26,21,0,16,29,1,6,29,11,0,0,0,0,3,18,17,13,8,0,22,0,0,0,0,0,0,0,0,0,0,0,0,0,0,0,0,3,22,9,19,8,0,23,0,0,0,0,0,0,0,0,0,0,0,0,0,0,0,0,3,22,22,22,6,0,18,0,0,0,0,0,0,0,0,0,0,0,0,0,0,0,0,0,0,0,0,0,0,0,0,0,8,17,17,17,17,17,17,6,0,0,0,0,0,2,17,17,17,17,17,17,17,0,0,0,0,0,0,0,0,0,0,0,0,0,0,0,0,0,3,0,2,1,0,4,0,0,0,0,0,0,0,0,0,0,0,0,0,0,0,0,3,18,0,13,8,0,22,0,0,0,17,13,0,10,18,1,4,18,7,0,0,0,0,3,18,0,13,8,0,22
0,5,16,0,15,6,0,22,0,5,16,0,15,6,0,22,0,5,16,0,15,6,0,0,5,16,0,15,6,0,22,0,5,16,0,15,6,0,22,0,5,16,0,15,6,0,0,5,27,23,27,6,0,25,23,25,16,0,15,25,23,26,0,5,27,23,27,6,0,0,5,20,8,20,6,0,23,8,13,16,0,15,13,8,24,0,5,20,8,20,6,0,13,11,16,19,15,11,14,22,13,11,16,19,15,11,14,22,13,11,16,19,15,11,14,15,12,16,22,15,12,16,22,15,12,16,22,15,12,16,22,15,12,16,22,15,12,16,15,12,15,22,14,12,16,20,15,12,15,22,14,12,16,20,15,12,15,22,14,12,16,15,6,0,22,0,5,16,0,15,6,0,22,0,5,16,0,15,6,0,22,0,5,16,15,11,12,22,0,5,16,0,15,11,12,22,11,11,16,0,15,6,0,22,11,11,16,15,12,16,22,0,5,16,0,15,12,16,22,15,12,16,0,15,6,0,22,15,12,16,15,12,16,22,0,5,16,0,15,12,16,22,15,12,16,0,15,6,0,22,15,12,16,15,12,16,22,0,1,5,0,15,12,16,22,15,12,16,0,4,2,0,22,15,12,16,15,12,16,22,0,0,0,0,15,12,16,22,15,12,16,0,0,0,0,22,15,12,16,2,6,16,3,0,0,0,0,2,6,16,3,15,7,2,0,0,0,0,3,15,7,2,0,5,16,0,0,0,0,0,0,5,16,0,15,6,0,0,0,0,0,0,15,6,0,5,8,16,7,0,1,5,0,5,8,16,7,15,8,5,0,5,2,0,7,15,8,5,15,12,16,22,0,5,16,0,15,12,16,22,15,12,16,0,15,6,0,22,15,12,16,15,12,16,22,0,5,16,0,15,12,16,22,15,12,16,0,15,6,0,22,15,12,16,15,7,0,22,0,5,16,0,15,7,0,22,0,6,16,0,15,6,0,22,0,6,16,1,5,13,2,0,5,16,0,1,5,13,2,12,6,1,0,15,6,0,2,12,6,1,0,5,16,0,0,5,16,0,0,5,16,0,15,6,0,0,15,6,0,0,15,6,0,14,12,16,0,9,9,16,13,0,5,16,21,15,6,0,13,15,10,9,0,15,12,15,15,12,16,0,15,12,16,22,0,5,16,22,15,6,0,22,15,12,16,0,15,12,16
0,22,13,12,18,22,13,8,0,0,0,3,18,22,13,12,18,22,0,0,0,0,13,0,22,13,12,18,22,13,8,0,20,0,3,18,22,13,12,18,22,0,3,17,0,13,0,22,13,12,18,22,13,8,0,22,0,3,18,22,13,12,18,22,0,3,18,0,13,0,22,13,12,18,22,13,8,0,22,0,3,18,22,13,12,18,22,0,3,18,0,13,0,22,1,4,18,2,13,8,0,22,0,3,18,2,13,9,1,22,0,3,18,0,13,10,22,7,8,18,12,13,11,10,22,7,8,18,12,13,11,10,22,7,8,18,12,13,18,22,13,12,18,22,13,12,18,22,13,12,18,22,13,12,18,22,13,12,18,22,13,18,22,13,12,18,22,13,12,18,22,13,12,18,22,13,12,18,22,13,12,18,22,13,18,4,13,9,3,22,2,5,18,4,13,9,3,22,2,5,18,4,13,9,3,22,2,29,27,28,8,0,23,27,28,18,0,13,28,27,28,0,3,29,27,28,8,0,23,27,20,4,16,8,0,23,4,8,18,0,13,12,4,23,0,3,20,4,16,8,0,23,4,18,0,13,8,0,22,0,3,18,0,13,8,0,22,0,3,18,0,13,8,0,22,0,18,0,13,8,0,22,0,3,18,0,13,8,0,22,0,3,18,0,13,8,0,22,0,18,0,13,8,0,22,0,3,18,0,13,8,0,22,0,3,18,0,13,8,0,22,0,18,0,13,8,0,22,0,3,18,0,13,8,0,22,0,3,18,0,13,8,0,22,0,16,0,12,7,0,19,0,3,16,0,12,7,0,19,0,3,16,0,12,7,0,19,0,0,0,0,0,0,0,0,0,0,0,0,0,0,0,0,0,0,0,0,0,0,0,0,17,17,17,17,17,17,17,17,17,17,17,17,17,17,17,17,17,17,17,17,17,17,17,1,1,1,0,0,1,1,1,1,0,0,1,1,1,0,0,1,1,1,0,0,1,1,29,29,29,8,0,23,29,29,18,0,13,29,29,28,0,3,29,29,29,8,0,23,29,19,2,14,8,0,23,1,5,18,0,13,9,2,23,0,3,19,2,14,8,0,23,1,18,22,13,8,0,22,13,12,18,0,13,12,18,22,0,3,18,22,13,8,0,22,13,1,22,13,8,0,1,13,12,18,0,0,4,18,22,0,0,1,22,13,8,0,1,13
7,7,7,7,7,7,7,7,5,0,0,0,15,0,2,12,22,9,9,18,15,0,2,8,8,8,8,8,8,8,8,6,0,0,0,22,0,3,18,22,13,12,18,22,0,3,0,0,0,0,0,0,0,0,0,0,0,0,22,0,3,18,16,13,11,13,22,0,3,0,26,21,0,16,29,1,6,29,11,0,0,22,0,3,14,3,10,7,2,17,0,3,0,26,21,0,16,29,1,6,29,11,0,0,22,0,0,0,22,0,3,18,0,0,3,0,26,21,0,16,29,1,6,29,11,0,0,22,0,0,0,22,3,6,18,0,0,3,0,26,21,0,16,29,1,6,29,11,0,0,22,12,8,0,22,13,12,18,0,12,12,0,26,21,0,16,29,1,6,29,11,0,0,22,13,8,0,22,13,12,18,0,13,12,0,26,21,0,16,29,1,6,29,11,0,0,19,13,11,15,26,13,12,24,15,13,12,0,10,8,0,6,11,0,2,11,4,0,0,0,4,6,25,16,7,7,17,26,4,2,0,0,0,0,0,0,0,0,0,0,0,0,5,0,3,18,0,3,2,0,22,0,0,0,2,17,17,17,17,17,6,0,0,0,0,22,0,3,18,0,13,8,0,22,0,3,0,0,0,0,0,0,0,0,0,0,0,0,22,4,6,18,0,13,8,0,22,4,6,0,0,0,0,0,0,0,0,0,0,0,0,22,13,12,18,1,13,9,1,22,13,12,0,22,18,0,14,25,1,5,25,9,0,0,22,13,12,18,22,13,12,18,22,13,12,0,26,21,0,16,29,1,6,29,11,0,0,22,11,11,18,22,13,12,18,22,11,11,0,26,21,0,16,29,1,6,29,11,0,0,22,0,3,18,22,13,12,18,22,0,3,0,26,21,0,16,29,1,6,29,11,0,0,22,0,3,18,3,13,9,3,22,0,3,0,26,21,0,16,29,1,6,29,11,0,0,22,9,9,18,15,13,11,12,22,9,9,0,0,0,0,0,0,0,6,29,11,0,0,19,13,12,18,22,13,12,18,22,13,12,0,0,0,0,0,0,0,6,29,11,0,0,0,10,10,18,16,12,10,13,22,10,6,0,0,0,0,0,0,0,6,29,11,0,0,10,0,3,18,0,0,0,0,22,0,1,0,2,17,17,17,17,0,6,29,11,0,0,22,13,12,18,22,0,3,18,22,13,12
16,23,23,23,23,23,25,22,0,0,0,1,1,0,1,1,0,0,1,0,0,0,0,6,8,8,8,8,8,8,6,0,0,0,0,0,0,0,0,0,0,0,0,0,0,0,11,17,17,17,17,17,17,17,0,0,9,17,17,17,17,17,17,5,0,0,0,0,0,1,1,1,1,1,0,0,0,0,0,0,0,0,0,0,0,0,0,0,0,0,0,0,20,29,29,29,16,0,0,0,0,0,0,4,3,0,2,4,0,1,4,1,0,0,0,17,17,17,17,9,0,0,0,0,0,0,27,20,0,17,29,0,7,29,10,0,0,0,11,0,0,0,0,0,0,0,0,0,0,27,20,0,17,29,0,7,29,10,0,0,0,11,0,11,17,17,17,17,1,0,0,0,27,20,0,17,29,0,7,29,10,0,0,0,11,0,9,14,14,14,29,2,0,0,0,27,20,0,17,29,0,7,29,10,0,0,0,11,0,0,0,0,0,29,2,0,0,0,27,20,0,17,29,0,7,29,10,0,0,0,20,27,27,27,15,0,29,2,0,0,0,27,20,0,17,29,0,7,29,10,0,0,0,14,20,20,20,11,0,29,2,0,0,0,27,20,0,17,29,0,7,29,10,0,0,0,5,7,7,7,7,2,29,2,0,0,0,27,20,0,17,29,0,7,29,10,0,0,0,6,8,8,8,8,2,29,2,0,0,0,27,20,0,17,29,0,7,29,10,0,0,0,0,0,0,0,0,0,29,2,0,0,0,27,20,0,17,29,0,7,29,10,0,15,11,11,25,25,25,25,25,29,2,0,0,0,27,20,0,17,29,0,7,29,10,0,27,20,9,22,22,22,22,22,29,2,0,0,0,27,20,0,17,29,0,7,29,10,0,27,20,0,0,0,0,0,0,29,2,0,0,0,27,20,0,17,29,0,7,29,10,0,27,20,2,3,3,3,3,1,29,2,0,0,0,27,20,0,17,29,0,7,29,10,0,27,20,9,12,12,12,12,4,29,2,0,0,0,27,20,0,17,29,0,7,29,10,0,27,20,3,7,7,7,7,7,29,2,0,0,0,27,20,0,17,29,0,7,29,10,0,24,18,12,29,29,29,29,29,29,2,0,0,0,27,20,0,17,29,0,7,29,10,0,0,0,4,10,10,10,10,10,10,1,0,0,0,27,20,0,17,29,0,7,29,10,0,0,0
10,8,0,6,11,0,2,11,4,0,10,8,0,6,11,0,2,11,4,0,10,8,0,0,0,0,0,0,0,0,0,0,0,0,0,0,0,0,0,0,0,0,0,0,0,0,17,17,17,17,17,17,17,17,17,17,17,17,17,17,17,17,17,17,17,17,17,17,17,0,0,0,0,0,0,0,0,0,0,0,0,0,0,0,0,0,0,0,0,0,0,0,11,7,0,19,0,3,15,0,11,7,0,19,0,3,15,0,11,7,0,19,0,3,15,13,8,0,22,0,3,18,0,13,8,0,22,0,3,18,0,13,8,0,22,0,3,18,13,8,0,22,0,3,18,0,13,8,0,22,0,3,18,0,13,8,0,22,0,3,18,13,8,0,22,0,3,18,0,13,8,0,22,0,3,18,0,13,8,0,22,0,3,18,13,8,0,22,0,3,18,0,13,8,0,22,0,3,18,0,13,8,0,22,0,3,18,16,8,0,23,3,7,18,0,13,11,3,23,0,3,20,3,16,8,0,23,3,7,18,29,8,0,23,28,29,18,0,13,29,28,28,0,3,29,28,29,8,0,23,28,29,18,13,9,3,22,2,5,18,3,13,9,3,22,2,5,18,3,13,9,3,22,2,5,18,13,12,18,22,13,12,18,22,13,12,18,22,13,12,18,22,13,12,18,22,13,12,18,13,12,18,22,13,12,18,22,13,12,18,22,13,12,18,22,13,12,18,22,13,12,18,7,9,18,13,13,11,10,22,7,9,18,13,13,11,10,22,7,9,18,13,13,11,10,0,3,18,0,13,9,1,22,0,4,18,0,13,8,0,22,0,4,18,1,13,8,0,0,3,18,0,13,12,18,22,13,12,18,0,13,8,0,22,13,12,18,22,13,8,0,0,3,18,0,13,12,18,22,13,12,18,0,13,8,0,22,13,12,18,22,13,8,0,0,3,18,0,13,12,18,22,13,12,18,0,13,8,0,22,13,12,18,22,13,8,0,0,0,0,0,13,12,18,22,13,12,18,0,0,0,0,22,13,12,18,22,13,8,0,0,0,0,0,11,11,18,18,13,12,15,0,0,0,0,18,13,12,15,22,11,7,0,0,0,0,0,0,3,18,0,13,8,0,0,0,0,0,0,13,8,0,22,0,0,0,0,0,0,0,0,3,18,0,13,8,0,0,0,0,0,0,13,8,0,22,0,0,0
0,0,0,0,0,0,0,0,0,0,0,0,0,0,0,0,0,0,0,0,0,0,0,0,0,0,0,0,0,0,0,0,0,0,0,0,0,0,0,0,0,0,0,0,0,0,0,0,0,0,0,0,0,0,0,0,0,0,0,0,0,0,0,0,0,0,0,0,0,0,0,0,0,0,0,0,0,0,0,0,0,0,0,0,0,0,0,0,0,0,0,0,0,0,0,0,0,0,0,0,0,0,0,0,0,0,0,0,0,0,0,0,0,0,0,0,0,0,0,0,0,0,0,0,0,0,0,0,0,0,0,0,0,0,0,0,0,0,13,9,0,0,0,0,0,0,11,13,13,13,13,13,13,13,13,13,13,13,13,13,13,2,2,0,0,0,0,0,0,2,2,2,2,2,2,2,2,2,2,2,2,2,2,2,2,0,6,5,0,0,0,0,0,16,0,2,13,0,10,6,0,16,0,2,13,0,10,11,0,26,21,0,0,0,0,0,22,0,3,18,0,13,8,0,22,0,3,18,0,13,11,0,26,21,0,0,0,0,0,22,0,3,18,0,13,8,0,22,0,3,18,0,13,11,0,26,21,0,0,0,0,0,22,0,3,18,0,13,8,0,22,0,3,18,0,13,11,0,26,21,0,0,0,0,0,22,0,3,18,0,13,8,0,22,0,3,18,0,13,11,0,26,21,0,0,0,2,11,22,8,9,18,13,13,11,11,22,8,9,18,13,13,11,0,26,21,0,0,0,3,18,22,13,12,18,22,13,12,18,22,13,12,18,22,13,2,0,5,4,0,0,0,3,18,22,13,12,18,22,13,12,18,22,13,12,18,22,13,0,0,0,0,0,0,0,1,9,11,6,6,9,11,6,6,9,11,6,6,9,11,6,0,0,0,0,0,0,0,0,0,0,0,0,0,0,0,0,0,0,0,0,0,0,0,0,0,0,0,0,0,0,0,0,0,0,0,0,0,0,0,0,0,0,0,0,0,0,0,0,0,0,0,0,0,0,0,0,0,0,0,0,0,0,0,0,0,0,0,0,0,0,0,0,0,0,0,0,0,0,0,0,0,0,0,0,0,0,0,0,0,0,0,0,0,0,0,0,0,0,0,0,0,0,0,0,0,0,0,0,0,0,0,0,0,0,0,0,0,0,0,0,0,0,0,0,0,0,0,0,0,0,0,0,0,0,0,0,0,0
4,0,10,8,0,0,0,0,0,0,0,0,0,0,0,2,13,0,2,18,23,0,9,0,0,0,0,0,0,0,0,0,0,0,0,0,0,0,0,0,0,3,18,15,0,0,17,17,17,17,17,17,17,17,17,17,17,17,17,17,17,17,17,17,17,17,17,17,17,0,0,0,0,0,0,0,0,0,0,0,0,0,0,0,0,0,0,0,0,0,0,0,0,3,15,0,11,7,0,19,0,3,15,0,11,7,0,19,0,3,15,0,0,0,0,0,3,18,0,13,8,0,22,0,3,18,0,13,8,0,22,0,3,18,0,0,0,22,0,3,18,0,13,8,0,22,0,3,18,0,13,8,0,22,0,3,18,0,0,0,26,0,3,18,0,13,8,0,22,0,3,18,0,13,8,0,22,0,3,18,0,0,0,26,0,3,18,0,13,8,0,22,0,3,18,0,13,8,0,22,0,3,18,0,0,0,26,3,7,18,0,13,11,3,23,0,3,20,3,16,8,0,23,3,7,18,0,0,0,26,28,29,18,0,13,29,28,28,0,3,29,28,29,8,0,23,28,29,18,0,0,0,0,2,5,18,3,13,9,3,22,2,5,18,3,13,9,3,22,2,5,18,3,0,0,0,13,12,18,22,13,12,18,22,13,12,18,22,13,12,18,22,13,12,18,22,0,0,0,13,12,18,22,13,12,18,22,13,12,18,22,13,12,18,22,13,12,18,22,0,0,0,13,11,10,22,7,9,18,13,13,11,10,22,7,9,18,13,13,11,10,22,0,0,0,13,9,1,22,0,4,18,0,13,8,0,22,0,4,18,1,13,8,0,22,0,0,0,13,12,18,22,13,12,18,0,13,8,0,22,13,12,18,22,13,8,0,22,0,0,0,13,12,18,22,13,12,18,0,13,8,0,22,13,12,18,22,13,8,0,22,0,0,0,13,12,18,22,13,12,18,0,13,8,0,22,13,12,18,22,13,8,0,22,0,0,0,13,12,18,22,13,12,18,0,0,0,0,22,13,12,18,22,13,8,0,0,0,0,0,11,11,18,18,13,12,15,0,0,0,0,18,13,12,15,22,11,7,0,0,0,0,0,0,3,18,0,13,8,0,0,0,0,0,0,13,8,0,22,0,0,0,0,0,0,0,0,3,18,0,13,8,0,0,0,0,0,0,13,8,0,22,0,0,0,0,0,0,0
13,8,0,22,0,3,18,0,13,8,0,22,0,3,18,0,13,8,0,22,0,3,18,13,8,0,22,0,3,18,0,13,8,0,22,0,3,18,0,13,8,0,22,0,3,18,13,8,0,22,0,3,18,0,13,8,0,22,0,3,18,0,13,8,0,22,0,3,18,13,8,0,22,0,3,18,0,13,8,0,22,0,3,18,0,13,8,0,22,0,3,18,7,4,0,12,0,2,10,0,7,4,0,12,0,2,10,0,7,4,0,12,0,2,10,7,7,7,7,7,7,7,7,7,7,7,7,7,7,7,7,7,7,7,7,7,7,7,8,8,8,8,8,8,8,8,8,8,8,8,8,8,8,8,8,8,8,8,8,8,8,0,0,0,0,0,0,0,0,0,0,0,0,0,0,0,0,0,0,0,0,0,0,0,29,1,6,29,11,0,26,21,0,16,29,1,6,29,11,0,26,21,0,16,29,1,6,29,1,6,29,11,0,26,21,0,16,29,1,6,29,11,0,26,21,0,16,29,1,6,29,1,6,29,11,0,26,21,0,16,29,1,6,29,11,0,26,21,0,16,29,1,6,29,1,6,29,11,0,26,21,0,16,29,1,6,29,11,0,26,21,0,16,29,1,6,29,1,6,29,11,0,26,21,0,16,29,1,6,29,11,0,26,21,0,16,29,1,6,29,1,6,29,11,0,26,21,0,16,29,1,6,29,11,0,26,21,0,16,29,1,6,11,0,2,11,4,0,10,8,0,6,11,0,2,11,4,0,10,8,0,6,11,0,2,0,0,0,0,0,0,0,0,0,0,0,0,0,0,0,0,0,0,0,0,0,0,0,0,0,14,17,17,17,17,17,17,17,17,17,17,17,17,17,17,17,17,17,17,17,17,0,0,0,0,0,0,0,0,0,0,0,0,0,0,0,0,0,0,0,0,0,0,0,0,0,0,0,0,0,0,0,0,0,0,0,0,0,0,0,0,0,0,0,0,0,0,0,0,5,25,9,0,22,18,0,14,25,1,5,25,9,0,22,18,0,14,25,1,5,0,0,6,29,11,0,26,21,0,16,29,1,6,29,11,0,26,21,0,16,29,1,6,0,0,6,29,11,0,26,21,0,16,29,1,6,29,11,0,26,21,0,16,29,1,6,0,0,6,29,11,0,26,21,0,16,29,1,6,29,11,0,26,21,0,16,29,1,6
13,29,4,3,29,14,0,23,25,0,0,0,0,11,0,5,6,0,11,1,0,11,0,13,29,4,3,29,14,0,23,25,0,0,0,7,7,7,7,7,7,7,7,7,7,3,13,29,4,3,29,14,0,23,25,0,0,0,8,8,8,8,8,8,8,8,8,8,4,13,29,4,3,29,14,0,23,25,0,0,0,0,11,11,11,4,0,8,11,11,8,0,13,29,4,3,29,14,0,23,25,0,0,0,0,27,20,24,11,0,20,21,21,21,0,13,29,4,3,29,14,0,23,25,0,0,0,0,21,8,11,11,0,20,6,5,21,0,13,29,4,3,29,14,0,23,25,0,0,0,0,16,20,12,11,0,15,12,12,21,0,13,29,4,3,29,14,0,23,25,0,0,0,0,0,20,12,11,0,0,10,12,21,0,13,29,4,3,29,14,0,23,25,0,0,0,10,17,26,12,11,4,17,22,12,21,0,13,29,4,3,29,14,0,23,25,0,0,0,8,14,14,11,11,3,14,14,6,21,0,5,11,1,1,11,5,0,23,25,0,0,0,0,13,13,19,11,0,9,13,14,21,0,0,0,0,0,0,0,0,23,25,0,0,0,0,27,18,23,11,0,20,19,19,21,0,13,29,4,3,29,14,0,23,25,0,0,1,2,21,2,11,12,2,20,3,2,21,0,13,29,4,3,29,14,0,23,25,0,0,10,12,21,20,12,12,21,20,12,12,21,4,13,29,4,3,29,14,0,23,25,0,0,10,12,21,20,12,12,21,20,12,12,21,4,13,29,4,3,29,14,0,23,25,0,0,10,12,21,20,12,12,21,20,12,12,21,4,13,29,4,3,29,14,0,6,6,0,0,8,10,21,16,12,12,16,20,10,10,21,3,13,29,4,3,29,14,0,3,4,0,0,0,0,21,0,10,11,0,20,1,0,21,0,13,29,4,3,29,14,0,23,25,0,0,0,0,21,0,10,11,0,20,1,0,21,0,13,29,4,3,29,14,0,23,25,0,0,0,0,21,0,10,11,0,20,1,0,21,0,13,29,4,3,29,14,0,23,25,0,0,0,0,21,0,10,11,0,20,1,0,21,0,13,29,4,3,29,14,0,23,25,0,0,0,0,19,0,9,10,0,18,1,0,19,0,13,29,4,3,29,14,0,23,25,0,0,0,0,0,0,0,0,0,0,0,0,0,0
17,17,17,17,17,17,17,17,17,17,17,17,17,17,17,17,17,17,17,17,17,17,17,0,0,0,0,0,0,0,0,0,2,0,0,0,0,1,0,0,0,0,0,0,0,0,0,0,0,0,0,0,11,7,0,22,0,0,0,0,13,8,0,19,0,0,0,0,0,15,15,15,15,15,0,13,8,0,22,0,0,0,0,13,8,0,22,0,7,15,15,15,0,0,0,0,0,0,13,8,0,22,0,0,0,0,13,8,0,22,0,0,0,0,0,0,9,17,17,17,17,18,5,0,22,9,5,0,15,13,8,0,15,17,17,17,17,17,0,0,0,8,17,17,17,17,17,26,13,8,0,22,13,20,17,17,17,17,17,0,0,0,0,0,0,0,0,0,0,0,22,13,8,0,22,13,8,0,0,0,0,0,0,0,12,12,12,12,12,12,4,0,0,22,13,8,0,22,13,8,0,0,10,12,12,12,12,3,3,3,3,3,3,1,0,0,6,13,8,0,22,4,2,0,0,3,3,3,3,3,8,8,8,8,8,8,8,8,8,6,13,8,0,22,1,8,8,8,8,8,8,8,8,7,7,7,7,7,7,7,7,7,5,13,8,0,22,1,7,7,7,7,7,7,7,7,20,20,20,20,20,20,20,12,0,0,13,8,0,22,0,0,1,20,20,20,20,20,20,27,27,27,27,28,29,28,16,0,4,13,8,0,22,2,1,1,27,29,29,27,27,27,0,0,0,0,6,29,11,0,0,22,13,8,0,22,13,8,0,0,26,21,0,0,0,14,14,14,7,6,29,11,0,0,22,13,8,0,22,13,8,0,0,26,21,0,14,14,17,17,17,9,6,29,11,0,0,22,13,8,0,22,13,8,0,0,26,21,0,17,17,0,0,0,0,6,29,11,0,0,22,13,8,0,22,13,8,0,0,26,21,0,0,0,1,17,17,17,20,29,22,10,0,16,10,6,0,17,10,6,1,17,28,26,17,17,17,1,29,29,29,29,29,29,17,0,0,0,0,0,0,0,0,1,29,29,29,29,29,29,0,1,1,1,1,1,1,1,0,0,0,0,0,0,0,0,0,1,1,1,1,1,1,17,17,17,17,17,17,17,17,17,17,17,17,17,17,17,17,17,17,17,17,17,17,17,8,8,8,8,8,8,8,8,8,5,0,0,0,0,1,8,8,8,8,8,8,8,8
0,2,20,2,0,17,29,29,29,29,29,27,0,2,29,15,0,22,25,0,12,29,5,0,0,19,2,0,7,12,12,12,12,15,27,0,2,29,15,0,22,25,0,12,29,5,0,0,19,2,0,0,0,0,0,0,4,27,0,2,29,15,0,22,25,0,12,29,5,1,0,19,15,13,13,13,13,13,13,7,27,0,2,29,15,0,22,25,0,12,29,5,0,0,19,5,2,2,2,2,2,2,5,27,0,2,29,15,0,22,25,0,12,29,5,3,17,19,2,0,10,17,17,17,17,19,27,0,1,15,8,0,22,25,0,12,29,5,0,0,0,0,0,17,29,29,29,29,29,27,0,0,0,0,0,22,25,0,12,29,5,0,0,0,0,0,0,0,0,0,0,0,0,0,0,0,0,0,22,25,0,12,29,5,3,17,17,17,17,17,17,17,17,17,17,17,14,0,0,0,0,22,25,0,12,29,5,0,0,0,1,1,1,1,1,1,0,0,0,0,0,0,0,0,22,25,0,12,29,5,5,11,7,29,29,29,29,29,29,11,0,0,0,2,20,11,0,22,25,0,12,29,5,3,6,4,18,29,23,17,17,17,6,0,0,0,2,29,15,0,22,25,0,12,29,5,0,0,0,2,29,15,0,0,0,0,0,0,0,2,29,15,0,22,25,0,12,29,5,3,17,11,2,29,15,0,14,17,17,17,16,0,2,29,15,0,22,25,0,12,29,5,2,14,9,2,29,15,0,11,14,14,17,27,0,2,29,15,0,22,25,0,12,29,5,0,0,0,2,29,15,0,0,0,0,4,27,0,2,29,15,0,22,25,0,12,29,5,5,27,27,28,29,29,27,27,27,11,4,27,0,2,29,15,0,22,25,0,12,29,5,4,20,20,20,20,20,20,20,20,8,4,27,0,2,29,15,0,6,6,0,3,7,1,1,7,7,7,7,7,7,7,7,7,6,27,0,2,29,15,0,3,4,0,2,4,0,1,8,8,8,8,8,8,8,8,8,6,27,0,2,29,15,0,22,25,0,12,29,5,0,3,3,0,0,0,0,0,0,0,4,27,0,2,29,15,0,22,25,0,12,29,5,2,12,24,2,0,15,25,25,25,25,26,27,0,2,29,15,0,22,25,0,12,29,5,0,0,19,2,0,13,22,22,22,22,24,27,0,2,29,15,0,22,25,0,12,29,5
2,10,0,7,4,0,12,0,2,10,0,7,4,0,12,0,2,10,0,0,0,6,29,7,7,7,7,7,7,7,7,7,7,7,7,7,7,7,7,7,7,5,0,0,6,29,8,8,8,8,8,8,8,8,8,8,8,8,8,8,8,8,8,8,6,0,0,6,29,11,7,0,5,11,11,11,0,1,11,11,11,3,0,9,11,11,7,0,0,0,6,29,22,18,0,13,23,20,27,0,3,26,20,25,8,0,23,20,22,18,0,0,0,6,29,7,18,0,13,10,7,22,0,3,18,9,13,8,0,22,5,7,18,0,0,0,6,29,12,18,0,10,10,18,22,0,2,13,22,13,8,0,16,13,12,18,0,0,0,6,29,12,18,0,0,3,18,22,0,0,0,22,13,8,0,0,13,12,18,0,0,0,6,29,12,18,0,17,19,18,22,0,12,17,26,13,8,6,17,23,12,18,0,0,0,6,29,8,18,0,14,14,9,22,0,10,14,14,13,8,5,14,14,8,18,0,0,0,6,29,16,18,0,6,13,13,25,0,1,13,13,21,8,0,11,13,16,18,0,0,0,6,29,20,18,0,13,22,18,26,0,3,25,18,24,8,0,23,18,20,18,0,0,0,6,29,5,18,3,13,9,2,22,1,5,18,3,13,9,2,22,1,5,18,3,0,0,6,29,12,18,22,13,12,18,22,13,12,18,22,13,12,18,22,13,12,18,22,0,0,6,29,12,18,22,13,12,18,22,13,12,18,22,13,12,18,22,13,12,18,22,0,0,6,29,12,18,22,13,12,18,22,13,12,18,22,13,12,18,22,13,12,18,22,0,0,6,29,10,18,17,13,12,14,22,10,10,18,17,13,12,14,22,10,10,18,17,0,0,1,7,3,18,0,13,8,0,22,0,3,18,0,13,8,0,22,0,3,18,0,0,0,1,4,3,18,0,13,8,0,22,0,3,18,0,13,8,0,22,0,3,18,0,0,0,6,29,3,18,0,13,8,0,22,0,3,18,0,13,8,0,22,0,3,18,0,0,0,6,29,3,18,0,13,8,0,22,0,3,18,0,13,8,0,22,0,3,18,0,0,0,6,29,3,17,0,12,8,0,20,0,3,17,0,12,8,0,20,0,3,17,0,0,0,6,29,0,0,0,0,0,0,0,0,0,0,0,0,0,0,0,0,0,0,0,0,0,6,29
0,0,0,0,0,0,0,3,18,0,0,3,18,0,6,29,11,0,13,8,0,0,13,17,17,17,17,17,17,6,3,18,0,0,3,18,0,6,29,11,0,13,8,0,0,13,0,0,0,0,0,0,0,3,18,0,0,3,18,0,6,29,11,0,13,8,0,0,13,17,17,17,17,17,17,17,4,18,0,0,3,18,0,6,29,11,0,13,8,0,0,13,0,0,0,0,0,0,0,3,18,0,0,3,15,0,6,29,11,0,11,7,0,0,13,0,0,0,16,0,0,0,3,18,0,0,0,0,0,6,29,11,0,0,0,0,0,13,0,0,0,22,0,0,0,3,18,0,0,0,0,0,6,29,11,0,0,0,0,0,13,0,0,0,22,0,0,0,3,18,0,0,2,10,0,6,29,11,0,7,4,0,0,13,5,5,5,6,5,5,5,9,18,0,0,3,18,0,3,17,6,0,13,8,0,0,13,12,10,10,10,10,10,10,10,6,0,0,3,18,0,0,0,0,0,13,8,0,0,5,4,0,0,0,0,0,0,0,0,0,0,3,18,0,5,22,9,0,13,8,0,0,0,7,7,7,7,7,7,7,7,7,7,2,3,18,0,6,29,11,0,13,8,1,7,7,8,8,8,8,8,8,8,8,8,8,3,3,18,0,6,29,11,0,13,8,1,8,8,19,19,18,0,0,0,0,0,0,0,0,3,18,0,6,29,11,0,13,8,0,0,0,29,29,27,0,0,0,0,0,0,0,0,3,18,0,6,29,11,0,13,8,0,0,0,26,21,4,2,0,0,0,0,26,21,0,3,18,0,6,29,11,0,13,8,0,16,28,26,21,13,8,0,0,0,0,26,21,0,3,18,0,6,29,11,0,13,8,0,16,29,26,21,13,8,0,0,0,0,26,21,0,3,18,0,6,29,11,0,13,8,0,16,29,27,24,9,0,0,0,0,0,26,21,0,3,18,0,6,29,11,0,13,8,0,16,29,29,29,27,0,0,0,0,0,23,19,0,3,18,0,6,29,11,0,13,8,0,14,25,8,8,8,0,0,0,0,0,0,0,0,3,18,0,6,29,11,0,13,8,0,0,0,0,0,0,0,0,0,0,0,0,0,0,3,18,0,6,29,11,0,13,8,0,0,0,17,17,17,17,17,17,17,17,17,17,6,3,18,0,6,29,11,0,13,8,2,17,17
0,3,14,0,10,6,0,17,0,3,14,0,10,6,0,17,0,3,14,0,10,6,0,0,3,18,0,13,8,0,22,0,3,18,0,13,8,0,22,0,3,18,0,13,8,0,0,3,18,0,13,8,0,22,0,3,18,0,13,8,0,22,0,3,18,0,13,8,0,0,3,18,0,13,8,0,22,0,3,18,0,13,8,0,22,0,3,18,0,13,8,0,0,3,18,0,13,8,0,22,0,3,18,0,13,8,0,22,0,3,18,0,13,8,0,1,5,18,0,13,10,1,23,0,3,19,1,15,8,0,23,1,5,18,0,13,10,1,29,29,18,0,13,29,29,28,0,3,29,29,29,8,0,23,29,29,18,0,13,29,29,2,5,18,2,13,10,2,23,1,4,19,3,14,9,1,23,2,5,18,2,13,10,2,13,12,18,22,13,12,18,22,13,12,18,22,13,12,18,22,13,12,18,22,13,12,18,13,12,18,22,13,12,18,22,13,12,18,22,13,12,18,22,13,12,18,22,13,12,18,13,11,12,22,8,9,18,14,13,11,12,22,8,9,18,14,13,11,12,22,8,9,18,13,8,0,22,0,3,18,0,13,8,0,22,0,3,18,0,13,8,0,22,0,3,18,13,8,0,22,0,3,18,22,13,12,18,22,0,3,18,0,13,12,18,22,13,12,18,13,8,0,22,0,3,18,22,13,12,18,22,0,3,18,0,13,12,18,22,13,12,18,13,8,0,22,0,3,18,22,13,12,18,22,0,3,18,0,13,12,18,22,13,12,18,13,8,0,0,0,3,18,22,13,12,18,22,0,0,0,0,13,12,18,22,13,12,18,12,7,0,0,0,3,16,22,12,11,18,19,0,0,0,0,12,11,18,19,13,12,16,0,0,0,0,0,0,0,22,0,3,18,0,0,0,0,0,0,3,18,0,13,8,0,0,0,0,0,0,0,0,22,0,3,18,0,0,0,0,0,0,3,18,0,13,8,0,8,5,0,13,0,2,11,22,8,9,18,13,0,2,11,0,8,9,18,13,13,11,11,13,8,0,22,0,3,18,22,13,12,18,22,0,3,18,0,13,12,18,22,13,12,18,13,8,0,22,0,3,18,17,13,12,14,22,0,3,18,0,13,12,14,22,10,10,18,10,6,0,17,0,3,14,0,10,6,0,17,0,3,14,0,10,6,0,17,0,3,14
0,0,12,14,14,14,14,14,14,14,14,14,14,14,5,0,0,0,0,7,14,14,14,0,0,0,0,0,4,0,0,2,17,17,17,17,17,17,26,0,0,0,0,0,0,2,0,0,0,0,0,22,0,0,0,0,0,1,5,0,0,22,0,0,0,0,0,0,13,0,0,0,0,0,22,0,0,0,0,0,3,18,0,0,22,0,0,0,0,0,0,13,0,0,0,0,0,22,0,0,0,0,0,3,18,0,0,22,0,0,0,0,0,0,13,2,5,5,5,5,7,5,5,5,5,5,6,7,0,0,22,0,0,5,5,5,5,6,13,16,14,14,14,14,14,14,14,14,14,14,14,4,1,22,0,3,23,12,14,14,14,13,8,10,12,12,12,12,12,12,12,12,12,20,18,4,22,0,3,18,6,12,12,12,13,8,1,7,7,7,7,7,7,7,7,0,13,8,0,22,0,3,18,0,6,7,7,13,8,1,8,8,8,8,8,8,8,8,0,13,8,0,22,0,3,18,0,7,8,8,13,8,3,3,3,3,3,3,3,3,3,3,16,8,0,22,0,3,18,1,3,3,3,13,8,10,12,12,12,12,12,12,12,14,14,14,5,0,22,0,3,18,6,12,12,12,13,8,0,0,0,1,0,0,0,0,12,26,14,14,5,22,0,3,18,0,0,0,5,13,8,0,0,0,22,0,0,0,0,0,22,9,6,0,22,0,3,18,0,0,0,13,13,8,0,0,0,22,0,0,0,0,0,22,13,8,0,22,0,3,18,0,0,0,13,13,8,0,0,0,16,0,0,0,0,0,22,9,6,0,22,0,3,18,0,0,0,4,13,20,15,15,15,15,15,15,15,15,15,26,15,15,5,22,0,3,24,15,15,15,15,0,0,0,0,0,0,0,0,3,14,14,14,14,14,14,25,0,0,0,0,0,0,0,0,0,0,0,0,0,0,0,0,2,2,2,2,2,2,2,0,0,0,0,0,0,0,17,17,17,17,17,17,17,17,17,17,17,17,17,17,17,17,17,17,17,17,17,17,17,0,0,0,0,0,0,0,0,0,0,0,0,0,0,0,0,0,0,0,0,0,0,0,0,0,0,0,0,0,22,29,29,29,7,12,29,29,29,17,2,29,29,29,27,0,22,0,0,8,6,0,0,14,25,29,19,5,8,21,29,23,11,1,18,28,27,17,0,14
0,0,0,0,0,0,0,0,0,0,0,0,0,0,0,0,0,0,0,0,0,0,0,0,0,0,0,0,0,0,0,0,0,0,0,0,0,0,0,0,0,0,0,0,0,0,0,0,0,0,0,0,0,0,0,0,0,0,0,0,0,0,0,0,0,0,0,0,0,0,0,0,0,0,0,0,0,0,0,0,0,0,0,0,0,0,0,0,0,0,0,0,0,0,0,0,0,0,0,0,0,0,0,0,0,0,0,0,0,0,0,0,0,0,0,9,16,6,7,13,11,9,8,9,16,6,4,0,0,18,15,0,4,8,8,8,8,8,18,22,13,12,18,22,13,12,18,22,13,8,0,0,26,21,0,0,0,0,0,0,0,18,22,13,12,18,22,13,12,18,22,13,8,0,0,26,21,0,12,21,1,5,21,8,18,22,13,12,18,22,13,12,18,22,13,8,0,0,26,21,0,16,29,1,6,29,11,7,22,5,7,18,9,13,10,7,22,5,3,0,0,26,21,0,16,29,1,6,29,11,0,22,0,3,18,0,13,8,0,22,0,0,0,0,26,21,0,16,29,1,6,29,11,0,22,0,3,18,0,13,8,0,22,0,0,0,0,26,21,0,16,29,1,6,29,11,0,22,0,3,18,0,13,8,0,22,0,0,0,0,26,21,0,16,29,1,6,29,11,0,22,0,3,18,0,13,8,0,22,0,0,0,0,26,21,0,11,20,1,4,20,8,0,12,0,2,10,0,7,4,0,12,0,0,0,0,26,21,0,0,0,0,0,0,0,8,8,8,8,8,8,8,8,8,8,8,0,0,0,26,21,0,4,8,8,8,8,8,7,7,7,7,7,7,7,7,7,7,7,0,0,0,26,21,0,3,7,7,7,7,7,0,0,0,0,0,0,0,0,0,0,0,0,0,0,19,16,0,0,0,0,0,0,0,0,0,0,0,0,0,0,0,0,0,0,0,0,0,0,0,0,0,0,0,0,0,0,0,0,0,0,0,0,0,0,0,0,0,0,0,0,0,0,0,0,0,0,0,0,0,0,0,0,0,0,0,0,0,0,0,0,0,0,0,0,0,0,0,0,0,0,0,0,0,0,0,0,0,0,0,0,0,0,0,0,0,0,0,0,0,0,0,0,0,0,0,0,0,0,0,0,0,0,0,0,0,0,0,0,0,0,0,0,0,0,0,0,0,0
0,0,0,0,0,0,0,0,0,0,0,0,0,0,0,0,0,0,0,0,0,0,0,0,0,0,0,0,0,0,0,0,0,0,0,0,0,0,0,0,0,0,0,0,0,0,8,8,8,8,8,8,8,8,8,8,8,8,8,8,8,3,0,0,0,0,0,1,8,7,7,7,7,7,7,7,7,7,7,7,7,7,7,7,2,0,0,0,0,0,1,7,13,0,2,10,0,7,5,0,13,0,2,10,0,7,5,0,0,0,0,0,1,0,0,22,0,3,18,0,13,8,0,22,0,3,18,0,13,8,0,0,0,0,6,29,11,0,22,0,3,18,0,13,8,0,22,0,3,18,0,13,8,0,0,0,0,6,29,11,0,22,0,3,18,0,13,8,0,22,0,3,18,0,13,8,0,0,0,0,6,29,11,0,22,0,3,18,0,13,8,0,22,0,3,18,0,13,8,0,0,0,0,6,29,11,0,22,6,7,18,9,13,10,8,22,6,7,18,9,13,10,8,0,0,0,6,29,11,0,22,13,12,18,22,13,12,18,22,13,12,18,22,13,12,18,0,0,0,6,29,11,0,22,13,12,18,22,13,12,18,22,13,12,18,22,13,12,18,0,0,0,2,10,4,0,22,13,12,18,22,13,12,18,22,13,12,18,22,13,12,18,0,0,0,0,0,0,0,22,6,8,18,10,13,10,8,22,6,8,18,10,13,10,8,0,0,0,0,0,2,17,23,8,11,18,0,13,15,8,24,0,3,22,8,18,8,0,0,0,0,0,0,0,0,19,23,24,18,0,11,23,23,27,0,3,23,23,26,8,0,0,0,0,0,0,0,0,4,4,5,18,0,4,4,3,22,0,3,4,4,13,8,0,14,25,1,6,25,10,0,27,28,12,18,0,27,28,18,22,0,19,27,28,13,8,0,16,29,1,6,29,11,0,0,13,12,18,0,0,3,18,22,0,0,0,22,13,8,0,16,29,1,6,29,11,0,8,13,12,18,0,5,7,18,22,0,1,6,22,13,8,0,16,29,1,6,29,11,0,7,4,4,6,0,4,4,6,7,0,1,6,7,4,2,0,5,9,0,2,9,3,0,0,0,0,0,0,0,0,0,0,0,0,0,0,0,0,0,0,0,0,0,0,0,0,0,0,0,0,0,0,0,0,0,0,0,0,0,0,0,0,0,0,0,0,0,0,0
7,6,8,12,0,2,10,0,7,6,8,12,6,6,10,0,7,4,0,12,0,2,10,13,8,0,22,0,3,18,0,13,8,0,22,0,3,18,0,13,8,0,22,0,3,18,13,11,13,22,10,10,18,16,13,11,13,22,10,10,18,16,13,8,0,22,10,10,18,13,12,18,22,13,12,18,22,13,12,18,22,13,12,18,22,13,8,0,22,13,12,18,13,12,18,22,13,12,18,22,13,12,18,22,13,12,18,22,13,8,0,22,13,12,18,0,3,20,3,16,8,0,23,3,7,18,0,13,11,3,23,0,0,0,0,13,11,3,0,3,29,28,29,8,0,23,28,29,18,0,13,29,28,28,0,0,0,0,13,29,28,0,3,18,0,13,8,0,22,0,3,18,0,13,8,0,22,0,0,0,0,13,8,0,0,3,18,0,13,8,0,22,0,3,18,0,13,8,0,22,0,0,0,0,13,8,0,0,3,18,0,13,8,0,22,0,3,18,0,13,8,0,22,0,0,0,0,13,8,0,0,3,18,0,13,8,0,22,0,3,18,0,13,8,0,22,0,0,0,0,13,8,0,0,3,18,0,13,8,0,22,0,3,18,0,13,8,0,22,0,0,0,0,13,8,0,0,2,12,0,9,5,0,15,0,2,12,0,9,5,0,15,0,0,0,0,9,5,0,3,3,3,3,3,3,3,3,3,3,3,3,3,3,3,3,3,3,3,3,3,3,3,12,12,12,12,12,12,12,12,12,12,12,12,12,12,12,12,12,12,12,12,12,12,12,0,0,0,0,0,0,0,0,0,0,0,0,0,0,0,0,0,0,0,0,0,0,0,26,1,6,26,10,0,24,19,0,15,26,1,6,26,10,0,24,19,0,15,26,1,6,29,1,6,29,11,0,26,21,0,16,29,1,6,29,11,0,26,21,0,16,29,1,6,29,1,6,29,11,0,26,21,0,16,29,1,6,29,11,0,26,21,0,16,29,1,6,29,1,6,29,11,0,26,21,0,16,29,1,6,29,11,0,26,21,0,16,29,1,6,29,1,6,29,11,0,26,21,0,16,29,1,6,29,11,0,26,21,0,16,29,1,6,29,1,6,29,11,0,26,21,0,16,29,1,6,29,11,0,26,21,0,16,29,1,6,15,1,3,15,6,0,14,11,0,9,15,1,3,15,6,0,14,11,0,9,15,1,3
0,0,6,10,0,2,10,4,0,9,8,0,8,28,25,25,25,25,25,25,25,25,25,18,0,16,29,1,6,29,11,0,26,21,0,8,23,0,0,0,0,0,0,0,0,0,21,0,16,29,1,6,29,11,0,26,21,0,8,23,11,25,25,25,15,2,25,25,25,21,0,16,29,1,6,29,11,0,26,21,0,8,23,9,24,29,25,13,2,22,29,28,21,0,16,29,1,6,29,11,0,26,21,0,8,23,0,6,29,11,0,0,0,26,21,21,0,16,29,1,6,29,11,0,26,21,0,8,23,8,22,29,23,19,19,19,28,27,21,0,16,29,1,6,29,11,0,26,21,0,8,23,12,28,28,28,28,28,28,28,28,21,0,1,1,0,0,1,0,0,1,1,0,8,23,0,0,0,0,0,0,0,0,0,21,0,0,0,0,0,0,0,0,0,0,0,8,23,0,0,0,0,0,0,0,0,0,21,0,0,14,17,17,17,17,17,17,0,0,8,23,0,14,17,17,17,17,17,17,17,21,0,0,0,0,0,0,0,0,0,0,0,8,23,0,1,1,1,1,1,1,1,1,21,0,2,4,0,1,4,1,0,4,3,0,8,23,10,29,29,29,29,29,29,29,29,21,0,16,29,1,6,29,11,0,26,21,0,8,26,14,14,14,14,14,13,0,10,14,21,0,16,29,1,6,29,11,0,26,21,0,8,27,18,18,18,18,18,16,0,13,18,21,0,16,29,1,6,29,11,0,26,21,0,8,23,2,13,0,0,0,0,0,10,6,21,0,16,29,1,6,29,11,0,26,21,0,8,23,3,18,0,0,0,0,0,13,8,21,0,11,19,1,4,19,7,0,17,14,0,8,23,2,13,0,0,0,0,0,9,6,21,0,0,0,0,0,0,0,0,0,0,0,8,26,11,11,11,11,11,11,11,11,11,21,0,0,0,0,0,0,0,0,0,0,0,6,20,20,20,20,20,20,20,20,20,20,21,0,0,6,7,7,7,7,7,7,0,0,3,7,7,7,7,7,7,7,7,7,7,21,0,0,7,8,8,8,8,8,8,0,0,4,8,8,8,8,8,8,8,8,8,8,21,0,0,0,0,0,0,0,0,0,0,0,0,0,7,19,19,19,19,19,19,5,7,21,0,0,0,0,0,0,0,0,0,0,0,0,0,11,28,28,28,29,29,29,7,11
15,8,0,11,29,29,29,29,29,29,3,0,6,29,11,0,26,21,0,16,29,1,1,13,8,0,5,12,12,12,12,12,29,3,0,6,29,11,0,26,21,0,16,29,1,1,13,8,0,0,0,0,0,0,0,28,3,0,6,29,11,0,26,21,0,16,29,1,6,13,18,13,13,13,13,13,13,5,28,3,0,6,29,11,0,26,21,0,16,29,1,6,13,11,2,2,2,2,2,2,1,28,3,0,6,29,11,0,26,21,0,16,29,1,6,18,6,0,7,17,17,17,17,17,29,3,0,6,29,11,0,26,21,0,16,29,1,6,0,0,0,11,29,29,29,29,29,29,3,0,6,29,11,0,26,21,0,16,29,1,6,0,0,0,0,0,0,0,0,0,0,0,0,6,29,11,0,26,21,0,16,29,1,6,17,17,17,17,17,17,17,17,17,17,17,0,6,29,11,0,26,21,0,16,29,1,6,0,1,1,1,1,1,1,1,0,0,0,0,6,29,11,0,26,21,0,16,29,1,6,1,29,29,29,29,29,29,17,0,0,0,0,6,29,11,0,26,21,0,16,29,1,6,1,17,28,26,17,17,17,10,0,0,0,0,6,29,11,0,26,21,0,16,29,1,6,0,0,26,21,0,0,0,0,0,0,0,0,6,29,11,0,26,21,0,16,29,1,6,15,0,26,21,0,10,17,17,17,17,2,0,6,29,11,0,26,21,0,16,29,1,6,12,0,26,21,0,8,14,14,14,29,3,0,6,29,11,0,26,21,0,16,29,1,6,0,0,26,21,0,0,0,0,0,28,3,0,6,29,11,0,26,21,0,16,29,1,6,27,27,29,29,27,27,27,16,0,28,3,0,6,29,11,0,26,21,0,16,29,1,6,20,20,20,20,20,20,20,12,0,28,3,0,1,7,3,0,7,5,0,4,7,0,6,7,7,7,7,7,7,7,7,2,28,3,0,1,4,1,0,4,3,0,2,4,0,6,8,8,8,8,8,8,8,8,3,28,3,0,6,29,11,0,26,21,0,16,29,1,6,3,1,0,0,0,0,0,0,0,28,3,0,6,29,11,0,26,21,0,16,29,1,6,20,8,0,10,25,25,25,25,25,29,3,0,6,29,11,0,26,21,0,16,29,1,6,13,8,0,9,22,22,22,22,22,29,3,0,6,29,11,0,26,21,0,16,29,1,6
8,8,8,20,29,10,8,8,8,8,8,20,29,10,2,3,18,22,0,3,18,22,0,3,3,0,16,29,1,2,3,3,3,0,16,29,1,0,3,18,22,0,3,18,22,0,28,22,0,16,29,1,20,28,28,28,5,16,29,1,0,3,18,22,0,3,18,22,0,0,0,0,16,29,1,0,0,0,0,0,16,29,1,0,3,18,22,0,3,18,22,0,5,5,5,19,29,7,1,2,5,5,5,19,29,7,1,1,6,22,0,3,18,8,0,29,29,29,29,29,29,7,11,29,29,29,29,29,29,7,0,0,3,0,0,2,0,0,12,12,12,12,12,12,3,5,12,12,12,12,12,12,3,0,0,0,0,0,0,0,0,7,7,7,7,7,7,7,7,7,7,7,7,7,7,7,7,7,7,7,7,7,7,7,8,8,8,8,8,8,8,8,8,8,8,8,8,8,8,8,8,8,8,8,8,8,8,19,19,19,11,0,0,0,0,0,0,0,0,0,3,0,1,7,0,0,0,0,9,0,28,28,28,17,0,1,9,9,9,9,9,6,0,22,0,3,18,0,0,0,0,22,0,0,0,0,0,0,3,21,6,6,6,6,4,0,22,0,3,18,0,0,0,0,22,0,17,17,17,17,17,18,18,0,5,5,5,5,5,24,0,3,18,0,0,0,0,22,0,0,0,0,0,0,3,18,0,9,10,10,10,10,10,0,3,18,22,0,3,18,22,0,1,1,1,1,0,3,18,0,0,0,14,17,17,17,17,18,18,22,0,3,18,23,17,29,29,29,17,0,3,18,0,0,0,0,0,0,0,0,3,18,22,0,3,18,22,0,17,17,17,10,0,3,22,17,17,17,17,17,17,0,0,3,18,22,0,3,18,22,0,0,0,0,0,0,0,0,0,0,0,0,0,0,0,0,0,0,22,0,3,18,0,0,17,17,17,17,17,17,17,17,17,17,17,17,17,17,17,17,6,22,0,3,18,8,17,0,0,0,0,0,0,0,0,0,0,0,0,0,0,0,0,0,22,0,3,18,0,0,29,29,29,29,29,29,29,29,29,29,29,29,29,29,7,0,0,22,0,3,18,0,0,18,18,18,25,29,19,18,18,18,18,18,25,29,19,5,1,9,22,0,3,18,11,0,0,0,0,16,29,1,0,0,0,0,0,16,29,1,0,3,18,22,0,3,18,22,0
3,5,6,4,3,5,0,4,2,0,6,4,3,5,6,4,2,0,6,0,1,5,6,7,18,9,13,10,7,0,5,3,0,9,13,10,7,22,5,3,0,9,0,1,7,22,3,18,0,13,8,0,0,0,0,0,0,13,8,0,22,0,0,0,0,0,0,0,22,4,18,0,13,9,0,0,0,0,0,0,13,9,0,22,0,0,0,0,0,0,0,22,12,18,22,13,12,18,0,0,0,0,22,13,12,18,22,13,8,0,0,0,3,18,22,12,18,22,13,12,18,0,2,1,0,22,13,12,18,22,13,8,0,4,0,3,18,22,12,18,22,13,12,18,0,13,8,0,22,13,12,18,22,13,8,0,22,0,3,18,22,12,18,22,13,12,18,0,13,8,0,22,13,12,18,22,13,8,0,22,0,3,18,22,12,15,22,11,11,18,0,13,8,0,22,11,11,18,18,13,8,0,22,0,3,18,18,8,0,22,0,3,18,0,13,8,0,22,0,3,18,0,13,8,0,22,0,3,18,0,12,15,22,11,11,18,19,13,12,15,22,11,11,18,19,13,12,15,22,11,11,18,19,12,18,22,13,12,18,22,13,12,18,22,13,12,18,22,13,12,18,22,13,12,18,22,12,18,20,13,12,17,22,12,12,18,20,13,12,17,22,12,12,18,20,13,12,17,22,10,18,0,13,13,6,24,0,3,21,6,17,8,0,23,6,10,18,0,13,13,6,24,26,18,0,13,27,25,28,0,3,28,25,27,8,0,23,25,26,18,0,13,27,25,28,3,18,0,13,8,0,22,0,3,18,0,13,8,0,22,0,3,18,0,13,8,0,22,3,18,0,13,8,0,22,0,3,18,0,13,8,0,22,0,3,18,0,13,8,0,22,3,18,0,13,8,0,22,0,3,18,0,13,8,0,22,0,3,18,0,13,8,0,22,3,18,0,13,8,0,22,0,3,18,0,13,8,0,22,0,3,18,0,13,8,0,22,3,18,0,13,8,0,22,0,3,18,0,13,8,0,22,0,3,18,0,13,8,0,22,2,10,0,7,5,0,13,0,2,10,0,7,5,0,13,0,2,10,0,7,5,0,13,6,6,6,6,6,6,6,6,6,6,6,6,6,6,6,6,6,6,6,6,6,6,6,9,9,9,9,9,9,9,9,9,9,9,9,9,9,9,9,9,9,9,9,9,9,9
0,0,0,0,0,0,0,0,0,0,0,0,0,0,0,0,0,0,0,0,0,0,0,0,0,0,0,0,0,0,0,0,0,0,0,0,0,0,0,0,0,0,0,0,0,0,0,0,0,0,0,0,0,0,0,0,0,0,0,0,0,0,0,0,0,0,0,0,0,0,0,0,0,0,0,0,0,0,0,0,0,0,0,0,0,0,0,0,0,0,0,0,0,0,0,0,0,0,0,0,0,0,0,0,0,0,0,0,0,0,0,0,0,0,0,0,0,0,0,0,0,0,0,0,0,0,0,0,0,0,0,0,0,0,0,0,0,0,10,10,18,17,13,11,14,22,10,10,18,17,13,11,14,22,10,6,0,17,13,11,14,13,12,18,22,13,12,18,22,13,12,18,22,13,12,18,22,13,8,0,22,13,12,18,13,12,18,22,13,12,18,22,13,12,18,22,13,12,18,22,13,8,0,22,13,12,18,13,12,18,22,13,12,18,22,13,12,18,22,13,12,18,22,13,8,0,22,13,12,18,1,5,18,3,13,9,2,22,1,5,18,3,13,9,2,22,1,1,0,3,13,9,2,0,3,18,0,13,8,0,22,0,3,18,0,13,8,0,22,0,0,0,0,13,8,0,0,3,18,0,13,8,0,22,0,3,18,0,13,8,0,22,0,0,0,0,13,8,0,0,3,18,0,13,8,0,22,0,3,18,0,13,8,0,22,0,0,0,0,13,8,0,0,3,18,0,13,8,0,22,0,3,18,0,13,8,0,22,0,0,0,0,13,8,0,0,1,5,0,3,2,0,6,0,1,5,0,3,2,0,6,0,0,0,0,3,2,0,17,17,17,17,17,17,17,17,17,17,17,17,17,17,17,17,17,0,0,8,17,17,17,0,0,0,0,0,0,0,0,0,0,0,0,0,0,0,0,0,0,0,0,0,0,0,0,0,0,0,0,0,0,0,0,0,0,0,0,0,0,0,0,0,0,0,0,0,0,0,0,0,0,0,0,0,0,0,0,0,0,0,0,0,0,0,0,0,0,0,0,0,0,0,0,0,0,0,0,0,0,0,0,0,0,0,0,0,0,0,0,0,0,0,0,0,0,0,0,0,0,0,0,0,0,0,0,0,0,0,0,0,0,0,0,0,0,0,0,0,0,0,0,0,0,0,0,0,0,0,0,0,0,0,0,0,0,0,0,0,0
14,14,14,14,14,14,14,14,0,0,0,0,3,18,0,0,0,0,0,13,8,0,0,17,6,0,0,4,0,0,0,0,0,0,0,3,18,0,0,0,0,0,13,8,0,0,0,0,0,0,22,0,0,0,0,0,0,0,3,18,0,0,0,0,0,13,8,0,0,0,0,0,0,22,0,0,0,0,0,0,0,3,18,0,0,0,0,0,13,8,0,0,0,0,0,0,22,0,0,0,0,0,0,0,3,18,0,0,0,0,0,13,8,0,0,5,5,5,5,7,5,5,5,5,3,0,0,3,18,0,6,29,11,0,13,8,0,0,14,14,14,14,14,14,14,14,13,18,0,0,3,18,0,6,29,11,0,13,8,0,0,12,12,12,12,12,12,12,12,4,18,0,0,3,18,0,6,29,11,0,13,8,0,0,7,7,7,7,7,7,7,2,3,18,0,0,3,18,0,6,29,11,0,13,8,0,0,8,8,8,8,8,8,8,3,3,18,0,0,3,18,0,6,29,11,0,13,8,0,0,3,3,3,3,3,3,3,3,4,18,0,0,3,18,0,6,29,11,0,13,8,0,0,12,12,12,12,12,12,12,12,4,18,0,0,3,18,0,6,29,11,0,13,8,0,0,0,0,0,0,1,0,0,0,3,18,0,0,1,9,0,6,29,11,0,6,4,0,0,0,0,0,0,22,0,0,0,3,18,0,0,0,0,0,6,29,11,0,0,0,0,0,0,0,0,0,22,0,0,0,3,18,0,0,0,0,0,6,29,11,0,0,0,0,0,0,0,0,0,16,0,0,0,3,18,0,0,3,16,0,6,29,11,0,12,7,0,0,15,15,15,15,15,15,15,15,17,18,0,0,3,18,0,1,6,2,0,13,8,0,0,14,6,0,0,0,0,0,0,0,0,0,0,3,18,0,0,0,0,0,13,8,0,0,2,1,0,0,0,0,0,0,0,0,0,0,3,18,0,0,0,0,0,13,8,0,0,17,17,17,17,17,17,17,17,17,17,17,6,3,18,0,0,0,0,0,13,8,2,17,0,0,0,0,0,0,0,0,0,0,0,0,3,18,0,0,0,0,0,13,8,0,0,29,29,29,27,0,0,0,0,0,0,0,0,3,18,0,0,0,0,0,13,8,0,0,18,28,27,17,0,0,0,0,5,8,0,0,3,18,0,0,0,0,0,13,8,0,0
21,0,15,29,2,0,15,0,1,13,22,8,9,19,15,0,1,13,0,8,9,19,15,21,0,15,29,2,0,22,0,2,19,22,12,12,19,22,0,2,19,0,12,12,19,22,21,0,15,29,2,0,22,0,2,19,16,12,12,13,22,0,2,19,0,12,12,13,22,21,0,15,29,2,0,22,0,2,15,3,9,8,2,17,0,2,19,0,9,8,2,17,21,0,15,29,2,0,22,0,0,0,22,0,2,19,0,0,2,19,0,0,2,19,0,21,0,15,29,2,0,22,0,0,0,22,3,5,19,0,0,2,19,0,0,2,19,6,4,0,15,29,2,0,22,11,8,0,22,12,12,19,0,11,11,19,20,0,2,19,22,5,0,15,29,2,0,22,12,9,0,22,12,12,19,0,12,12,19,22,0,2,19,22,21,0,15,29,2,0,19,12,11,15,26,12,12,25,15,12,12,17,22,6,17,19,22,21,0,14,27,2,0,0,3,5,25,17,6,7,17,26,3,2,0,6,12,21,11,12,21,0,0,0,0,0,5,0,2,19,0,3,2,0,22,0,0,4,0,12,9,0,5,21,0,7,14,1,0,22,0,2,19,0,12,9,0,22,0,2,19,0,12,9,0,22,21,0,15,29,2,0,22,3,5,19,0,12,9,0,22,3,5,19,6,12,9,0,22,21,0,15,29,2,0,22,12,12,19,1,12,10,1,22,12,12,19,22,12,10,1,22,21,0,15,29,2,0,22,12,12,19,22,12,12,19,22,12,12,19,22,12,12,19,22,21,0,15,29,2,0,22,10,10,19,22,12,12,19,22,10,10,19,18,12,12,19,22,21,0,15,29,2,0,22,0,2,19,22,12,12,19,22,0,2,19,0,12,12,19,22,21,0,15,29,2,0,22,0,2,19,3,12,10,3,22,0,2,19,0,12,10,3,22,21,0,15,29,2,0,22,8,9,19,15,12,11,13,22,8,9,19,15,12,11,13,22,21,0,15,29,2,0,19,12,12,19,22,12,12,19,22,12,12,17,22,12,12,19,22,21,0,15,29,2,0,0,9,10,19,16,11,10,14,22,9,7,0,16,12,12,14,19,21,0,15,29,2,0,10,0,2,19,0,0,0,0,22,0,1,9,0,12,9,0,0,21,0,15,29,2,0,22,12,12,19,22,0,2,19,22,12,12,19,22,12,12,19,0
15,22,12,18,0,13,12,24,15,15,15,15,15,5,0,0,3,18,0,0,0,0,0,0,14,12,18,0,13,12,19,0,0,0,0,0,0,0,0,3,18,0,1,21,21,21,0,13,12,18,0,13,12,18,0,0,5,11,11,11,11,11,14,18,0,1,26,26,26,0,4,6,18,0,13,10,6,0,0,2,4,4,4,4,4,4,3,0,0,0,0,0,7,7,4,18,0,13,8,6,7,7,7,7,7,7,7,7,7,7,7,7,7,7,7,8,8,4,18,0,13,8,7,8,8,8,8,8,8,8,8,8,8,8,8,8,8,8,0,1,5,18,0,13,9,2,0,14,19,19,19,19,19,19,19,19,19,19,19,19,19,0,13,12,18,0,13,12,18,0,21,29,29,29,28,28,28,28,28,29,29,29,28,28,0,13,12,18,0,13,12,18,0,0,16,29,1,0,0,0,0,0,16,29,1,0,0,0,13,12,18,0,13,12,18,0,0,16,29,1,9,13,13,13,2,16,29,1,3,13,0,13,12,18,0,13,12,18,0,0,16,29,1,13,18,18,18,3,16,29,1,5,18,0,13,12,18,0,13,12,18,0,0,16,29,1,0,0,0,0,0,16,29,1,0,0,0,0,3,15,0,11,7,0,0,11,23,29,16,15,15,14,0,11,23,29,16,15,15,0,0,0,0,0,0,0,0,0,21,29,29,29,29,29,27,0,21,29,29,29,29,29,0,0,0,0,0,0,0,0,0,2,2,2,2,2,2,2,0,2,2,2,2,2,2,17,17,17,17,17,17,17,17,17,17,17,17,17,17,17,17,17,17,17,17,17,17,17,0,0,0,0,0,0,0,0,0,0,0,0,0,0,0,0,0,0,0,0,0,0,0,0,10,6,0,0,0,2,13,0,6,4,0,0,0,0,0,0,0,0,1,29,29,29,0,13,8,0,0,0,3,18,0,13,8,2,17,17,17,17,17,12,0,1,18,18,18,0,13,8,0,0,0,3,18,0,13,8,0,0,0,0,0,3,19,1,1,1,1,1,0,13,10,5,0,4,6,18,0,13,20,15,15,15,15,6,3,24,14,14,14,14,14,5,17,12,18,0,13,12,21,5,6,6,6,6,3,0,0,3,18,0,0,0,0,0,10,19,12,18,0,13,12,23,10,10,10,10,10,4,0,0,3,18,0,0,11,11,11
28,12,0,12,9,0,22,0,2,19,0,12,9,0,22,0,2,19,0,12,9,0,22,28,12,0,8,6,0,22,0,1,12,0,12,9,0,14,0,2,19,0,8,6,0,22,28,12,0,0,0,0,22,5,2,3,4,16,9,0,0,0,2,21,5,2,2,5,24,28,12,0,6,7,17,20,28,12,19,22,26,11,17,11,11,11,26,29,12,12,28,26,28,12,0,12,12,19,0,12,12,19,22,0,2,19,22,12,9,0,22,12,12,19,0,28,12,0,12,12,19,0,12,12,19,22,0,2,19,22,12,9,0,22,12,12,19,0,28,12,0,12,10,5,0,12,11,12,22,0,0,5,22,3,2,0,22,8,9,19,0,28,12,0,12,9,0,0,12,9,0,22,0,0,0,22,0,0,0,22,0,2,19,0,28,12,0,12,9,0,8,6,6,7,11,4,3,0,22,0,1,7,11,4,5,9,8,28,12,0,12,9,0,22,4,6,19,7,12,9,0,22,0,2,19,7,12,10,6,22,28,12,0,12,9,0,22,12,12,19,22,12,9,0,22,0,2,19,22,12,12,19,22,28,12,0,12,9,0,22,12,12,19,22,12,9,0,22,0,2,19,22,12,12,19,22,28,12,0,0,0,0,0,12,10,0,22,0,0,0,0,0,0,0,22,0,3,19,0,28,12,0,0,0,0,0,12,9,0,22,0,0,0,0,0,0,0,22,0,2,19,0,28,12,0,0,0,0,9,12,11,7,22,5,3,0,0,0,1,7,22,5,6,19,9,28,12,0,0,0,0,22,12,12,19,22,12,9,0,0,0,2,19,22,12,12,19,22,28,12,0,7,5,0,22,12,12,19,22,12,9,0,13,0,2,19,22,12,12,19,22,17,7,0,12,9,0,22,12,12,19,22,12,9,0,22,0,2,19,22,12,12,19,22,0,0,0,12,9,0,22,12,12,19,22,12,9,0,22,0,2,19,22,12,12,19,22,24,10,0,12,9,0,22,5,7,19,9,12,9,0,22,0,2,19,9,12,11,8,22,28,12,0,12,10,3,22,2,4,19,4,12,10,3,22,2,4,19,4,12,10,3,22,28,12,0,12,12,19,22,12,12,19,22,12,12,19,22,12,12,19,22,12,12,19,22,28,12,0,12,12,19,22,12,12,19,22,12,12,19,22,12,12,19,22,12,12,19,22
8,18,11,13,10,9,22,6,8,18,11,13,10,9,22,6,8,18,11,0,0,6,29,12,18,22,13,12,18,22,13,12,18,22,13,12,18,22,13,12,18,22,0,0,6,29,12,18,22,13,12,18,22,13,12,18,22,13,12,18,22,13,12,18,22,0,0,6,29,9,4,22,3,6,18,5,13,9,4,22,3,6,18,5,13,9,4,22,0,0,6,29,10,7,22,5,7,18,0,13,8,0,22,5,7,18,9,13,8,0,22,0,0,6,29,12,18,22,13,12,18,0,13,8,0,22,13,12,18,22,13,8,0,22,0,0,6,29,12,18,22,13,12,18,0,13,8,0,22,13,12,18,22,13,8,0,22,0,0,6,29,12,18,22,13,12,18,0,8,5,0,22,13,12,18,22,13,8,0,14,0,0,6,29,12,18,22,13,12,18,0,0,0,0,22,13,12,18,22,13,8,0,0,0,0,6,29,8,18,10,13,10,8,0,0,0,0,10,13,10,8,22,6,4,0,0,0,0,6,29,3,18,0,13,8,0,0,0,0,0,0,13,8,0,22,0,0,0,0,0,0,6,29,3,18,0,13,8,0,0,0,0,0,0,13,8,0,22,0,0,0,0,0,0,6,29,12,18,22,13,12,18,0,13,8,0,22,13,12,18,22,13,8,0,22,0,0,6,29,12,18,22,13,12,18,0,13,8,0,22,13,12,18,22,13,8,0,22,0,0,6,29,10,6,22,5,7,18,0,13,8,0,22,5,7,18,8,13,8,0,22,0,0,6,29,5,8,9,6,5,8,0,13,8,0,9,6,5,8,10,6,3,0,22,0,0,6,29,3,18,0,13,8,0,0,13,8,0,0,13,8,0,22,0,0,0,22,0,0,6,29,3,18,13,13,8,0,5,13,9,4,0,13,11,11,22,0,0,4,22,0,0,6,29,3,18,22,13,8,0,22,13,12,18,0,13,12,18,22,0,3,18,22,0,0,6,29,3,18,22,13,8,0,22,13,12,18,0,13,12,18,22,0,3,18,22,0,0,6,29,26,18,22,13,27,16,22,7,8,18,20,27,12,18,23,25,11,18,12,0,0,3,15,13,4,4,3,10,18,0,0,0,0,23,6,2,3,5,17,8,0,0,0,0,0,0,8,0,13,0,3,18,0,7,5,0,22,0,2,10,0,13,8,0,13,0,0,6,26
0,0,0,0,0,0,0,12,18,18,11,0,0,0,0,0,0,0,0,0,0,0,0,17,17,17,17,17,17,17,17,17,17,17,17,17,17,17,17,17,17,17,17,17,6,0,0,0,0,0,0,0,0,0,0,0,0,0,0,0,0,0,0,0,0,0,0,0,0,0,0,0,0,0,0,0,0,0,0,0,0,0,0,0,0,0,0,0,0,0,0,0,8,3,0,8,6,0,5,8,0,2,8,3,0,8,6,0,5,8,0,2,8,3,0,29,11,0,26,21,0,16,29,1,6,29,11,0,26,21,0,16,29,1,6,29,11,0,29,11,0,26,21,0,16,29,1,6,29,11,0,26,21,0,16,29,1,6,29,11,0,29,11,0,26,21,0,16,29,1,6,29,11,0,26,21,0,16,29,1,6,29,11,0,29,11,0,26,21,0,16,29,1,6,29,11,0,26,21,0,16,29,1,6,29,11,0,15,6,0,14,11,0,9,15,1,3,15,6,0,14,11,0,9,15,1,3,15,6,0,0,0,0,0,0,0,0,0,0,0,0,0,0,0,0,0,0,0,0,0,0,0,0,0,0,0,0,0,0,0,0,0,0,0,0,0,0,0,0,0,0,0,0,0,0,0,17,17,17,17,17,17,17,17,17,17,17,17,17,17,17,17,17,17,17,17,17,17,11,0,0,0,0,5,17,17,16,0,0,0,0,0,0,0,0,0,0,0,0,0,0,0,20,8,0,0,8,26,14,13,0,4,20,8,0,18,15,0,11,20,1,4,20,8,0,29,11,0,0,8,23,2,11,0,6,29,11,0,26,21,0,16,29,1,6,29,11,0,29,11,0,0,8,23,3,18,0,6,29,11,0,26,21,0,16,29,1,6,29,11,0,29,11,0,0,8,23,3,18,0,6,29,11,0,26,21,0,16,29,1,6,29,11,0,29,11,0,0,8,23,3,18,0,6,29,11,0,26,21,0,16,29,1,6,29,11,0,29,11,0,0,8,23,3,18,0,6,29,11,0,26,21,0,16,29,1,6,29,11,0,21,8,0,0,8,24,3,3,0,5,21,8,0,19,16,0,12,21,1,5,21,8,0,0,0,0,0,8,28,28,27,0,0,0,0,0,0,0,0,0,0,0,0,0,0,0,7,7,7,7,7,7,7,7,7,7,7,7,7,7,7,7,7,7,7,7,7,7,7
29,1,6,29,11,0,0,0,12,8,0,3,24,14,14,14,14,14,14,0,0,22,0,29,1,6,29,11,0,0,0,0,0,4,9,18,0,0,2,5,5,5,5,5,24,0,21,1,5,21,8,0,0,0,0,0,22,29,18,0,0,12,29,29,29,29,29,28,0,0,0,0,0,0,0,0,0,0,0,9,12,8,0,0,5,12,12,12,12,12,12,0,0,3,7,7,7,7,7,7,7,7,7,7,7,7,7,7,7,7,7,7,7,7,7,0,4,8,8,8,8,8,8,8,8,8,8,8,8,8,8,8,8,8,8,8,8,8,0,0,0,0,0,0,14,19,19,19,5,14,25,1,0,0,0,0,0,0,0,0,0,14,0,0,0,0,0,21,29,29,29,7,16,29,1,0,0,13,10,0,8,14,0,3,29,1,0,0,0,0,2,16,29,2,2,16,29,1,0,0,26,21,0,16,29,1,6,29,1,0,0,0,3,18,16,29,5,18,16,29,1,0,0,26,21,0,16,29,1,6,29,1,0,0,0,3,18,16,29,5,18,16,29,1,0,0,26,21,0,16,29,1,6,29,1,0,0,0,3,15,16,29,5,15,16,29,1,0,0,26,21,0,16,29,1,6,9,0,0,0,0,0,6,20,29,9,7,20,29,1,0,0,8,7,0,5,9,0,2,0,0,0,0,0,0,25,29,29,29,29,29,29,1,0,0,0,0,0,0,0,0,0,0,0,0,0,0,0,9,10,10,10,10,10,10,0,0,0,0,0,0,0,0,0,0,17,17,17,17,17,17,17,17,17,17,17,17,17,17,17,17,17,17,17,17,17,17,17,0,0,0,0,0,0,0,0,0,0,0,0,0,0,0,0,0,0,0,0,0,0,0,0,0,0,0,0,0,0,0,0,0,0,0,0,0,0,0,0,0,0,0,0,0,0,8,0,2,8,3,0,8,6,0,5,8,0,0,0,0,0,0,0,0,5,8,0,2,29,1,6,29,11,0,26,21,0,16,29,1,0,0,0,0,0,0,0,16,29,1,6,29,1,6,29,11,0,26,21,0,16,29,1,0,0,0,0,0,0,0,16,29,1,6,29,1,6,29,11,0,26,21,0,16,29,1,0,0,0,0,0,0,0,16,29,1,6,29,1,6,29,11,0,26,21,0,16,29,1,0,0,10,8,0,0,0,16,29,1,6
0,0,0,0,0,0,0,0,16,29,1,0,0,0,0,0,0,0,0,0,0,0,0,0,23,27,0,3,27,19,0,3,5,0,4,27,17,0,13,27,10,0,0,0,0,13,0,4,23,0,3,20,3,0,0,0,0,0,8,18,0,13,12,1,0,0,0,0,2,1,7,22,0,3,18,9,0,1,7,0,5,7,18,0,13,10,7,0,5,3,0,9,3,18,22,0,3,18,22,0,3,18,0,13,12,18,0,13,12,18,0,13,8,0,22,7,18,22,0,3,18,22,5,7,18,8,13,12,18,0,13,12,18,8,13,10,6,22,12,18,22,0,3,18,22,13,12,18,22,13,12,18,0,13,12,18,22,13,12,18,22,12,18,22,0,3,18,22,13,12,18,22,13,12,18,0,13,12,18,22,13,12,18,22,12,18,22,0,3,18,22,13,12,18,22,13,12,18,0,13,12,18,22,13,12,18,22,10,18,16,0,2,13,22,9,10,18,16,13,11,13,0,9,10,18,16,13,11,13,22,4,18,0,2,1,0,22,0,0,3,0,13,9,0,3,0,4,18,0,2,1,0,22,12,18,22,13,12,18,22,13,9,3,22,13,12,18,22,13,12,18,22,2,5,18,22,12,18,22,13,12,18,22,13,12,18,22,13,12,18,22,13,12,18,22,13,12,18,22,7,18,8,13,10,6,22,5,7,18,8,13,10,6,22,5,7,18,8,13,10,6,22,3,18,10,13,10,8,22,0,3,18,0,13,10,8,22,6,8,18,0,13,8,0,22,4,18,22,13,12,18,22,0,4,18,1,13,12,18,22,13,12,18,1,13,9,1,22,12,18,22,13,12,18,22,13,12,18,22,13,12,18,22,13,12,18,22,13,12,18,22,12,18,17,13,12,14,22,13,12,18,22,13,12,14,22,10,10,18,22,13,12,18,22,12,18,0,13,8,0,22,13,12,18,22,13,8,0,22,0,3,18,22,13,12,18,22,3,18,0,13,8,0,22,0,3,18,0,13,8,0,22,0,3,18,0,13,8,0,22,3,18,0,13,8,0,22,0,3,18,0,13,8,0,22,0,3,18,0,13,8,0,22,3,18,0,0,0,0,22,0,0,0,0,13,8,0,0,0,3,18,0,0,0,0,22,9,28,25,11,10,25,28,7,5,3,13,13,27,16,19,12,26,18,13,2,3,10,23
18,29,0,8,29,9,0,28,19,0,0,0,0,15,12,16,22,15,12,16,0,0,0,18,29,0,8,29,9,0,28,19,0,5,15,0,15,12,16,22,15,12,16,0,14,6,18,29,0,8,29,9,0,7,5,0,5,16,0,15,12,16,22,15,12,16,0,15,6,18,29,0,8,29,9,0,4,3,0,5,16,0,15,12,16,22,15,12,16,0,15,6,18,29,0,8,29,9,0,28,19,0,5,16,0,15,7,1,22,1,6,16,0,15,6,18,29,0,8,29,9,0,28,19,0,5,16,12,15,10,9,22,8,9,16,12,15,6,18,29,0,8,29,9,0,28,19,0,5,16,22,15,12,16,22,15,12,16,22,15,6,18,29,0,8,29,9,0,28,19,0,5,16,22,15,12,16,22,15,12,16,22,15,6,18,29,0,8,29,9,0,28,19,0,1,3,22,3,7,16,4,15,8,3,22,3,1,18,29,0,8,29,9,0,28,19,0,0,0,25,27,28,16,0,15,28,27,26,0,0,18,29,0,8,29,9,0,28,19,0,0,0,23,4,9,16,0,15,10,4,23,0,0,18,29,0,8,29,9,0,28,19,0,0,0,22,0,5,16,0,15,6,0,22,0,0,18,29,0,8,29,9,0,28,19,0,0,0,22,0,5,16,0,15,6,0,22,0,0,18,29,0,8,29,9,0,28,19,0,0,0,22,0,5,16,0,15,6,0,22,0,0,18,29,0,8,29,9,0,28,19,0,0,0,22,0,5,16,0,15,6,0,22,0,0,18,29,0,8,29,9,0,28,19,0,0,0,19,0,5,14,0,13,6,0,19,0,0,18,29,0,8,29,9,0,28,19,0,0,0,0,0,0,0,0,0,0,0,0,0,0,18,29,0,8,29,9,0,28,19,0,0,15,17,17,17,17,17,17,17,17,17,17,10,18,29,0,8,29,9,0,28,19,0,0,0,1,1,1,1,0,1,1,1,1,0,0,18,29,0,8,29,9,0,28,19,0,0,0,25,29,29,16,0,15,29,29,26,0,0,18,29,0,8,29,9,0,28,19,0,0,0,23,2,7,16,0,15,8,2,23,0,0,18,29,0,8,29,9,0,28,19,0,0,0,22,15,12,16,0,15,12,16,22,0,0,18,29,0,8,29,9,0,28,19,0,0,0,1,15,12,16,0,1,6,16,22,0,0
14,12,12,13,0,7,7,0,14,12,12,13,21,8,7,0,14,0,1,13,0,7,7,21,12,12,20,0,11,10,0,21,12,12,20,21,12,10,0,21,0,1,20,0,11,10,21,9,9,20,0,11,10,0,21,9,9,20,15,12,10,0,21,0,1,20,0,11,10,16,2,2,16,0,11,10,0,16,2,2,16,2,9,8,0,21,0,1,20,0,9,8,0,11,10,0,0,11,10,0,0,11,10,0,21,0,0,0,21,0,1,20,0,0,0,5,12,10,0,0,11,10,0,0,11,11,5,21,0,0,0,21,0,1,20,0,0,0,21,12,10,0,19,12,12,18,0,11,12,20,21,0,1,18,21,0,1,20,19,0,0,21,12,10,0,21,12,12,20,0,11,12,20,21,0,1,20,21,0,1,20,21,0,0,21,12,21,11,21,11,11,20,11,21,12,20,21,16,7,20,19,0,1,18,21,7,12,11,7,17,20,6,0,0,6,21,17,7,11,12,22,11,6,0,0,0,0,6,12,17,5,0,1,20,0,2,2,0,21,0,0,4,0,11,10,0,5,0,0,4,0,11,10,21,0,1,20,0,11,10,0,21,0,1,20,0,11,10,0,21,0,1,20,0,11,10,21,0,1,20,6,12,11,6,21,0,1,20,0,11,11,6,21,0,1,20,6,12,10,21,1,2,20,21,12,12,20,21,1,2,20,1,12,12,20,21,0,1,20,21,12,10,21,12,12,20,21,12,12,20,21,12,12,20,21,12,12,20,21,0,1,20,21,12,10,21,12,12,20,17,12,12,16,21,12,12,20,21,12,12,16,21,0,1,20,17,12,10,21,12,12,20,0,11,10,0,21,12,12,20,21,12,10,0,21,0,1,20,0,11,10,21,2,3,20,0,11,10,0,21,2,3,20,3,12,10,0,21,0,1,20,0,11,10,21,8,9,20,14,12,12,13,21,8,9,20,14,12,12,13,21,0,1,20,14,12,10,21,12,12,20,21,11,11,20,21,12,12,20,21,12,12,20,19,0,1,18,21,12,10,19,9,10,20,16,0,1,15,21,9,9,18,16,12,12,15,0,0,0,0,16,12,10,0,0,1,20,0,5,5,0,21,0,0,0,0,11,10,0,10,0,0,9,0,11,10,0,11,12,20,21,12,12,20,21,12,10,0,21,12,12,20,21,0,1,20,21,12,10
22,13,12,18,5,17,12,18,23,6,6,18,22,0,3,18,22,3,10,18,22,13,13,22,13,12,18,0,13,12,18,22,0,3,18,22,0,3,18,22,0,3,18,22,13,8,13,13,11,11,0,13,12,18,22,0,2,11,22,0,3,18,13,0,3,18,22,13,8,0,13,8,0,0,13,8,0,22,0,0,0,22,0,3,18,0,0,3,18,0,13,8,0,13,8,0,0,11,7,0,19,0,0,0,22,0,3,18,0,0,3,15,0,11,7,0,13,8,0,22,0,3,18,0,13,8,0,22,0,3,18,0,13,8,0,22,0,3,0,13,8,0,22,13,12,18,22,13,8,0,22,0,3,18,0,13,12,18,22,13,12,0,13,8,0,22,13,12,18,22,13,8,0,22,0,3,18,0,13,12,18,22,13,12,0,5,3,0,8,13,10,6,22,5,3,0,8,0,1,6,0,5,7,18,8,13,10,0,0,0,0,0,13,8,0,22,0,0,0,0,0,0,0,0,0,3,18,0,13,8,0,0,0,0,1,13,9,1,22,0,0,0,0,0,0,0,0,0,4,18,1,13,9,0,0,0,0,22,13,12,18,22,13,8,0,0,0,0,0,0,13,12,18,22,13,12,0,3,2,0,22,13,12,18,22,13,8,0,5,0,0,4,0,13,12,18,22,13,12,0,13,8,0,22,13,12,18,22,13,8,0,22,0,3,18,0,13,12,18,22,13,12,0,13,8,0,22,13,12,18,22,13,8,0,22,0,3,18,0,13,12,18,22,13,12,0,13,8,0,22,10,10,18,17,13,8,0,22,0,3,18,0,13,12,14,22,10,10,0,13,8,0,22,0,3,18,0,13,8,0,22,0,3,18,0,13,8,0,22,0,3,19,13,12,16,22,12,11,18,19,13,12,16,22,0,3,18,19,13,12,16,22,12,11,22,13,12,18,22,13,12,18,22,13,12,18,22,0,3,18,22,13,12,18,22,13,12,22,12,11,18,19,13,12,16,22,12,11,18,19,0,3,16,22,12,11,18,19,13,12,24,0,3,21,7,18,8,0,23,7,10,18,0,0,0,0,23,7,10,18,0,13,14,27,0,3,28,25,27,8,0,23,25,25,18,0,0,0,0,23,25,25,18,0,13,26,22,0,3,18,0,13,8,0,22,0,3,18,0,0,0,0,22,0,3,18,0,13,8
9,6,0,0,1,8,8,8,8,8,8,8,8,8,8,8,8,8,8,8,8,8,8,0,0,0,0,0,0,0,0,0,16,27,27,27,27,27,27,27,27,27,27,27,27,27,0,0,0,0,0,0,1,0,0,2,20,16,4,4,4,4,4,4,20,16,4,4,4,0,0,0,0,0,0,13,8,0,1,18,14,1,11,0,0,0,1,18,14,1,11,0,0,0,0,0,0,0,13,12,16,16,18,14,15,22,0,3,16,16,18,14,15,22,0,12,8,0,0,0,0,13,12,18,16,18,14,15,22,0,3,18,16,18,14,15,22,0,13,8,0,0,0,0,10,9,13,16,18,14,15,19,0,2,13,16,18,14,15,19,0,13,8,0,0,0,0,0,0,0,1,18,14,1,0,0,0,0,1,18,14,1,0,0,13,8,0,0,0,0,2,13,13,13,24,21,13,9,2,13,13,13,24,21,13,13,0,13,8,0,0,0,0,3,18,18,18,25,24,18,13,3,18,18,18,18,18,18,18,0,13,8,0,0,2,17,17,17,17,5,18,13,0,4,17,17,17,17,17,17,17,17,17,13,8,0,0,0,0,0,0,0,0,18,13,0,0,0,0,0,0,0,0,0,0,0,2,1,0,0,0,0,0,0,0,0,18,13,0,0,0,0,0,0,0,0,0,0,0,0,0,0,0,2,8,3,0,0,0,18,13,0,13,27,27,27,27,27,27,27,27,27,0,0,0,0,6,29,11,0,0,0,18,13,0,10,20,20,20,26,29,21,20,20,23,0,0,0,0,6,29,11,0,0,0,18,13,0,15,0,2,12,16,29,1,0,15,6,0,0,0,0,6,29,11,0,2,29,29,29,3,22,0,3,18,16,29,1,0,22,6,0,0,0,0,6,29,11,0,0,2,2,2,0,16,0,2,13,16,29,1,0,16,6,0,0,0,0,3,15,6,0,0,0,0,0,0,8,17,17,17,24,29,18,4,7,20,0,0,0,0,0,0,0,0,0,0,0,0,0,14,29,29,29,29,29,29,7,12,29,0,0,0,0,0,0,0,0,0,0,0,0,0,0,0,0,0,0,0,0,0,0,0,17,17,17,17,17,17,17,17,17,17,17,17,17,17,17,17,17,17,17,17,17,17,17,0,0,1,1,1,1,1,1,1,1,1,1,1,1,0,0,0,0,0,1,1,1,1
0,0,10,0,23,23,23,25,22,0,0,0,7,29,10,0,27,20,0,17,29,0,0,0,0,10,0,8,8,8,8,6,0,0,0,3,11,4,0,11,8,0,17,29,0,0,0,0,10,0,0,0,0,0,0,0,0,0,0,0,0,0,0,0,0,17,29,0,0,0,0,27,25,25,25,6,0,0,0,0,0,0,0,0,0,0,0,0,9,15,0,0,0,0,22,22,22,22,5,0,0,0,0,0,0,0,0,0,0,0,0,0,0,0,0,0,0,0,0,0,0,0,0,0,0,0,0,0,0,0,0,0,0,0,0,0,0,0,0,0,17,17,17,17,17,17,17,11,0,0,14,17,17,17,17,17,17,0,0,0,0,0,0,17,17,17,17,17,17,17,7,0,0,0,0,0,0,0,0,0,0,0,0,0,0,0,14,14,14,14,14,14,24,12,0,0,5,20,7,0,19,14,0,12,20,0,0,0,0,1,2,5,5,5,3,19,12,0,0,7,29,10,0,27,20,0,17,29,0,0,0,0,6,13,29,29,29,16,19,12,0,0,7,29,10,0,27,20,0,17,29,0,0,0,0,3,6,17,29,19,7,19,12,0,0,7,29,10,0,27,20,0,17,29,0,0,0,0,0,0,7,29,10,0,19,12,0,0,7,29,10,0,27,20,0,17,29,0,0,0,0,29,29,29,29,29,16,19,12,0,0,7,29,10,0,27,20,0,17,29,0,0,0,0,18,18,18,18,18,10,19,12,0,0,5,21,8,0,20,15,0,13,21,0,0,0,0,0,0,0,0,0,0,19,12,0,0,0,0,0,0,0,0,0,0,0,0,0,0,0,7,7,7,7,7,0,19,12,0,0,6,7,7,7,7,7,7,0,0,0,0,0,0,8,8,8,8,8,0,19,12,0,0,7,8,8,8,8,8,8,0,0,0,0,0,0,11,11,11,11,11,5,19,12,0,0,0,0,0,0,0,0,0,0,0,0,0,0,0,20,20,20,20,20,10,19,12,0,0,3,14,5,0,13,10,0,8,14,0,0,0,0,17,23,23,23,23,23,27,12,0,0,7,29,10,0,27,20,0,17,29,0,0,0,0,6,8,8,8,9,9,22,12,0,0,7,29,10,0,27,20,0,17,29,0,0,0,0,0,0,0,0,14,7,19,12,0,0,7,29,10,0,27,20,0,17,29,0,0
0,0,0,0,16,29,1,6,29,11,0,26,21,0,0,0,8,28,23,23,23,10,0,0,0,0,0,16,29,1,2,11,4,0,10,8,0,0,0,2,8,8,8,8,3,0,0,0,0,0,16,29,1,0,0,0,0,0,0,0,0,0,0,0,0,0,0,0,0,0,0,0,0,9,15,1,0,0,0,0,0,0,0,0,0,0,0,0,19,25,25,25,0,0,0,0,0,0,0,0,0,0,0,0,0,0,0,0,0,0,0,16,22,22,22,0,0,0,0,0,0,0,0,0,0,0,0,0,0,0,0,0,0,0,0,0,0,0,0,0,0,0,0,0,8,17,17,17,17,17,17,6,0,2,17,17,17,17,17,17,17,0,0,0,0,0,0,0,0,0,0,0,0,0,0,0,0,17,17,17,17,17,17,17,0,18,15,0,11,20,1,4,20,8,0,18,15,0,0,0,28,16,14,14,14,14,14,0,26,21,0,16,29,1,6,29,11,0,26,21,0,0,0,28,4,5,5,5,5,0,0,26,21,0,16,29,1,6,29,11,0,26,21,0,0,0,28,6,29,29,29,27,0,0,26,21,0,16,29,1,6,29,11,0,26,21,0,0,0,28,5,12,28,25,12,0,0,26,21,0,16,29,1,6,29,11,0,26,21,0,0,0,28,3,0,26,21,0,0,0,26,21,0,16,29,1,6,29,11,0,26,21,0,0,0,28,6,29,29,29,29,29,0,19,16,0,12,21,1,5,21,8,0,19,16,0,0,0,28,5,18,18,18,18,18,0,0,0,0,0,0,0,0,0,0,0,0,0,0,0,0,28,3,0,0,0,0,0,0,0,0,0,0,0,3,7,7,7,7,7,7,2,0,0,28,3,3,7,7,7,7,7,0,0,0,0,0,4,8,8,8,8,8,8,3,0,0,28,3,4,8,8,8,8,8,0,0,0,0,0,0,0,0,0,0,0,0,0,0,0,28,4,11,11,11,11,11,8,0,0,0,8,14,0,3,14,5,0,13,10,0,0,0,28,4,20,20,20,20,20,8,0,0,0,16,29,1,6,29,11,0,26,21,0,0,0,28,24,23,23,23,23,23,0,0,0,0,16,29,1,6,29,11,0,26,21,0,0,0,28,11,10,8,8,8,8,0,0,0,0,16,29,1,6,29,11,0,26,21,0,0,0,28,3,22,0,0,0,0
17,17,17,17,17,17,17,17,17,17,17,0,6,29,11,0,26,21,0,16,29,1,6,0,0,0,0,0,0,0,0,0,0,0,0,6,29,11,0,26,21,0,16,29,1,6,1,21,21,21,21,21,21,13,0,0,0,0,6,29,11,0,26,21,0,16,29,1,6,1,26,29,29,26,26,26,16,0,0,0,0,6,29,11,0,26,21,0,16,29,1,6,0,0,26,21,0,0,0,0,0,0,0,0,6,29,11,0,26,21,0,16,29,1,6,6,0,26,21,0,4,7,7,7,7,1,0,6,29,11,0,26,21,0,16,29,1,6,21,0,26,21,0,14,25,25,25,29,3,0,6,29,11,0,26,21,0,16,29,1,6,0,0,26,21,0,0,0,0,0,28,3,0,6,29,11,0,26,21,0,16,29,1,6,17,17,28,26,17,17,17,10,0,28,3,0,6,29,11,0,26,21,0,16,29,1,6,29,29,29,29,29,29,29,17,0,28,3,0,4,17,7,0,16,13,0,10,17,1,6,0,0,0,0,0,0,0,0,0,28,3,0,0,0,0,0,0,0,0,0,0,0,6,17,17,17,17,17,17,17,17,6,28,3,0,5,25,9,0,22,18,0,14,25,1,6,0,0,0,0,0,0,0,0,0,28,3,0,6,29,11,0,26,21,0,16,29,1,6,20,7,0,6,15,15,15,15,15,29,3,0,6,29,11,0,26,21,0,16,29,1,6,13,8,0,11,29,29,29,29,29,29,3,0,6,29,11,0,26,21,0,16,29,1,6,13,8,0,1,2,2,2,2,2,29,3,0,6,29,11,0,26,21,0,16,29,1,6,13,8,0,0,0,0,0,0,0,28,3,0,6,29,11,0,26,21,0,16,29,1,6,13,20,17,17,17,17,17,17,6,28,3,0,6,29,11,0,26,21,0,16,29,1,6,17,8,0,0,0,0,0,0,0,28,3,0,6,29,11,0,26,21,0,16,29,1,6,10,3,0,11,27,27,27,27,27,29,3,0,6,29,11,0,26,21,0,16,29,1,6,0,0,0,8,20,20,20,20,20,20,2,0,6,29,11,0,26,21,0,16,29,1,6,7,7,7,7,7,7,7,7,7,7,7,0,6,29,11,0,26,21,0,16,29,1,6,8,8,8,8,8,8,8,8,8,8,8,0,6,29,11,0,26,21,0,16,29,1,0
0,0,0,8,6,0,15,12,11,13,22,8,6,0,15,0,1,13,22,8,9,19,15,0,0,0,12,9,0,22,12,12,19,22,12,9,0,22,0,2,19,22,12,12,19,22,0,0,0,12,9,0,22,9,9,19,16,12,9,0,22,0,2,19,16,12,12,13,22,28,12,0,12,9,0,17,1,3,15,3,9,7,0,22,0,2,15,3,9,8,2,17,28,12,0,12,9,0,0,12,9,0,22,0,0,0,22,0,0,0,22,0,2,19,0,28,12,0,12,9,0,0,12,10,5,22,0,0,0,22,0,0,0,22,3,5,19,0,28,12,0,12,12,17,0,12,12,19,22,0,2,17,22,11,8,0,22,12,12,19,0,28,12,0,12,12,19,0,12,12,19,22,0,2,19,22,12,9,0,22,12,12,19,0,28,12,0,11,11,19,12,22,12,19,22,15,8,19,19,12,11,15,26,12,12,25,15,11,5,0,0,0,5,22,17,7,10,13,22,10,5,0,3,5,25,17,6,7,17,26,0,0,0,3,2,0,22,0,0,4,0,12,9,0,5,0,2,19,0,3,2,0,22,0,0,0,12,9,0,22,0,2,19,0,12,9,0,22,0,2,19,0,12,9,0,22,0,0,0,12,10,5,22,0,2,19,0,12,10,5,22,3,5,19,0,12,9,0,22,0,0,0,12,12,19,22,0,3,19,1,12,12,19,22,12,12,19,1,12,10,1,22,24,10,0,12,12,19,22,12,12,19,22,12,12,19,22,12,12,19,22,12,12,19,22,28,12,0,12,12,15,22,12,12,19,22,12,12,15,22,10,10,19,22,12,12,19,22,28,12,0,12,9,0,22,12,12,19,22,12,9,0,22,0,2,19,22,12,12,19,22,28,12,0,12,9,0,22,2,4,19,3,12,9,0,22,0,2,19,3,12,10,3,22,28,12,0,12,11,13,22,8,9,19,15,12,11,13,22,8,9,19,15,12,11,13,22,28,12,0,11,11,19,22,12,12,19,22,12,12,19,19,12,12,19,22,12,12,19,22,28,12,0,0,2,14,22,9,9,17,16,12,12,14,0,9,10,19,16,11,10,14,22,28,12,0,6,4,0,22,0,0,0,0,12,9,0,10,0,2,19,0,0,0,0,22,28,12,0,12,12,19,22,12,9,0,22,12,12,19,22,12,12,19,22,0,2,19,22
23,18,20,18,0,13,22,18,26,0,3,25,18,24,8,0,23,18,20,18,0,13,22,22,1,5,18,3,13,9,2,22,1,5,18,3,13,9,2,22,1,5,18,3,13,9,22,13,12,18,22,13,12,18,22,13,12,18,22,13,12,18,22,13,12,18,22,13,12,22,13,12,18,22,13,12,18,22,13,12,18,22,13,12,18,22,13,12,18,22,13,12,22,13,12,18,22,13,12,18,22,13,12,18,22,13,12,18,22,13,12,18,22,13,12,22,10,10,18,17,13,12,14,22,10,10,18,17,13,12,14,22,10,10,18,17,13,12,22,0,3,18,0,13,8,0,22,0,3,18,0,13,8,0,22,0,3,18,0,13,8,22,0,3,18,0,13,8,0,22,0,3,18,0,13,8,0,22,0,3,18,0,13,8,22,0,3,18,0,13,8,0,22,0,3,18,0,13,8,0,22,0,3,18,0,13,8,22,0,3,18,0,13,8,0,22,0,3,18,0,13,8,0,22,0,3,18,0,13,8,20,0,3,17,0,12,8,0,20,0,3,17,0,12,8,0,20,0,3,17,0,12,8,0,0,0,0,0,0,0,0,0,0,0,0,0,0,0,0,0,0,0,0,0,0,0,17,17,17,17,17,17,17,17,17,17,17,17,17,17,17,17,17,17,17,17,17,17,17,1,1,1,1,0,0,1,1,1,0,0,1,1,1,0,0,1,1,1,1,0,0,1,23,29,29,18,0,13,29,29,28,0,3,29,29,29,8,0,23,29,29,18,0,13,29,23,1,5,18,0,13,9,2,23,0,3,19,2,14,8,0,23,1,5,18,0,13,9,22,13,12,18,0,13,12,18,22,0,3,18,22,13,8,0,22,13,12,18,0,13,12,1,13,12,18,0,0,4,18,22,0,0,1,22,13,8,0,1,13,12,18,0,0,4,7,18,12,18,0,7,10,18,22,0,5,7,24,13,8,2,7,18,12,18,0,7,10,25,25,11,18,0,25,25,15,22,0,17,25,24,13,8,9,25,25,11,18,0,25,25,3,3,7,18,0,1,3,3,23,0,0,3,3,16,8,0,3,3,7,18,0,1,3,23,28,29,18,0,13,29,28,28,0,3,29,28,29,8,0,23,28,29,18,0,13,29,22,0,3,18,0,13,8,0,22,0,3,18,0,13,8,0,22,0,3,18,0,13,8
23,18,20,18,0,13,22,18,26,0,3,25,18,24,8,0,23,18,20,18,0,13,22,22,1,5,18,3,13,9,2,22,1,5,18,3,13,9,2,22,1,5,18,3,13,9,22,13,12,18,22,13,12,18,22,13,12,18,22,13,12,18,22,13,12,18,22,13,12,22,13,12,18,22,13,12,18,22,13,12,18,22,13,12,18,22,13,12,18,22,13,12,22,13,12,18,22,13,12,18,22,13,12,18,22,13,12,18,22,13,12,18,22,13,12,22,10,10,18,17,13,12,14,22,10,10,18,17,13,12,14,22,10,10,18,17,13,12,22,0,3,18,0,13,8,0,22,0,3,18,0,13,8,0,22,0,3,18,0,13,8,22,0,3,18,0,13,8,0,22,0,3,18,0,13,8,0,22,0,3,18,0,13,8,22,0,3,18,0,13,8,0,22,0,3,18,0,13,8,0,22,0,3,18,0,13,8,22,0,3,18,0,13,8,0,22,0,3,18,0,13,8,0,22,0,3,18,0,13,8,20,0,3,17,0,12,8,0,20,0,3,17,0,12,8,0,20,0,3,17,0,12,8,0,0,0,0,0,0,0,0,0,0,0,0,0,0,0,0,0,0,0,0,0,0,0,17,17,17,17,17,17,17,17,17,17,17,17,17,17,17,17,17,17,17,17,17,17,17,1,1,1,1,0,0,1,1,1,0,0,1,1,1,0,0,1,1,1,1,0,0,1,23,29,29,18,0,13,29,29,28,0,3,29,29,29,8,0,23,29,29,18,0,13,29,23,1,5,18,0,13,9,2,23,0,3,19,2,14,8,0,23,1,5,18,0,13,9,22,13,12,18,0,13,12,18,22,0,3,18,22,13,8,0,22,13,12,18,0,13,12,1,13,12,18,0,0,4,18,22,0,0,1,22,13,8,0,1,13,12,18,0,0,4,7,18,12,18,0,7,10,18,22,0,5,7,24,13,8,2,7,18,12,18,0,7,10,25,25,11,18,0,25,25,15,22,0,17,25,24,13,8,9,25,25,11,18,0,25,25,3,3,7,18,0,1,3,3,23,0,0,3,3,16,8,0,3,3,7,18,0,1,3,23,28,29,18,0,13,29,28,28,0,3,29,28,29,8,0,23,28,29,18,0,13,29,22,0,3,18,0,13,8,0,22,0,3,18,0,13,8,0,22,0,3,18,0,13,8
0,16,5,0,22,0,6,15,0,16,5,0,22,0,6,15,0,16,5,0,22,0,4,0,16,5,0,14,0,6,15,0,10,3,0,22,0,4,10,0,16,5,0,14,0,4,5,19,5,0,0,0,6,18,5,2,2,5,23,0,0,0,0,16,10,3,3,3,9,26,26,11,14,11,15,11,26,25,16,12,28,23,15,8,7,20,15,27,15,22,16,25,22,0,6,15,22,16,5,0,22,16,12,15,0,16,12,15,22,0,6,15,22,16,5,22,0,6,15,22,16,5,0,22,16,12,15,0,16,12,15,22,0,6,15,22,16,5,22,0,1,4,22,4,1,0,22,10,10,15,0,4,8,15,6,0,6,15,14,16,5,22,0,0,0,22,0,0,0,22,0,6,15,0,0,6,15,0,0,6,15,0,16,5,11,6,2,0,22,0,2,5,11,6,5,7,8,0,6,15,0,6,5,7,8,8,4,7,16,5,0,22,0,6,15,7,16,8,5,22,0,6,15,0,16,8,5,22,5,6,22,16,5,0,22,0,6,15,22,16,12,15,22,0,6,15,0,16,12,15,22,16,10,22,16,5,0,22,0,6,15,22,16,12,15,22,0,6,15,0,16,12,15,22,16,10,22,0,0,0,0,0,0,0,22,0,7,15,0,0,0,0,0,0,7,15,0,16,6,22,0,0,0,0,0,0,0,22,0,6,15,0,0,0,0,0,0,6,15,0,16,5,22,6,2,0,0,0,2,6,22,6,9,15,9,0,0,0,0,6,9,15,9,16,7,22,16,5,0,0,0,6,15,22,16,12,15,22,0,0,0,0,16,12,15,22,16,10,22,16,5,0,13,0,6,15,22,16,12,15,22,0,3,9,0,16,12,15,22,16,10,22,16,5,0,22,0,6,15,22,16,12,15,22,0,6,15,0,16,12,15,22,16,10,22,16,5,0,22,0,6,15,22,16,12,15,22,0,6,15,0,16,12,15,22,16,10,9,16,5,0,22,0,6,15,9,16,9,6,22,0,6,15,0,16,9,6,22,7,7,4,16,7,3,22,3,8,15,4,16,7,3,22,3,8,15,4,16,7,3,22,3,6,22,16,12,15,22,16,12,15,22,16,12,15,22,16,12,15,22,16,12,15,22,16,10,22,16,12,15,22,16,12,15,22,16,12,15,22,16,12,15,22,16,12,15,22,16,10
22,16,12,15,4,18,12,15,22,4,7,15,22,16,6,4,22,16,12,17,4,16,10,15,3,6,10,26,27,11,14,25,29,10,10,5,11,10,29,24,15,11,27,25,11,5,0,0,0,0,22,0,0,0,0,16,5,0,0,0,6,15,0,0,0,0,22,0,0,0,14,5,0,22,0,6,13,0,16,5,0,19,0,6,15,0,14,5,0,22,0,4,0,16,5,0,22,0,6,15,0,16,5,0,22,0,6,15,0,16,5,0,22,0,4,21,16,12,14,22,0,6,15,0,16,12,14,22,15,12,15,0,16,5,0,22,15,10,22,16,12,15,22,11,11,15,16,16,12,15,22,16,12,15,16,16,10,11,22,16,10,22,16,12,15,22,16,12,15,22,16,12,15,22,16,12,15,22,16,12,15,22,16,10,3,16,7,2,22,16,12,15,22,16,7,2,22,2,7,15,22,16,12,15,22,2,5,0,16,5,0,22,9,10,15,12,16,5,0,22,0,6,15,12,16,9,8,22,0,4,6,16,8,4,22,5,8,15,6,16,8,4,22,5,8,15,6,16,8,4,22,5,6,22,16,12,15,22,16,12,15,22,16,12,15,22,16,12,15,22,16,12,15,22,16,10,22,3,8,15,22,16,12,15,22,16,12,15,5,16,12,15,22,16,12,15,22,16,7,2,1,1,1,22,1,2,3,2,16,6,1,2,1,7,15,2,3,2,1,22,1,1,14,16,10,10,22,10,3,0,14,16,10,10,22,10,10,15,14,0,4,10,22,10,8,22,16,12,15,22,16,5,0,22,16,12,15,22,16,12,15,22,0,6,15,22,16,10,22,16,12,15,22,16,5,0,22,16,12,15,22,16,12,15,22,0,6,15,22,16,10,22,16,12,15,22,16,5,0,22,16,12,15,22,16,12,15,22,0,6,15,22,16,10,10,16,9,7,22,16,5,0,22,16,9,7,22,7,9,15,22,0,6,15,22,7,7,0,16,5,0,22,16,5,0,22,16,5,0,22,0,6,15,22,0,6,15,22,0,4,0,8,2,0,10,16,5,0,22,7,2,0,11,0,3,7,22,0,6,15,10,0,2,0,0,0,0,1,18,5,0,23,2,0,0,0,0,0,2,23,0,6,17,1,0,0,0,0,0,0,17,29,5,0,26,27,0,0,0,0,0,27,25,0,6,29,17,0,0
8,0,22,12,9,0,22,12,9,0,22,0,2,19,22,0,2,19,22,0,2,19,0,4,0,9,12,9,0,22,5,4,0,10,0,1,8,22,0,2,19,9,0,1,9,0,0,0,1,15,9,0,22,3,0,0,0,0,0,3,23,0,2,21,2,0,0,0,0,0,0,13,28,9,0,22,28,1,0,0,0,0,23,28,0,2,28,21,0,0,0,0,1,0,0,0,0,0,0,0,0,0,0,0,0,0,0,0,0,0,0,0,0,0,0,1,0,0,0,0,0,0,0,0,0,0,0,0,0,0,0,0,0,0,0,0,0,0,1,0,0,0,0,0,0,0,0,0,0,0,0,0,0,0,0,0,0,0,0,0,0,1,0,0,0,0,0,0,0,0,0,0,0,0,0,0,0,0,0,0,0,0,0,0,1,0,3,7,2,0,6,7,0,0,0,0,0,6,7,0,0,7,5,0,0,0,0,0,0,11,27,9,0,22,25,1,0,0,0,0,20,28,0,2,28,18,0,0,0,0,0,0,0,12,9,0,22,0,0,0,0,0,0,0,22,0,2,19,0,0,0,0,0,6,0,16,12,9,0,22,9,7,0,16,0,2,14,22,0,2,19,16,0,2,14,0,8,0,22,12,9,0,22,12,9,0,22,0,2,19,22,0,2,19,22,0,2,19,0,11,13,22,12,9,0,22,12,12,13,22,9,9,19,22,0,2,19,22,9,9,19,16,11,19,22,12,9,0,22,12,12,19,22,12,12,19,22,0,2,19,22,12,12,19,22,11,19,22,12,9,0,22,12,12,19,22,12,12,19,22,0,2,19,22,12,12,19,22,11,19,22,12,9,0,22,12,12,19,22,12,12,19,22,0,2,19,22,12,12,19,22,8,7,22,4,3,0,8,12,11,7,19,4,6,19,8,0,1,7,22,4,6,16,8,1,7,22,4,5,9,8,12,11,7,0,4,6,19,8,6,6,7,22,4,3,0,8,7,19,22,12,12,19,22,12,12,19,11,12,12,19,22,12,12,19,22,12,11,9,22,11,19,22,12,12,19,22,12,12,19,22,12,12,19,22,12,12,19,22,12,12,19,22,9,0,22,0,3,19,0,12,10,0,22,0,3,19,0,12,10,0,22,0,3,19,0,8,0,22,10,10,19,18,12,9,0,22,0,2,19,18,12,12,15,22,0,2,19,0
22,0,3,18,0,13,12,18,0,13,12,18,0,13,8,0,22,13,8,0,22,13,8,9,0,1,8,0,6,7,18,0,13,10,8,0,6,4,0,9,13,8,0,22,6,3,2,0,0,0,0,0,7,18,0,13,11,1,0,0,0,0,1,16,8,0,23,3,0,20,0,0,0,0,4,28,18,0,13,28,10,0,0,0,0,14,28,8,0,23,28,0,0,0,0,0,0,0,0,0,0,0,0,0,0,0,0,0,0,0,0,0,0,0,0,0,0,0,0,0,0,0,0,0,0,0,0,0,0,0,0,0,0,0,0,0,0,0,0,0,0,0,0,0,0,0,0,0,0,0,0,0,0,0,0,0,0,0,0,0,0,0,0,0,0,0,0,0,0,0,0,0,0,0,0,0,0,0,0,0,0,0,0,0,5,0,0,0,0,1,7,5,0,3,7,2,0,0,0,0,3,7,2,0,6,7,0,17,0,0,0,0,4,25,18,0,13,26,9,0,0,0,0,12,27,8,0,23,25,0,0,0,0,0,0,0,3,18,0,13,8,0,0,0,0,0,0,13,8,0,22,0,0,16,0,2,13,0,10,10,18,0,13,11,13,0,10,6,0,16,13,8,0,22,10,6,22,0,3,18,0,13,12,18,0,13,12,18,0,13,8,0,22,13,8,0,22,13,8,22,9,10,18,16,13,12,18,0,13,12,18,16,13,11,13,22,13,8,0,22,13,11,22,13,12,18,22,13,12,18,0,13,12,18,22,13,12,18,22,13,8,0,22,13,12,22,13,12,18,22,13,12,18,0,13,12,18,22,13,12,18,22,13,8,0,22,13,12,22,13,12,18,22,13,12,18,0,13,12,18,22,13,12,18,22,13,8,0,22,13,12,22,5,6,15,8,13,10,6,0,5,7,18,8,11,8,6,22,5,3,0,8,13,10,22,5,3,0,8,13,10,6,11,5,7,18,8,0,1,6,22,5,5,9,8,13,10,22,13,10,9,22,13,12,18,22,13,12,18,22,6,8,18,22,13,12,18,22,13,12,22,13,12,18,22,13,12,18,22,13,12,18,22,13,12,18,22,13,12,18,22,13,12,22,0,4,18,0,13,9,0,22,0,4,18,0,13,9,0,22,0,4,18,0,13,9,22,0,3,18,0,13,12,15,22,11,11,18,0,13,8,0,22,11,11,18,18,13,8
29,11,0,11,11,18,19,13,12,15,22,11,11,18,19,13,12,15,22,11,11,18,19,29,11,0,0,3,18,0,13,8,0,22,0,3,18,0,13,8,0,22,0,3,18,0,29,11,0,0,3,29,27,28,8,0,23,27,28,18,0,13,28,27,28,0,3,29,27,29,11,0,0,0,4,4,16,8,0,3,4,8,18,0,2,4,4,23,0,0,4,4,29,11,0,0,16,23,23,13,8,8,23,23,11,18,0,23,23,15,22,0,16,23,23,29,11,0,0,6,8,24,13,8,3,8,18,12,18,0,8,11,18,22,0,6,8,24,29,11,0,0,0,0,22,13,8,0,0,13,12,18,0,0,3,18,22,0,0,0,22,29,11,0,0,3,18,22,13,8,0,22,13,12,18,0,13,12,18,22,0,3,18,22,29,11,0,0,3,18,2,13,8,0,22,1,4,18,0,13,9,1,22,0,3,18,2,29,11,0,0,3,29,29,29,8,0,23,29,29,18,0,13,29,29,28,0,3,29,29,29,11,0,0,0,2,2,2,0,0,2,2,2,1,0,1,2,2,2,0,0,2,2,29,11,0,2,17,17,17,17,17,17,17,17,17,17,17,17,17,17,17,17,17,17,17,29,11,0,0,0,0,0,0,0,0,0,0,0,0,0,0,0,0,0,0,0,0,0,29,11,0,0,3,16,0,12,7,0,19,0,3,16,0,12,7,0,19,0,3,16,0,29,11,0,0,3,18,0,13,8,0,22,0,3,18,0,13,8,0,22,0,3,18,0,29,11,0,0,3,18,0,13,8,0,22,0,3,18,0,13,8,0,22,0,3,18,0,25,10,0,0,3,18,0,13,8,0,22,0,3,18,0,13,8,0,22,0,3,18,0,0,0,0,0,3,18,0,13,8,0,22,0,3,18,0,13,8,0,22,0,3,18,0,17,6,0,10,10,18,16,13,11,13,22,10,10,18,16,13,11,13,22,10,10,18,16,29,11,0,13,12,18,22,13,12,18,22,13,12,18,22,13,12,18,22,13,12,18,22,29,11,0,13,12,18,22,13,12,18,22,13,12,18,22,13,12,18,22,13,12,18,22,29,11,0,13,12,18,22,13,12,18,22,13,12,18,22,13,12,18,22,13,12,18,22,29,11,0,2,5,18,3,13,9,3,22,2,5,18,3,13,9,3,22,2,5,18,3
0,22,0,3,18,22,0,3,18,22,0,3,18,0,13,12,18,0,13,12,18,0,13,0,10,0,1,8,22,0,3,18,9,0,1,8,0,6,7,18,0,13,10,8,0,6,0,0,0,0,3,23,0,3,20,2,0,0,0,0,0,7,18,0,13,11,1,0,0,0,0,0,0,24,28,0,3,28,20,0,0,0,0,4,28,18,0,13,28,10,0,0,6,28,11,0,0,0,0,0,0,0,0,0,0,0,0,0,0,0,0,0,0,0,0,6,29,11,0,0,0,0,0,0,0,0,0,0,0,0,0,0,0,0,0,0,0,0,6,29,11,0,0,0,0,0,0,0,0,0,0,0,0,0,0,0,0,0,0,0,0,6,29,11,0,0,0,0,0,0,0,0,0,0,0,0,0,0,0,0,0,0,0,0,6,25,10,0,6,7,0,1,7,5,0,0,0,0,1,7,5,0,3,7,2,0,0,0,0,0,0,20,27,0,3,28,17,0,0,0,0,4,25,18,0,13,26,9,0,0,0,0,0,0,0,22,0,3,18,0,0,0,0,0,0,3,18,0,13,8,0,0,0,0,16,0,2,13,22,0,3,18,16,0,2,13,0,10,10,18,0,13,11,13,0,10,0,22,0,3,18,22,0,3,18,22,0,3,18,0,13,12,18,0,13,12,18,0,13,13,22,9,10,18,22,0,3,18,22,9,10,18,16,13,12,18,0,13,12,18,16,13,18,22,13,12,18,22,0,3,18,22,13,12,18,22,13,12,18,0,13,12,18,22,13,18,22,13,12,18,22,0,3,18,22,13,12,18,22,13,12,18,0,13,12,18,22,13,18,22,13,12,18,22,0,3,18,22,13,12,18,22,13,12,18,0,13,12,18,22,13,6,19,5,7,18,8,0,1,6,22,5,6,15,8,13,10,6,0,5,7,18,8,11,6,0,5,7,18,8,6,5,6,22,5,3,0,8,13,10,6,11,5,7,18,8,0,18,11,13,12,18,22,13,12,18,22,13,10,9,22,13,12,18,22,13,12,18,22,6,18,22,13,12,18,22,13,12,18,22,13,12,18,22,13,12,18,22,13,12,18,22,13,0,22,0,4,18,0,13,9,0,22,0,4,18,0,13,9,0,22,0,4,18,0,13,0,22,0,3,18,18,13,12,15,22,0,3,18,0,13,12,15,22,11,11,18,0,13
12,12,12,12,12,12,12,12,12,12,12,12,12,12,12,12,12,12,12,12,12,12,12,3,3,3,3,3,3,3,3,3,3,3,3,3,3,3,3,3,3,3,3,3,3,3,17,17,17,17,17,17,4,6,17,17,17,17,17,17,4,0,0,0,0,0,0,0,0,29,29,29,29,29,29,7,11,29,29,29,29,29,29,7,0,4,6,0,1,5,5,0,1,1,1,17,29,3,0,0,1,1,1,17,29,3,0,3,18,22,0,3,18,22,0,2,2,0,16,29,1,2,2,2,2,0,16,29,1,0,3,18,22,0,3,18,22,0,29,22,0,16,29,1,20,29,29,29,5,16,29,1,0,3,18,22,0,3,18,22,0,0,0,0,16,29,1,0,0,0,0,0,16,29,1,0,3,18,22,0,3,18,22,0,12,12,12,22,29,14,12,12,12,12,12,22,29,14,3,2,13,22,0,3,18,16,0,29,29,29,29,29,29,29,29,29,29,29,29,29,29,7,0,0,22,0,3,18,0,0,5,5,5,5,5,5,5,5,5,5,5,5,5,5,1,0,0,22,0,3,18,0,0,17,17,17,17,17,17,17,17,17,17,17,17,17,17,17,17,6,22,0,3,18,8,17,0,0,0,0,0,0,0,0,0,0,0,0,0,0,0,0,0,22,0,3,18,0,0,10,10,10,6,0,2,18,17,17,17,17,17,17,0,0,3,15,22,0,3,18,18,0,29,29,29,17,0,3,18,0,0,0,0,0,0,0,0,3,18,22,0,3,18,22,0,7,7,7,4,0,3,18,0,0,0,12,14,14,14,14,16,18,22,0,3,18,23,14,0,0,0,0,0,3,18,0,4,4,6,6,6,6,1,5,18,22,0,3,18,23,1,17,17,17,17,17,18,18,0,10,11,11,11,11,25,0,3,18,3,0,0,3,22,0,0,0,0,0,0,3,19,0,0,0,0,0,0,22,0,3,18,0,0,0,0,22,0,22,22,22,13,0,2,15,15,15,15,15,11,0,22,0,3,18,0,0,0,0,22,0,25,25,25,15,0,0,0,0,0,0,0,0,0,7,0,2,12,0,0,0,0,14,0,2,2,2,2,2,2,2,2,2,2,2,2,2,2,2,2,2,2,2,2,2,2,2,13,13,13,13,13,13,13,13,13,13,13,13,13,13,13,13,13,13,13,13,13,13,13
0,0,0,0,0,0,0,0,0,0,0,0,0,0,0,0,0,0,0,0,0,0,0,0,0,0,9,15,1,0,0,0,0,0,0,3,14,5,0,13,10,0,8,14,0,3,23,23,6,16,29,1,18,23,22,0,0,0,6,29,11,0,26,21,0,16,29,1,6,8,8,2,16,29,1,6,8,8,0,0,0,6,29,11,0,26,21,0,16,29,1,6,0,0,0,16,29,1,0,0,0,0,0,0,6,29,11,0,26,21,0,16,29,1,6,17,17,17,24,29,18,17,17,16,0,0,0,6,29,11,0,26,21,0,16,29,1,6,29,29,29,29,29,29,29,29,27,0,0,0,2,9,3,0,8,7,0,5,9,0,6,0,0,0,0,0,0,0,0,0,0,0,0,0,0,0,0,0,0,0,0,0,0,2,3,3,3,3,3,3,3,3,3,3,3,3,3,3,3,3,3,3,3,3,1,0,0,12,12,12,12,12,12,12,12,12,12,12,12,12,12,12,12,12,12,12,12,4,0,6,15,15,15,15,15,15,15,15,15,0,0,0,0,0,0,0,0,0,0,0,0,0,6,29,29,29,29,29,29,29,29,29,0,0,0,6,26,10,0,24,19,0,15,26,1,6,9,29,13,2,2,2,27,22,2,0,0,0,6,29,11,0,26,21,0,16,29,1,6,6,29,11,0,13,8,26,21,13,8,0,0,6,29,11,0,26,21,0,16,29,1,6,6,29,11,0,13,8,26,21,13,8,0,0,6,29,11,0,26,21,0,16,29,1,6,6,29,11,0,13,8,26,21,13,8,0,0,6,29,11,0,26,21,0,16,29,1,6,10,29,14,2,0,3,27,23,3,0,0,0,6,29,11,0,26,21,0,16,29,1,6,29,29,29,17,1,29,29,29,27,0,0,0,3,15,6,0,14,11,0,9,15,1,6,14,14,14,8,0,14,14,14,13,0,0,0,0,0,0,0,0,0,0,0,0,0,6,13,13,13,13,13,13,13,13,13,13,13,13,13,13,13,13,13,13,13,13,5,0,6,2,2,2,2,2,2,2,2,2,2,2,2,2,2,2,2,2,2,2,2,1,0,6,0,0,0,0,0,0,0,0,0,0,0,0,0,0,0,0,0,0,0,0,0,0,3,0,0,0,0,0,0,0,0,0,0,0,0,0,0,0,0,0,0,0,0,0,0,0
8,29,9,0,0,18,29,0,8,8,8,8,8,8,8,16,23,5,5,5,5,5,1,8,29,9,0,0,18,29,27,27,27,27,27,24,0,0,10,29,29,29,29,29,29,5,8,29,9,0,0,13,20,20,20,20,20,20,18,0,0,4,12,12,12,12,12,12,2,8,29,9,0,7,7,7,7,7,7,7,7,7,7,7,7,7,7,7,7,7,5,0,8,29,9,0,8,8,8,8,8,8,8,8,8,8,8,8,8,8,8,8,8,5,0,8,29,9,0,0,0,0,0,0,0,0,0,0,17,17,17,17,17,17,17,5,0,0,8,29,9,0,14,9,0,9,14,0,0,0,0,22,0,1,9,9,9,0,0,0,0,8,29,9,0,28,19,0,18,29,0,0,3,9,22,0,5,20,6,6,0,0,0,0,8,29,9,0,28,19,0,18,29,0,0,5,16,22,0,5,16,0,11,4,0,0,0,8,29,9,0,28,19,0,13,21,0,0,5,16,22,0,5,16,0,15,6,0,0,0,8,29,9,0,28,19,0,0,0,0,0,0,1,22,0,5,16,0,15,26,25,25,7,8,29,9,0,9,6,0,0,0,9,15,15,15,25,0,5,16,0,15,12,6,6,2,8,29,9,0,0,0,0,0,0,0,2,6,6,6,5,10,16,0,15,6,0,0,0,8,29,9,0,0,0,0,0,0,0,2,10,10,10,10,10,6,0,0,0,0,0,0,8,29,9,0,15,17,17,17,17,17,17,17,17,17,17,17,17,17,17,17,17,17,5,8,29,9,0,0,0,0,0,0,0,0,0,0,0,4,3,0,0,0,0,0,0,0,8,29,9,0,0,0,0,0,3,29,29,29,25,0,28,19,0,0,0,0,0,0,0,8,29,9,0,8,5,0,0,2,18,29,26,16,0,28,19,0,5,8,0,2,8,2,8,29,9,0,28,19,0,0,7,3,28,19,7,3,28,19,0,18,29,0,8,29,8,8,29,9,0,28,19,0,0,15,6,28,19,15,6,28,19,0,18,29,0,8,29,8,8,29,9,0,28,19,0,0,15,6,28,19,15,6,28,19,0,18,29,0,8,29,8,8,29,9,0,28,19,0,0,7,3,28,19,7,3,28,19,0,18,29,0,8,29,8,8,29,9,0,15,10,0,0,4,17,29,25,17,17,29,19,0,10,15,0,4,15,4
16,29,1,6,29,11,0,26,21,0,16,29,1,7,8,8,8,8,8,8,15,25,5,12,21,1,5,21,8,0,19,16,0,16,29,28,27,27,27,27,26,0,0,8,29,29,0,0,0,0,0,0,0,0,0,0,11,20,20,20,20,20,20,19,0,0,3,12,12,7,7,7,7,0,0,0,0,0,6,7,7,7,7,7,7,7,7,7,7,7,7,7,8,8,8,8,0,0,0,0,0,7,8,8,8,8,8,8,8,8,8,8,8,8,8,0,0,0,0,0,0,0,0,0,0,0,0,0,0,0,0,0,0,15,17,17,17,17,8,14,0,3,14,5,0,13,10,0,8,14,0,0,0,0,0,0,22,0,1,9,9,16,29,1,6,29,11,0,26,21,0,16,29,1,0,0,0,2,10,22,0,3,21,6,16,29,1,6,29,11,0,26,21,0,16,29,1,0,0,0,3,18,22,0,3,18,0,16,29,1,6,29,11,0,26,21,0,16,29,1,0,0,0,3,18,22,0,3,18,0,16,29,1,6,29,11,0,26,21,0,16,29,1,0,0,0,0,1,22,0,3,18,0,5,9,0,2,9,3,0,8,7,0,5,9,0,0,7,15,15,15,26,0,3,18,0,0,0,0,0,0,0,0,0,0,0,0,0,0,0,0,1,6,6,6,5,9,18,0,0,0,0,0,0,0,0,0,0,0,0,0,0,0,0,1,10,10,10,10,10,6,0,17,17,17,17,0,0,0,0,0,14,17,17,17,17,17,17,17,17,17,17,17,17,17,0,0,0,0,0,0,0,0,0,0,0,0,0,0,0,0,0,0,0,4,3,0,0,0,0,0,0,0,0,0,0,0,0,0,0,0,1,29,29,29,27,0,26,21,0,0,5,8,0,2,8,3,0,8,6,0,0,0,0,1,18,28,27,17,0,26,21,0,0,16,29,1,6,29,11,0,26,21,0,0,0,0,6,4,26,21,6,4,26,21,0,0,16,29,1,6,29,11,0,26,21,0,0,0,0,13,8,26,21,13,8,26,21,0,0,16,29,1,6,29,11,0,26,21,0,0,0,0,13,8,26,21,13,8,26,21,0,0,16,29,1,6,29,11,0,26,21,0,0,0,0,6,4,26,21,6,4,26,21,0,0,9,15,1,3,15,6,0,14,11,0,0,0,0,2,17,28,26,17,17,28,21,0,0
0,0,29,13,0,25,23,0,14,29,3,0,0,0,1,20,21,12,12,20,21,0,0,0,0,29,13,0,25,23,0,14,29,3,0,0,0,1,16,21,10,10,20,17,0,0,0,0,29,13,0,25,23,0,14,29,3,0,0,0,0,0,21,0,1,20,0,0,0,0,0,29,13,0,25,23,0,14,29,3,0,0,0,0,0,21,0,1,20,0,0,0,0,0,29,13,0,25,23,0,14,29,3,0,14,0,1,13,21,8,9,20,14,0,0,0,0,29,13,0,25,23,0,14,29,3,0,21,0,1,20,21,12,12,20,21,0,0,0,0,29,13,0,25,23,0,14,29,3,0,21,0,1,20,15,12,12,14,21,0,0,0,0,29,13,0,25,23,0,14,29,3,0,21,0,1,16,2,9,8,2,16,0,0,0,0,29,13,0,25,23,0,14,29,3,0,21,0,0,0,21,0,1,20,0,0,0,0,0,29,13,0,25,23,0,14,29,3,0,21,0,0,0,21,4,4,20,0,0,0,0,0,29,13,0,25,23,0,14,29,3,0,21,11,9,0,21,12,12,20,0,0,0,0,0,29,13,0,25,23,0,14,29,3,0,21,12,10,0,21,12,12,20,0,0,0,0,0,29,13,0,21,20,0,12,25,3,0,19,12,12,15,26,12,12,25,15,0,0,0,0,29,13,0,0,0,0,0,0,0,0,0,3,5,26,17,6,6,17,26,0,0,0,0,29,13,0,14,13,0,8,17,2,0,5,0,1,20,0,2,2,0,21,0,0,0,0,29,13,0,25,23,0,14,29,3,0,21,0,1,20,0,11,10,0,21,0,0,0,0,29,13,0,25,23,0,14,29,3,0,21,4,5,20,0,11,10,0,21,0,0,0,0,29,13,0,25,23,0,14,29,3,0,21,12,12,20,1,12,11,1,21,0,0,0,0,29,13,0,25,23,0,14,29,3,0,21,12,12,20,21,12,12,20,21,0,0,0,0,29,13,0,25,23,0,14,29,3,0,21,10,10,20,21,12,12,20,21,0,0,0,0,29,13,0,25,23,0,14,29,3,0,21,0,1,20,21,12,12,20,21,0,0,0,0,29,13,0,25,23,0,14,29,3,0,21,0,1,20,3,12,11,3,21,0,0,0,0,29,13,0,25,23,0,14,29,3,0,21,8,9,20,14,12,12,13,21,0,0
0,0,29,13,0,25,23,0,14,29,3,0,14,0,1,13,21,8,9,20,14,0,0,0,0,29,13,0,25,23,0,14,29,3,0,21,0,1,20,21,12,12,20,21,0,0,0,0,29,13,0,25,23,0,14,29,3,0,21,0,1,20,15,12,12,14,21,0,0,0,0,29,13,0,25,23,0,14,29,3,0,21,0,1,16,2,9,8,2,16,0,0,0,0,29,13,0,25,23,0,14,29,3,0,21,0,0,0,21,0,1,20,0,0,0,0,0,29,13,0,25,23,0,14,29,3,0,21,0,0,0,21,4,4,20,0,0,0,0,0,29,13,0,4,4,0,14,29,3,0,21,11,9,0,21,12,12,20,0,0,0,0,0,29,13,0,5,5,0,14,29,3,0,21,12,10,0,21,12,12,20,0,0,0,0,0,29,13,0,25,23,0,14,29,3,0,19,12,12,15,26,12,12,25,15,0,0,0,0,29,13,0,25,23,0,13,27,3,0,0,3,5,26,17,6,6,17,26,0,0,0,0,29,13,0,25,23,0,0,0,0,0,5,0,1,20,0,2,2,0,21,0,0,0,0,29,13,0,25,23,0,7,14,1,0,21,0,1,20,0,11,10,0,21,0,0,0,0,29,13,0,25,23,0,14,29,3,0,21,4,5,20,0,11,10,0,21,0,0,0,0,29,13,0,25,23,0,14,29,3,0,21,12,12,20,1,12,11,1,21,0,0,0,0,29,13,0,25,23,0,14,29,3,0,21,12,12,20,21,12,12,20,21,0,0,0,0,29,13,0,25,23,0,14,29,3,0,21,10,10,20,21,12,12,20,21,0,0,0,0,29,13,0,25,23,0,14,29,3,0,21,0,1,20,21,12,12,20,21,0,0,0,0,27,13,0,25,23,0,14,29,3,0,21,0,1,20,3,12,11,3,21,0,0,0,0,0,0,0,25,23,0,14,29,3,0,21,8,9,20,14,12,12,13,21,0,0,0,0,14,6,0,25,23,0,14,29,3,0,19,12,12,20,21,12,12,20,21,0,0,0,0,29,13,0,25,23,0,14,29,3,0,0,8,10,20,16,11,10,15,21,0,0,0,0,29,13,0,25,23,0,14,29,3,0,10,0,1,20,0,0,0,0,21,0,0,0,0,29,13,0,25,23,0,14,29,3,0,21,12,12,20,21,0,1,20,21,0,0
4,16,29,1,0,3,18,22,0,3,18,22,0,0,6,29,11,9,25,25,25,13,6,0,16,29,1,0,3,18,22,0,3,18,22,0,0,6,29,11,0,0,0,0,0,6,17,24,29,18,4,2,10,22,0,3,18,12,0,7,20,29,22,17,17,17,17,17,20,29,29,29,29,7,0,0,22,0,3,18,0,0,11,29,29,29,29,29,29,29,29,29,0,0,0,0,0,0,0,22,0,3,18,0,0,0,0,0,0,0,0,0,0,0,0,17,17,17,17,17,17,6,22,0,3,18,8,17,17,17,17,17,17,17,17,17,17,17,0,0,0,0,0,0,0,22,0,3,18,0,0,0,0,0,0,0,0,0,0,0,0,17,17,17,0,0,3,18,22,0,3,18,22,0,0,2,17,17,17,17,17,17,21,0,0,0,0,0,0,3,18,22,0,3,18,22,0,0,0,0,0,0,0,0,0,22,0,14,17,17,17,17,18,18,22,0,3,18,23,17,17,17,17,17,11,0,0,0,22,0,9,9,9,9,0,3,18,22,0,3,18,22,0,1,9,9,9,9,9,7,0,22,0,6,6,6,24,0,3,18,0,0,0,0,22,0,3,21,6,6,6,6,5,0,23,17,5,4,0,22,0,3,18,0,0,0,0,22,0,3,18,0,4,5,5,5,5,24,0,10,7,0,22,0,3,18,0,0,0,0,22,0,3,18,0,9,10,10,10,10,10,0,0,0,0,3,0,1,8,0,0,0,0,10,0,0,3,0,0,0,0,0,0,0,0,7,7,7,7,7,7,7,7,7,7,7,7,7,7,7,7,7,7,7,7,7,7,7,8,8,8,8,8,8,8,8,8,8,8,8,8,8,8,8,8,8,8,8,8,8,8,11,11,11,11,3,0,0,0,0,0,0,0,0,4,11,11,11,11,11,11,3,4,11,29,29,29,29,7,0,1,2,0,0,1,1,0,11,29,29,29,29,29,29,7,11,29,6,20,29,8,1,3,18,22,0,3,18,22,0,2,12,29,16,6,6,6,1,2,12,0,16,29,1,0,3,18,22,0,3,18,22,0,0,6,29,11,0,0,0,0,0,6,5,16,29,1,0,3,18,22,0,3,18,22,0,0,6,29,11,10,27,27,27,14,6,0,16,29,1,0,3,18,22,0,3,18,22,0,0,6,29,11,1,4,4,4,2,6
0,11,12,20,21,12,12,20,21,12,10,0,21,12,12,20,21,0,1,20,21,12,10,0,11,12,20,21,12,12,20,21,12,10,0,21,12,12,20,21,0,1,20,21,12,10,0,0,2,20,0,6,5,0,21,1,0,0,0,12,11,0,10,0,0,10,0,12,10,18,9,9,20,15,0,1,14,21,9,9,17,15,12,12,14,0,0,0,0,15,12,10,21,12,12,20,21,10,11,20,21,12,12,20,21,12,12,20,18,0,1,17,21,12,10,21,9,9,20,15,12,12,14,21,9,9,20,15,12,12,14,21,0,1,20,15,12,10,21,2,3,20,0,11,10,0,21,2,3,20,2,12,10,0,21,0,1,20,0,11,10,21,12,12,20,0,11,10,0,21,12,12,20,21,12,10,0,21,0,1,20,0,11,10,21,12,12,20,16,12,12,15,21,12,12,20,21,12,12,15,21,0,1,20,16,12,10,21,12,12,20,21,12,12,20,21,12,12,20,21,12,12,20,21,0,1,20,21,12,10,21,2,3,20,21,12,12,20,21,2,3,20,2,12,12,20,21,0,1,20,21,12,10,21,0,1,20,7,12,11,6,21,0,1,20,0,11,11,6,21,0,1,20,7,12,10,21,0,1,20,0,11,10,0,21,0,1,20,0,11,10,0,21,0,1,20,0,11,10,6,0,1,20,0,3,3,0,21,0,0,6,0,11,10,0,6,0,0,6,0,11,10,10,6,16,20,5,0,0,4,21,16,6,10,11,21,11,4,0,0,0,0,5,12,17,21,12,21,11,21,10,11,20,12,22,12,20,21,17,8,20,18,0,1,17,21,7,13,21,12,10,0,21,12,12,20,0,11,12,20,21,0,1,20,21,0,1,20,21,0,0,21,12,10,0,20,12,12,19,0,11,12,20,21,0,1,19,21,0,1,20,20,0,0,6,12,10,0,0,11,10,0,0,11,11,6,21,0,0,0,21,0,1,20,0,0,0,0,11,10,0,0,11,10,0,0,11,10,0,21,0,0,0,21,0,1,20,0,0,0,15,2,3,14,0,11,10,0,15,2,3,14,3,8,7,0,21,0,1,20,0,8,7,21,8,9,20,0,11,10,0,21,8,9,20,14,12,10,0,21,0,1,20,0,11,10,21,12,12,20,0,11,10,0,21,12,12,20,21,12,10,0,21,0,1,20,0,11,10
0,0,0,0,0,0,0,0,0,6,8,8,8,8,8,8,8,8,8,8,8,8,8,0,0,0,0,0,0,0,0,0,22,29,29,29,29,29,29,29,29,29,29,29,29,29,0,0,0,0,0,0,0,0,0,7,9,9,9,27,24,9,9,9,9,14,29,17,9,10,10,3,0,0,0,1,10,10,10,10,4,0,26,21,3,18,18,11,6,29,11,9,5,17,8,0,0,0,3,21,5,5,5,2,0,26,21,2,13,13,8,6,29,11,6,0,13,8,0,0,0,3,18,0,5,6,6,6,27,23,6,0,5,6,12,29,16,6,0,13,8,0,0,0,3,18,0,22,29,29,29,29,29,27,0,22,29,29,29,29,29,0,13,8,0,0,0,3,18,0,9,11,11,11,11,11,11,0,9,11,11,11,11,11,6,13,8,0,0,0,3,18,4,8,8,8,8,8,8,8,8,8,8,8,8,8,8,5,13,8,0,0,0,3,18,3,7,7,7,7,7,7,7,7,7,7,7,7,7,7,0,13,8,0,0,0,3,18,0,0,0,0,0,0,0,0,16,20,12,0,0,0,0,18,24,8,0,0,0,3,25,18,18,18,18,18,5,0,0,23,27,16,0,0,0,0,29,29,8,0,0,0,3,29,29,29,29,29,29,7,0,0,22,0,0,13,8,0,0,0,13,8,0,0,0,3,18,0,0,0,0,0,0,0,0,22,0,0,13,8,0,0,0,13,8,0,0,0,3,18,0,2,12,12,12,12,12,12,25,0,0,13,8,0,0,0,13,8,0,0,0,3,18,0,0,3,3,3,3,3,3,23,0,0,7,4,0,0,17,23,8,0,0,0,3,25,17,17,17,17,17,4,0,0,23,17,10,0,0,0,0,29,29,8,0,0,0,3,29,29,29,29,29,29,7,0,0,23,29,17,0,0,0,0,1,1,0,0,0,0,0,1,1,1,1,1,1,0,0,0,1,1,1,0,0,0,0,17,17,17,17,17,17,17,17,17,17,17,17,17,17,17,17,17,17,17,17,17,17,17,0,0,0,0,0,0,0,0,0,0,0,0,0,0,0,1,5,2,0,0,0,0,0,0,0,0,0,0,0,0,0,0,0,0,0,0,0,0,6,29,11,11,29,29,29,17,0,1,5,2,0,5,4,0,3,5,0,1,5,2,0,2,9,3,3,9,9,9,5
17,17,17,17,17,17,11,0,0,0,22,0,0,0,8,17,17,17,17,17,17,17,17,0,0,0,0,0,0,0,0,0,0,22,0,0,0,0,0,0,0,0,0,0,0,0,0,0,0,0,0,0,0,0,0,0,22,0,0,0,0,26,29,29,29,29,29,29,0,8,3,0,8,6,0,5,8,0,0,14,0,0,0,0,26,27,18,18,28,27,18,0,29,11,0,26,21,0,16,29,1,0,0,0,0,0,0,26,21,6,4,26,21,6,4,29,11,0,26,21,0,16,29,1,4,20,8,0,0,0,26,21,13,8,26,21,13,8,29,11,0,26,21,0,16,29,1,6,29,11,0,0,0,26,21,13,8,26,21,13,8,29,11,0,26,21,0,16,29,1,6,29,11,0,0,0,26,21,6,4,26,21,6,4,15,6,0,14,11,0,9,15,1,3,15,6,0,0,0,26,21,1,17,28,26,16,0,0,0,0,0,0,0,0,0,0,0,0,0,0,0,0,26,21,1,29,29,29,27,0,0,0,0,0,0,0,0,0,0,0,0,0,0,0,0,6,5,0,0,0,0,0,0,17,17,17,17,17,17,17,17,17,17,17,17,17,17,17,17,17,17,17,17,17,17,17,0,0,0,0,1,1,1,1,1,1,0,0,0,1,1,0,0,0,0,0,0,0,0,0,0,0,13,29,29,29,29,29,27,0,0,3,29,29,7,0,0,0,4,20,8,0,0,0,0,13,20,17,17,17,17,15,0,0,3,25,17,4,0,0,0,6,29,11,0,0,0,0,13,8,0,1,3,3,3,3,3,7,18,0,0,12,0,0,6,29,11,0,0,0,0,13,8,0,6,12,12,12,12,12,15,18,0,0,22,0,0,6,29,11,0,0,0,0,13,8,0,0,0,0,0,0,0,3,18,0,0,22,0,0,6,29,11,0,0,0,0,13,29,29,29,29,29,27,0,0,3,18,0,0,22,0,0,6,29,11,0,0,0,0,13,22,18,18,18,18,17,0,0,3,29,27,7,0,0,0,5,21,8,0,0,0,0,13,8,0,0,0,0,0,0,0,2,20,20,5,0,0,0,0,0,0,0,0,0,0,13,8,6,7,7,7,7,7,7,7,7,7,7,7,7,7,7,7,7,7,0,0,0,13,8,7,8,8,8,8,8,8,8,8,8,8,8,8,8,8,8,8,8
0,13,29,4,3,29,14,0,23,25,0,13,29,4,0,20,3,3,3,1,10,11,0,0,13,29,4,3,29,14,0,23,25,0,13,29,4,0,20,12,29,28,9,10,11,0,0,13,29,4,3,29,14,0,23,25,0,13,29,4,0,20,12,11,0,0,10,11,0,0,13,29,4,3,29,14,0,23,25,0,13,29,4,0,20,12,12,7,0,10,11,0,0,13,29,4,3,29,14,0,23,25,0,13,29,4,0,20,10,10,21,0,10,11,0,0,13,29,4,3,29,14,0,23,25,0,7,15,2,0,20,11,10,21,0,10,12,0,0,13,29,4,3,29,14,0,23,25,0,0,0,0,0,16,22,22,16,0,8,10,0,0,13,29,4,3,29,14,0,23,25,0,0,0,0,0,0,0,0,0,0,0,0,0,0,13,29,4,3,29,14,0,23,25,0,0,0,0,12,17,17,17,17,17,17,7,0,0,13,29,4,3,29,14,0,23,25,0,0,0,0,0,4,0,0,4,0,2,2,0,0,13,29,4,3,29,14,0,23,25,0,0,0,0,0,20,1,0,21,0,10,11,0,0,13,29,4,3,29,14,0,23,25,0,0,0,0,0,20,1,0,21,0,10,11,0,0,13,29,4,3,29,14,0,23,25,0,0,0,0,0,20,1,0,21,0,10,11,0,0,13,29,4,3,29,14,0,23,25,0,0,0,0,0,20,1,0,21,0,10,11,0,0,13,29,4,3,29,14,0,23,25,0,0,0,0,1,20,2,1,21,1,11,11,0,0,13,29,4,3,29,14,0,23,25,0,0,0,0,21,20,12,12,21,20,12,11,0,0,13,29,4,3,29,14,0,23,25,0,0,0,0,21,20,12,12,21,20,12,11,0,0,3,7,1,1,7,3,0,6,6,0,0,0,0,21,20,12,12,21,20,12,11,0,0,2,4,0,0,4,2,0,3,4,0,0,0,0,18,20,11,10,21,17,12,11,0,0,13,29,4,3,29,14,0,23,25,0,0,0,0,0,20,1,0,21,0,10,11,0,0,13,29,4,3,29,14,0,23,25,0,0,0,0,0,20,28,28,21,0,10,13,0,0,13,29,4,3,29,14,0,23,25,0,0,0,0,0,3,4,5,21,0,1,2,0,0,13,29,4,3,29,14,0,23,25,0,0,0,0,6,23,23,10,21,0,22,11,0
3,8,8,8,8,8,8,8,8,8,8,8,8,8,8,2,0,0,0,0,0,0,0,12,29,29,29,29,29,29,29,29,29,29,29,29,29,29,7,0,0,0,0,0,0,0,4,9,9,27,24,9,9,9,9,14,29,17,9,9,9,2,0,0,0,0,0,0,0,18,18,0,26,21,1,18,18,12,6,29,11,0,9,10,10,10,6,0,0,0,0,8,13,13,0,26,21,1,13,13,9,6,29,11,0,4,5,5,9,18,0,0,0,0,23,3,6,6,27,23,6,6,1,3,12,29,16,6,6,6,1,3,18,0,0,0,0,22,12,29,29,29,29,29,29,7,12,29,29,29,29,29,29,7,3,18,0,0,0,0,22,5,11,11,11,11,11,11,3,5,11,11,11,11,11,11,3,3,18,0,0,0,0,22,8,8,8,8,8,8,8,8,8,8,8,8,8,8,8,8,4,18,0,0,0,0,22,7,7,7,7,7,7,7,7,7,7,7,7,7,7,7,7,4,18,0,0,0,0,22,1,1,0,0,0,2,20,20,6,0,0,0,0,0,0,0,3,18,0,0,0,0,22,16,29,1,0,0,2,27,28,8,0,0,14,18,18,18,18,20,18,0,0,0,0,23,16,29,1,0,22,0,0,13,8,0,0,22,29,29,29,29,29,18,0,0,0,0,23,16,29,1,0,22,0,0,13,8,0,0,0,0,0,0,0,3,18,0,0,0,0,22,16,29,1,0,22,0,0,13,18,12,12,12,12,12,9,0,3,18,0,0,0,0,22,16,29,1,0,12,0,0,13,11,3,3,3,3,3,2,0,3,18,0,0,0,0,22,16,29,1,0,0,1,17,23,8,0,0,13,17,17,17,17,18,18,0,0,0,0,23,6,10,0,0,0,2,29,29,8,0,0,22,29,29,29,29,29,18,0,0,0,0,23,0,0,0,0,0,0,1,1,0,0,0,1,1,1,1,1,1,1,0,0,0,0,1,17,17,17,17,17,17,17,17,17,17,17,17,17,17,17,17,17,17,17,17,17,17,17,0,0,0,0,0,0,0,5,4,0,0,0,0,0,0,0,0,0,0,0,0,0,0,0,1,29,29,29,27,0,26,21,0,0,0,0,0,0,0,0,0,0,0,0,0,0,0,0,9,9,9,9,0,8,7,0,3,5,0,1,5,2,0,5,4,0,3,5,0
8,8,0,26,21,0,8,8,8,8,0,26,21,0,8,8,5,0,0,0,11,19,1,27,27,27,29,29,27,27,27,16,1,27,29,29,27,27,27,16,0,0,0,0,0,0,20,20,20,20,20,20,20,20,12,1,20,20,20,20,20,20,12,0,0,0,0,0,0,7,7,7,7,7,7,7,7,7,7,7,7,7,7,7,7,7,7,5,0,0,6,7,8,8,8,8,8,8,8,8,8,8,8,8,8,8,8,8,8,8,6,0,0,7,8,19,19,19,19,19,19,19,19,19,19,19,19,19,19,19,19,19,19,9,0,0,0,0,12,12,12,12,12,12,12,12,12,12,12,12,12,12,12,12,12,23,13,0,0,0,0,0,0,14,0,0,0,0,0,2,12,0,0,0,0,0,8,5,18,13,0,16,28,1,0,0,22,0,0,0,0,0,3,18,0,0,0,0,0,13,8,18,13,0,16,29,1,0,0,17,0,0,0,0,0,3,14,0,0,0,0,0,10,6,18,13,0,16,29,1,17,17,17,17,17,17,17,17,17,15,0,12,17,17,17,17,17,25,13,0,16,29,1,14,14,14,14,14,14,14,14,14,12,0,10,14,14,14,14,14,24,13,0,14,25,1,0,0,0,0,10,29,29,29,29,29,29,29,29,29,29,29,15,18,13,0,0,0,0,0,0,0,0,1,2,2,2,2,2,2,2,2,2,2,2,1,18,13,0,0,0,0,17,17,17,17,17,17,17,17,17,17,17,17,17,17,17,17,0,18,13,0,0,14,17,0,0,0,0,0,0,0,0,0,0,0,0,0,0,0,0,0,18,13,0,0,0,0,0,0,0,0,0,0,0,0,0,0,0,0,0,0,0,0,0,18,13,0,6,10,0,27,27,27,27,27,27,27,27,27,27,27,27,27,27,27,27,16,18,13,0,16,29,1,20,20,20,29,27,20,20,20,26,29,21,20,20,23,29,24,12,18,13,0,16,29,1,0,0,0,26,21,0,0,0,16,29,1,0,0,6,29,11,0,18,13,0,16,29,1,13,2,21,29,27,20,0,16,26,29,22,5,9,23,29,25,13,18,13,0,16,29,1,16,2,26,26,26,25,0,20,26,26,26,7,11,26,26,26,16,18,13,0,16,29,1,0,0,0,0,0,0,0,0,0,0,0,0,0,0,0,0,0,18,13,0,16,29,1
8,22,19,4,5,22,19,12,16,4,19,12,12,0,12,29,5,2,29,15,0,22,25,5,4,12,11,28,20,17,11,26,22,12,3,2,0,9,21,4,2,21,11,0,16,19,0,0,0,9,12,0,0,0,0,22,0,0,0,0,0,0,0,0,0,0,0,0,0,0,20,0,9,12,0,17,2,0,22,0,8,11,0,0,0,0,5,7,7,7,7,6,0,22,0,9,12,0,19,2,0,22,0,9,12,0,0,0,0,6,8,8,8,8,7,8,22,19,12,12,0,19,2,0,22,19,12,12,0,0,0,0,0,0,0,0,0,0,8,22,19,12,12,16,19,10,9,22,19,12,12,0,6,14,2,1,14,7,0,11,12,8,22,19,12,12,22,19,12,12,22,19,12,12,0,12,29,5,2,29,15,0,22,25,1,22,2,10,12,22,19,12,12,22,2,10,12,0,12,29,5,2,29,15,0,22,25,0,22,0,9,12,11,19,7,6,22,0,9,12,0,12,29,5,2,29,15,0,22,25,2,22,6,10,12,7,19,6,4,22,6,10,12,0,12,29,5,2,29,15,0,22,25,8,22,19,12,12,22,19,12,12,22,19,12,12,0,12,29,5,0,9,5,0,7,8,8,4,19,12,12,22,19,12,12,22,19,4,2,0,12,29,5,0,0,0,0,0,0,0,3,1,10,12,1,3,1,0,22,1,1,1,0,12,29,5,0,0,0,0,0,0,5,22,13,11,12,15,0,6,8,22,13,11,12,0,12,29,5,0,6,17,17,17,14,8,22,19,12,12,22,0,9,12,22,19,12,12,0,12,29,5,0,0,0,0,0,0,8,22,19,12,12,22,0,9,12,22,19,12,12,0,12,29,5,0,0,0,0,0,0,8,22,19,12,12,22,0,9,12,22,19,12,12,0,12,29,5,0,8,4,0,6,7,3,22,8,11,12,22,0,9,12,22,8,11,12,0,12,29,5,2,29,15,0,22,25,0,22,0,9,12,22,0,9,12,22,0,9,12,0,12,29,5,2,29,15,0,22,25,0,10,0,4,5,22,0,9,12,9,0,4,6,0,12,29,5,2,29,15,0,22,25,0,0,0,0,3,22,0,9,15,1,0,0,0,0,12,29,5,2,29,15,0,22,25,0,0,0,0,28,22,0,9,28,14,0,11,12,0,12,29,5,1,15,8,0,12,13
0,4,17,22,14,12,17,22,14,7,0,0,0,17,29,0,7,29,10,0,27,20,0,0,4,17,9,14,10,7,22,6,3,0,0,0,17,29,0,7,29,10,0,27,20,0,0,4,17,0,14,7,0,22,0,0,0,0,0,17,29,0,7,29,10,0,27,20,0,0,4,17,0,14,7,0,22,0,0,0,0,0,10,17,0,7,29,10,0,27,20,0,0,4,17,0,14,7,0,22,0,0,0,0,0,0,0,0,7,29,10,0,27,20,0,0,4,17,0,14,7,0,22,0,0,0,0,0,14,25,0,7,29,10,0,27,20,0,0,2,10,0,8,4,0,13,0,0,0,0,0,17,29,0,7,29,10,0,27,20,0,0,5,7,7,7,7,7,7,7,0,0,0,0,17,29,0,7,29,10,0,27,20,0,0,6,8,8,8,8,8,8,8,0,0,0,0,17,29,0,7,29,10,0,27,20,0,0,8,7,0,5,11,11,11,0,0,0,0,0,17,29,0,7,29,10,0,27,20,0,0,16,17,0,14,23,20,26,0,0,0,0,0,17,29,0,7,29,10,0,27,20,0,0,4,17,0,14,9,7,22,0,0,0,0,0,17,29,0,7,29,10,0,27,20,0,0,3,13,0,14,12,17,16,0,0,0,0,0,17,29,0,7,29,10,0,27,20,0,0,0,0,0,14,12,17,0,0,0,0,0,0,17,29,0,7,29,10,0,27,20,0,0,12,17,3,14,12,25,17,9,0,0,0,0,17,29,0,7,29,10,0,27,20,0,0,10,14,2,14,10,14,14,7,0,0,0,0,17,29,0,7,29,10,0,27,20,0,0,9,8,0,14,18,13,13,0,0,0,0,0,17,29,0,7,29,10,0,27,20,0,0,15,17,0,14,21,18,26,0,0,0,0,0,17,29,0,7,29,10,0,27,20,0,0,4,17,3,14,8,2,22,1,1,0,0,0,17,29,0,7,29,10,0,27,20,0,0,4,17,22,14,12,17,22,14,7,0,0,0,17,29,0,7,29,10,0,27,20,0,0,4,17,22,14,12,17,22,14,7,0,0,0,17,29,0,7,29,10,0,27,20,0,0,4,17,22,14,12,17,22,14,7,0,0,0,17,29,0,7,29,10,0,27,20,0,0,4,17,17,14,11,13,22,11,6,0,0,0,17,29,0,7,29,10,0,27,20,0
18,11,0,1,9,22,6,8,18,11,13,10,9,22,6,8,18,11,13,10,9,22,6,18,22,0,3,18,22,13,12,18,22,13,12,18,22,13,12,18,22,13,12,18,22,13,18,22,0,3,18,22,13,12,18,22,13,12,18,22,13,12,18,22,13,12,18,22,13,4,22,0,3,18,5,13,9,4,22,3,6,18,5,13,9,4,22,3,6,18,5,13,0,22,0,3,18,0,13,10,7,22,5,7,18,0,13,8,0,22,5,7,18,9,13,0,22,0,3,18,0,13,12,18,22,13,12,18,0,13,8,0,22,13,12,18,22,13,0,22,0,3,18,0,13,12,18,22,13,12,18,0,13,8,0,22,13,12,18,22,13,0,14,0,2,12,0,13,12,18,22,13,12,18,0,8,5,0,22,13,12,18,22,13,0,0,0,0,0,0,13,12,18,22,13,12,18,0,0,0,0,22,13,12,18,22,13,0,0,0,0,0,0,6,8,18,10,13,10,8,0,0,0,0,10,13,10,8,22,6,0,0,0,0,0,0,0,3,18,0,13,8,0,0,0,0,0,0,13,8,0,22,0,0,0,0,0,0,0,0,3,18,0,13,8,0,0,0,0,0,0,13,8,0,22,0,0,22,0,3,18,0,13,12,18,22,13,12,18,0,13,8,0,22,13,12,18,22,13,0,22,0,3,18,0,13,12,18,22,13,12,18,0,13,8,0,22,13,12,18,22,13,0,22,0,3,18,0,13,10,6,22,5,7,18,0,13,8,0,22,5,7,18,8,13,0,22,0,3,18,0,6,5,8,9,6,5,8,0,13,8,0,9,6,5,8,10,6,0,22,0,3,18,0,0,3,18,0,13,8,0,0,13,8,0,0,13,8,0,22,0,4,22,0,3,18,5,0,3,18,13,13,8,0,5,13,9,4,0,13,11,11,22,0,18,22,0,3,18,22,0,3,18,22,13,8,0,22,13,12,18,0,13,12,18,22,0,18,22,0,3,18,22,0,3,18,22,13,8,0,22,13,12,18,0,13,12,18,22,0,18,12,0,2,10,22,12,26,18,22,13,27,16,22,7,8,18,20,27,12,18,23,25,0,0,0,0,0,0,13,13,4,4,3,10,18,0,0,0,0,23,6,2,3,5,17,0,13,0,2,10,0,13,8,0,13,0,3,18,0,7,5,0,22,0,2,10,0,13
0,0,0,0,0,0,0,6,29,11,0,26,21,0,0,0,0,0,0,0,0,0,0,0,22,18,0,14,25,1,6,29,11,0,5,4,0,0,23,27,0,3,27,19,0,0,0,26,21,0,16,29,1,6,29,11,0,0,0,0,0,4,23,0,3,20,3,0,0,0,26,21,0,16,29,1,6,25,10,0,0,9,0,1,7,22,0,3,18,9,0,1,0,26,21,0,16,29,1,0,0,0,0,0,22,0,3,18,22,0,3,18,22,0,3,0,26,21,0,16,29,1,3,17,6,0,0,22,5,7,18,22,0,3,18,22,5,7,0,0,0,0,0,0,0,6,29,11,0,0,22,13,12,18,22,0,3,18,22,13,12,0,0,0,0,0,0,0,6,29,11,0,0,22,13,12,18,22,0,3,18,22,13,12,0,0,0,0,0,0,0,6,29,11,0,0,22,13,12,18,22,0,3,18,22,13,12,17,17,17,17,17,17,0,6,29,11,0,0,22,9,10,18,16,0,2,13,22,9,10,0,0,0,0,0,0,0,6,29,11,0,0,3,0,4,18,0,2,1,0,22,0,0,0,0,0,0,0,0,0,6,29,11,0,0,3,13,12,18,22,13,12,18,22,13,9,0,17,13,0,10,18,1,6,29,11,0,0,22,13,12,18,22,13,12,18,22,13,12,0,26,21,0,16,29,1,6,29,11,0,0,22,5,7,18,8,13,10,6,22,5,7,0,26,21,0,16,29,1,6,29,11,0,0,22,0,3,18,10,13,10,8,22,0,3,0,26,21,0,16,29,1,6,29,11,0,0,22,0,4,18,22,13,12,18,22,0,4,0,26,21,0,16,29,1,6,29,11,0,0,22,13,12,18,22,13,12,18,22,13,12,0,5,4,0,3,5,0,1,5,2,0,0,22,13,12,18,17,13,12,14,22,13,12,0,0,0,0,0,0,0,0,0,0,0,0,22,13,12,18,0,13,8,0,22,13,12,7,7,7,7,7,7,7,2,0,0,0,0,22,0,3,18,0,13,8,0,22,0,3,8,8,8,8,8,8,8,3,0,0,0,0,22,0,3,18,0,13,8,0,22,0,3,0,0,0,0,0,0,0,0,0,0,0,0,0,0,3,18,0,0,0,0,22,0,0,0,26,21,0,16,29,1,6,29,11,0,0,3,7,9,28,25,11,10,25,28,7,5
0,0,0,0,8,0,0,0,3,18,0,0,3,18,0,6,26,10,0,13,8,0,0,17,17,17,17,17,17,17,17,17,13,0,0,3,18,0,0,0,0,0,13,8,0,0,17,6,0,0,0,0,0,0,0,0,0,0,3,18,0,0,0,0,0,13,8,0,0,0,0,0,0,0,0,0,0,0,0,0,0,3,18,0,0,0,0,0,13,8,0,0,17,17,17,17,17,17,17,17,17,17,17,6,3,18,0,0,0,0,0,13,8,2,17,9,9,9,9,0,0,0,0,0,0,0,0,3,18,0,0,0,0,0,13,8,0,0,29,29,29,27,0,0,0,0,0,0,0,0,3,18,0,0,0,0,0,13,8,0,0,8,27,24,8,0,0,0,0,10,18,1,0,3,18,0,0,0,0,0,13,8,0,0,0,26,21,13,8,0,0,0,16,29,1,0,3,18,0,0,0,0,0,13,8,0,0,0,26,21,13,8,0,0,0,16,29,1,0,3,18,0,0,0,0,0,13,8,0,0,0,26,21,5,3,0,0,0,16,29,1,0,3,18,0,0,0,0,0,13,8,0,0,29,29,29,27,0,0,0,0,16,29,1,0,3,18,0,0,0,0,0,13,8,0,0,18,18,18,17,0,0,0,0,3,5,0,0,3,18,0,0,0,0,0,13,8,0,0,0,0,0,0,0,0,0,0,0,0,0,0,3,18,0,0,0,0,0,13,8,0,0,7,7,7,7,7,7,7,7,7,7,7,2,3,18,0,0,0,0,0,13,8,1,7,8,8,8,8,8,8,8,8,8,8,8,3,3,18,0,0,0,0,0,13,8,1,8,27,27,27,27,27,27,27,27,27,27,27,0,3,18,0,0,0,0,0,13,8,0,22,4,4,29,8,4,4,4,4,4,4,23,0,3,18,0,0,0,0,0,13,8,0,23,0,0,28,3,2,10,0,0,0,0,22,0,3,18,0,0,0,0,0,13,8,0,22,4,6,28,13,9,18,0,6,4,6,22,0,3,18,0,0,0,0,0,13,8,0,22,9,15,28,14,9,18,0,13,9,15,22,0,3,18,0,0,0,0,0,13,8,0,22,7,15,28,14,9,18,0,10,7,15,22,0,3,18,0,0,0,0,0,13,8,0,22,0,10,28,4,4,18,0,0,0,10,22,0,3,18,0,0,0,0,0,13,8,0,22
29,1,6,29,11,0,26,21,0,16,29,1,6,29,11,0,26,21,0,16,29,1,6,0,0,0,0,0,0,0,0,0,0,0,0,0,0,0,0,0,0,0,0,0,0,0,0,0,0,0,0,0,0,0,0,0,0,0,0,0,0,0,0,0,0,0,0,0,0,0,0,0,0,0,0,0,0,0,0,0,0,0,0,0,0,0,0,0,0,0,0,0,17,17,17,17,17,17,17,17,17,17,17,17,17,17,17,17,17,17,17,17,17,17,6,0,0,0,0,0,0,0,0,0,0,0,0,0,0,0,0,0,0,0,0,0,0,0,0,0,0,0,0,0,0,0,0,0,0,0,0,0,0,0,0,0,0,0,0,0,0,18,1,4,18,7,0,17,13,0,10,18,1,4,18,7,0,17,13,0,10,18,1,4,29,1,6,29,11,0,26,21,0,16,29,1,6,29,11,0,26,21,0,16,29,1,6,29,1,6,29,11,0,26,21,0,16,29,1,6,29,11,0,26,21,0,16,29,1,6,29,1,6,29,11,0,26,21,0,16,29,1,6,29,11,0,26,21,0,16,29,1,6,29,1,6,29,11,0,26,21,0,16,29,1,6,29,11,0,26,21,0,16,29,1,6,5,0,1,5,2,0,5,4,0,3,5,0,1,5,2,0,5,4,0,3,5,0,1,0,0,0,0,0,0,0,0,0,0,0,0,0,0,0,0,0,0,0,0,0,0,0,7,7,7,7,7,7,7,7,7,7,7,7,7,7,7,7,7,7,7,7,7,7,2,8,8,8,8,8,8,8,8,8,8,8,8,8,8,8,8,8,8,8,8,8,8,3,0,0,0,0,0,0,0,0,0,0,0,0,0,0,0,0,0,0,0,0,0,0,0,29,1,6,29,11,0,26,21,0,16,29,1,6,29,11,0,26,21,0,16,29,1,6,29,1,6,29,11,0,26,21,0,16,29,1,6,29,11,0,26,21,0,16,29,1,6,29,1,6,29,11,0,26,21,0,16,29,1,6,29,11,0,26,21,0,16,29,1,6,29,1,6,29,11,0,26,21,0,16,29,1,6,29,11,0,26,21,0,16,29,1,6,29,1,6,29,11,0,26,21,0,16,29,1,6,29,11,0,26,21,0,16,29,1,6,29,1,6,29,11,0,26,21,0,16,29,1,6,29,11,0,26,21,0,16,29,1,6
0,0,0,0,0,0,0,0,0,0,0,22,0,3,18,0,0,0,0,3,7,7,7,2,10,4,0,9,8,0,6,10,0,0,22,0,3,18,0,0,0,0,12,25,25,25,6,29,11,0,26,21,0,16,29,1,0,22,0,3,18,0,0,0,0,0,0,0,0,6,29,11,0,26,21,0,16,29,1,0,22,0,3,18,0,0,0,0,19,0,0,0,6,29,11,0,26,21,0,16,29,1,0,22,0,3,18,0,0,0,0,22,10,7,11,6,29,11,0,26,21,0,16,29,1,0,22,0,3,18,0,0,0,0,22,13,9,15,6,29,11,0,26,21,0,16,29,1,0,22,0,1,6,0,0,0,0,22,5,4,15,6,29,11,0,26,21,0,16,29,1,0,9,0,0,0,0,0,0,0,22,0,0,4,0,1,0,0,1,1,0,1,1,0,0,0,0,0,0,0,0,0,0,8,0,0,19,0,0,0,0,0,0,0,0,0,0,0,0,0,0,0,0,0,0,0,0,0,0,7,17,17,17,17,17,17,17,17,17,17,17,17,17,17,17,17,17,17,17,17,17,17,17,3,0,2,1,0,3,0,0,3,0,2,1,0,3,0,0,3,0,2,1,0,3,0,18,0,13,8,0,22,0,3,18,0,13,8,0,22,0,3,18,0,13,8,0,22,0,18,0,13,8,0,22,0,3,18,0,13,8,0,22,0,3,18,0,13,8,0,22,0,18,0,13,8,0,22,0,3,18,0,13,8,0,22,0,3,18,0,13,8,0,22,0,18,0,13,8,0,22,0,3,18,0,13,8,0,22,0,3,18,0,13,8,0,22,0,18,0,13,8,0,22,0,3,18,0,13,8,0,22,0,3,18,0,13,8,0,22,0,18,0,13,18,13,25,0,3,24,13,21,8,0,23,13,16,18,0,13,18,13,25,0,18,0,13,22,18,26,0,3,25,18,24,8,0,23,18,20,18,0,13,22,18,26,0,18,11,13,10,9,22,6,8,18,11,13,10,9,22,6,8,18,11,13,10,9,22,6,18,22,13,12,18,22,13,12,18,22,13,12,18,22,13,12,18,22,13,12,18,22,13,18,22,13,12,18,22,13,12,18,22,13,12,18,22,13,12,18,22,13,12,18,22,13,4,22,3,6,18,5,13,9,4,22,3,6,18,5,13,9,4,22,3,6,18,5,13
29,1,6,29,11,0,26,21,0,16,29,1,0,0,13,8,0,22,0,0,0,0,0,0,0,0,0,0,0,0,0,0,0,0,0,0,0,13,8,0,22,0,0,0,0,0,0,0,0,0,0,0,0,0,0,0,0,0,0,0,13,8,0,22,0,0,0,0,0,0,0,0,0,0,0,0,0,0,0,0,0,0,0,13,8,0,22,0,0,0,0,0,17,17,17,17,17,17,17,17,17,17,6,0,0,0,13,8,0,22,0,0,2,17,17,0,0,0,0,0,0,0,0,0,0,0,0,0,0,13,8,0,22,0,0,0,0,0,0,0,0,0,0,0,0,0,0,0,0,0,0,0,13,8,0,22,0,0,0,0,0,18,1,4,18,7,0,17,13,0,10,18,1,0,0,13,8,0,22,0,0,0,0,0,29,1,6,29,11,0,26,21,0,16,29,1,0,0,13,8,0,22,0,0,0,0,0,29,1,6,29,11,0,26,21,0,16,29,1,0,0,13,8,0,22,0,0,0,0,0,29,1,6,29,11,0,26,21,0,16,29,1,0,0,13,8,0,22,0,0,0,0,0,29,1,6,29,11,0,26,21,0,16,29,1,0,0,13,8,0,22,0,0,0,0,0,5,0,1,5,2,0,5,4,0,3,5,0,0,0,13,8,0,22,0,0,0,0,0,0,0,0,0,0,0,0,0,0,0,0,0,0,0,13,8,0,22,0,0,0,0,0,7,7,7,7,7,7,7,7,7,7,2,0,0,0,13,8,0,22,0,0,1,7,7,8,8,8,8,8,8,8,8,8,8,3,0,0,0,13,8,0,22,0,0,1,8,8,0,0,0,0,0,0,0,0,0,0,0,0,0,0,13,8,0,22,0,0,0,0,4,29,1,6,29,11,0,26,21,0,16,29,1,0,0,13,8,0,22,0,0,0,0,0,29,1,6,29,11,0,26,21,0,16,29,1,0,0,13,8,0,22,0,0,0,0,7,29,1,6,29,11,0,26,21,0,16,29,1,0,0,13,8,0,22,0,0,0,0,13,29,1,6,29,11,0,26,21,0,16,29,1,0,0,13,8,0,22,0,0,0,0,13,29,1,6,29,11,0,26,21,0,16,29,1,0,0,13,8,0,16,0,0,0,0,13,29,1,6,29,11,0,26,21,0,16,29,1,0,0,10,6,0,0,0,0,0,0,13
21,5,0,9,6,0,0,0,0,0,0,0,0,0,6,11,0,2,11,4,0,10,8,18,6,0,0,0,0,0,0,0,0,0,0,0,0,0,0,0,0,0,0,0,0,0,17,17,17,17,17,17,17,17,17,17,17,17,17,17,17,17,17,17,17,17,17,17,17,0,0,0,0,0,0,0,0,0,0,0,0,0,0,0,0,0,0,0,0,0,0,0,0,11,7,0,19,0,3,15,0,11,7,0,19,0,3,15,0,11,7,0,19,0,3,0,13,8,0,22,0,3,18,0,13,8,0,22,0,3,18,0,13,8,0,22,0,3,0,13,8,0,22,0,3,18,0,13,8,0,22,0,3,18,0,13,8,0,22,0,3,0,13,8,0,22,0,3,18,0,13,8,0,22,0,3,18,0,13,8,0,22,0,3,0,13,8,0,22,0,3,18,0,13,8,0,22,0,3,18,0,13,8,0,22,0,3,0,13,11,3,23,0,3,20,3,16,8,0,23,3,7,18,0,13,11,3,23,0,3,0,13,29,28,28,0,3,29,28,29,8,0,23,28,29,18,0,13,29,28,28,0,3,3,13,9,3,22,2,5,18,3,13,9,3,22,2,5,18,3,13,9,3,22,2,5,22,13,12,18,22,13,12,18,22,13,12,18,22,13,12,18,22,13,12,18,22,13,12,22,13,12,18,22,13,12,18,22,13,12,18,22,13,12,18,22,13,12,18,22,13,12,22,7,9,18,13,13,11,10,22,7,9,18,13,13,11,10,22,7,9,18,13,13,11,22,0,3,18,1,13,9,1,22,0,3,18,0,13,9,1,22,0,4,18,0,13,8,22,0,3,18,22,13,12,18,22,0,3,18,0,13,12,18,22,13,12,18,0,13,8,22,0,3,18,22,13,12,18,22,0,3,18,0,13,12,18,22,13,12,18,0,13,8,22,0,3,18,22,13,12,18,22,0,3,18,0,13,12,18,22,13,12,18,0,13,8,0,0,3,18,22,13,12,18,22,0,0,0,0,13,12,18,22,13,12,18,0,0,0,0,0,3,15,22,11,11,18,18,0,0,0,0,11,11,18,18,13,12,15,0,0,0,0,0,0,0,22,0,3,18,0,0,0,0,0,0,3,18,0,13,8,0,0,0,0,0,0,0,0,22,0,3,18,0,0,0,0,0,0,3,18,0,13,8,0,0,0,0
0,3,18,0,6,29,11,0,0,3,18,0,0,0,0,0,0,0,0,0,0,0,0,0,3,18,0,6,29,11,0,0,3,18,0,0,0,0,0,0,8,17,17,17,17,17,0,3,18,0,6,29,11,0,0,3,18,0,0,0,0,0,0,0,0,0,0,0,0,0,3,18,0,6,29,11,0,0,3,18,0,0,0,0,0,0,0,4,3,0,2,4,17,4,18,0,6,29,11,0,0,3,18,0,0,0,0,0,0,0,26,21,0,16,29,0,3,18,0,6,29,11,0,0,3,18,0,0,0,0,0,0,0,26,21,0,16,29,0,3,18,0,6,29,11,0,0,3,18,0,8,5,0,0,0,0,26,21,0,16,29,0,3,18,0,6,29,11,0,0,3,18,0,13,8,0,0,0,0,26,21,0,16,29,5,4,18,0,4,19,7,0,0,3,18,0,13,8,0,0,0,0,17,14,0,11,19,14,7,18,0,0,0,0,0,0,3,18,0,13,8,0,0,0,0,0,0,0,0,0,12,12,8,0,0,0,0,0,0,3,18,0,13,8,0,0,0,0,0,0,0,0,0,7,7,7,7,7,7,7,0,0,3,18,0,13,8,0,0,0,3,7,7,7,7,7,8,8,8,8,8,8,8,0,0,3,18,0,13,8,0,0,0,4,8,8,8,8,8,0,0,0,0,0,0,0,0,0,3,18,0,13,8,0,0,0,0,0,0,0,0,0,0,0,0,0,0,0,0,0,0,3,18,0,13,8,0,0,0,0,0,0,0,0,0,0,0,0,0,6,28,11,0,0,3,18,0,13,8,0,0,0,0,26,21,0,16,28,21,21,20,0,6,29,11,0,0,3,18,0,13,8,0,0,0,0,26,21,0,16,29,23,19,10,0,6,29,11,0,0,3,18,0,13,8,0,0,0,0,26,21,0,16,29,18,13,0,0,6,29,11,0,0,3,18,0,13,8,0,0,0,0,26,21,0,16,29,18,13,0,0,6,25,10,0,0,3,18,0,13,8,0,0,0,0,23,19,0,14,25,18,13,0,0,0,0,0,0,0,3,18,0,13,8,0,0,0,0,0,0,0,0,0,18,13,0,0,0,0,0,0,0,3,18,0,13,8,0,0,0,0,0,0,0,0,0,18,13,8,17,17,17,17,0,0,3,18,0,13,8,0,0,0,8,17,17,17,17,17
28,19,0,18,29,0,0,0,0,29,1,0,0,0,0,0,0,5,16,0,0,0,13,28,19,0,18,29,0,0,0,0,29,22,21,21,21,21,11,0,5,16,0,0,0,0,21,14,0,13,21,0,0,0,0,29,27,26,26,26,26,14,0,5,22,11,11,11,11,0,0,0,0,0,0,0,0,0,29,1,0,0,0,0,0,0,0,4,4,4,4,4,20,13,0,13,20,0,0,0,0,29,3,7,7,7,7,7,7,7,7,7,7,7,7,28,19,0,18,29,0,0,0,0,29,4,8,8,8,8,8,8,8,8,8,8,8,8,28,19,0,18,29,0,0,0,0,29,1,9,19,19,19,19,19,19,19,19,19,19,19,28,19,0,18,29,0,0,0,0,29,1,13,28,28,28,29,29,28,28,28,28,28,28,28,19,0,18,29,0,0,0,0,29,1,0,0,0,0,18,29,0,0,0,0,0,0,28,19,0,18,29,0,0,0,0,29,15,13,13,9,0,18,29,0,10,13,13,13,1,28,19,0,18,29,0,0,0,0,18,18,18,18,13,0,18,29,0,14,18,18,18,2,28,19,0,18,29,0,0,0,0,0,0,0,0,0,0,18,29,0,0,0,0,0,0,28,19,0,18,29,0,0,0,0,0,0,7,15,15,15,24,29,15,3,7,15,15,15,28,19,0,18,29,0,0,0,0,0,0,13,29,29,29,29,29,29,5,13,29,29,28,28,19,0,18,29,0,0,0,0,0,0,1,2,2,2,2,2,2,0,1,2,2,2,28,19,0,18,29,0,0,0,15,17,17,17,17,17,17,17,17,17,17,17,17,17,16,28,19,0,18,29,0,0,0,0,0,0,0,0,0,0,0,0,0,0,0,0,0,0,28,19,0,18,29,0,0,0,0,29,29,29,29,29,29,15,0,0,0,0,0,0,0,28,19,0,18,29,0,0,0,0,29,19,18,18,18,18,10,0,3,18,17,17,17,16,28,19,0,18,29,0,0,0,0,29,2,1,1,1,1,1,1,7,16,0,0,0,0,28,19,0,18,29,0,0,0,0,29,6,14,14,14,14,14,14,17,16,0,15,15,15,28,19,0,18,29,0,0,0,0,29,1,0,0,0,0,0,0,5,16,0,0,0,6,28,19,0,18,29,0,0,0,0,29,13,11,11,11,11,6,0,5,16,0,0,0,9
12,12,12,12,12,12,7,0,11,0,0,0,0,6,4,1,12,12,12,12,12,12,7,0,0,0,0,0,0,0,0,22,0,0,0,0,13,8,0,0,0,0,0,0,0,0,17,17,17,17,17,17,17,6,22,0,0,0,0,13,8,14,17,17,17,17,17,17,17,0,0,0,0,0,0,0,0,22,0,0,0,0,13,8,0,0,0,0,0,0,0,0,0,0,1,2,2,2,2,2,23,0,0,0,0,13,11,2,2,2,2,2,0,0,3,0,0,12,29,29,29,29,29,28,0,0,0,0,13,29,29,29,29,29,27,0,0,3,0,0,6,15,15,15,15,15,26,0,0,0,0,13,20,15,15,15,15,14,0,0,3,0,0,0,0,0,0,0,0,22,0,0,0,0,13,8,0,0,0,0,0,0,0,3,17,17,17,17,17,17,0,0,22,0,0,0,0,13,8,0,8,17,17,17,17,17,18,0,0,0,0,0,0,0,0,23,0,0,0,0,13,9,0,0,0,0,0,0,0,3,0,0,12,29,29,29,29,29,28,0,0,0,0,13,29,29,29,29,29,27,0,0,3,0,0,7,17,17,17,17,17,17,0,0,0,0,8,17,17,17,17,17,16,0,0,2,2,2,2,2,2,2,2,2,2,2,2,2,2,2,2,2,2,2,2,2,2,2,2,13,13,13,13,13,13,13,13,13,13,13,13,13,13,13,13,13,13,13,13,13,13,13,1,0,0,0,0,0,0,0,0,0,0,0,0,0,0,0,0,0,0,0,0,0,11,1,0,5,9,0,2,9,3,0,8,7,0,5,9,0,2,9,3,0,8,7,0,16,1,0,16,29,1,6,29,11,0,26,21,0,16,29,1,6,29,11,0,26,21,0,16,1,0,16,29,1,6,29,11,0,26,21,0,16,29,1,6,29,11,0,26,21,0,16,1,0,16,29,1,6,29,11,0,26,21,0,16,29,1,6,29,11,0,26,21,0,16,1,0,16,29,1,6,29,11,0,26,21,0,16,29,1,6,29,11,0,26,21,0,16,1,0,8,14,0,3,14,5,0,13,10,0,8,14,0,3,14,5,0,13,10,0,16,1,0,0,0,0,0,0,0,0,0,0,0,0,0,0,0,0,0,0,0,0,0,16,1,0,0,0,0,0,0,0,0,0,0,0,0,0,0,0,0,0,0,0,0,0,9
0,0,0,0,0,11,29,2,5,29,12,0,0,0,0,0,0,0,0,0,0,0,0,0,0,0,0,0,11,29,2,1,5,2,0,0,0,2,17,17,6,0,0,0,0,0,0,0,0,0,0,11,29,2,1,6,3,0,0,0,0,0,0,0,0,0,0,0,0,0,0,0,0,0,11,29,2,5,29,12,0,4,3,0,2,4,0,0,0,0,0,0,0,0,0,0,0,11,29,2,5,29,12,0,25,22,0,15,29,2,0,0,0,0,0,0,0,0,0,0,11,29,2,5,29,12,0,25,22,0,15,29,2,0,0,0,0,0,0,0,0,0,0,11,29,2,5,29,12,0,25,22,0,15,29,2,0,0,0,0,0,0,0,0,0,0,11,29,2,5,29,12,0,25,22,0,15,29,2,0,0,0,0,0,0,0,0,0,0,11,29,2,5,29,12,0,17,15,0,10,19,1,0,0,0,0,0,0,0,0,0,0,11,29,2,5,29,12,0,0,0,0,0,0,0,0,0,0,0,0,0,0,0,0,0,11,29,2,5,29,12,0,0,0,0,0,0,0,0,0,0,0,0,0,0,0,0,0,11,29,2,5,29,12,0,0,0,1,7,7,3,0,0,0,0,0,0,0,0,0,0,11,27,2,5,29,12,0,0,0,1,8,8,3,0,0,0,0,0,0,0,0,0,0,0,0,0,5,29,12,0,0,0,0,0,0,0,0,0,0,0,0,0,0,0,0,0,5,14,1,5,29,12,0,0,0,0,0,0,0,0,0,0,0,0,0,0,0,0,0,11,29,2,5,29,12,0,25,22,0,15,28,2,0,0,0,0,0,0,0,0,0,0,11,29,2,5,29,12,0,25,22,0,15,29,2,0,0,0,0,0,0,0,0,0,0,11,29,2,5,29,12,0,25,22,0,15,29,2,0,0,0,0,0,0,0,0,0,0,11,29,2,5,29,12,0,25,22,0,15,29,2,0,0,0,0,0,0,0,0,0,0,11,29,2,5,29,12,0,22,19,0,13,25,2,0,0,0,0,0,0,0,0,0,0,11,29,2,5,29,12,0,0,0,0,0,0,0,0,0,0,0,0,0,0,0,0,0,11,29,2,5,29,12,0,0,0,0,0,0,0,0,0,0,0,0,0,0,0,0,0,11,29,2,5,29,12,0,0,0,2,17,17,6,0,0,0,0,0
0,0,0,2,6,17,22,14,8,5,23,14,12,20,5,14,12,17,0,0,0,0,0,0,0,0,10,11,11,4,9,10,28,25,12,11,26,27,9,6,3,0,0,0,0,0,0,0,0,10,7,0,0,0,4,17,0,0,0,0,22,0,0,0,0,0,0,0,0,0,0,0,10,7,0,20,0,4,17,0,13,7,0,22,0,4,16,0,0,0,0,0,0,0,0,10,7,0,22,0,4,17,0,14,7,0,22,0,4,17,0,0,0,0,0,0,0,0,10,12,17,22,14,12,17,0,14,7,0,22,14,12,17,0,0,0,0,0,0,0,0,10,12,17,22,14,12,17,16,14,11,13,22,14,12,17,0,0,0,0,0,0,0,0,10,12,17,22,14,12,17,22,14,12,17,22,14,12,17,0,0,0,0,0,0,0,0,10,8,2,22,1,6,17,22,14,12,17,22,1,6,17,0,0,0,0,0,0,0,0,10,7,0,22,0,4,17,11,14,10,8,22,0,4,17,0,0,0,0,0,0,0,0,10,9,5,22,4,7,17,7,14,9,5,22,4,7,17,0,0,0,0,0,0,0,0,10,12,17,22,14,12,17,22,14,12,17,22,14,12,17,0,0,0,0,0,0,0,0,10,12,17,4,14,12,17,22,14,12,17,22,14,8,3,0,0,0,0,0,0,0,0,10,8,1,3,0,5,17,1,2,1,1,22,0,1,2,0,0,0,0,0,0,0,0,10,11,11,22,9,10,17,15,0,3,11,22,9,10,17,0,0,0,0,0,0,0,0,10,12,17,22,14,12,17,22,0,4,17,22,14,12,17,0,0,0,0,0,0,0,0,10,12,17,22,14,12,17,22,0,4,17,22,14,12,17,0,0,0,0,0,0,0,0,10,12,17,22,14,12,17,22,0,4,17,22,14,12,17,0,0,0,0,0,0,0,0,10,10,7,22,6,8,17,22,0,4,17,22,6,8,17,0,0,0,0,0,0,0,0,10,7,0,22,0,4,17,22,0,4,17,22,0,4,17,0,0,0,0,0,0,0,0,4,3,0,10,0,2,7,22,0,4,17,9,0,2,8,0,0,0,0,0,0,0,0,1,0,0,0,0,0,3,23,0,4,19,2,0,0,0,0,0,0,0,0,0,0,0,10,0,0,0,0,0,25,27,0,4,28,19,0,0,3,14,5,0,0,0
0,0,29,13,0,25,23,0,14,29,3,0,19,12,12,20,21,12,12,20,21,0,0,0,0,17,8,0,25,23,0,14,29,3,0,0,8,10,20,16,11,10,15,21,0,0,0,0,0,0,0,25,23,0,14,29,3,0,10,0,1,20,0,0,0,0,21,0,0,0,0,25,11,0,25,23,0,14,29,3,0,21,12,12,20,21,0,1,20,21,0,0,0,0,29,13,0,25,23,0,14,29,3,0,21,12,12,20,21,0,1,20,21,0,0,0,0,29,13,0,25,23,0,14,29,3,0,21,12,12,20,21,0,1,20,21,0,0,0,0,29,13,0,25,23,0,14,29,3,0,21,12,12,20,21,0,1,20,21,0,0,0,0,29,13,0,25,23,0,14,29,3,0,21,2,3,20,21,0,1,20,21,0,0,0,0,29,13,0,25,23,0,14,29,3,0,21,0,1,20,21,0,1,20,21,0,0,0,0,29,13,0,25,23,0,14,29,3,0,2,0,0,2,21,0,1,20,2,0,0,0,0,29,13,0,25,23,0,14,29,3,0,0,0,0,10,25,0,1,25,10,0,0,0,0,29,13,0,25,23,0,14,29,3,1,8,4,0,14,18,0,1,18,14,0,0,0,0,29,13,0,25,23,0,14,29,3,4,29,13,0,0,0,0,0,0,0,0,0,0,0,29,13,0,25,23,0,14,29,3,4,29,13,0,0,0,0,0,0,0,0,0,0,0,29,13,0,25,23,0,14,29,3,4,29,13,0,0,0,0,0,0,0,0,0,0,0,29,13,0,25,23,0,14,29,3,4,29,13,0,0,0,0,0,0,0,0,0,0,0,29,13,0,25,23,0,14,29,3,2,15,7,0,13,17,0,1,17,13,0,0,0,0,29,13,0,25,23,0,14,29,3,0,0,0,0,11,25,0,1,25,11,0,0,0,0,29,13,0,25,23,0,14,29,3,0,1,0,0,1,21,0,1,20,1,0,0,0,0,29,13,0,4,4,0,2,5,0,0,21,0,1,20,21,0,1,20,21,0,0,0,0,29,13,0,5,5,0,3,6,0,0,21,1,2,20,21,0,1,20,21,0,0,0,0,29,13,0,25,23,0,14,29,3,0,21,12,12,20,21,0,1,20,21,0,0,0,0,29,13,0,25,23,0,14,29,3,0,21,12,12,20,21,0,1,20,21,0,0
2,5,3,12,12,12,12,12,12,5,0,0,0,0,0,0,0,11,12,0,6,14,2,0,0,0,0,0,0,0,0,0,0,0,0,0,0,0,0,0,22,25,0,12,29,5,3,17,17,17,17,17,17,17,17,17,17,17,14,0,0,0,0,22,25,0,12,29,5,0,1,4,4,0,0,0,0,0,0,0,0,0,0,0,0,0,22,25,0,12,29,5,0,9,29,29,1,0,0,0,0,0,6,15,3,1,15,8,0,22,25,0,12,29,5,0,9,20,13,0,9,0,0,0,0,12,29,5,2,29,15,0,22,25,0,12,29,5,0,9,12,0,0,22,0,0,0,0,12,29,5,2,29,15,0,22,25,0,12,29,5,0,9,12,0,0,22,0,0,0,0,12,29,5,2,29,15,0,22,25,0,12,29,5,3,21,12,0,0,22,0,0,0,0,12,29,5,2,29,15,0,17,19,0,9,22,4,0,9,13,0,0,1,0,0,0,0,12,29,5,2,29,15,0,0,0,0,0,0,0,0,9,29,29,1,0,0,0,0,0,11,26,5,2,26,14,0,15,17,0,8,19,3,0,5,17,17,1,0,0,0,0,0,0,0,0,0,0,0,0,22,25,0,12,29,5,0,2,2,2,2,2,2,2,2,2,2,2,2,0,0,0,0,22,25,0,12,29,5,2,13,13,13,13,13,13,13,13,13,13,13,11,0,0,0,0,22,25,0,12,29,5,0,15,17,0,13,14,14,14,0,0,0,0,0,0,0,0,0,22,25,0,12,29,5,0,22,25,0,27,29,29,29,1,0,4,9,1,0,9,5,0,22,25,0,12,29,5,0,22,25,0,3,23,26,3,0,0,12,29,5,2,29,15,0,22,25,0,12,29,5,0,22,25,9,12,22,25,9,12,0,12,29,5,2,29,15,0,22,25,0,12,29,5,0,22,25,9,12,22,25,9,12,0,12,29,5,2,29,15,0,22,25,0,12,29,5,0,22,25,9,12,22,25,9,12,0,12,29,5,2,29,15,0,22,25,0,12,29,5,0,22,26,2,2,23,26,2,0,0,6,14,2,1,14,7,0,11,12,0,6,14,2,0,22,29,29,29,29,29,29,4,0,0,0,0,0,0,0,0,0,0,0,0,0,0,0,12,15,15,15,15,15,15,2,0,0,0,0,0,0,0,0,0,0,0,0,0,0
0,0,0,0,0,25,29,29,29,29,29,29,1,0,0,0,0,0,0,0,0,0,0,0,0,0,0,0,0,0,0,0,0,0,0,0,0,0,0,0,0,0,0,0,0,0,8,17,17,17,17,17,17,17,17,17,17,17,11,2,17,17,17,17,17,17,17,17,17,0,0,4,9,9,9,9,9,9,3,0,0,0,0,0,0,0,0,0,0,0,0,0,0,0,14,29,29,29,29,29,29,11,0,0,0,0,0,0,0,0,0,18,15,0,11,0,0,4,13,29,17,8,13,29,11,0,0,0,0,0,0,0,0,0,26,21,0,16,0,0,18,6,29,11,18,6,29,11,0,0,0,0,0,0,0,0,0,26,21,0,16,0,0,22,6,29,11,22,6,29,11,0,0,0,8,5,0,0,0,0,26,21,0,16,0,0,22,6,29,11,22,6,29,11,0,0,0,13,8,0,0,0,0,26,21,0,16,0,0,3,6,29,11,3,6,29,11,0,0,0,13,8,0,0,0,0,26,21,0,16,0,0,11,28,29,28,16,6,29,11,0,0,0,13,8,0,0,0,0,19,16,0,12,0,0,8,20,20,20,12,6,26,10,0,0,0,13,8,0,0,0,0,0,0,0,0,7,7,7,7,7,7,7,7,7,7,7,2,0,13,8,0,3,7,7,7,7,7,7,8,8,8,8,8,8,8,8,8,8,8,3,0,13,8,0,4,8,8,8,8,8,8,0,0,0,0,0,0,0,0,0,0,0,0,0,13,8,0,0,0,0,0,0,0,0,10,0,8,14,0,3,14,5,0,13,10,0,0,13,8,0,0,0,0,13,10,0,8,21,0,16,29,1,6,29,11,0,26,21,0,0,13,8,0,0,0,0,26,21,0,16,21,0,16,29,1,6,29,11,0,26,21,0,0,13,8,0,0,0,0,26,21,0,16,21,0,16,29,1,6,29,11,0,26,21,0,0,13,8,0,0,0,0,26,21,0,16,21,0,16,29,1,6,29,11,0,26,21,0,0,13,8,0,0,0,0,26,21,0,16,7,0,5,9,0,2,9,3,0,8,7,0,0,13,8,0,0,0,0,8,7,0,5,0,0,0,0,0,0,0,0,0,0,0,0,0,13,8,0,0,0,0,0,0,0,0,0,0,0,0,0,0,0,0,0,0,0,0,0,13,8,0,0,0,0,0,0,0,0
10,28,3,2,13,0,0,0,10,24,0,3,18,0,6,28,11,0,13,8,0,22,12,16,19,2,0,0,0,0,0,16,19,0,3,18,0,6,29,11,0,13,8,0,15,19,17,17,17,17,17,17,17,17,17,17,6,3,18,0,6,29,11,0,13,8,2,17,17,0,0,0,0,0,0,0,0,0,0,0,3,18,0,6,29,11,0,13,8,0,0,0,28,17,2,28,28,28,27,0,0,0,0,3,18,0,6,29,11,0,13,8,0,0,0,23,11,1,19,28,27,18,0,0,0,0,3,18,0,6,29,11,0,13,8,0,0,0,11,14,0,0,26,21,0,0,0,0,0,3,18,0,6,29,11,0,13,8,0,0,0,11,22,0,0,26,21,0,0,0,0,0,3,18,0,2,10,4,0,13,8,0,0,0,11,16,0,0,26,21,0,0,0,0,0,3,18,0,0,1,0,0,13,8,0,0,0,23,18,18,18,28,27,17,0,0,0,0,3,18,0,6,29,11,0,13,8,0,0,0,29,29,29,29,29,29,27,0,0,0,0,3,18,0,6,29,11,0,13,8,0,0,0,0,0,0,0,0,0,0,0,0,0,0,3,18,0,6,29,11,0,13,8,0,0,0,0,0,0,0,0,0,0,0,0,0,0,3,18,0,6,29,11,0,13,8,0,0,0,17,17,17,17,17,17,17,17,17,17,6,3,18,0,6,29,11,0,13,8,2,17,17,0,0,0,0,0,0,0,0,0,0,0,3,18,0,6,29,11,0,13,8,0,0,0,0,3,1,1,2,0,1,1,2,0,0,3,18,0,6,29,11,0,13,8,0,0,1,0,22,13,9,15,0,10,9,18,0,0,3,18,0,6,29,11,0,13,8,0,0,13,0,22,13,9,15,0,10,9,18,0,0,3,18,0,6,29,11,0,13,8,0,0,13,0,22,13,9,15,0,10,9,18,0,0,3,18,0,6,29,11,0,13,8,0,0,13,0,22,13,9,15,0,10,9,18,0,0,3,18,0,6,29,11,0,13,8,0,0,13,0,19,6,4,3,0,5,6,18,0,0,2,11,0,6,29,11,0,8,5,0,0,13,2,2,2,2,2,2,0,0,2,0,0,0,0,0,1,6,2,0,0,0,0,0,1,29,29,29,29,29,29,3,0,0,0,0,0,0,0,0,0,0,0,0,0,0,0,0
18,0,13,8,0,0,6,29,11,0,26,21,0,16,29,1,6,29,11,0,0,28,25,18,16,13,11,13,0,6,29,11,0,26,21,0,16,29,1,6,29,11,0,0,28,3,18,22,13,12,18,0,6,29,11,0,26,21,0,16,29,1,6,29,11,0,0,28,3,18,22,13,12,18,0,6,29,11,0,26,21,0,16,29,1,6,29,11,0,0,28,3,18,22,13,12,18,0,6,29,11,0,26,21,0,16,29,1,6,29,11,0,0,28,3,18,3,13,9,3,0,6,29,11,0,26,21,0,16,29,1,6,29,11,0,0,28,6,25,17,23,8,0,0,6,29,11,0,26,21,0,16,29,1,6,29,11,0,0,28,3,24,14,14,4,0,0,6,25,10,0,26,21,0,16,29,1,6,29,11,0,0,28,17,18,11,13,12,0,0,0,0,0,0,26,21,0,16,29,1,6,29,11,0,0,28,29,18,23,18,17,0,0,3,17,6,0,26,21,0,16,29,1,6,29,11,0,0,28,6,18,22,0,0,0,0,6,29,11,0,26,21,0,16,29,1,6,29,11,0,0,28,3,18,22,9,5,0,0,6,29,11,0,26,21,0,16,29,1,6,29,11,0,0,28,7,18,9,13,8,0,0,6,29,11,0,26,21,0,16,29,1,6,29,11,0,0,28,3,26,19,24,8,0,0,6,29,11,0,26,21,0,16,29,1,6,29,11,0,0,28,28,12,12,12,3,0,0,6,29,11,0,26,21,0,16,29,1,6,29,11,0,0,20,20,7,7,7,7,2,0,6,29,11,0,26,21,0,16,29,1,6,29,11,0,6,7,7,8,8,8,8,3,0,6,29,11,0,26,21,0,16,29,1,6,29,11,0,7,8,8,10,0,7,4,0,0,6,29,11,0,26,21,0,16,29,1,6,29,11,0,0,0,0,18,0,13,8,0,0,6,29,11,0,26,21,0,16,29,1,6,29,11,0,0,0,0,18,0,13,8,0,0,6,29,11,0,26,21,0,16,29,1,6,29,11,0,0,0,0,18,0,13,8,0,0,6,29,11,0,26,21,0,16,29,1,6,29,11,0,0,0,0,18,0,13,8,0,0,6,29,11,0,26,21,0,16,29,1,6,29,11,0,0,27,27,18,9,13,10,7,0,6,29,11,0,26,21,0,16,29,1,6,29,11,0,0,28,8
0,0,0,0,0,0,0,0,0,0,0,0,0,0,0,0,0,0,0,0,0,0,0,0,0,0,0,0,0,0,0,0,0,0,0,0,0,0,0,0,0,0,0,0,0,0,0,0,0,0,0,0,0,0,0,0,0,0,0,0,0,0,0,0,0,0,0,0,0,0,0,0,0,0,0,0,0,0,0,0,0,0,0,0,0,0,0,0,0,0,0,0,0,0,0,0,0,0,0,0,0,0,0,0,0,0,0,0,0,0,0,0,0,0,0,0,0,0,0,0,0,0,0,0,0,0,0,0,0,0,0,0,0,0,0,0,0,0,8,8,8,8,8,8,8,8,8,8,8,8,8,8,8,8,8,8,8,8,8,8,8,7,7,7,7,7,7,7,7,7,7,7,7,7,7,7,7,7,7,7,7,7,7,7,20,20,20,12,1,20,20,20,19,0,15,20,20,20,5,0,0,0,0,1,0,0,1,28,29,28,16,1,27,29,29,26,0,20,29,29,28,7,0,0,0,6,29,11,0,26,6,29,11,0,2,1,26,21,0,0,3,16,29,2,3,0,0,0,6,29,11,0,26,6,29,11,0,13,8,26,21,0,3,18,16,29,5,18,0,0,0,6,29,11,0,26,6,29,11,0,13,8,26,21,0,3,18,16,29,5,18,0,0,0,6,29,11,0,26,6,29,11,0,11,7,26,21,0,3,15,16,29,5,15,0,0,0,6,29,11,0,26,13,29,17,8,8,8,27,24,8,8,8,20,29,10,3,0,0,0,6,29,11,0,26,29,29,29,29,29,29,29,29,29,29,29,29,29,29,10,0,0,0,2,10,4,0,9,9,9,9,9,9,9,9,9,9,9,9,9,9,9,3,0,0,0,0,0,0,0,0,0,0,0,0,0,0,0,0,0,0,0,0,0,0,0,0,0,0,0,0,0,0,0,0,0,0,0,0,0,0,0,0,0,0,0,0,0,0,0,0,0,0,0,0,0,0,0,0,0,0,0,0,0,0,0,0,0,0,0,0,0,0,0,0,0,0,0,0,0,0,0,0,0,0,0,0,0,0,0,0,0,0,0,0,0,0,0,0,0,0,0,0,0,0,0,0,0,0,0,0,0,0,0,0,0,0,0,0,0,0,0,0,0,0,0,0,0,0,0,0,0,0,0,0,0,0,0,0,0,0,0,0,0,0,0,0,0,0
22,0,3,18,16,29,1,0,22,6,29,11,22,0,0,26,21,0,0,0,0,0,3,5,9,10,10,21,29,11,9,10,14,29,17,10,9,9,27,24,9,0,0,0,0,3,14,29,29,29,29,29,29,29,29,29,29,29,29,29,29,29,29,27,0,0,0,0,3,4,8,8,8,8,8,8,8,8,8,8,8,8,8,8,8,8,8,0,0,0,0,3,0,0,0,0,0,0,0,0,0,0,0,0,0,0,0,0,0,0,0,0,0,0,3,4,17,17,17,17,17,17,17,17,17,17,17,17,17,17,17,17,17,17,17,17,6,3,5,1,7,7,7,7,7,7,7,0,0,0,0,0,0,0,0,0,0,0,0,0,3,17,4,25,25,25,28,27,25,24,0,0,0,0,0,0,0,0,0,0,0,0,0,3,0,0,0,0,0,18,13,0,0,0,0,0,19,11,8,13,0,9,8,15,0,0,3,10,0,1,6,12,18,14,11,10,0,0,0,22,13,9,15,0,10,9,18,0,0,3,22,0,3,18,16,18,14,15,22,0,0,0,22,13,9,15,0,10,9,18,0,0,3,22,0,3,18,16,18,14,15,22,0,0,0,22,13,9,15,0,10,9,18,0,0,3,19,0,0,4,8,18,14,7,19,0,0,0,22,11,7,7,0,8,8,18,0,0,3,0,0,0,0,0,18,13,0,0,0,0,0,3,0,0,0,0,0,1,8,0,0,0,23,23,23,23,23,27,26,23,23,23,23,23,23,23,23,23,23,3,0,0,0,0,0,8,8,8,8,8,8,8,8,8,8,8,8,8,8,8,8,8,1,0,0,0,0,0,17,17,17,17,17,17,17,17,17,17,17,17,17,17,17,17,17,17,17,17,17,17,17,0,0,0,0,0,0,0,0,0,0,0,0,0,0,0,0,0,0,0,0,0,0,0,0,18,15,0,0,7,7,7,7,7,7,7,4,0,0,5,7,7,7,7,7,7,0,0,26,21,0,0,26,29,29,29,29,29,29,17,0,0,18,29,29,29,29,29,27,0,0,26,21,0,0,26,24,10,10,10,10,10,6,0,0,18,19,10,10,10,10,10,0,0,26,21,0,0,26,21,0,0,0,0,0,0,0,0,18,13,9,17,17,17,17,17,0,26,21,0,0,26,21,3,23,23,23,23,23,23,23,27,13,0,0,0,0,0,0
7,19,11,12,11,9,22,6,7,19,11,12,11,9,22,6,7,19,11,12,11,9,22,11,19,22,12,12,19,22,12,12,19,22,12,12,19,22,12,12,19,22,12,12,19,22,11,19,22,12,12,19,22,12,12,19,22,12,12,19,22,12,12,19,22,12,12,19,22,9,4,22,3,5,19,5,12,10,4,22,3,5,19,5,12,10,4,22,3,5,19,5,8,0,22,0,2,19,9,12,11,7,22,0,2,19,0,12,11,7,22,5,6,19,0,8,0,22,0,2,19,22,12,12,19,22,0,2,19,0,12,12,19,22,12,12,19,0,8,0,22,0,2,19,22,12,12,19,22,0,2,19,0,12,12,19,22,12,12,19,0,8,0,14,0,2,19,22,12,12,19,22,0,1,12,0,12,12,19,22,12,12,19,0,8,0,0,0,2,19,22,12,12,19,22,0,0,0,0,12,12,19,22,12,12,19,0,4,0,0,0,1,9,22,6,7,19,10,0,0,0,0,6,7,19,10,12,11,9,0,0,0,0,0,0,0,22,0,2,19,0,0,0,0,0,0,2,19,0,12,9,0,0,0,0,0,0,0,0,22,0,2,19,0,0,0,0,0,0,2,19,0,12,9,0,0,8,0,22,0,2,19,22,12,12,19,22,0,2,19,0,12,12,19,22,12,12,19,0,8,0,22,0,2,19,22,12,12,19,22,0,2,19,0,12,12,19,22,12,12,19,0,8,0,22,0,2,19,8,12,11,7,22,0,2,19,0,12,11,7,22,4,6,19,0,3,0,22,0,1,8,10,5,5,9,9,0,2,19,0,5,5,9,9,6,5,8,0,0,0,22,0,0,0,22,0,2,19,0,0,2,19,0,0,2,19,0,12,9,0,0,0,4,22,3,2,0,22,7,9,19,0,3,5,19,5,0,2,19,13,12,9,0,5,2,19,22,12,9,0,22,12,12,19,0,12,12,19,22,0,2,19,22,12,9,0,22,2,19,22,12,9,0,22,12,12,19,0,12,12,19,22,0,2,19,22,12,9,0,22,10,19,12,12,12,25,29,12,12,28,25,12,11,10,22,11,26,19,22,12,27,17,22,8,0,0,0,2,22,6,2,2,6,24,0,0,0,0,12,14,4,4,3,9,19,0,8,0,13,0,2,19,0,7,5,0,22,0,1,11,0,12,9,0,13,0,2,19,0
0,0,6,29,11,0,26,21,0,16,29,1,6,29,11,0,26,21,0,16,29,1,6,0,0,6,29,11,0,26,21,0,16,29,1,6,29,11,0,26,21,0,16,29,1,6,0,0,6,29,11,0,26,21,0,16,29,1,6,29,11,0,26,21,0,16,29,1,6,0,0,6,29,11,0,26,21,0,16,29,1,6,29,11,0,26,21,0,16,29,1,6,0,0,3,15,6,0,14,11,0,9,15,1,3,15,6,0,14,11,0,9,15,1,3,0,0,0,0,0,0,0,0,0,0,0,0,0,0,0,0,0,0,0,0,0,0,0,0,0,0,0,0,0,0,0,0,0,0,0,0,0,0,0,0,0,0,0,0,0,0,0,0,14,17,17,17,17,17,17,17,17,17,17,17,17,17,17,17,17,17,17,17,17,0,0,0,0,0,0,0,0,0,0,0,0,0,0,0,0,0,0,0,0,0,0,0,0,0,4,20,8,0,18,15,0,11,20,1,4,20,8,0,18,15,0,11,20,1,4,0,0,6,29,11,0,26,21,0,16,29,1,6,29,11,0,26,21,0,16,29,1,6,0,0,6,29,11,0,26,21,0,16,29,1,6,29,11,0,26,21,0,16,29,1,6,0,0,6,29,11,0,26,21,0,16,29,1,6,29,11,0,26,21,0,16,29,1,6,0,0,6,29,11,0,26,21,0,16,29,1,6,29,11,0,26,21,0,16,29,1,6,0,0,6,29,11,0,26,21,0,16,29,1,6,29,11,0,26,21,0,16,29,1,6,0,0,5,21,8,0,19,16,0,12,21,1,5,21,8,0,19,16,0,12,21,1,5,0,0,0,0,0,0,0,0,0,0,0,0,0,0,0,0,0,0,0,0,0,0,0,7,7,7,7,7,7,7,7,7,7,7,7,7,7,7,7,7,7,7,7,7,7,7,8,8,8,8,8,8,8,8,8,8,8,8,8,8,8,8,8,8,8,8,8,8,8,6,4,0,11,0,1,9,0,6,4,0,11,0,1,9,0,6,4,0,11,0,1,9,13,8,0,22,0,3,18,0,13,8,0,22,0,3,18,0,13,8,0,22,0,3,18,13,8,0,22,0,3,18,0,13,8,0,22,0,3,18,0,13,8,0,22,0,3,18,13,8,0,22,0,3,18,0,13,8,0,22,0,3,18,0,13,8,0,22,0,3,18
8,26,21,0,3,18,16,29,5,18,0,6,29,11,0,0,0,0,0,13,8,0,0,10,27,24,9,10,10,21,29,11,10,9,14,29,17,5,0,0,0,0,13,8,0,13,29,29,29,29,29,29,29,29,29,29,29,29,29,29,17,0,0,0,0,13,8,0,16,8,8,8,8,8,8,8,8,8,8,8,8,8,8,5,0,0,0,0,13,8,0,16,0,0,0,0,0,0,0,0,0,0,0,0,0,0,0,0,0,0,0,13,8,0,16,17,17,17,17,17,17,17,17,17,17,17,17,17,17,17,17,17,17,0,13,8,0,16,7,7,7,7,7,5,0,0,0,0,0,0,0,0,0,0,0,0,0,13,8,0,16,25,25,29,25,25,15,0,0,0,0,0,0,0,0,0,0,0,0,0,13,8,0,16,0,0,28,3,0,0,0,0,3,15,19,9,5,0,14,11,7,0,0,13,8,0,16,3,11,28,12,6,8,0,0,3,18,22,10,5,0,16,13,8,0,0,13,8,0,16,9,15,28,14,9,18,0,0,3,18,22,10,5,0,16,13,8,0,0,13,8,0,16,9,15,28,14,9,18,0,0,3,18,22,10,5,0,16,13,8,0,0,13,8,0,16,2,7,28,9,6,16,0,0,3,18,18,5,2,0,13,13,8,0,0,12,8,0,16,0,0,28,3,0,0,0,0,0,3,0,0,0,0,0,6,3,0,0,0,0,0,9,23,23,29,24,23,23,23,23,23,23,23,23,23,19,0,0,0,0,0,0,0,0,0,8,8,8,8,8,8,8,8,8,8,8,8,8,7,0,0,0,0,0,0,0,0,0,17,17,17,17,17,17,17,17,17,17,17,17,17,17,17,17,17,17,17,17,17,17,17,0,0,0,0,0,0,0,0,0,0,0,0,0,0,0,0,0,0,0,0,0,0,0,0,1,7,7,7,7,7,7,7,2,0,0,7,7,7,7,7,7,4,0,0,0,0,0,6,29,29,29,29,29,29,29,7,0,0,28,29,29,29,29,29,17,0,22,0,0,0,6,29,18,10,10,10,10,10,2,0,0,28,13,10,10,10,10,6,0,22,0,0,0,6,29,11,0,0,0,0,0,0,0,0,28,3,14,17,17,17,17,17,26,0,0,0,6,29,11,11,23,23,23,23,23,23,23,29,3,0,0,0,0,0,0,22,0,0
25,19,7,7,7,3,4,27,0,0,0,22,25,0,12,29,5,2,29,15,0,0,0,25,29,29,29,29,11,4,27,0,0,0,21,24,0,12,27,5,2,27,14,0,0,0,9,10,10,10,10,4,4,27,0,0,0,0,0,0,0,0,0,0,0,0,0,0,0,14,17,17,17,17,17,7,27,0,0,0,11,12,0,6,14,2,1,14,7,0,0,0,0,0,0,0,0,0,4,27,0,0,0,22,25,0,12,29,5,2,29,15,0,0,0,0,3,5,5,5,5,9,27,0,0,0,22,25,0,12,29,5,2,29,15,0,0,0,0,17,29,29,29,29,29,27,0,0,0,22,25,0,12,29,5,2,29,15,0,19,21,0,7,12,12,12,12,15,27,0,0,0,22,25,0,12,29,5,2,29,15,0,22,25,0,0,0,0,0,0,4,27,0,0,0,22,25,0,12,29,5,2,29,15,0,22,25,12,13,13,13,13,13,7,27,0,0,0,22,25,0,12,29,5,2,29,15,0,22,25,2,2,2,2,2,2,5,27,0,0,0,22,25,0,12,29,5,2,29,15,0,22,25,0,10,17,17,17,17,19,27,0,0,0,22,25,0,12,29,5,2,29,15,0,22,25,0,17,29,29,29,29,29,27,0,0,0,22,25,0,12,29,5,2,29,15,0,22,25,0,0,0,0,0,0,0,0,0,0,0,22,25,0,12,29,5,2,29,15,0,22,25,14,17,17,17,17,17,17,17,14,0,0,22,25,0,12,29,5,2,29,15,0,22,25,0,0,0,0,0,0,0,0,0,0,0,22,25,0,12,29,5,2,29,15,0,22,25,6,7,7,7,7,3,0,0,0,0,0,22,25,0,12,29,5,2,29,15,0,22,25,25,29,29,29,29,11,0,0,0,0,0,22,25,0,12,29,5,2,29,15,0,22,25,9,25,27,10,10,4,0,0,0,0,0,22,25,0,12,29,5,2,29,15,0,22,25,0,22,25,0,17,17,11,0,0,0,0,22,25,0,12,29,5,2,29,15,0,22,25,0,22,25,0,14,14,9,0,0,0,0,22,25,0,12,29,5,2,29,15,0,13,15,5,24,26,5,5,2,0,0,0,0,0,22,25,0,12,29,5,2,29,15,0,0,0,25,29,29,29,29,11,0,0,0,0,0,22,25,0,12,29,5,2,29,15,0,0,0
6,7,7,7,7,7,7,7,0,0,0,11,3,0,15,17,10,9,22,11,3,0,15,7,8,8,8,8,8,8,8,0,0,0,17,4,0,22,17,12,14,22,17,4,0,22,0,0,0,0,0,0,0,0,0,0,0,17,4,0,22,12,11,14,16,17,4,0,22,0,29,17,0,20,27,0,10,29,7,0,17,4,0,17,2,6,11,3,13,3,0,22,0,29,17,0,20,27,0,10,29,7,0,17,4,0,0,17,4,0,22,0,0,0,22,0,29,17,0,20,27,0,10,29,7,0,17,4,0,0,17,7,3,22,0,0,0,22,0,29,17,0,20,27,0,10,29,7,0,17,12,13,0,17,12,14,22,0,7,13,22,0,29,17,0,20,27,0,10,29,7,0,17,12,14,0,17,12,14,22,0,7,14,22,0,29,17,0,20,27,0,10,29,7,0,15,12,14,14,24,12,14,25,15,10,14,19,0,11,7,0,8,11,0,4,11,3,0,0,2,4,25,17,7,7,15,24,7,4,0,0,0,0,0,0,0,0,0,0,0,0,4,1,0,22,0,1,3,0,17,4,0,5,0,16,17,17,17,17,9,0,0,0,0,17,4,0,22,0,7,14,0,17,4,0,22,0,0,0,0,0,0,0,0,0,0,0,17,7,4,22,0,7,14,0,17,7,4,22,0,0,0,0,0,0,0,0,0,0,0,17,12,14,22,1,8,14,1,17,12,14,22,0,25,14,0,17,23,0,9,25,6,0,17,12,14,22,17,12,14,22,17,12,14,22,0,29,17,0,20,27,0,10,29,7,0,17,11,11,22,17,12,14,22,17,11,11,22,0,29,17,0,20,27,0,10,29,7,0,17,4,0,22,17,12,14,22,17,4,0,22,0,29,17,0,20,27,0,10,29,7,0,17,4,0,22,2,8,14,3,17,4,0,22,0,29,17,0,20,27,0,10,29,7,0,17,10,9,22,11,11,14,15,17,10,9,22,0,0,0,0,0,0,0,10,29,7,0,15,12,14,22,17,12,14,22,17,12,14,19,0,0,0,0,0,0,0,10,29,7,0,0,5,10,22,13,10,12,16,17,10,10,0,0,0,0,0,0,0,0,10,29,7,0,8,2,0,22,0,0,0,0,17,4,0,10,0,16,17,17,17,3,0,10,29,7,0,17,12,14,22,17,4,0,22,17,12,14,22
20,27,0,6,17,4,0,17,10,0,12,16,0,0,0,0,0,0,0,17,12,14,22,20,27,0,0,0,0,0,0,0,0,0,0,0,0,0,0,0,0,0,14,11,14,18,15,20,0,9,25,6,0,25,14,0,17,23,0,0,0,0,0,0,0,0,7,14,0,0,0,0,10,29,7,0,29,17,0,20,27,0,0,0,0,0,0,0,0,7,14,0,6,1,0,10,29,7,0,29,17,0,20,27,0,0,0,0,5,9,0,11,11,14,15,7,2,0,10,29,7,0,29,17,0,20,27,0,0,0,0,7,14,0,17,12,14,22,0,0,0,10,29,7,0,29,17,0,20,27,0,0,0,0,7,14,0,17,10,10,22,10,13,0,10,29,7,0,29,17,0,20,27,0,0,0,0,7,14,0,13,4,1,17,20,27,0,10,29,7,0,29,17,0,20,27,0,0,0,0,7,14,0,0,7,14,0,20,27,0,10,29,7,0,29,17,0,20,27,0,0,0,0,7,14,0,0,7,14,6,20,27,0,10,29,7,0,29,17,0,20,27,0,0,0,0,7,14,20,0,7,14,22,20,27,0,10,29,7,0,29,17,0,20,27,0,0,0,0,7,14,22,0,7,14,22,6,9,0,3,9,2,0,9,5,0,6,9,0,0,0,0,6,12,22,9,19,14,22,0,0,0,0,0,0,0,0,0,0,0,0,0,0,0,0,0,0,6,17,19,8,12,0,0,0,0,0,0,0,0,0,0,0,0,0,0,0,0,1,3,0,17,4,0,5,13,17,17,17,17,17,17,17,17,17,9,0,0,0,0,0,7,14,0,17,4,0,22,0,0,0,0,0,0,0,0,0,0,0,0,0,0,0,0,7,14,6,17,4,0,22,0,0,0,0,0,0,0,0,0,0,0,0,0,0,0,0,7,14,22,17,5,0,22,6,8,0,3,8,2,0,8,5,0,6,8,0,0,0,0,7,14,22,17,12,14,22,20,27,0,10,29,7,0,29,17,0,20,27,0,0,0,0,7,14,18,17,12,14,22,20,27,0,10,29,7,0,29,17,0,20,27,0,0,0,0,7,14,0,17,12,14,22,20,27,0,10,29,7,0,29,17,0,20,27,0,0,0,0,7,14,0,17,6,2,22,20,27,0,10,29,7,0,29,17,0,20,27,0,0,0,0,7,14,15,17,10,9,22
0,0,0,0,0,0,0,0,0,0,0,0,0,0,0,0,0,0,0,0,0,0,0,0,0,0,0,0,0,0,0,0,0,0,0,0,0,0,0,0,0,0,0,0,0,0,0,0,0,0,0,0,0,0,0,0,0,0,0,0,0,0,0,0,0,0,0,0,0,0,0,0,0,0,0,0,0,0,0,0,0,0,0,0,0,0,0,0,0,0,0,0,0,0,0,0,0,0,0,0,0,0,0,0,0,0,0,0,0,0,0,0,0,0,0,0,0,0,0,0,4,11,1,0,0,0,0,0,0,0,0,0,0,0,0,0,0,0,0,0,0,0,0,11,29,2,3,15,6,0,13,12,0,0,0,0,0,0,0,0,0,0,0,0,0,0,11,29,2,5,29,12,0,25,22,0,0,13,6,0,0,0,0,0,0,0,0,0,0,11,29,2,5,29,12,0,25,22,0,0,0,0,0,0,0,0,0,0,0,0,0,0,11,29,2,5,29,12,0,25,22,0,0,0,4,0,0,0,0,0,0,0,0,0,0,11,29,2,5,29,12,0,25,22,0,0,0,4,0,0,0,0,0,0,0,0,0,0,11,29,2,5,29,12,0,25,22,0,0,0,4,0,0,0,0,0,0,0,0,0,0,11,29,2,5,29,12,0,25,22,0,0,0,4,0,0,0,0,0,0,0,0,0,0,11,29,2,5,29,12,0,25,22,0,0,0,4,0,0,0,0,0,0,0,0,0,0,11,29,2,5,29,12,0,25,22,0,2,13,4,0,0,0,0,0,0,0,0,0,0,11,29,2,5,29,12,0,25,22,0,2,19,4,0,0,0,0,0,0,0,0,0,0,7,18,1,5,29,12,0,25,22,0,2,19,4,0,0,0,0,0,0,0,0,0,0,0,0,0,2,11,5,0,10,9,0,1,7,1,0,0,0,0,0,0,0,0,0,0,0,0,0,0,0,0,0,0,0,0,0,0,0,0,0,0,0,0,0,0,0,0,0,0,0,0,0,0,0,0,0,0,0,0,0,0,0,0,0,0,0,0,0,0,0,0,0,0,0,0,0,0,0,0,0,0,0,0,0,0,0,0,0,0,0,0,0,0,0,0,0,0,0,0,0,0,0,0,0,0,0,0,0,0,0,0,0,0,0,0,0,0,0,0,0,0,0,0,0,0,0,0,0,0,0,0,0,0,0,0
7,8,8,8,7,2,29,15,0,0,0,22,25,0,12,29,5,2,29,15,0,0,0,24,27,27,27,27,28,29,15,0,0,0,16,19,0,9,21,4,2,21,11,0,0,0,18,20,20,20,20,20,20,11,0,0,0,0,0,0,0,0,0,0,0,0,0,0,0,6,7,7,7,7,7,7,7,6,0,0,0,0,0,7,7,7,7,7,3,0,0,0,7,8,8,8,8,8,8,8,7,0,0,0,0,0,8,8,8,8,8,4,0,0,0,0,0,0,0,0,0,0,0,0,0,0,0,0,0,0,0,0,0,0,0,0,0,0,0,0,0,0,6,14,2,1,14,7,0,11,12,0,6,14,2,1,14,7,0,0,0,10,1,0,0,12,29,5,2,29,15,0,22,25,0,12,29,5,2,29,15,0,0,0,19,2,0,0,12,29,5,2,29,15,0,22,25,0,12,29,5,2,29,15,0,0,0,19,2,0,0,9,21,4,2,29,15,0,22,25,0,12,29,5,2,29,15,0,0,0,1,0,0,0,0,0,0,2,29,15,0,22,25,0,12,29,5,2,29,15,0,0,0,13,15,15,7,0,0,0,0,9,5,0,7,8,0,4,9,1,0,9,5,0,0,0,6,6,1,0,0,0,0,0,0,0,0,0,0,0,0,0,0,0,0,0,0,0,0,9,10,1,0,0,0,0,0,0,0,0,0,0,0,0,0,0,0,0,0,0,0,0,14,17,17,17,17,17,17,17,14,0,0,0,0,0,17,17,17,17,2,0,0,0,0,0,0,0,0,0,0,0,0,0,0,0,0,0,0,0,0,0,0,0,0,0,0,0,25,29,29,29,1,0,0,0,0,0,0,0,0,0,0,0,0,0,0,0,0,0,0,16,27,28,18,1,0,0,0,8,4,0,6,7,0,3,8,1,0,8,4,0,0,0,4,22,25,4,6,0,0,2,29,15,0,22,25,0,12,29,5,2,29,15,0,0,0,8,22,25,9,12,0,0,2,29,15,0,22,25,0,12,29,5,2,29,15,0,0,0,8,22,25,9,12,0,0,2,29,15,0,22,25,0,12,29,5,2,29,15,0,0,0,4,22,25,4,6,0,0,2,29,15,0,22,25,0,12,29,5,2,29,15,0,0,0,15,27,28,17,2,0,0,1,15,8,0,12,13,0,6,15,3,1,15,8,0,11,12
11,0,26,21,0,0,0,3,18,0,13,8,0,0,0,0,0,0,13,8,0,8,13,0,0,0,0,0,0,0,3,18,0,13,8,0,0,0,0,0,0,13,8,14,17,18,0,0,0,0,0,0,0,3,18,0,13,8,0,0,0,0,0,0,10,18,17,17,17,0,0,0,0,0,0,0,3,18,0,13,8,0,0,0,0,0,0,0,0,0,0,0,17,17,17,11,0,0,0,3,18,0,13,8,0,0,14,17,17,17,17,17,17,17,17,0,0,0,0,0,0,0,3,18,0,13,8,0,0,0,0,0,0,0,0,0,0,1,0,0,0,0,0,0,0,3,18,0,13,8,0,0,0,0,0,0,0,0,0,0,4,7,0,17,13,0,0,0,3,18,0,13,8,0,0,0,0,0,0,0,0,0,0,1,11,0,26,21,0,0,0,3,18,0,13,8,0,0,0,0,0,0,9,11,11,7,13,11,0,26,21,0,0,0,3,18,0,13,8,0,0,0,0,0,0,16,23,28,12,13,11,0,26,21,0,0,0,3,18,0,13,8,0,0,0,0,0,0,0,8,23,0,5,11,0,26,21,0,0,0,3,18,0,13,8,0,0,0,0,0,0,0,8,23,0,4,2,0,5,4,0,0,0,3,18,0,13,8,0,0,0,0,0,0,0,8,23,0,3,0,0,0,0,0,0,0,3,18,0,13,8,0,0,0,0,0,0,0,8,23,0,0,7,7,7,5,0,0,0,3,18,0,13,8,0,0,6,7,7,7,5,8,23,0,0,8,8,8,6,0,0,0,3,18,0,13,8,0,0,7,8,8,8,5,8,23,0,0,0,0,0,0,0,0,0,3,18,0,13,8,0,0,0,0,23,27,27,28,29,27,27,11,0,26,21,0,0,0,3,18,0,13,8,0,0,0,0,4,4,4,12,24,4,4,11,0,26,21,0,0,0,3,18,0,13,8,0,0,0,2,10,0,0,8,23,0,7,11,0,26,21,0,0,0,3,18,0,13,8,0,0,0,3,18,9,4,11,23,15,13,11,0,26,21,0,0,0,3,18,0,13,8,0,0,0,3,18,22,10,14,23,16,13,11,0,26,21,0,0,0,3,18,0,9,6,0,0,0,3,18,16,10,14,23,16,13,11,0,26,21,0,0,0,3,14,0,0,0,0,0,0,3,18,0,6,12,23,1,13
0,0,0,0,0,11,29,2,5,29,12,0,25,22,0,0,0,4,0,0,0,0,0,0,0,0,0,0,11,29,2,5,29,12,0,25,22,0,2,14,4,0,0,0,0,0,0,0,0,0,0,11,29,2,5,29,12,0,25,22,0,2,19,4,0,0,0,0,0,0,0,0,0,0,11,29,2,5,29,12,0,25,22,0,2,19,4,0,0,0,0,0,0,0,0,0,0,11,29,2,5,29,12,0,25,22,0,2,19,4,0,0,0,0,0,0,0,0,0,0,11,29,2,5,29,12,0,25,22,0,0,3,4,0,0,0,0,0,0,0,0,0,0,11,29,2,5,29,12,0,25,22,0,0,0,4,0,0,0,0,0,0,0,0,0,0,11,29,2,5,25,11,0,22,19,0,0,0,4,0,0,0,0,0,0,0,0,0,0,11,29,2,0,0,0,0,0,0,0,0,0,4,0,0,0,0,0,0,0,0,0,0,11,29,2,3,17,7,0,14,13,0,0,0,4,0,0,0,0,0,0,0,0,0,0,11,29,2,5,29,12,0,25,22,0,0,0,4,0,0,0,0,0,0,0,0,0,0,11,29,2,5,29,12,0,25,22,0,0,0,4,0,0,0,0,0,0,0,0,0,0,11,29,2,5,29,12,0,25,22,0,0,0,4,0,0,0,0,0,0,0,0,0,0,11,29,2,5,29,12,0,25,22,0,0,0,4,0,0,0,0,0,0,0,0,0,0,11,29,2,5,29,12,0,25,22,0,0,0,2,0,0,0,0,0,0,0,0,0,0,11,29,2,5,29,12,0,25,22,0,0,6,3,0,0,0,0,0,0,0,0,0,0,11,29,2,5,29,12,0,25,22,0,0,7,3,0,0,0,0,0,0,0,0,0,0,11,29,2,5,29,12,0,25,22,0,0,0,2,0,0,0,0,0,0,0,0,0,0,11,29,2,5,29,12,0,25,22,0,0,0,4,0,0,0,0,0,0,0,0,0,0,7,17,1,5,29,12,0,25,22,0,0,0,4,0,0,0,0,0,0,0,0,0,0,0,0,0,5,29,12,0,25,22,0,0,0,4,0,0,0,0,0,0,0,0,0,0,9,25,2,5,29,12,0,25,22,0,0,0,4,0,0,0,0,0,0,0,0,0,0,11,29,2,5,29,12,0,25,22,0,1,7,4,0,0,0,0,0
6,29,11,0,26,21,0,16,29,1,0,0,13,9,4,4,2,3,18,3,4,4,0,6,29,11,0,26,21,0,16,29,1,0,0,13,25,23,23,0,3,27,23,23,7,0,6,29,11,0,26,21,0,16,29,1,0,0,13,15,8,24,0,3,22,8,18,8,0,6,29,11,0,26,21,0,16,29,1,0,10,13,10,8,22,6,8,18,10,13,10,8,6,29,11,0,26,21,0,16,29,1,0,22,13,12,18,22,13,12,18,22,13,12,18,6,29,11,0,26,21,0,16,29,1,0,22,13,12,18,22,13,12,18,22,13,12,18,6,29,11,0,26,21,0,16,29,1,0,22,13,12,18,22,13,12,18,22,13,12,18,6,29,11,0,26,21,0,16,29,1,0,9,13,10,8,22,6,7,18,9,13,10,8,6,29,11,0,26,21,0,16,29,1,0,0,13,8,0,22,0,3,18,0,13,8,0,0,1,0,0,1,1,0,16,29,1,0,0,13,8,0,22,0,3,18,0,13,8,0,0,0,0,0,0,0,0,16,29,1,0,0,13,8,0,22,0,3,18,0,13,8,0,0,0,0,0,0,0,0,16,29,1,0,0,13,8,0,22,0,3,18,0,13,8,0,0,0,0,0,0,0,0,16,29,1,0,0,7,5,0,13,0,2,10,0,7,5,0,7,7,7,7,7,0,0,16,29,1,0,3,7,7,7,7,7,7,7,7,7,7,7,8,8,8,8,8,0,0,15,27,1,0,4,8,8,8,8,8,8,8,8,8,8,8,0,0,0,0,0,0,0,0,0,0,0,0,5,11,11,11,0,1,11,11,11,3,0,6,29,11,0,26,21,0,8,14,0,0,0,13,23,20,27,0,3,26,20,25,8,0,6,29,11,0,26,21,0,16,29,1,0,0,13,11,12,22,0,3,18,15,13,8,0,6,29,11,0,26,21,0,16,29,1,0,0,10,10,18,22,0,2,13,22,13,8,0,6,29,11,0,26,21,0,16,29,1,0,0,0,3,18,22,0,0,0,22,13,8,0,6,29,11,0,26,21,0,16,29,1,0,0,17,19,18,22,0,12,17,26,13,8,6,6,29,11,0,26,21,0,16,29,1,0,0,14,14,9,22,0,10,14,14,13,8,5,2,11,4,0,10,8,0,16,29,1,0,0,6,13,13,25,0,1,13,13,21,8,0
0,0,0,0,0,0,16,29,1,0,0,0,0,0,0,0,0,0,0,0,0,0,0,0,0,0,0,0,0,16,29,1,0,0,0,0,0,0,0,0,0,0,0,0,0,0,0,0,0,0,0,0,16,29,1,0,0,0,0,0,0,0,0,0,0,0,0,0,0,0,0,0,0,0,0,16,29,1,0,0,0,0,0,0,0,0,0,0,0,0,0,0,7,0,1,7,5,0,5,9,0,1,7,5,0,3,7,2,0,0,0,0,3,7,2,27,0,3,28,17,0,0,0,0,4,25,18,0,13,26,9,0,0,0,0,12,27,8,22,0,3,18,0,0,0,0,0,0,3,18,0,13,8,0,0,0,0,0,0,13,8,22,0,3,18,16,0,2,13,0,10,10,18,0,13,11,13,0,10,6,0,16,13,8,22,0,3,18,22,0,3,18,0,13,12,18,0,13,12,18,0,13,8,0,22,13,8,22,0,3,18,22,9,10,18,16,13,12,18,0,13,12,18,16,13,11,13,22,13,8,22,0,3,18,22,13,12,18,22,13,12,18,0,13,12,18,22,13,12,18,22,13,8,22,0,3,18,22,13,12,18,22,13,12,18,0,13,12,18,22,13,12,18,22,13,8,22,0,3,18,22,13,12,18,22,13,12,18,0,13,12,18,22,13,12,18,22,13,8,8,0,1,6,22,5,6,15,8,13,10,6,0,5,7,18,8,11,8,6,22,5,3,8,6,5,6,22,5,3,0,8,13,10,6,11,5,7,18,8,0,1,6,22,5,5,22,13,12,18,22,13,10,9,22,13,12,18,22,13,12,18,22,6,8,18,22,13,12,22,13,12,18,22,13,12,18,22,13,12,18,22,13,12,18,22,13,12,18,22,13,12,0,13,9,0,22,0,4,18,0,13,9,0,22,0,4,18,0,13,9,0,22,0,4,18,13,12,15,22,0,3,18,0,13,12,15,22,11,11,18,0,13,8,0,22,11,11,22,13,12,18,22,5,7,18,9,13,12,18,22,13,12,18,9,13,10,7,22,13,12,22,13,12,18,22,13,12,18,22,13,12,18,22,13,12,18,22,13,12,18,22,13,12,9,13,10,8,22,13,12,18,22,13,10,8,22,6,7,18,22,13,12,18,22,6,7,0,13,8,0,22,9,9,18,15,13,8,0,22,0,3,18,15,13,11,12,22,0,3
13,29,4,3,29,14,0,4,4,0,0,0,0,21,2,3,3,0,20,3,3,3,1,13,29,4,3,29,14,0,5,5,0,0,0,0,21,20,29,28,0,20,12,29,28,9,13,29,4,3,29,14,0,23,25,0,0,0,0,21,20,1,0,0,20,12,11,0,0,13,29,4,3,29,14,0,23,25,0,0,0,0,21,20,5,3,0,20,12,12,7,0,13,29,4,3,29,14,0,23,25,0,0,0,0,21,16,12,11,0,20,10,10,21,0,13,29,4,3,29,14,0,23,25,0,0,0,0,24,9,17,11,0,20,11,10,21,0,13,29,4,3,29,14,0,23,25,0,0,0,0,22,22,22,9,0,16,22,22,16,0,13,29,4,3,29,14,0,23,25,0,0,0,0,0,0,0,0,0,0,0,0,0,0,13,29,4,3,29,14,0,23,25,0,0,1,17,17,17,17,17,17,17,17,17,17,7,13,29,4,3,29,14,0,23,25,0,0,0,0,4,0,2,2,0,4,0,0,4,0,13,29,4,3,29,14,0,23,25,0,0,0,0,21,0,10,11,0,20,1,0,21,0,13,29,4,3,29,14,0,23,25,0,0,0,0,21,0,10,11,0,20,1,0,21,0,13,29,4,3,29,14,0,23,25,0,0,0,0,21,0,10,11,0,20,1,0,21,0,13,29,4,3,29,14,0,23,25,0,0,0,0,21,0,10,11,0,20,1,0,21,0,13,29,4,3,29,14,0,23,25,0,0,0,1,21,1,11,12,1,20,2,1,21,0,13,29,4,3,29,14,0,23,25,0,0,10,12,21,20,12,12,21,20,12,12,21,4,13,29,4,3,29,14,0,23,25,0,0,10,12,21,20,12,12,21,20,12,12,21,4,3,7,1,1,7,3,0,23,25,0,0,10,12,21,20,12,12,21,20,12,12,21,4,2,4,0,0,4,2,0,23,25,0,0,9,10,21,17,12,12,18,20,11,10,21,4,13,29,4,3,29,14,0,23,25,0,0,0,0,21,0,10,11,0,20,1,0,21,0,13,29,4,3,29,14,0,23,25,0,0,0,0,29,27,28,11,0,20,28,28,21,0,13,29,4,3,29,14,0,23,25,0,0,0,0,4,4,14,11,0,3,4,5,21,0,13,29,4,3,29,14,0,23,25,0,0,0,14,23,23,12,11,6,23,23,10,21,0
20,29,9,2,3,16,22,0,3,18,19,0,3,13,29,16,7,7,7,7,7,13,29,29,29,29,7,0,0,22,0,3,18,0,0,11,29,29,29,29,29,29,29,29,29,29,10,10,10,2,0,0,22,0,3,18,0,0,4,10,10,10,10,10,10,10,10,10,10,17,17,17,17,17,6,22,0,3,18,8,17,17,17,17,17,17,17,17,17,17,17,17,0,0,0,0,0,0,22,0,3,18,0,0,0,0,0,0,0,0,0,0,0,0,0,13,13,0,0,2,12,22,0,3,18,14,0,0,2,13,13,13,13,13,13,13,0,0,2,2,0,0,3,18,22,0,3,18,22,0,0,0,2,2,2,2,2,2,23,0,0,9,9,9,9,12,18,22,0,3,18,23,9,9,9,9,9,6,0,0,0,22,0,0,6,6,6,6,10,18,22,0,3,18,23,6,6,6,6,6,4,0,0,0,22,0,0,17,17,26,0,3,18,7,0,1,6,22,0,3,25,17,17,17,17,13,0,23,13,13,0,0,22,0,3,18,0,0,0,0,22,0,3,18,0,0,0,0,0,0,23,2,2,11,0,22,0,3,18,0,0,0,0,22,0,3,18,0,14,17,17,17,17,19,0,0,0,0,11,0,3,15,0,0,0,0,18,0,1,9,0,0,0,0,0,0,0,0,0,0,0,0,0,0,0,0,0,0,0,0,0,0,0,0,0,0,0,0,0,0,0,0,17,17,17,17,17,17,17,17,17,17,17,17,17,17,17,17,17,17,17,17,17,17,17,0,0,0,0,0,0,0,0,0,0,0,0,0,0,0,0,0,0,0,0,0,0,0,7,7,7,2,0,0,0,0,0,0,0,0,3,7,7,7,7,7,7,7,7,7,7,29,29,29,7,0,0,0,0,0,0,0,0,12,29,29,29,29,29,29,29,29,29,29,10,10,10,2,0,0,0,0,0,0,0,0,4,10,10,10,21,29,12,10,10,10,10,0,8,9,9,9,6,0,0,0,0,7,9,9,9,6,0,16,29,1,14,17,16,0,0,5,6,6,10,18,0,0,0,0,23,6,6,6,4,0,16,29,1,12,14,13,0,5,5,5,1,3,18,0,0,0,0,22,0,2,5,5,5,19,29,7,1,2,5,5,29,29,29,7,3,18,0,0,0,0,22,0,12,29,29,29,29,29,29,7,12,29,29
0,0,0,0,0,0,13,17,17,17,4,13,22,1,0,0,0,0,0,0,0,0,0,0,0,0,0,0,0,21,29,29,29,7,16,29,1,0,0,0,0,0,0,0,0,0,26,1,0,0,0,0,1,17,29,3,1,16,29,1,0,0,24,19,0,15,26,1,6,29,1,0,0,0,3,18,16,29,5,18,16,29,1,0,0,26,21,0,16,29,1,6,29,1,0,0,0,3,18,16,29,5,18,16,29,1,0,0,26,21,0,16,29,1,6,29,1,0,0,0,3,17,16,29,5,17,16,29,1,0,0,26,21,0,16,29,1,6,27,1,0,0,0,0,4,19,29,7,5,19,29,1,0,0,25,20,0,15,27,1,6,0,0,0,0,0,0,25,29,29,29,29,29,29,1,0,0,0,0,0,0,0,0,0,0,0,0,0,0,0,10,12,12,12,12,12,12,0,0,0,0,0,0,0,0,0,0,0,7,15,15,15,15,15,15,15,15,15,15,15,11,2,15,15,15,15,15,15,15,15,0,0,0,0,0,0,0,0,0,0,0,0,0,0,0,0,0,0,0,0,0,0,0,8,0,0,13,27,27,27,27,27,27,11,0,0,0,0,0,0,0,0,5,8,0,2,29,1,0,10,23,29,24,20,23,29,11,0,0,0,0,0,0,0,0,16,29,1,6,29,1,0,9,6,29,11,9,6,29,11,0,0,0,0,0,0,0,0,16,29,1,6,29,1,0,22,6,29,11,22,6,29,11,0,0,0,2,1,0,0,0,16,29,1,6,29,1,0,22,6,29,11,22,6,29,11,0,0,0,13,8,0,0,0,16,29,1,6,29,1,0,13,6,29,11,13,6,29,11,0,0,0,13,8,0,0,0,16,29,1,6,29,1,0,6,19,29,21,9,6,29,11,0,0,0,13,8,0,0,0,16,29,1,6,3,0,0,11,29,29,29,17,6,29,11,0,0,0,13,8,0,0,0,2,3,0,0,0,0,0,1,2,2,2,1,2,8,3,0,0,0,13,8,0,0,0,0,0,0,0,17,17,17,17,17,17,17,17,17,17,17,17,6,0,13,8,0,8,17,17,17,17,17,0,0,0,0,0,0,0,0,0,0,0,0,0,0,13,8,0,0,0,0,0,0,0,0,0,0,0,0,0,0,0,0,0,0,0,0,0,10,6,0,0,0,0,0,0,0
11,0,3,7,22,8,9,15,11,16,9,7,22,8,9,15,11,16,9,7,22,8,7,22,0,6,15,22,16,12,15,22,16,12,15,22,16,12,15,22,16,12,15,22,16,10,22,0,6,15,22,16,12,15,22,16,12,15,22,16,12,15,22,16,12,15,22,16,10,22,0,6,15,5,16,7,3,22,3,8,15,5,16,7,3,22,3,8,15,5,16,7,22,0,6,15,0,16,8,6,22,6,9,15,0,16,5,0,22,6,9,15,9,16,5,22,0,6,15,0,16,12,15,22,16,12,15,0,16,5,0,22,16,12,15,22,16,5,22,0,6,15,0,16,12,15,22,16,12,15,0,16,5,0,22,16,12,15,22,16,5,14,0,4,10,0,16,12,15,22,16,12,15,0,10,3,0,22,16,12,15,22,16,5,0,0,0,0,0,16,12,15,22,16,12,15,0,0,0,0,22,16,12,15,22,16,5,0,0,0,0,0,7,9,15,10,16,9,7,0,0,0,0,10,16,9,7,22,7,2,0,0,0,0,0,0,6,15,0,16,5,0,0,0,0,0,0,16,5,0,22,0,0,0,0,0,0,0,0,6,15,0,16,5,0,0,0,0,0,0,16,5,0,22,0,0,22,0,6,15,0,16,12,15,22,16,12,15,0,16,5,0,22,16,12,15,22,16,5,22,0,6,15,0,16,12,15,22,16,12,15,0,16,5,0,22,16,12,15,22,16,5,22,0,6,15,0,16,8,5,22,6,9,15,0,16,5,0,22,6,9,15,8,16,5,22,0,6,15,0,7,5,7,9,7,5,6,0,16,5,0,9,7,5,6,10,7,2,22,0,6,15,0,0,6,15,0,16,5,0,0,16,5,0,0,16,5,0,22,0,0,22,0,6,15,5,0,6,15,13,16,5,0,5,16,7,3,0,16,10,9,22,0,1,22,0,6,15,22,0,6,15,22,16,5,0,22,16,12,15,0,16,12,15,22,0,4,22,0,6,15,22,0,6,15,22,16,5,0,22,16,12,15,0,16,12,15,22,0,4,12,0,3,8,22,14,26,15,22,16,26,13,22,9,9,15,23,28,12,15,26,25,10,0,0,0,0,0,16,11,3,4,3,12,15,0,0,0,0,23,6,2,3,6,20,5,13,0,3,9,0,16,5,0,13,0,6,15,0,9,3,0,22,0,3,9,0,16,5
22,8,9,15,11,16,9,7,22,8,9,15,11,16,9,7,22,8,9,15,11,16,8,22,16,12,15,22,16,12,15,22,16,12,15,22,16,12,15,22,16,12,15,22,16,10,22,16,12,15,22,16,12,15,22,16,12,15,22,16,12,15,22,16,12,15,22,16,10,5,16,7,3,22,3,8,15,5,16,7,3,22,3,8,15,5,16,7,3,22,3,6,0,16,8,6,22,6,9,15,0,16,5,0,22,6,9,15,9,16,5,0,22,0,4,0,16,12,15,22,16,12,15,0,16,5,0,22,16,12,15,22,16,5,0,22,0,4,0,16,12,15,22,16,12,15,0,16,5,0,22,16,12,15,22,16,5,0,22,0,4,0,16,12,15,22,16,12,15,0,10,3,0,22,16,12,15,22,16,5,0,14,0,4,0,16,12,15,22,16,12,15,0,0,0,0,22,16,12,15,22,16,5,0,0,0,4,0,7,9,15,10,16,9,7,0,0,0,0,10,16,9,7,22,7,2,0,0,0,2,0,0,6,15,0,16,5,0,0,0,0,0,0,16,5,0,22,0,0,0,0,0,0,0,0,6,15,0,16,5,0,0,0,0,0,0,16,5,0,22,0,0,0,0,0,0,0,16,12,15,22,16,12,15,0,16,5,0,22,16,12,15,22,16,5,0,22,0,4,0,16,12,15,22,16,12,15,0,16,5,0,22,16,12,15,22,16,5,0,22,0,4,0,16,8,5,22,6,9,15,0,16,5,0,22,6,9,15,8,16,5,0,22,0,4,0,7,5,7,9,7,5,6,0,16,5,0,9,7,5,6,10,7,2,0,22,0,2,0,0,6,15,0,16,5,0,0,16,5,0,0,16,5,0,22,0,0,0,22,0,0,5,0,6,15,13,16,5,0,5,16,7,3,0,16,10,9,22,0,1,3,22,3,1,22,0,6,15,22,16,5,0,22,16,12,15,0,16,12,15,22,0,6,15,22,16,5,22,0,6,15,22,16,5,0,22,16,12,15,0,16,12,15,22,0,6,15,22,16,5,22,14,26,15,22,16,26,13,22,9,9,15,23,28,12,15,26,25,11,15,12,16,10,0,16,11,3,4,3,12,15,0,0,0,0,23,6,2,3,6,20,5,0,0,0,4,0,16,5,0,13,0,6,15,0,9,3,0,22,0,3,9,0,16,5,0,13,0,4
23,0,0,0,0,0,0,0,0,0,0,0,0,0,0,0,0,0,0,0,0,0,0,23,0,0,14,25,1,5,25,9,0,22,18,0,14,25,1,5,25,9,0,22,18,0,23,0,0,16,29,1,6,29,11,0,26,21,0,16,29,1,6,29,11,0,26,21,0,23,0,0,16,29,1,6,29,11,0,26,21,0,16,29,1,6,29,11,0,26,21,0,23,0,0,16,29,1,6,29,11,0,26,21,0,16,29,1,6,29,11,0,26,21,0,23,0,0,16,29,1,6,29,11,0,26,21,0,16,29,1,6,29,11,0,26,21,0,23,0,0,0,0,0,0,0,0,0,0,0,0,0,0,0,0,0,0,0,0,0,0,23,0,0,0,0,0,0,0,0,0,0,0,0,0,0,0,0,0,0,0,0,0,0,7,0,0,0,0,0,0,0,0,0,0,0,0,0,0,0,0,0,0,0,0,0,0,17,17,17,17,17,17,17,17,17,17,17,17,17,17,17,17,17,17,17,17,17,17,17,0,0,0,0,0,0,0,0,0,0,0,0,0,0,0,0,0,0,0,0,0,0,0,0,0,0,0,0,0,0,0,0,0,0,0,0,0,0,0,0,0,0,0,0,0,0,17,13,0,10,18,1,4,18,7,0,17,13,0,10,18,1,4,18,7,0,17,13,0,26,21,0,16,29,1,6,29,11,0,26,21,0,16,29,1,6,29,11,0,26,21,0,26,21,0,16,29,1,6,29,11,0,26,21,0,16,29,1,6,29,11,0,26,21,0,26,21,0,16,29,1,6,29,11,0,26,21,0,16,29,1,6,29,11,0,26,21,0,26,21,0,16,29,1,6,29,11,0,26,21,0,16,29,1,6,29,11,0,26,21,0,5,4,0,3,5,0,1,5,2,0,5,4,0,3,5,0,1,5,2,0,5,4,0,0,0,0,0,0,0,0,0,0,0,0,0,0,0,0,0,0,0,0,0,0,0,0,7,7,7,7,7,7,7,7,7,7,7,7,7,7,7,7,7,7,7,7,7,7,7,8,8,8,8,8,8,8,8,8,8,8,8,8,8,8,8,8,8,8,8,8,8,8,21,27,27,13,0,0,0,0,0,0,0,0,0,0,0,0,0,0,0,0,0,0,0,3,4,20,13,0,0,6,29,11,0,26,21,0,16,29,1,6,29,11,0,26,21,0
0,0,0,0,13,4,0,0,0,7,14,22,17,12,14,22,0,0,0,0,0,0,0,0,0,0,0,13,4,0,20,0,7,14,22,17,12,14,22,0,7,13,0,0,0,0,0,0,0,0,13,4,0,22,0,7,14,22,17,12,14,22,0,7,14,0,0,0,0,0,0,0,0,13,4,0,22,0,7,14,22,17,12,14,22,0,7,14,0,0,0,0,0,0,0,0,13,4,0,22,0,7,14,2,17,5,1,22,0,7,14,0,0,0,0,0,0,0,0,13,9,7,22,9,10,14,12,17,9,7,22,9,10,14,0,0,0,0,0,0,0,0,13,12,14,22,17,12,14,22,17,12,14,22,17,12,14,0,0,0,0,0,0,0,0,13,12,14,22,17,12,14,22,17,12,14,22,17,12,14,0,0,0,0,0,0,0,0,2,8,14,4,17,6,2,22,3,8,14,4,17,6,2,0,0,0,0,0,0,0,0,13,28,14,0,17,28,27,24,0,7,28,27,29,4,0,0,0,0,0,0,0,0,0,2,11,14,0,17,9,4,23,0,7,17,4,19,4,0,0,0,0,0,0,0,0,0,0,7,14,0,17,4,0,22,0,7,14,0,17,4,0,0,0,0,0,0,0,0,0,0,7,14,0,17,4,0,22,0,7,14,0,17,4,0,0,0,0,0,0,0,0,0,0,7,14,0,17,4,0,22,0,7,14,0,17,4,0,0,0,0,0,0,0,0,0,0,7,14,0,17,4,0,22,0,7,14,0,17,4,0,0,0,0,0,0,0,0,0,0,6,12,0,15,4,0,19,0,6,12,0,15,4,0,0,0,0,0,0,0,0,0,0,0,0,0,0,0,0,0,0,0,0,0,0,0,0,0,0,0,0,0,0,0,0,7,17,17,17,17,17,17,17,17,17,17,17,17,17,3,0,0,0,0,0,0,0,0,0,1,0,0,1,1,1,1,0,0,1,1,1,0,0,0,0,0,0,0,0,0,0,13,29,14,0,17,29,29,25,0,7,29,29,29,4,0,0,0,0,0,0,0,0,0,1,9,14,0,17,6,1,23,0,7,15,2,18,4,0,0,0,0,0,0,0,0,0,13,12,14,0,17,12,14,22,0,7,14,22,17,4,0,0,0,0,0,0,0,0,0,13,12,14,0,1,8,14,22,0,0,0,22,17,4,0,0,0,0,0
0,0,0,0,0,11,29,2,5,29,12,0,25,22,0,2,19,0,0,0,0,0,0,0,0,0,0,0,11,29,2,5,29,12,0,25,22,0,2,19,0,0,0,0,0,0,0,0,0,0,0,11,29,2,5,29,12,0,25,22,0,2,19,2,0,0,0,0,0,0,0,0,0,0,11,29,2,5,29,12,0,25,22,0,2,19,4,0,0,0,0,0,0,0,0,0,0,11,29,2,5,29,12,0,25,22,0,2,19,4,0,0,0,0,0,0,0,0,0,0,11,29,2,1,5,2,0,5,4,0,0,3,3,0,0,0,0,0,0,0,0,0,0,11,29,2,1,6,3,0,6,5,0,0,0,0,0,0,0,0,0,0,0,0,0,0,11,29,2,5,29,12,0,25,22,0,2,17,0,0,0,0,0,0,0,0,0,0,0,11,29,2,5,29,12,0,25,22,0,2,19,0,0,0,0,0,0,0,0,0,0,0,11,29,2,5,29,12,0,25,22,0,2,19,4,0,0,0,0,0,0,0,0,0,0,11,29,2,5,29,12,0,25,22,0,2,19,4,0,0,0,0,0,0,0,0,0,0,11,29,2,5,29,12,0,25,22,0,2,19,4,0,0,0,0,0,0,0,0,0,0,11,29,2,5,29,12,0,25,22,0,2,19,0,0,0,0,0,0,0,0,0,0,0,11,29,2,5,29,12,0,25,22,0,2,19,0,0,0,0,0,0,0,0,0,0,0,11,29,2,5,29,12,0,25,22,0,2,19,1,0,0,0,0,0,0,0,0,0,0,11,29,2,5,29,12,0,25,22,0,2,19,4,0,0,0,0,0,0,0,0,0,0,11,27,2,5,29,12,0,25,22,0,0,3,4,0,0,0,0,0,0,0,0,0,0,0,0,0,5,29,12,0,25,22,0,0,2,0,0,0,0,0,0,0,0,0,0,0,5,14,1,5,29,12,0,25,22,0,2,19,3,0,0,0,0,0,0,0,0,0,0,11,29,2,5,29,12,0,25,22,0,2,19,4,0,0,0,0,0,0,0,0,0,0,11,29,2,5,29,12,0,25,22,0,2,19,4,0,0,0,0,0,0,0,0,0,0,11,29,2,5,29,12,0,25,22,0,2,19,4,0,0,0,0,0,0,0,0,0,0,11,29,2,5,29,12,0,25,22,0,2,19,2,0,0,0,0,0
0,5,7,24,14,7,3,7,18,12,17,0,7,11,17,22,0,0,0,0,7,29,10,0,18,25,23,14,7,9,25,25,11,17,1,25,25,14,22,0,0,0,0,7,29,10,0,0,3,3,17,7,0,3,3,8,17,0,1,3,3,23,0,0,0,0,7,29,10,0,4,29,28,29,7,0,24,28,29,17,0,14,29,28,27,0,0,0,0,7,29,10,0,4,17,0,14,7,0,22,0,4,17,0,14,7,0,22,0,0,0,0,7,29,10,8,11,17,18,14,11,14,22,11,11,17,18,14,11,14,22,11,6,0,0,7,29,10,10,12,17,22,14,12,17,22,14,12,17,22,14,12,17,22,14,7,0,0,7,29,10,10,12,17,22,14,12,17,22,14,12,17,22,14,12,17,22,14,7,0,0,7,29,10,10,12,17,22,14,12,17,22,14,12,17,22,14,12,17,22,14,7,0,0,7,29,10,1,5,17,2,14,8,1,22,1,5,17,2,14,8,1,22,1,0,0,0,7,29,10,0,4,17,0,14,7,0,22,0,4,17,0,14,7,0,22,0,0,0,0,7,29,10,0,4,17,0,14,7,0,22,0,4,17,0,14,7,0,22,0,0,0,0,2,7,2,0,4,17,0,14,7,0,22,0,4,17,0,14,7,0,22,0,0,0,0,1,4,1,0,4,17,0,14,7,0,22,0,4,17,0,14,7,0,22,0,0,0,0,7,29,10,0,1,4,0,3,1,0,5,0,1,4,0,3,1,0,5,0,0,0,0,7,29,10,6,17,17,17,17,17,17,17,17,17,17,17,17,17,17,17,17,0,0,0,7,29,10,0,0,0,0,0,0,0,0,0,0,0,0,0,0,0,0,0,0,0,0,7,29,10,0,3,21,21,21,5,0,18,21,21,13,0,10,21,21,20,0,0,0,0,7,29,10,0,4,22,10,20,7,0,23,10,14,17,0,14,16,10,24,0,0,0,0,7,29,10,0,4,17,16,14,7,0,22,10,10,17,0,14,11,13,22,0,0,0,0,7,29,10,0,4,17,22,5,3,0,22,14,9,7,0,14,12,17,9,0,0,0,0,7,29,10,0,4,17,22,0,0,0,22,14,7,0,0,14,12,17,0,0,0,0,0,7,29,10,0,4,17,24,27,24,0,22,14,28,27,5,14,12,29,27,14,0,0,0,7,29,10
18,22,6,8,18,0,6,29,11,0,26,21,0,16,29,1,6,29,11,0,26,21,0,15,22,0,3,18,0,6,29,11,0,26,21,0,16,29,1,6,29,11,0,26,21,0,0,22,0,3,18,0,6,29,11,0,26,21,0,16,29,1,6,29,11,0,26,21,0,18,22,13,12,18,0,6,29,11,0,17,14,0,11,19,1,6,29,11,0,17,14,0,18,22,13,11,10,0,6,29,11,0,0,0,0,0,0,0,6,29,11,0,0,0,0,7,22,5,3,0,0,6,29,11,0,0,0,0,0,0,0,6,29,11,0,0,0,0,6,22,4,6,15,0,6,29,11,0,1,7,7,7,7,0,6,29,11,0,6,7,7,18,22,13,12,18,0,6,29,11,0,1,8,8,8,8,0,6,29,11,0,7,8,8,18,22,13,12,18,0,6,29,11,0,0,0,0,0,0,0,6,29,11,0,0,0,0,18,22,13,12,18,0,6,29,11,0,0,0,0,0,0,0,6,29,11,0,0,0,0,18,22,10,10,18,0,6,29,11,0,26,21,0,16,28,1,6,29,11,0,26,21,0,18,22,0,3,18,0,6,29,11,0,26,21,0,16,29,1,6,29,11,0,26,21,0,18,17,0,3,15,0,6,29,11,0,26,21,0,16,29,1,6,29,11,0,26,21,0,18,0,0,0,0,0,6,29,11,0,26,21,0,16,29,1,6,29,11,0,26,21,0,27,16,0,2,4,0,6,29,11,0,23,19,0,14,25,1,6,29,11,0,23,19,0,8,6,0,16,29,1,6,29,11,0,0,0,0,0,0,0,2,11,4,0,0,0,0,0,0,0,16,29,1,6,29,11,0,0,0,0,0,0,0,0,0,0,0,0,0,0,0,0,0,16,29,1,6,29,11,0,2,17,17,17,17,0,6,29,11,0,14,17,17,0,0,0,16,29,1,6,29,11,0,0,0,0,0,0,0,6,29,11,0,0,0,0,0,0,0,11,19,1,6,29,11,0,9,8,0,6,10,0,6,29,11,0,0,0,25,27,19,0,0,0,0,6,29,11,0,26,21,0,16,29,1,6,29,11,0,0,0,15,20,3,0,0,0,0,6,29,11,0,26,21,0,16,29,1,6,29,11,0,0,1,8,18,9,0,1,7,0,6,29,11,0,26,21,0,16,29,1,6,29,11,0,0,3,18
18,29,0,8,29,9,0,28,19,0,0,3,8,20,12,16,0,8,13,16,22,0,3,18,29,0,8,29,9,0,28,19,0,0,0,0,15,12,16,0,0,5,16,22,0,0,18,29,0,8,29,9,0,28,19,0,0,0,22,15,12,16,0,15,12,16,22,0,0,18,29,0,8,29,9,0,28,19,0,0,0,22,1,6,16,0,15,7,1,22,0,0,18,29,0,8,29,9,0,28,19,0,0,0,25,29,29,16,0,15,29,29,26,0,0,18,29,0,8,29,9,0,28,19,0,0,0,2,2,2,1,0,1,2,2,2,0,0,18,29,0,8,29,9,0,15,10,0,0,15,17,17,17,17,17,17,17,17,17,17,10,18,29,0,8,29,9,0,0,0,0,0,0,0,0,0,0,0,0,0,0,0,0,0,18,29,0,8,29,9,0,26,17,0,0,0,19,0,4,14,0,13,5,0,19,0,0,18,29,0,8,29,9,0,28,19,0,0,0,22,0,5,16,0,15,6,0,22,0,0,18,29,0,8,29,9,0,28,19,0,0,0,22,0,5,16,0,15,6,0,22,0,0,18,29,0,8,29,9,0,28,19,0,0,0,22,0,5,16,0,15,6,0,22,0,0,18,29,0,8,29,9,0,28,19,0,0,0,22,0,5,16,0,15,6,0,22,0,0,18,29,0,8,29,9,0,28,19,0,0,0,23,3,9,16,0,15,10,3,23,0,0,18,29,0,8,29,9,0,28,19,0,0,0,25,28,29,16,0,15,29,28,26,0,0,18,29,0,8,29,9,0,28,19,0,0,2,22,2,7,16,3,15,7,2,22,2,1,18,29,0,8,29,9,0,28,19,0,5,16,22,15,12,16,22,15,12,16,22,15,6,18,29,0,8,29,9,0,28,19,0,5,16,22,15,12,16,22,15,12,16,22,15,6,18,29,0,8,29,9,0,28,19,0,5,16,13,15,10,9,22,9,9,16,13,15,6,18,29,0,8,29,9,0,28,19,0,5,16,0,15,7,1,22,1,6,16,0,15,6,18,29,0,8,29,9,0,28,19,0,5,16,0,15,12,16,22,15,12,16,0,15,6,18,29,0,8,29,9,0,28,19,0,5,16,0,15,12,16,22,15,12,16,0,15,6,18,29,0,8,29,9,0,28,19,0,5,16,0,15,12,16,22,15,12,16,0,15,6
0,0,0,0,0,0,0,0,0,0,0,0,0,0,0,0,0,0,0,0,0,0,0,0,0,0,0,0,0,0,0,0,0,0,0,0,0,0,0,0,0,0,0,0,0,0,0,0,0,0,0,0,0,0,0,0,0,0,0,0,0,0,0,0,0,0,0,0,0,0,0,0,0,0,0,0,0,0,0,0,0,0,0,0,0,0,0,0,0,0,0,0,0,0,0,0,0,0,0,0,0,0,0,0,0,0,0,0,0,0,0,0,0,0,0,0,0,0,0,0,0,0,0,0,0,0,0,0,0,0,0,0,0,0,0,0,0,0,13,13,13,13,13,13,13,13,13,13,13,13,13,13,13,13,0,0,6,13,13,13,13,2,2,2,2,2,2,2,2,2,2,2,2,2,2,2,2,0,0,1,2,2,2,2,2,13,0,10,6,0,16,0,2,13,0,10,6,0,16,0,0,0,0,10,6,0,16,3,18,0,13,8,0,22,0,3,18,0,13,8,0,22,0,0,0,0,13,8,0,22,3,18,0,13,8,0,22,0,3,18,0,13,8,0,22,0,0,0,0,13,8,0,22,3,18,0,13,8,0,22,0,3,18,0,13,8,0,22,0,0,0,0,13,8,0,22,3,18,0,13,8,0,22,0,3,18,0,13,8,0,22,0,0,0,0,13,8,0,22,9,18,13,13,11,11,22,8,9,18,13,13,11,11,22,8,5,0,13,13,11,11,22,12,18,22,13,12,18,22,13,12,18,22,13,12,18,22,13,8,0,22,13,12,18,22,12,18,22,13,12,18,22,13,12,18,22,13,12,18,22,13,8,0,22,13,12,18,22,6,9,11,6,6,9,11,6,6,9,11,6,6,9,11,6,4,0,11,6,6,9,11,0,0,0,0,0,0,0,0,0,0,0,0,0,0,0,0,0,0,0,0,0,0,0,0,0,0,0,0,0,0,0,0,0,0,0,0,0,0,0,0,0,0,0,0,0,0,0,0,0,0,0,0,0,0,0,0,0,0,0,0,0,0,0,0,0,0,0,0,0,0,0,0,0,0,0,0,0,0,0,0,0,0,0,0,0,0,0,0,0,0,0,0,0,0,0,0,0,0,0,0,0,0,0,0,0,0,0,0,0,0,0,0,0,0,0,0,0,0,0,0,0,0,0,0,0,0,0,0,0,0,0,0,0,0,0,0,0,0
0,6,29,7,0,29,17,0,0,0,0,0,0,0,7,14,22,17,12,14,22,0,0,0,6,29,7,0,29,17,0,17,23,0,0,20,0,7,14,22,17,12,14,22,0,0,0,6,29,7,0,29,17,0,20,27,0,0,22,0,7,14,22,17,12,14,22,0,0,0,6,29,7,0,29,17,0,20,27,0,0,22,0,7,14,22,17,12,14,22,0,0,0,6,29,7,0,29,17,0,20,27,0,0,22,0,7,14,2,17,5,1,22,0,0,0,6,29,7,0,29,17,0,20,27,0,0,22,9,10,14,12,17,9,7,22,0,0,0,6,29,7,0,29,17,0,20,27,0,0,22,17,12,14,22,17,12,14,22,0,0,0,4,17,4,0,29,17,0,20,27,0,0,22,17,12,14,22,17,12,14,22,0,0,0,0,0,0,0,29,17,0,20,27,0,0,4,17,6,2,22,3,8,14,4,0,0,0,5,25,6,0,29,17,0,20,27,0,0,0,17,28,27,24,0,7,28,27,6,0,0,6,29,7,0,29,17,0,20,27,0,0,0,17,9,4,23,0,7,17,4,1,0,0,6,29,7,0,29,17,0,20,27,0,0,0,17,4,0,22,0,7,14,0,0,0,0,6,29,7,0,29,17,0,20,27,0,0,0,17,4,0,22,0,7,14,0,0,0,0,6,29,7,0,29,17,0,20,27,0,0,0,17,4,0,22,0,7,14,0,0,0,0,6,29,7,0,29,17,0,20,27,0,0,0,17,4,0,22,0,7,14,0,0,0,0,6,29,7,0,29,17,0,20,27,0,0,0,15,4,0,19,0,6,12,0,0,0,0,6,29,7,0,29,17,0,20,27,0,0,0,0,0,0,0,0,0,0,0,0,0,0,6,29,7,0,29,17,0,20,27,0,0,10,17,17,17,17,17,17,17,17,3,0,0,6,29,7,0,29,17,0,20,27,0,0,0,1,1,1,1,0,0,1,1,0,0,0,6,29,7,0,29,17,0,20,27,0,0,0,17,29,29,25,0,7,29,29,6,0,0,6,29,7,0,29,17,0,20,27,0,0,0,17,6,1,23,0,7,15,2,0,0,0,6,29,7,0,29,17,0,20,27,0,0,0,17,12,14,22,0,7,14,22,0,0,0,6,29,7,0,29,17,0,20,27,0,0,0,1,8,14,22,0,0,0,22,0,0
26,0,3,25,17,23,8,0,23,17,19,18,0,0,0,0,23,17,19,18,0,13,21,25,0,1,14,14,21,8,0,11,14,16,18,0,0,0,0,11,14,16,18,0,6,14,22,0,9,13,13,13,8,5,13,13,8,18,0,0,0,5,13,13,8,18,0,13,13,22,0,13,18,26,13,8,6,18,24,12,18,0,0,0,6,18,24,12,18,0,18,20,22,0,0,0,22,13,8,0,0,13,12,18,0,0,0,0,0,13,12,18,0,0,3,22,0,2,12,22,13,8,0,15,13,12,18,0,0,0,0,15,13,12,18,0,9,9,22,0,3,18,16,13,8,0,22,9,10,18,0,0,0,0,22,9,10,18,0,13,11,26,0,3,26,19,24,8,0,23,19,21,18,0,0,0,0,23,19,21,18,0,13,22,12,0,1,12,12,12,3,0,10,12,12,8,0,0,0,0,10,12,12,8,0,6,12,7,7,7,7,7,7,7,7,7,7,7,7,5,0,0,6,7,7,7,7,7,7,7,8,8,8,8,8,8,8,8,8,8,8,8,6,0,0,7,8,8,8,8,8,8,8,12,0,1,9,0,7,4,0,11,0,2,10,0,0,0,0,11,0,2,10,0,6,4,22,0,3,18,0,13,8,0,22,0,3,18,0,0,0,0,22,0,3,18,0,13,8,22,0,3,18,0,13,8,0,22,0,3,18,0,0,0,0,22,0,3,18,0,13,8,22,0,3,18,0,13,8,0,22,0,3,18,0,0,0,0,22,0,3,18,0,13,8,22,0,3,18,0,13,8,0,22,0,3,18,0,0,0,0,22,0,3,18,0,13,8,22,5,7,18,9,13,10,7,22,5,7,18,9,0,1,7,22,5,7,18,9,13,10,22,13,12,18,22,13,12,18,22,13,12,18,22,0,3,18,22,13,12,18,22,13,12,22,13,12,18,22,13,12,18,22,13,12,18,22,0,3,18,22,13,12,18,22,13,12,22,13,12,18,22,13,12,18,22,13,12,18,22,0,3,18,22,13,12,18,22,13,12,22,6,8,18,11,13,10,9,22,6,8,18,11,0,1,9,22,6,8,18,11,13,10,24,0,3,21,7,18,8,0,23,7,10,18,0,0,0,0,23,7,10,18,0,13,14,24,0,3,28,25,25,7,0,23,25,25,15,0,0,0,0,23,25,25,15,0,13,26
22,16,12,15,22,16,12,15,22,0,6,15,22,16,12,15,0,0,0,0,0,0,0,22,16,12,15,22,16,12,15,22,0,6,15,22,16,12,15,0,0,0,0,0,4,15,0,16,6,0,11,0,7,15,0,0,0,0,22,0,3,7,0,0,0,0,0,0,0,16,16,10,11,0,11,11,15,16,14,9,11,22,11,4,0,0,0,0,0,0,0,0,22,16,12,15,19,16,12,15,22,16,12,15,22,16,11,13,0,0,0,2,8,2,0,16,16,10,11,22,11,11,15,16,16,10,11,22,11,11,15,0,0,0,9,29,8,0,3,16,5,0,22,0,6,15,3,16,6,2,22,0,6,15,0,0,0,9,29,8,0,22,16,5,0,22,0,6,15,22,16,12,15,22,0,6,15,0,0,0,9,29,8,0,22,16,11,11,22,12,11,15,22,16,12,15,22,12,11,15,0,0,0,9,29,8,0,22,16,12,15,22,16,12,15,22,16,12,15,22,16,12,15,0,0,0,5,15,4,0,2,16,12,15,22,16,12,15,2,16,6,1,22,16,12,15,0,0,0,0,0,0,0,0,16,8,5,22,5,8,15,0,16,5,0,22,5,8,15,0,0,0,0,0,0,0,0,16,5,0,22,0,6,15,0,16,5,0,22,0,6,15,0,0,0,0,10,17,15,0,16,5,0,6,0,6,15,0,5,1,0,22,0,2,4,0,0,0,0,0,0,0,14,23,7,3,0,3,8,23,13,8,6,15,24,3,1,0,0,0,0,6,20,6,0,25,17,10,15,19,16,9,17,24,16,12,23,14,16,11,13,0,0,0,9,29,8,0,22,0,6,15,22,16,5,0,22,16,12,15,0,16,12,15,0,0,0,9,29,8,0,22,0,6,14,22,15,5,0,22,16,12,15,0,15,12,15,0,0,0,9,29,8,0,22,0,0,0,22,0,0,0,22,5,8,15,0,0,6,15,0,0,0,9,29,8,0,22,0,0,0,22,0,0,0,22,0,6,15,0,0,6,15,0,0,0,9,29,8,0,3,11,4,0,22,0,4,11,3,11,5,2,16,0,6,15,0,0,0,7,21,6,0,15,16,5,0,22,0,6,15,15,16,10,10,22,0,6,15,0,0,0,0,0,0,0,22,16,5,0,22,0,6,15,22,16,12,15,22,0,6,15,0,0,0,7,7,7,7
0,0,0,0,0,0,0,6,29,11,0,0,22,13,12,18,22,0,3,18,22,13,12,0,0,0,0,0,0,0,6,29,11,0,0,22,13,12,18,22,0,3,18,22,13,12,0,17,13,0,10,18,1,6,29,11,0,0,22,13,12,18,22,0,3,18,22,13,12,0,26,21,0,16,29,1,6,29,11,0,0,22,1,4,18,22,0,3,18,22,1,4,0,26,21,0,16,29,1,6,29,11,0,0,22,0,3,18,22,0,3,18,22,0,3,0,26,21,0,16,29,1,6,29,11,0,0,3,0,0,1,22,0,3,18,2,0,0,0,26,21,0,16,29,1,6,29,11,0,0,0,0,0,11,25,0,3,24,9,0,0,0,5,4,0,3,5,0,6,29,11,0,22,18,0,0,15,18,0,2,18,13,0,0,0,0,0,0,0,0,0,6,29,11,0,26,21,0,0,0,0,0,0,0,0,0,0,0,1,7,7,7,7,0,6,29,11,0,26,21,0,0,0,0,0,0,0,0,0,0,0,1,8,8,8,8,0,6,29,11,0,26,21,0,0,0,0,0,0,0,0,0,0,0,0,0,0,0,0,0,6,29,11,0,26,21,0,0,0,0,0,0,0,0,0,0,0,26,21,0,16,29,1,6,29,11,0,0,0,0,0,14,17,0,2,17,12,0,0,0,26,21,0,16,29,1,6,29,11,0,0,0,0,0,12,25,0,3,24,10,0,0,0,26,21,0,16,29,1,6,29,11,0,0,1,0,0,1,22,0,3,18,1,0,0,0,26,21,0,16,29,1,6,29,11,0,0,22,0,3,18,22,0,3,18,22,0,3,0,26,21,0,16,29,1,6,29,11,0,0,22,0,4,18,22,0,3,18,22,0,4,0,26,21,0,16,29,1,6,29,11,0,0,22,13,12,18,22,0,3,18,22,13,12,0,10,8,0,6,11,0,6,27,11,0,0,22,13,12,18,22,0,3,18,22,13,12,0,0,0,0,0,0,0,0,0,0,0,0,22,13,12,18,22,0,3,18,22,13,12,17,17,17,17,17,17,0,3,14,5,0,0,22,13,12,18,22,0,3,18,22,13,12,0,0,0,0,0,0,0,6,29,11,0,0,11,0,4,18,0,0,0,0,22,0,2,0,0,0,0,0,0,0,6,29,11,0,0,0,9,10,18,16,11,10,13,22,9,6
0,25,23,0,0,0,0,0,0,0,0,0,0,0,0,0,0,0,0,0,0,0,0,0,25,23,0,0,13,17,17,17,17,17,17,17,17,17,17,17,17,17,17,17,17,13,0,25,23,0,0,0,0,0,0,0,0,0,0,0,0,0,0,0,0,0,0,0,0,0,21,20,0,2,4,0,0,4,2,0,4,3,0,2,4,0,0,4,2,0,4,3,0,0,0,0,14,29,3,4,29,13,0,25,23,0,14,29,3,4,29,13,0,25,22,0,0,0,0,14,29,3,4,29,13,0,25,23,0,14,29,3,4,29,13,0,25,22,13,0,0,0,14,29,3,4,29,13,0,25,23,0,14,29,3,4,29,13,0,25,22,21,0,0,0,14,29,3,4,29,13,0,25,23,0,14,29,3,4,29,13,0,25,22,21,0,0,0,9,19,2,3,19,9,0,16,15,0,9,19,2,3,19,9,0,16,15,21,0,0,0,0,0,0,0,0,0,0,0,0,0,0,0,0,0,0,0,0,0,0,21,0,0,0,0,0,0,0,0,0,0,0,0,0,0,0,0,0,0,0,0,0,0,21,0,0,0,0,6,7,7,7,7,7,7,7,7,7,7,7,7,7,7,7,7,6,21,0,0,0,0,6,8,8,8,8,8,8,8,8,8,8,8,8,8,8,8,8,6,21,0,0,0,0,0,0,0,0,0,0,0,0,0,0,0,0,0,0,0,0,0,0,21,0,0,0,0,0,0,0,0,0,0,0,0,0,0,0,0,0,0,0,0,0,0,21,0,0,0,14,28,3,4,28,13,0,24,23,0,14,28,3,4,28,13,0,24,22,21,0,0,0,14,29,3,4,29,13,0,25,23,0,14,29,3,4,29,13,0,25,22,21,0,0,0,14,29,3,4,29,13,0,25,23,0,14,29,3,4,29,13,0,25,22,21,0,0,0,14,29,3,4,29,13,0,25,23,0,14,29,3,4,29,13,0,25,22,21,0,0,0,12,25,3,4,25,12,0,21,20,0,12,25,3,4,25,12,0,21,19,21,0,0,0,0,0,0,0,0,0,0,0,0,0,0,0,0,0,0,0,0,0,0,21,0,0,0,0,0,0,0,0,0,0,0,0,0,0,0,0,0,0,0,0,0,0,21,0,0,0,0,13,17,17,17,17,17,17,17,17,17,17,17,17,17,17,17,17,13
8,8,8,8,8,8,8,8,8,8,8,8,8,8,8,3,0,0,2,13,0,9,10,27,27,27,27,27,27,27,27,27,27,21,0,0,0,0,0,0,0,0,0,0,0,3,12,24,4,4,4,4,4,4,12,24,3,0,0,1,0,0,0,0,0,0,0,0,3,9,23,1,0,0,0,11,1,9,23,1,0,3,18,0,0,0,0,0,0,0,10,10,14,23,16,12,7,0,22,10,14,23,16,12,11,18,0,0,0,0,0,0,0,13,12,14,23,16,13,8,0,22,10,14,23,16,13,12,18,0,0,0,0,3,17,0,13,12,14,23,16,10,6,0,19,10,14,23,16,10,9,13,0,0,0,0,3,18,0,13,12,9,23,1,0,0,0,0,1,9,23,1,0,0,0,0,0,0,0,3,18,0,13,12,18,26,13,13,13,5,6,13,18,26,13,13,13,5,0,0,0,0,3,18,0,13,9,18,18,18,18,18,6,9,18,22,27,18,18,18,6,0,0,0,0,3,18,12,13,11,17,17,17,17,17,17,7,0,8,23,2,17,17,17,17,6,0,0,3,18,22,13,12,0,0,0,0,0,0,0,0,8,23,0,0,0,0,0,0,0,0,3,18,22,13,12,0,0,0,0,0,0,0,0,8,23,0,0,0,0,0,0,0,0,0,3,22,2,5,27,27,27,27,27,27,19,0,8,23,0,0,0,0,0,8,6,0,0,0,23,27,28,20,29,27,20,20,20,14,0,8,23,0,0,0,0,0,26,21,0,0,0,23,4,8,0,26,21,9,5,0,15,0,8,23,0,0,0,0,0,26,21,0,0,0,22,0,3,0,26,21,13,8,0,22,0,28,29,29,7,0,0,0,26,21,0,0,0,22,0,3,0,26,21,9,6,0,16,0,2,2,2,0,0,0,0,26,21,0,0,0,22,0,3,17,28,26,17,17,17,12,0,0,0,0,0,0,0,0,14,11,0,0,0,22,0,3,29,29,29,29,29,29,20,0,0,0,0,0,0,0,0,0,0,0,0,0,19,0,3,0,0,0,0,0,0,0,0,0,0,0,0,0,0,0,0,0,0,0,0,0,0,0,17,17,17,17,17,17,17,17,17,17,17,17,17,17,17,17,17,17,17,17,17,17,17,1,0,0,0,0,0,0,1,1,1,1,1,1,1,1,1,1,1,1,0,0,0,0
11,19,22,0,2,19,22,12,12,19,0,12,12,19,22,12,9,0,22,12,12,19,22,11,19,22,0,2,19,22,12,12,19,0,12,12,19,22,12,9,0,22,12,12,19,22,3,19,0,0,0,0,22,0,1,9,0,6,5,0,22,0,0,0,0,12,10,0,11,9,19,16,10,10,13,22,9,6,0,0,0,2,13,22,9,9,16,16,12,12,13,0,11,19,22,12,12,19,22,12,12,16,0,10,11,19,22,12,12,19,22,12,12,19,19,9,19,16,12,12,13,22,9,9,19,0,12,12,13,22,9,9,19,16,12,12,13,22,2,19,3,12,10,2,22,0,2,19,0,12,9,0,22,1,4,19,3,12,9,0,22,2,19,22,12,12,19,22,0,2,19,0,12,9,0,22,12,12,19,22,12,9,0,22,9,19,22,12,12,19,22,9,10,19,0,12,12,14,22,12,12,19,22,12,12,14,22,11,19,22,12,12,19,22,12,12,19,0,12,12,19,22,12,12,19,22,12,12,19,22,11,19,2,12,10,1,22,12,12,19,0,12,12,19,22,1,3,19,2,12,12,19,22,5,19,0,12,9,0,22,4,6,19,0,12,10,6,22,0,2,19,0,12,10,6,22,2,19,0,12,9,0,22,0,2,19,0,12,9,0,22,0,2,19,0,12,9,0,22,2,19,0,3,2,0,22,0,0,5,0,3,2,0,22,0,0,5,0,12,9,0,6,5,25,15,6,6,15,26,3,2,0,0,0,0,4,22,15,6,9,12,22,10,4,0,10,17,26,12,12,25,17,12,12,16,0,10,11,19,13,22,12,19,22,17,8,19,19,8,0,22,12,12,19,0,12,12,19,0,12,12,19,0,12,12,19,22,0,2,19,22,8,0,22,12,12,19,0,12,12,19,0,12,12,18,0,12,12,19,22,0,2,18,22,0,0,22,3,5,19,0,0,2,19,0,12,9,0,0,12,10,5,22,0,0,0,22,0,0,22,0,2,19,0,0,2,19,0,12,9,0,0,12,9,0,22,0,0,0,22,2,13,3,9,7,3,16,0,2,19,0,12,9,0,16,2,3,13,3,9,6,0,22,2,19,15,12,11,13,22,0,2,19,0,12,9,0,22,8,9,19,15,12,9,0,22,2,19,22,12,12,19,22,0,2,19,0,12,9,0,22,12,12,19,22,12,9,0,22
0,0,0,0,0,0,0,0,20,16,1,17,17,17,16,0,0,0,0,0,0,0,0,0,0,0,0,0,0,0,0,26,21,1,29,29,29,27,0,0,0,0,0,0,0,0,6,26,10,0,24,19,0,0,26,21,0,1,27,22,1,0,0,15,26,1,6,26,10,6,29,11,0,26,21,0,0,26,21,13,8,26,21,13,8,0,16,29,1,6,29,11,6,29,11,0,26,21,0,0,26,21,13,8,26,21,13,8,0,16,29,1,6,29,11,6,29,11,0,26,21,0,0,26,21,12,8,26,21,12,8,0,16,29,1,6,29,11,6,27,11,0,25,20,0,0,26,23,5,5,27,23,5,0,0,15,27,1,6,27,11,0,0,0,0,0,0,0,0,26,29,29,29,29,29,29,0,0,0,0,0,0,0,0,0,0,0,0,0,0,0,0,11,12,12,12,12,12,12,0,0,0,0,0,0,0,0,15,15,15,15,15,15,15,15,15,15,15,15,15,15,15,15,15,15,15,11,0,0,0,0,0,0,0,0,0,0,0,0,0,0,0,0,0,0,0,0,0,0,0,0,0,0,2,8,3,0,0,0,0,0,0,0,6,27,27,27,27,27,27,19,0,0,2,8,3,6,29,11,0,0,0,0,0,0,0,6,29,24,20,23,29,24,14,0,0,6,29,11,6,29,11,0,0,0,0,0,0,0,6,29,11,9,6,29,11,9,0,0,6,29,11,6,29,11,0,0,0,3,0,0,0,6,29,11,22,6,29,11,22,0,0,6,29,11,6,29,11,0,0,3,18,0,0,0,6,29,11,22,6,29,11,22,0,0,6,29,11,6,29,11,0,0,3,18,0,0,0,6,29,11,13,6,29,11,13,0,0,6,29,11,6,29,11,0,0,3,18,0,0,0,6,29,11,6,19,29,21,9,0,0,6,29,11,0,3,1,0,0,3,18,0,0,0,6,29,11,11,29,29,29,17,0,0,0,3,1,0,0,0,0,0,3,18,0,0,0,2,8,3,1,2,2,2,1,0,0,0,0,0,17,17,6,0,0,3,18,0,2,17,17,17,17,17,17,17,17,17,17,17,17,17,17,0,0,0,0,0,3,18,0,0,0,0,0,0,0,0,0,0,0,0,0,0,0,0,0,0,0,0,0,3,14,0,0,0,0,0,0,0,0,0,0,0,0,0,0,0,0
29,1,0,0,0,0,0,0,0,0,0,0,0,0,0,0,0,0,0,0,0,0,0,0,0,0,0,0,0,0,0,0,0,0,0,0,0,0,0,0,0,0,0,0,0,0,17,11,2,17,17,17,17,17,17,17,17,17,17,17,17,17,17,17,17,17,17,17,17,0,0,0,0,0,0,0,0,0,0,0,0,0,0,0,0,0,0,0,0,0,0,0,0,0,0,0,0,0,18,15,0,11,20,1,4,20,8,0,18,15,0,0,0,0,0,0,0,0,0,0,0,26,21,0,16,29,1,6,29,11,0,26,21,0,0,0,0,0,0,0,0,0,0,0,26,21,0,16,29,1,6,29,11,0,26,21,0,0,0,0,0,0,0,8,5,0,0,26,21,0,16,29,1,6,29,11,0,26,21,0,0,0,13,0,0,0,13,8,0,0,26,21,0,16,29,1,6,29,11,0,26,21,0,0,0,22,0,0,0,13,8,0,0,26,21,0,16,29,1,6,29,11,0,26,21,0,0,0,22,0,0,0,13,8,0,0,19,16,0,12,21,1,5,21,8,0,19,16,0,0,0,22,0,0,0,13,8,0,0,0,0,0,0,0,0,0,0,0,0,0,0,0,0,0,22,0,2,0,13,8,0,3,7,7,7,7,7,7,7,7,7,7,7,5,0,0,0,22,0,3,0,13,8,0,4,8,8,8,8,8,8,8,8,8,8,8,6,0,0,0,22,0,0,0,13,8,0,0,0,0,0,0,0,0,0,0,0,0,0,0,0,0,0,22,0,0,0,13,8,0,0,13,10,0,8,14,0,3,14,5,0,13,10,0,0,0,22,0,0,0,13,8,0,0,26,21,0,16,29,1,6,29,11,0,26,21,0,0,0,22,0,0,0,13,8,0,0,26,21,0,16,29,1,6,29,11,0,26,21,0,0,0,22,0,0,0,13,8,0,0,26,21,0,16,29,1,6,29,11,0,26,21,0,0,0,22,0,0,0,13,8,0,0,26,21,0,16,29,1,6,29,11,0,26,21,0,0,0,22,0,0,0,13,8,0,0,8,7,0,5,9,0,2,9,3,0,8,7,0,0,0,22,0,0,0,13,8,0,0,0,0,0,0,0,0,0,0,0,0,0,0,0,0,0,22,0,0,0,13,8,0,0,0,0,0,0,0,0,0,0,0,0,0,0,0,0,0,22,0
0,7,4,0,12,0,2,9,0,7,4,0,0,0,17,29,0,7,29,10,0,27,20,5,7,7,7,7,7,7,7,7,7,7,2,0,0,17,29,0,7,29,10,0,27,20,6,8,8,8,8,8,8,8,8,8,8,2,0,0,17,29,0,7,29,10,0,27,20,0,5,11,11,11,0,1,11,11,11,3,0,0,0,17,29,0,7,29,10,0,27,20,0,14,23,20,26,0,4,26,20,25,7,0,0,0,17,29,0,7,29,10,0,27,20,0,14,9,7,22,0,4,17,9,14,7,0,0,0,17,29,0,7,29,10,0,27,20,0,10,10,17,22,0,3,13,22,14,7,0,0,0,17,29,0,7,29,10,0,27,20,0,0,4,17,22,0,0,0,22,14,7,0,0,0,17,29,0,7,29,10,0,27,20,1,17,19,17,22,0,13,17,25,14,7,0,0,0,17,29,0,7,29,10,0,27,20,0,14,14,8,22,0,10,14,13,14,7,0,0,0,17,29,0,7,29,10,0,27,20,0,6,13,13,25,0,2,13,13,21,7,0,0,0,17,29,0,3,11,4,0,11,8,0,14,21,18,26,0,4,25,18,24,7,0,0,0,17,29,0,0,0,0,0,0,0,2,14,8,2,22,1,6,17,3,14,8,2,0,0,17,29,0,7,29,10,0,27,20,18,14,12,17,22,14,12,17,22,14,12,17,0,0,17,29,0,7,29,10,0,27,20,18,14,12,17,22,14,12,17,22,14,12,17,0,0,17,29,0,7,29,10,0,27,20,18,14,12,17,22,14,12,17,22,14,12,17,0,0,17,29,0,7,29,10,0,27,20,14,14,11,13,22,11,11,17,17,14,11,13,0,0,4,7,0,7,29,10,0,27,20,0,14,7,0,22,0,4,17,0,14,7,0,0,0,2,4,0,7,29,10,0,27,20,0,14,7,0,22,0,4,17,0,14,7,0,0,0,17,29,0,7,29,10,0,27,20,0,14,7,0,22,0,4,17,0,14,7,0,0,0,17,29,0,7,29,10,0,27,20,0,14,7,0,22,0,4,17,0,14,7,0,0,0,17,29,0,7,29,10,0,27,20,0,13,7,0,20,0,4,16,0,13,7,0,0,0,17,29,0,7,29,10,0,27,20,0,0,0,0,0,0,0,0,0,0,0,0,0,0,17,29,0,7,29,10,0,27,20
0,0,29,13,0,25,23,0,14,29,3,0,21,12,12,20,21,0,1,20,21,0,0,0,0,29,13,0,25,23,0,14,29,3,0,21,12,12,20,21,0,1,20,21,0,0,0,0,29,13,0,25,23,0,14,29,3,0,21,12,12,20,21,0,1,20,21,0,0,0,0,29,13,0,25,23,0,14,29,3,0,21,2,3,20,21,0,1,20,21,0,0,0,0,29,13,0,25,23,0,14,29,3,0,21,0,1,20,21,0,1,20,21,0,0,0,0,29,13,0,25,23,0,14,29,3,0,2,0,0,2,21,0,1,20,2,0,0,0,0,29,13,0,25,23,0,14,29,3,0,0,0,0,10,25,0,1,25,10,0,0,0,0,29,13,0,25,23,0,14,29,3,4,25,11,0,14,18,0,1,18,14,0,0,0,0,29,13,0,25,23,0,14,29,3,4,29,13,0,0,0,0,0,0,0,0,0,0,0,29,13,0,25,23,0,14,29,3,4,29,13,0,0,0,0,0,0,0,0,0,0,0,29,13,0,25,23,0,14,29,3,4,29,13,0,0,0,0,0,0,0,0,0,0,0,29,13,0,25,23,0,14,29,3,4,29,13,0,0,0,0,0,0,0,0,0,0,0,29,13,0,13,12,0,14,29,3,0,0,0,0,13,17,0,1,17,13,0,0,0,0,29,13,0,0,0,0,14,29,3,0,0,0,0,11,25,0,1,25,11,0,0,0,0,29,13,0,22,21,0,14,29,3,0,1,0,0,1,21,0,1,20,1,0,0,0,0,29,13,0,25,23,0,14,29,3,0,21,0,1,20,21,0,1,20,21,0,0,0,0,29,13,0,25,23,0,3,7,1,0,21,1,2,20,21,0,1,20,21,0,0,0,0,29,13,0,25,23,0,2,4,0,0,21,12,12,20,21,0,1,20,21,0,0,0,0,29,13,0,25,23,0,14,29,3,0,21,12,12,20,21,0,1,20,21,0,0,0,0,29,13,0,25,23,0,14,29,3,0,21,12,12,20,21,0,1,20,21,0,0,0,0,29,13,0,25,23,0,14,29,3,0,21,12,12,20,21,0,1,20,21,0,0,0,0,29,13,0,25,23,0,14,29,3,0,10,0,2,20,0,0,0,0,21,0,0,0,0,29,13,0,25,23,0,14,29,3,0,0,8,9,20,15,10,10,14,21,0,0
17,17,17,17,17,17,17,17,17,17,17,17,17,17,17,17,6,0,6,29,11,0,26,0,0,0,0,0,0,0,0,0,0,0,0,0,0,0,0,0,0,6,29,11,0,26,21,21,21,21,20,0,16,21,21,21,21,21,20,0,0,0,0,0,6,29,11,0,26,29,27,26,26,25,0,19,28,29,27,26,26,25,0,0,0,0,0,6,29,11,0,26,29,1,0,0,0,0,0,16,29,1,0,0,0,0,0,0,0,0,6,29,11,0,26,29,1,5,7,7,7,1,16,29,1,2,7,7,7,7,3,0,0,6,29,11,0,26,29,1,17,25,25,25,4,16,29,1,6,25,25,25,28,13,0,0,6,29,11,0,26,29,1,0,0,0,0,0,16,29,1,0,0,0,0,18,13,0,0,6,29,11,0,26,29,18,17,17,17,17,17,24,29,18,17,17,16,0,18,13,0,0,6,29,11,0,26,29,29,29,29,29,29,29,29,29,29,29,29,27,0,18,13,0,0,4,17,7,0,16,0,0,0,0,0,0,0,0,0,0,0,0,0,0,18,13,0,0,0,0,0,0,0,17,17,17,17,17,17,17,17,17,17,17,17,17,11,18,13,0,0,5,25,9,0,22,0,0,0,0,0,0,0,0,0,0,0,0,0,0,18,13,0,0,6,29,11,0,26,17,17,17,17,17,17,15,0,1,15,15,15,15,15,24,13,0,0,6,29,11,0,26,0,0,0,0,0,3,18,0,1,29,29,29,29,29,29,13,0,0,6,29,11,0,26,17,17,6,0,0,3,18,0,0,2,2,2,2,2,20,13,0,0,6,29,11,0,26,9,9,9,9,4,3,18,0,0,0,0,0,0,0,18,13,0,0,6,29,11,0,26,6,6,6,6,3,3,25,17,17,17,17,17,17,12,18,13,0,0,6,29,11,0,26,0,5,5,5,5,9,18,0,0,0,0,0,0,0,18,13,0,0,6,29,11,0,26,1,10,10,10,10,10,6,0,1,27,27,27,27,27,29,13,0,0,6,29,11,0,26,0,0,0,0,0,0,0,0,1,20,20,20,20,20,20,9,0,0,6,29,11,0,26,7,7,7,7,7,7,7,7,7,7,7,7,7,7,7,7,2,0,6,29,11,0,26,8,8,8,8,8,8,8,8,8,8,8,8,8,8,8,8,3,0,6,29,11,0,26
23,17,19,18,0,13,21,17,26,0,3,25,17,23,8,0,0,0,0,0,0,0,0,11,14,16,18,0,6,14,14,25,0,1,14,14,21,8,0,11,20,1,4,20,8,0,13,13,8,18,0,13,13,8,22,0,9,13,13,13,8,0,16,29,1,6,29,11,0,18,24,12,18,0,18,20,18,22,0,13,18,26,13,8,0,16,29,1,6,29,11,0,0,13,12,18,0,0,3,18,22,0,0,0,22,13,8,0,16,29,1,6,29,11,0,15,13,12,18,0,9,9,18,22,0,2,12,22,13,8,0,16,29,1,6,29,11,0,22,9,10,18,0,13,11,13,22,0,3,18,16,13,8,0,16,29,1,6,29,11,0,23,19,21,18,0,13,22,19,26,0,3,26,19,24,8,0,12,21,1,5,21,8,0,10,12,12,8,0,6,12,12,12,0,1,12,12,12,3,0,0,0,0,0,0,0,0,7,7,7,7,7,7,7,7,7,7,7,7,7,7,7,2,0,0,0,0,0,1,7,8,8,8,8,8,8,8,8,8,8,8,8,8,8,8,3,0,0,0,0,0,1,8,11,0,2,10,0,6,4,0,12,0,1,9,0,7,4,0,0,0,0,0,0,0,0,22,0,3,18,0,13,8,0,22,0,3,18,0,13,8,0,0,0,0,3,14,5,0,22,0,3,18,0,13,8,0,22,0,3,18,0,13,8,0,0,0,0,6,29,11,0,22,0,3,18,0,13,8,0,22,0,3,18,0,13,8,0,0,0,0,6,29,11,0,22,0,3,18,0,13,8,0,22,0,3,18,0,13,8,0,0,0,0,6,29,11,0,22,5,7,18,9,13,10,7,22,5,7,18,9,13,10,7,0,0,0,6,29,11,0,22,13,12,18,22,13,12,18,22,13,12,18,22,13,12,18,0,0,0,6,29,11,0,22,13,12,18,22,13,12,18,22,13,12,18,22,13,12,18,0,0,0,6,29,11,0,22,13,12,18,22,13,12,18,22,13,12,18,22,13,12,18,0,0,0,6,29,11,0,22,6,8,18,11,13,10,9,22,6,8,18,11,13,10,9,0,0,0,6,29,11,0,23,7,10,18,0,13,14,7,24,0,3,21,7,18,8,0,0,0,0,6,29,11,0,23,25,25,15,0,13,26,25,24,0,3,28,25,25,7,0,0,0,0,6,29,11,0
13,8,0,0,0,3,18,0,2,14,14,14,14,14,14,25,0,0,12,8,0,16,29,17,8,0,0,0,3,21,5,5,5,5,5,1,0,0,23,5,3,0,0,0,16,29,29,8,0,0,0,3,29,29,29,29,29,29,7,0,0,23,29,17,0,0,0,12,21,12,3,0,0,0,1,12,12,12,12,12,12,3,0,0,10,12,7,0,0,0,0,0,7,7,7,7,7,7,7,7,7,7,7,7,7,7,7,7,7,7,7,7,7,7,7,8,8,8,8,8,8,8,8,8,8,8,8,8,8,8,8,8,8,8,8,8,8,8,0,0,0,0,0,0,0,0,0,0,0,0,0,0,5,25,9,7,19,19,19,11,0,0,8,14,0,3,14,5,0,13,10,0,8,14,0,6,29,11,11,29,29,29,17,0,0,16,29,1,6,29,11,0,26,21,0,16,29,1,6,29,11,3,6,29,11,3,0,0,16,29,1,6,29,11,0,26,21,0,16,29,1,6,29,11,22,6,29,11,22,0,0,16,29,1,6,29,11,0,26,21,0,16,29,1,6,29,11,22,6,29,11,22,0,0,16,29,1,6,29,11,0,26,21,0,16,29,1,6,29,11,19,6,29,11,19,0,0,5,9,0,2,9,3,0,8,7,0,5,9,0,6,29,16,7,13,29,16,5,0,0,0,0,0,0,0,0,0,0,0,0,0,0,0,6,29,29,29,29,29,29,20,0,0,0,0,0,0,0,0,0,0,0,0,0,0,0,2,10,10,10,10,10,10,7,0,17,17,17,17,17,17,17,17,17,17,17,17,17,17,17,17,17,17,17,17,17,17,17,0,0,0,0,0,0,0,0,0,0,0,0,0,0,0,0,0,0,0,0,0,0,0,0,0,0,0,0,0,0,0,0,0,0,0,0,0,0,0,0,0,0,0,0,0,0,0,5,8,0,2,8,3,0,8,6,0,0,0,0,0,0,0,0,8,6,0,5,8,0,16,29,1,6,29,11,0,26,21,0,0,0,0,0,0,0,0,26,21,0,16,29,0,16,29,1,6,29,11,0,26,21,0,0,0,0,0,0,0,0,26,21,0,16,29,0,16,29,1,6,29,11,0,26,21,0,0,0,0,0,0,0,0,26,21,0,16,29,0,16,29,1,6,29,11,0,26,21,0,0,10,8,0,0,0,0,26,21,0,16,29
5,11,11,11,11,11,11,3,5,11,11,11,11,11,11,3,3,18,0,0,0,0,22,12,29,29,29,29,29,29,7,12,29,29,29,29,29,29,7,3,18,0,0,0,0,22,3,6,6,27,23,6,6,1,3,12,29,16,6,6,6,1,3,18,0,0,0,0,22,13,13,0,26,21,1,13,13,9,6,29,11,0,4,5,5,9,18,0,0,0,0,23,18,18,0,26,21,1,18,18,12,6,29,11,0,9,10,10,10,6,0,0,0,0,8,4,9,9,27,24,9,9,9,9,14,29,17,9,9,9,2,0,0,0,0,0,0,0,12,29,29,29,29,29,29,29,29,29,29,29,29,29,29,7,0,0,0,0,0,0,0,3,8,8,8,8,8,8,8,8,8,8,8,8,8,8,2,0,0,0,0,0,0,0,0,0,0,0,0,0,0,0,0,0,0,0,0,0,0,0,0,0,0,0,0,0,0,17,17,17,17,17,17,17,17,17,17,17,17,17,17,17,17,17,17,17,17,17,17,17,0,0,0,0,0,0,0,0,0,0,0,0,0,0,0,0,0,0,0,0,0,0,0,29,29,29,29,17,0,0,0,0,0,0,0,0,0,10,0,2,13,0,0,0,0,16,18,18,18,18,11,0,2,18,17,17,17,17,11,0,22,0,3,18,0,0,0,0,22,1,1,1,1,1,1,5,18,0,0,0,0,0,0,22,0,3,18,0,0,0,0,22,14,14,14,14,14,14,16,18,0,14,15,15,15,15,26,0,3,18,6,0,1,5,22,0,0,0,0,0,0,3,18,0,0,0,5,6,6,6,5,9,18,22,0,3,18,23,11,11,11,11,7,0,3,18,0,0,0,9,10,10,10,10,13,18,22,0,3,18,23,29,29,29,29,17,0,3,19,1,1,1,1,1,1,0,0,3,18,22,0,3,18,22,6,6,6,6,4,0,1,14,14,14,14,14,14,14,0,0,2,12,22,0,3,18,15,0,0,0,0,0,0,0,0,0,0,0,0,0,0,0,0,0,0,22,0,3,18,0,17,17,17,17,17,17,17,17,17,17,17,17,17,17,17,17,17,6,22,0,3,18,8,3,9,9,9,9,9,9,9,9,9,9,9,9,9,9,2,0,0,22,0,3,18,0,11,29,29,29,29,29,29,29,29,29,29,29,29,29,29,7,3,15,22,0,3,18,18
0,26,5,0,0,0,0,0,0,1,20,0,0,0,12,15,15,15,15,16,20,21,0,0,26,23,21,21,21,21,14,0,1,20,0,0,0,0,0,0,0,0,2,20,21,0,0,26,27,26,26,26,26,17,0,1,24,11,11,11,11,11,11,1,0,1,20,21,0,0,26,5,0,0,0,0,0,0,0,4,4,4,4,4,4,4,0,0,0,6,21,0,0,26,6,7,7,7,7,7,7,7,7,7,7,7,7,7,7,7,7,7,3,21,0,0,26,6,8,8,8,8,8,8,8,8,8,8,8,8,8,8,8,8,8,3,21,0,0,26,5,6,19,19,19,19,19,19,19,19,19,19,19,19,19,19,6,0,2,21,0,0,26,5,9,28,28,28,29,29,29,28,28,28,28,28,29,29,29,9,1,20,21,0,0,26,5,0,0,0,0,14,29,3,0,0,0,0,0,14,29,3,0,1,20,21,0,0,26,17,13,13,11,0,14,29,3,8,13,13,13,3,14,29,3,0,1,20,21,0,0,17,18,18,18,15,0,14,29,3,12,18,18,18,5,14,29,3,0,1,20,21,0,0,0,0,0,0,0,0,14,29,3,0,0,0,0,0,14,29,3,0,1,20,21,0,0,0,0,5,15,15,15,22,29,17,5,5,15,15,15,22,29,17,5,0,0,17,0,0,0,0,9,29,29,29,29,29,29,9,9,29,29,29,29,29,29,9,0,0,0,0,0,0,0,0,2,2,2,2,2,2,0,0,2,2,2,2,2,2,0,0,0,0,0,13,17,17,17,17,17,17,17,17,17,17,17,17,17,17,17,17,17,17,17,17,17,13,0,0,0,0,0,0,0,0,0,0,0,0,0,0,0,0,0,0,0,0,0,0,0,0,26,29,29,29,29,29,19,0,0,0,0,0,0,0,0,0,10,0,1,15,0,0,0,26,21,18,18,18,18,12,0,1,19,17,17,17,17,13,0,21,0,1,20,0,0,0,26,6,1,1,1,1,1,1,3,20,0,0,0,0,0,0,21,0,1,20,0,0,0,26,8,14,14,14,14,14,14,15,20,0,13,15,15,15,15,26,0,1,20,6,0,0,26,5,0,0,0,0,0,0,1,20,0,0,0,5,6,6,6,6,7,20,21,0,0,26,15,11,11,11,11,7,0,1,20,0,0,0,8,10,10,10,10,12,20,21,0
0,0,0,0,0,0,0,0,0,0,0,0,0,0,0,0,0,7,29,10,0,0,0,0,0,0,10,0,0,0,0,0,24,26,0,4,27,18,0,0,1,5,2,0,0,0,0,0,0,1,0,0,0,0,0,4,23,0,4,19,3,0,0,0,0,0,0,0,0,0,0,0,4,3,0,9,0,1,7,22,0,4,17,9,0,1,7,0,0,0,0,0,0,0,0,10,7,0,22,0,4,17,22,0,4,17,22,0,4,17,0,0,0,0,0,0,0,0,10,9,6,22,5,7,17,22,0,4,17,22,5,7,17,0,0,0,0,0,0,0,0,10,12,17,22,14,12,17,22,0,4,17,22,14,12,17,0,0,0,0,0,0,0,0,10,12,17,22,14,12,17,22,0,4,17,22,14,12,17,0,0,0,0,0,0,0,0,10,12,17,22,14,12,17,22,0,4,17,22,14,12,17,0,0,0,0,0,0,0,0,10,11,12,22,10,10,17,16,0,3,12,22,10,10,17,0,0,0,0,0,0,0,0,10,8,0,3,0,5,17,0,2,1,0,22,0,1,2,0,0,0,0,0,0,0,0,10,12,17,3,14,12,17,22,14,12,17,22,14,8,2,0,0,0,0,0,0,0,0,10,12,17,22,14,12,17,22,14,12,17,22,14,12,17,0,0,0,0,0,0,0,0,10,9,6,22,5,7,17,8,14,9,6,22,5,7,17,0,0,0,0,0,0,0,0,10,7,0,22,0,4,17,10,14,10,8,22,0,4,17,0,0,0,0,0,0,0,0,10,8,1,22,0,5,17,22,14,12,17,22,0,5,17,0,0,0,0,0,0,0,0,10,12,17,22,14,12,17,22,14,12,17,22,14,12,17,0,0,0,0,0,0,0,0,10,12,17,22,14,12,17,17,14,11,13,22,14,12,17,0,0,0,0,0,0,0,0,10,12,17,22,14,12,17,0,14,7,0,22,14,12,17,0,0,0,0,0,0,0,0,10,7,0,22,0,4,17,0,14,7,0,22,0,4,17,0,0,0,0,0,0,0,0,10,7,0,22,0,4,17,0,14,7,0,22,0,4,17,0,0,0,0,0,0,0,0,10,7,0,0,0,4,17,0,0,0,0,22,0,0,0,0,0,0,0,0,0,0,0,10,10,10,3,8,9,28,24,12,11,25,27,8,5,2,0,0,0,0,0
0,0,0,0,0,0,0,0,0,0,0,0,0,0,0,0,0,0,0,0,0,0,0,0,0,0,0,0,0,0,0,0,0,0,0,0,0,0,0,0,0,0,0,0,0,0,0,0,0,0,0,0,0,0,0,0,0,0,0,0,0,0,0,0,0,0,0,0,0,0,0,0,0,0,0,0,0,0,0,0,0,0,0,0,0,0,0,0,0,0,0,0,0,0,0,0,0,0,0,0,0,0,0,0,0,0,0,0,0,0,0,0,0,0,0,0,0,0,0,0,0,0,0,0,0,0,0,0,0,0,0,0,0,0,0,0,0,0,8,8,8,8,8,8,8,8,8,8,8,8,8,8,8,8,8,8,8,8,8,8,8,7,7,7,7,7,7,7,7,7,7,7,7,7,7,7,7,7,7,7,7,7,7,7,0,15,20,20,20,5,8,20,20,20,12,6,25,10,0,1,1,0,0,6,25,10,8,0,20,29,29,28,7,11,28,29,28,16,6,29,11,0,26,21,0,0,6,29,11,11,1,0,16,29,2,3,0,6,29,11,3,6,29,11,0,26,21,0,0,6,29,11,3,8,0,16,29,5,18,0,6,29,11,22,6,29,11,0,26,21,0,0,6,29,11,22,8,0,16,29,5,18,0,6,29,11,22,6,29,11,0,26,21,0,0,6,29,11,22,7,0,16,29,5,15,0,6,29,11,18,6,29,11,0,26,21,0,0,6,29,11,18,8,8,20,29,10,8,8,13,29,17,8,13,29,11,0,26,21,0,0,6,29,17,8,29,29,29,29,29,29,29,29,29,29,29,29,29,11,0,9,8,0,0,6,29,29,29,9,9,9,9,9,9,9,9,9,9,9,9,9,3,0,0,0,0,0,2,9,9,9,0,0,0,0,0,0,0,0,0,0,0,0,0,0,0,0,0,0,0,0,0,0,0,0,0,0,0,0,0,0,0,0,0,0,0,0,0,0,0,0,0,0,0,0,0,0,0,0,0,0,0,0,0,0,0,0,0,0,0,0,0,0,0,0,0,0,0,0,0,0,0,0,0,0,0,0,0,0,0,0,0,0,0,0,0,0,0,0,0,0,0,0,0,0,0,0,0,0,0,0,0,0,0,0,0,0,0,0,0,0,0,0,0,0,0,0,0,0,0,0,0,0,0,0,0,0,0,0,0,0,0,0,0,0,0,0,0,0
0,0,26,21,13,8,0,22,0,15,25,9,2,0,0,16,29,1,0,0,0,22,0,0,0,26,21,13,8,0,22,0,22,22,22,6,0,0,16,29,1,0,0,0,22,0,0,0,26,21,5,3,0,8,0,0,0,0,0,0,0,16,29,1,0,0,0,22,0,2,27,29,29,27,27,27,19,0,0,0,0,0,0,0,3,5,0,0,0,0,22,0,2,20,20,20,20,20,20,14,0,0,0,0,0,0,0,0,0,0,0,0,0,12,0,7,7,7,7,7,7,7,7,7,7,7,7,7,7,7,7,7,7,7,7,7,7,7,8,8,8,8,8,8,8,8,8,8,8,8,8,8,8,8,8,8,8,8,8,8,8,11,11,4,0,0,0,0,5,11,11,11,11,11,11,11,11,11,11,11,8,0,0,0,14,14,11,9,0,0,0,2,4,4,4,4,4,4,13,14,14,14,14,13,9,2,0,6,6,6,24,0,0,0,0,0,0,7,4,0,0,5,6,6,6,6,6,17,8,0,12,0,0,22,0,0,0,0,0,0,13,8,0,0,0,0,0,14,0,0,13,8,0,18,0,0,22,0,0,0,0,0,0,13,8,0,0,0,0,0,22,0,0,13,8,0,13,0,0,22,0,0,0,0,0,0,10,6,0,0,0,0,0,16,0,0,13,8,0,15,0,0,22,0,2,15,15,15,15,15,15,15,15,15,15,15,15,5,0,13,8,0,14,14,5,22,0,3,19,7,14,14,14,14,14,14,14,14,14,14,14,9,13,8,0,15,11,1,22,0,3,18,1,2,2,2,2,2,2,2,2,2,6,20,2,13,8,0,13,8,0,22,0,3,18,0,14,17,17,17,17,17,17,17,6,3,18,0,13,8,0,13,8,0,22,0,3,18,0,0,0,0,0,0,0,0,0,0,3,18,0,13,8,0,21,8,0,22,0,3,18,6,13,13,13,13,13,13,13,13,13,16,18,0,13,8,0,14,12,4,22,0,3,18,1,2,2,2,2,2,2,2,9,14,14,13,8,13,8,0,5,5,1,22,0,3,18,0,0,0,10,6,0,0,0,2,16,12,5,3,13,8,0,13,8,0,22,0,3,18,0,0,0,13,8,0,0,0,0,13,12,18,0,13,8,0,13,8,0,22,0,3,18,0,0,0,13,8,0,0,0,0,13,12,18,0,13,8,0
0,0,0,0,0,0,0,3,18,8,0,3,18,0,0,0,0,0,0,3,18,0,13,17,17,17,17,17,17,17,17,19,17,17,4,18,0,0,0,0,0,0,3,18,0,13,0,0,0,0,0,8,17,17,17,17,17,17,14,0,0,0,0,0,0,3,18,0,13,0,0,0,0,0,0,0,0,0,0,0,0,0,0,0,0,0,0,0,3,18,0,13,17,17,17,17,17,17,17,17,17,17,17,17,17,17,17,17,17,0,0,3,18,0,13,2,4,9,9,9,9,9,9,3,0,0,0,0,0,0,0,0,0,0,3,18,0,13,7,12,29,29,29,29,29,29,10,0,0,0,0,0,0,0,0,0,0,3,18,0,13,2,3,13,29,17,8,8,8,3,0,0,0,0,0,0,0,0,0,0,3,18,0,13,18,0,6,29,11,22,0,3,18,5,11,11,11,0,0,0,0,0,0,3,18,0,13,18,0,6,29,11,22,0,3,18,9,26,25,19,0,0,0,0,0,0,3,18,0,13,6,0,6,29,11,8,0,1,6,0,18,13,0,0,0,0,0,0,0,3,18,0,13,29,29,29,29,29,29,29,29,10,0,18,13,0,0,0,0,0,0,0,3,18,0,13,18,18,18,18,18,18,18,18,6,0,18,13,0,0,0,0,0,0,0,3,18,0,13,0,0,0,0,0,0,0,0,0,0,18,13,0,0,0,0,0,0,0,3,18,0,13,7,7,7,7,7,7,7,7,0,0,18,13,3,7,7,7,7,0,0,3,18,0,13,8,8,8,8,8,8,8,8,0,0,18,13,4,8,8,8,8,0,0,3,18,0,13,27,27,27,27,27,27,27,27,27,27,29,28,27,27,27,0,0,0,0,3,18,0,13,4,4,20,16,4,4,4,4,4,4,20,16,4,4,4,0,0,0,0,3,18,0,13,10,0,18,13,0,0,0,2,10,0,18,13,0,0,7,4,0,0,0,3,18,0,13,18,15,18,14,6,9,0,3,18,15,18,14,6,9,13,8,0,0,0,3,18,0,13,18,16,18,14,15,22,0,3,18,16,18,14,15,22,13,8,0,0,0,3,18,0,13,18,16,18,14,15,16,0,3,18,16,18,14,15,16,13,8,0,0,0,2,13,0,13,18,1,18,14,10,0,0,3,18,1,18,14,10,0,13,8,0,0,0,0,0,0,10
2,0,0,0,6,29,11,0,26,21,0,16,29,1,0,0,0,8,29,29,29,29,29,16,0,0,0,6,29,11,0,26,21,0,16,29,1,0,0,0,8,26,12,12,12,12,0,0,0,0,6,29,11,0,26,21,0,16,29,1,0,0,0,8,23,0,0,0,0,0,0,0,0,6,29,11,0,26,21,0,16,29,1,0,0,0,8,23,7,13,13,13,0,0,0,0,6,29,11,0,26,21,0,16,29,1,0,0,0,8,23,1,2,2,2,0,0,0,0,6,29,11,0,26,21,0,16,29,1,0,0,0,8,27,17,17,17,17,0,0,0,0,6,29,11,0,26,21,0,16,29,1,0,0,0,8,29,29,29,29,29,0,0,0,0,6,29,11,0,26,21,0,16,29,1,0,0,0,0,0,0,0,0,0,17,0,0,0,6,29,11,0,26,21,0,16,29,1,0,0,2,17,17,17,17,17,17,0,0,0,0,6,29,11,0,26,21,0,16,29,1,0,0,0,0,0,0,1,1,1,0,0,0,0,6,29,11,0,26,21,0,16,29,1,0,0,0,0,0,0,21,29,29,0,0,0,0,6,29,11,0,26,21,0,16,29,1,0,0,0,0,0,0,12,17,17,0,0,0,0,6,29,11,0,26,21,0,16,29,1,0,0,0,0,0,0,0,0,0,0,0,0,0,6,29,11,0,26,21,0,16,29,1,0,0,0,5,17,17,17,17,7,0,0,0,0,6,29,11,0,26,21,0,16,29,1,0,0,0,8,26,14,14,14,6,13,8,0,0,6,29,11,0,26,21,0,16,29,1,0,0,0,8,23,0,0,0,0,13,8,0,0,6,29,11,0,26,21,0,16,29,1,0,0,0,8,23,0,20,27,27,13,8,0,0,1,7,3,0,7,5,0,4,7,0,0,0,0,8,23,0,15,20,20,11,7,0,0,1,4,1,0,4,3,0,2,4,0,0,0,0,8,23,3,7,7,7,0,0,0,0,6,29,11,0,26,21,0,16,29,1,0,0,0,8,23,4,8,8,8,0,0,0,0,6,29,11,0,26,21,0,16,29,1,0,0,0,8,23,0,0,0,0,0,0,0,0,6,29,11,0,26,21,0,16,29,1,0,0,0,8,29,25,25,25,25,0,0,0,0,6,29,11,0,26,21,0,16,29,1,0,0,0,8,28,22,22,22,22
8,29,9,0,0,29,29,29,29,29,29,15,0,5,18,2,2,2,2,2,2,0,0,8,29,9,0,0,29,14,12,12,12,12,6,0,5,16,0,0,0,8,9,9,9,2,8,29,9,0,0,29,1,0,0,0,0,0,0,5,16,0,0,0,6,6,6,6,2,8,29,9,0,0,29,6,13,13,13,13,13,13,17,16,0,16,17,17,17,17,25,0,8,29,9,0,0,29,2,2,2,2,2,2,2,8,16,0,0,0,0,0,0,22,0,8,29,9,0,0,29,18,17,17,17,17,9,0,4,19,17,17,17,17,10,0,22,0,8,29,9,0,0,29,29,29,29,29,29,15,0,0,0,0,0,0,0,0,0,11,0,8,29,9,0,0,0,0,0,0,0,0,0,0,0,0,0,0,0,0,0,0,0,0,8,29,9,0,15,17,17,17,17,17,17,17,17,17,17,17,17,17,17,17,17,17,5,8,29,9,0,0,0,0,0,1,1,1,1,1,1,0,0,1,1,1,1,1,1,0,8,29,9,0,0,0,0,13,29,29,29,29,29,29,5,13,29,29,29,29,29,29,5,8,29,9,0,0,0,0,7,17,17,17,25,29,17,3,7,17,17,17,25,29,17,3,8,29,9,0,0,0,0,0,0,0,0,18,29,0,0,0,0,0,0,18,29,0,0,8,29,9,0,0,17,17,17,17,12,0,18,29,0,13,17,17,17,2,18,29,0,0,8,29,9,0,0,29,15,14,14,10,0,18,29,0,11,14,14,14,1,18,29,0,0,8,29,9,0,0,29,1,0,0,0,0,18,29,0,0,0,0,0,0,18,29,0,0,8,29,9,0,0,29,1,13,27,27,27,29,29,27,27,27,27,27,27,29,29,27,5,2,7,2,0,0,29,1,9,20,20,20,20,20,20,20,20,20,20,20,20,20,20,4,1,4,1,0,0,29,3,7,7,7,7,7,7,7,7,7,7,7,7,7,7,7,2,8,29,9,0,0,29,4,8,8,8,8,8,8,8,8,8,8,8,8,8,8,8,2,8,29,9,0,0,29,1,0,0,0,0,0,0,0,3,3,3,3,3,3,3,0,0,8,29,9,0,0,29,26,25,25,25,25,13,0,5,22,12,12,12,12,12,12,0,0,8,29,9,0,0,29,23,22,22,22,22,12,0,5,16,0,0,0,0,0,0,0,0
23,0,0,0,0,0,0,0,0,0,0,0,0,0,0,0,0,3,25,17,23,8,0,23,0,0,11,20,1,4,20,8,0,18,15,0,11,20,1,0,1,14,14,21,8,0,23,0,0,16,29,1,6,29,11,0,26,21,0,16,29,1,0,9,13,13,13,8,5,23,0,0,16,29,1,6,29,11,0,26,21,0,16,29,1,0,13,18,26,13,8,6,23,0,0,16,29,1,6,29,11,0,26,21,0,16,29,1,0,0,0,22,13,8,0,23,0,0,16,29,1,6,29,11,0,26,21,0,16,29,1,0,2,12,22,13,8,0,23,0,0,16,29,1,6,29,11,0,26,21,0,16,29,1,0,3,18,16,13,8,0,23,0,0,12,21,1,5,21,8,0,19,16,0,16,29,1,0,3,26,19,24,8,0,23,0,0,0,0,0,0,0,0,0,0,0,0,16,29,1,0,1,12,12,12,3,0,7,0,0,3,7,7,7,7,7,7,2,0,0,16,29,1,1,7,7,7,7,7,7,8,0,0,4,8,8,8,8,8,8,3,0,0,16,29,1,1,8,8,8,8,8,8,0,0,0,0,0,0,0,0,0,0,0,0,0,16,29,1,0,1,9,0,7,4,0,0,0,0,8,14,0,3,14,5,0,13,10,0,16,29,1,0,3,18,0,13,8,0,0,0,0,16,29,1,6,29,11,0,26,21,0,16,29,1,0,3,18,0,13,8,0,0,0,0,16,29,1,6,29,11,0,26,21,0,2,3,0,0,3,18,0,13,8,0,3,0,0,16,29,1,6,29,11,0,26,21,0,0,0,0,0,3,18,0,13,8,0,3,0,0,16,29,1,6,29,11,0,26,21,0,0,0,0,5,7,18,9,13,10,7,3,0,0,16,29,1,6,29,11,0,26,21,0,0,0,0,13,12,18,22,13,12,18,3,0,0,16,29,1,6,29,11,0,26,21,0,0,0,0,13,12,18,22,13,12,18,3,0,0,16,29,1,6,29,11,0,26,21,0,0,0,0,13,12,18,22,13,12,18,3,0,0,16,29,1,6,29,11,0,26,21,0,0,0,0,6,8,18,11,13,10,9,3,0,0,16,29,1,6,29,11,0,26,21,0,0,0,0,0,3,21,7,18,8,0,3,0,0,16,29,1,6,29,11,0,26,21,0,15,26,1,0,3,28,25,25,7,0
18,0,0,0,0,0,13,8,0,0,0,0,0,16,29,1,0,22,6,29,11,22,0,18,0,0,0,0,0,13,8,0,0,0,0,7,21,29,11,9,10,14,29,17,10,9,18,0,0,0,0,0,13,8,0,0,0,0,22,29,29,29,29,29,29,29,29,29,29,18,0,0,0,0,0,13,8,0,0,0,0,6,8,8,8,8,8,8,8,8,8,8,18,0,0,0,0,0,13,8,0,0,0,0,0,0,0,0,0,0,0,0,0,0,0,18,0,0,0,0,0,13,8,2,17,17,17,17,17,17,17,17,17,17,17,17,17,17,18,0,0,0,0,0,13,8,0,0,0,0,0,0,0,0,0,0,0,0,0,6,7,18,0,0,0,0,0,13,8,0,0,0,0,0,0,0,0,0,0,0,0,0,19,25,18,0,0,0,0,0,13,8,0,0,11,8,13,0,9,8,15,19,0,0,0,0,0,18,0,0,0,0,0,13,8,0,0,13,9,15,0,10,9,18,22,0,0,0,10,8,18,0,0,0,0,0,13,8,0,0,13,9,15,0,10,9,18,22,0,0,0,22,10,18,0,0,0,0,0,13,8,0,0,13,9,15,0,10,9,18,22,0,0,0,22,10,17,0,0,0,0,0,12,8,0,0,13,9,12,0,5,6,15,22,0,0,0,19,5,0,0,0,0,0,0,0,0,0,0,6,3,0,0,0,0,0,3,0,0,0,0,0,0,0,0,0,0,0,0,0,0,0,0,0,0,23,23,23,23,23,23,23,23,23,23,0,0,0,0,0,0,0,0,0,0,0,0,0,8,8,8,8,8,8,8,8,8,8,17,17,17,17,17,17,17,17,17,17,17,17,17,17,17,17,17,17,17,17,17,17,17,0,0,0,0,0,0,0,0,0,0,0,0,0,0,0,0,0,0,0,0,0,0,0,0,0,0,0,0,0,0,0,6,7,7,7,7,7,6,0,0,3,7,7,7,7,7,13,8,0,0,0,3,18,0,22,29,29,29,29,29,23,0,0,12,29,29,29,29,29,13,8,0,0,0,3,18,0,8,10,10,10,10,16,23,0,0,4,10,10,10,10,10,23,8,0,0,0,3,25,17,17,17,17,17,11,8,23,0,0,0,0,0,0,0,0,13,8,0,0,0,3,18,0,0,0,0,0,0,8,28,23,23,23,23,23,23,23,8
22,0,28,3,0,26,21,0,16,29,1,6,29,11,0,26,21,0,0,0,22,0,3,22,0,28,3,0,26,21,0,16,29,1,6,29,11,0,14,11,0,0,0,22,0,3,10,7,29,3,0,26,21,0,16,29,1,6,29,11,0,0,0,0,0,1,22,0,4,25,25,29,3,0,26,21,0,16,29,1,6,29,11,0,24,19,0,3,18,22,13,12,19,3,28,3,0,5,4,0,3,5,0,1,5,2,0,26,21,0,3,18,22,13,12,12,2,28,3,0,0,0,0,0,0,0,0,0,0,0,26,21,0,3,18,22,13,12,5,0,28,3,0,1,7,7,7,7,7,7,5,0,0,26,21,0,3,15,22,11,11,6,0,28,3,0,1,8,8,8,8,8,8,6,0,0,26,21,0,0,0,22,0,3,0,0,28,3,0,0,0,0,0,0,0,0,0,0,0,26,21,0,0,0,23,27,28,17,4,28,3,0,26,21,0,16,29,1,6,29,11,0,26,21,0,0,0,3,4,8,29,7,28,3,0,26,21,0,16,29,1,6,29,11,0,26,21,0,0,8,23,23,11,2,0,28,3,0,26,21,0,16,29,1,6,29,11,0,26,21,0,0,3,8,18,12,13,3,28,3,0,26,21,0,16,29,1,6,29,11,0,26,21,0,0,0,0,13,12,29,7,28,3,0,26,21,0,16,29,1,6,29,11,0,26,21,0,0,0,22,13,12,6,1,28,3,0,26,21,0,16,29,1,6,29,11,0,26,21,0,0,0,22,5,7,13,13,29,3,0,10,8,0,6,11,0,2,11,4,0,26,21,0,0,0,23,29,29,18,18,18,2,0,0,0,0,0,0,0,0,0,0,0,26,21,0,0,0,2,2,2,17,17,17,6,0,2,17,17,17,17,17,17,11,0,0,26,21,0,0,14,17,17,17,0,0,0,0,0,0,0,0,0,0,0,0,0,0,0,26,21,0,0,0,0,0,0,0,0,0,0,0,0,0,0,0,0,0,0,0,0,0,26,21,0,0,0,19,0,3,0,0,0,0,0,22,18,0,14,25,1,5,25,9,0,26,21,0,0,0,22,0,3,0,0,0,0,0,26,21,0,16,29,1,6,29,11,0,26,21,0,0,0,22,0,3,7,7,3,0,0,26,21,0,16,29,1,6,29,11,0,26,21,0,0,0,22,0,3
9,13,0,0,0,22,0,0,0,0,0,3,18,0,0,2,10,10,0,0,9,13,7,0,0,0,0,0,22,0,0,0,0,0,3,18,0,0,0,0,0,0,0,0,0,0,7,7,7,5,0,22,0,0,0,0,0,3,18,0,6,7,7,7,7,7,7,7,7,8,8,8,6,0,22,0,0,0,0,0,3,18,0,7,8,8,8,8,8,8,8,8,0,0,0,0,0,22,0,0,0,0,0,3,18,0,0,0,0,0,0,0,0,0,0,4,0,0,0,0,22,0,0,0,0,0,3,18,0,0,0,0,7,17,17,17,17,17,7,0,0,0,0,22,0,0,0,0,0,3,18,0,0,0,0,12,29,29,29,29,29,0,0,0,0,0,22,0,0,0,0,0,3,18,0,0,0,0,0,7,29,12,0,5,0,0,0,0,0,22,0,0,0,0,0,3,18,0,0,0,0,0,6,29,11,0,13,0,0,0,0,0,22,0,0,0,0,0,3,18,0,0,0,0,0,6,29,11,0,13,2,0,0,0,0,22,0,0,0,0,0,3,18,0,0,0,0,3,13,29,16,4,1,7,0,0,0,0,22,0,0,0,0,0,3,18,0,0,0,0,12,29,29,29,17,2,2,0,0,0,0,22,0,0,0,0,0,3,18,0,0,0,0,4,10,10,10,6,1,17,17,17,11,0,22,0,0,0,0,0,3,18,0,14,17,17,17,17,17,17,17,17,0,0,0,0,0,22,0,0,0,0,0,3,18,0,0,0,0,0,0,0,0,0,0,6,0,0,0,0,22,0,0,0,0,0,3,18,0,0,0,0,8,17,17,17,17,17,0,0,0,0,0,22,0,0,0,0,0,3,18,0,0,0,0,0,0,0,0,0,0,0,0,0,0,0,22,0,0,0,0,0,3,18,0,0,0,0,0,0,0,12,7,0,0,0,0,0,0,22,0,0,0,0,0,3,18,0,0,0,0,0,0,0,13,8,0,0,0,0,0,0,22,0,0,0,0,0,3,18,0,0,0,0,0,0,0,13,8,0,0,0,0,0,0,22,0,0,17,14,0,3,18,0,0,0,0,0,0,0,5,3,0,17,23,0,0,0,22,0,0,26,21,0,3,18,0,0,3,22,17,17,17,17,17,17,6,22,0,0,0,22,0,0,26,21,0,3,18,0,0,3,18,8,17,17,17,17,17
29,9,7,7,7,7,7,20,29,9,7,7,7,0,18,13,0,0,6,29,11,0,26,29,29,29,29,29,29,29,29,29,29,29,29,27,0,18,13,0,0,6,27,11,0,25,10,10,10,10,10,10,10,10,10,10,10,10,10,0,18,13,0,0,0,0,0,0,0,17,17,17,17,17,17,17,17,17,17,17,17,17,11,18,13,0,0,3,14,5,0,13,0,0,0,0,0,0,0,0,0,0,0,0,0,0,18,13,0,0,6,29,11,0,26,13,13,13,13,13,13,8,0,0,5,5,5,5,5,21,13,0,0,6,29,11,0,26,2,2,2,2,2,6,18,0,1,29,29,29,29,29,29,13,0,0,6,29,11,0,26,9,9,3,0,0,3,18,0,0,12,12,12,12,12,23,13,0,0,6,29,11,0,26,6,6,2,0,0,3,18,0,0,0,0,0,0,0,18,13,0,0,6,29,11,0,26,17,17,17,17,7,3,24,13,13,13,13,13,13,10,18,13,0,0,6,29,11,0,26,0,0,0,0,0,3,20,2,2,2,2,2,2,2,18,13,0,0,6,29,11,0,26,2,17,17,17,17,17,13,0,1,17,17,17,17,17,25,13,0,0,6,29,11,0,26,0,0,0,0,0,0,0,0,1,29,29,29,29,29,29,13,0,0,6,29,11,0,26,0,0,0,0,0,0,0,0,0,0,0,0,0,0,0,0,0,0,6,29,11,0,26,17,17,17,17,17,17,17,17,17,17,17,17,17,17,17,17,6,0,6,29,11,0,26,0,0,0,0,0,0,0,0,0,0,0,0,0,0,0,0,0,0,6,29,11,0,26,7,7,7,7,7,7,7,7,7,7,7,7,7,0,0,0,0,0,6,29,11,0,26,29,29,29,29,29,29,29,29,29,29,29,29,27,0,0,0,0,0,6,29,11,0,26,10,10,28,24,10,10,10,10,15,29,18,10,10,0,0,0,0,0,6,29,11,0,26,3,0,26,21,2,17,17,10,6,29,11,8,17,17,3,0,0,0,6,29,11,0,26,2,0,26,21,2,14,14,8,6,29,11,7,14,14,2,0,0,0,6,29,11,0,26,5,5,27,23,5,0,4,5,11,29,15,5,5,0,0,0,0,0,6,29,11,0,26,29,29,29,29,27,0,22,29,29,29,29,29,27,0,0,0,0,0,6,29,11,0,26
18,19,13,12,15,22,11,11,18,19,13,12,15,22,11,11,18,19,13,12,15,22,11,18,0,13,8,0,22,0,3,18,0,13,8,0,22,0,3,18,0,13,8,0,22,0,18,0,13,28,27,28,0,3,29,27,28,8,0,23,27,28,18,0,13,28,27,28,0,18,0,2,4,4,23,0,0,4,4,16,8,0,3,4,8,18,0,2,4,4,23,0,18,0,23,23,15,22,0,16,23,23,13,8,8,23,23,11,18,0,23,23,15,22,0,18,0,8,11,18,22,0,6,8,24,13,8,3,8,18,12,18,0,8,11,18,22,0,18,0,0,3,18,22,0,0,0,22,13,8,0,0,13,12,18,0,0,3,18,22,0,18,0,13,12,18,22,0,3,18,22,13,8,0,22,13,12,18,0,13,12,18,22,0,18,0,13,9,1,22,0,3,18,2,13,8,0,22,1,4,18,0,13,9,1,22,0,18,0,13,29,29,28,0,3,29,29,29,8,0,23,29,29,18,0,13,29,29,28,0,1,0,1,2,2,2,0,0,2,2,2,0,0,2,2,2,1,0,1,2,2,2,0,17,17,17,17,17,17,17,17,17,17,17,17,17,17,17,17,17,17,17,17,17,17,17,0,0,0,0,0,0,0,0,0,0,0,0,0,0,0,0,0,0,0,0,0,0,0,16,0,12,7,0,19,0,3,16,0,12,7,0,19,0,3,16,0,12,7,0,19,0,18,0,13,8,0,22,0,3,18,0,13,8,0,22,0,3,18,0,13,8,0,22,0,18,0,13,8,0,22,0,3,18,0,13,8,0,22,0,3,18,0,13,8,0,22,0,18,0,13,8,0,22,0,3,18,0,13,8,0,22,0,3,18,0,13,8,0,22,0,18,0,13,8,0,22,0,3,18,0,13,8,0,22,0,3,18,0,13,8,0,22,0,18,16,13,11,13,22,10,10,18,16,13,11,13,22,10,10,18,16,13,11,13,22,10,18,22,13,12,18,22,13,12,18,22,13,12,18,22,13,12,18,22,13,12,18,22,13,18,22,13,12,18,22,13,12,18,22,13,12,18,22,13,12,18,22,13,12,18,22,13,18,22,13,12,18,22,13,12,18,22,13,12,18,22,13,12,18,22,13,12,18,22,13,18,3,13,9,3,22,2,5,18,3,13,9,3,22,2,5,18,3,13,9,3,22,2
5,2,0,0,3,18,3,3,3,0,22,1,3,3,0,13,9,3,3,2,3,18,3,6,2,0,0,3,18,23,28,26,0,22,13,29,28,6,13,12,29,28,16,3,18,23,29,11,0,0,3,18,22,0,0,0,22,13,8,0,0,13,12,18,0,0,3,18,22,29,11,0,0,3,18,22,4,2,0,22,13,10,6,0,13,12,18,7,0,3,18,22,29,11,0,0,3,18,17,13,8,0,22,10,10,18,0,13,12,14,22,0,3,18,17,29,11,0,0,3,22,9,19,8,0,23,9,12,18,0,13,15,9,25,0,3,22,9,29,11,0,0,3,22,22,22,6,0,18,22,22,14,0,10,22,22,22,0,3,22,22,29,11,0,0,0,0,0,0,0,0,0,0,0,0,0,0,0,0,0,0,0,0,0,29,11,0,2,17,17,17,17,17,17,17,17,17,17,17,17,17,17,17,17,17,17,17,29,11,0,0,0,3,0,2,1,0,4,0,0,3,0,2,1,0,4,0,0,3,0,29,11,0,0,3,18,0,13,8,0,22,0,3,18,0,13,8,0,22,0,3,18,0,29,11,0,0,3,18,0,13,8,0,22,0,3,18,0,13,8,0,22,0,3,18,0,29,11,0,0,3,18,0,13,8,0,22,0,3,18,0,13,8,0,22,0,3,18,0,29,11,0,0,3,18,0,13,8,0,22,0,3,18,0,13,8,0,22,0,3,18,0,29,11,0,0,4,18,1,13,9,1,22,0,4,18,1,13,9,1,22,0,4,18,1,29,11,0,13,12,18,22,13,12,18,22,13,12,18,22,13,12,18,22,13,12,18,22,29,11,0,13,12,18,22,13,12,18,22,13,12,18,22,13,12,18,22,13,12,18,22,29,11,0,13,12,18,22,13,12,18,22,13,12,18,22,13,12,18,22,13,12,18,22,29,11,0,11,11,18,19,13,12,15,22,11,11,18,19,13,12,15,22,11,11,18,19,29,11,0,0,3,18,0,13,8,0,22,0,3,18,0,13,8,0,22,0,3,18,0,29,11,0,0,3,29,27,28,8,0,23,27,28,18,0,13,28,27,28,0,3,29,27,29,11,0,0,0,4,4,16,8,0,3,4,8,18,0,2,4,4,23,0,0,4,4,29,11,0,0,16,23,23,13,8,8,23,23,11,18,0,23,23,15,22,0,16,23,23
9,12,12,12,12,12,12,12,12,12,12,12,12,12,12,12,12,12,12,12,12,12,9,3,3,3,3,3,3,3,3,3,3,3,3,3,3,3,3,3,3,3,3,3,3,3,0,0,0,5,17,17,17,17,17,17,5,5,17,17,17,17,17,17,5,0,0,0,0,0,0,0,9,29,29,29,29,29,29,9,9,29,29,29,29,29,29,9,0,4,5,0,0,0,0,0,1,1,1,15,29,5,0,0,1,1,1,15,29,5,0,1,20,21,0,0,2,2,2,2,2,0,14,29,3,1,2,2,2,0,14,29,3,0,1,20,21,0,0,26,29,29,29,25,0,14,29,3,18,29,29,29,7,14,29,3,0,1,20,21,0,0,26,5,0,0,0,0,14,29,3,0,0,0,0,0,14,29,3,0,1,20,21,0,0,26,5,4,12,12,12,21,29,15,12,12,12,12,12,21,29,15,4,1,14,21,0,0,26,5,9,29,29,29,29,29,29,29,29,29,29,29,29,29,29,9,0,0,21,0,0,26,5,1,5,5,5,5,5,5,5,5,5,5,5,5,5,5,1,0,0,21,0,0,26,7,17,17,17,17,17,17,17,17,17,17,17,17,17,17,17,17,17,7,21,0,0,26,5,0,0,0,0,0,0,0,0,0,0,0,0,0,0,0,0,0,0,21,0,0,26,14,10,10,10,10,7,0,1,18,17,17,17,17,17,17,1,0,1,16,21,0,0,26,29,29,29,29,29,19,0,1,20,0,0,0,0,0,0,0,0,1,20,21,0,0,26,12,7,7,7,7,5,0,1,20,0,0,0,11,14,14,14,14,15,20,21,0,0,26,5,0,0,0,0,0,0,1,20,0,4,4,6,6,6,6,2,3,20,21,0,0,26,8,17,17,17,17,17,17,17,20,0,9,11,11,11,11,25,0,1,20,3,0,0,26,5,0,0,0,0,0,0,1,21,0,0,0,0,0,0,21,0,1,20,0,0,0,26,24,22,22,22,22,15,0,1,15,15,15,15,15,12,0,21,0,1,20,0,0,0,23,25,25,25,25,25,17,0,0,0,0,0,0,0,0,0,7,0,1,13,0,0,2,2,2,2,2,2,2,2,2,2,2,2,2,2,2,2,2,2,2,2,2,2,2,10,13,13,13,13,13,13,13,13,13,13,13,13,13,13,13,13,13,13,13,13,13,10
14,14,5,0,0,0,0,7,14,14,14,14,14,14,14,14,14,14,14,10,0,0,0,17,17,17,26,0,0,0,0,0,0,2,1,0,0,14,17,17,17,17,17,23,8,0,5,0,0,22,0,0,0,0,0,0,13,8,0,0,0,0,0,6,0,0,13,8,0,18,0,0,22,0,0,0,0,0,0,13,8,0,0,0,0,0,22,0,0,13,8,0,18,0,0,22,0,0,0,0,0,0,13,8,0,0,0,0,0,22,0,0,13,8,0,7,0,0,22,0,0,5,5,5,5,6,6,5,5,5,5,5,7,2,0,13,8,0,14,4,1,22,0,3,23,12,14,14,14,14,14,14,14,14,14,14,8,2,13,8,0,20,18,4,22,0,3,18,6,12,12,12,12,12,12,12,12,12,15,23,9,13,8,0,13,8,0,22,0,3,18,0,6,7,7,7,7,7,7,7,2,3,18,0,13,8,0,13,8,0,22,0,3,18,0,7,8,8,8,8,8,8,8,3,3,18,0,13,8,0,16,8,0,22,0,3,18,1,3,3,3,3,3,3,3,3,3,7,18,0,13,8,0,14,5,0,22,0,3,18,6,12,12,12,12,12,12,12,14,14,14,10,1,13,8,0,14,14,5,22,0,3,18,0,0,0,5,3,0,0,0,7,21,19,14,10,13,8,0,9,6,0,22,0,3,18,0,0,0,13,8,0,0,0,0,13,11,13,0,13,8,0,13,8,0,22,0,3,18,0,0,0,13,8,0,0,0,0,13,12,18,0,13,8,0,9,6,0,22,0,3,18,0,0,0,4,2,0,0,0,0,13,11,13,0,13,8,0,15,15,5,22,0,3,24,15,15,15,15,15,15,15,15,15,22,20,15,11,13,8,0,14,14,14,25,0,0,0,0,0,0,0,0,0,0,12,14,14,14,14,14,21,8,0,2,2,2,2,0,0,0,0,0,0,0,0,0,0,2,2,2,2,2,2,2,0,0,17,17,17,17,17,17,17,17,17,17,17,17,17,17,17,17,17,17,17,17,17,17,17,0,0,0,0,0,0,0,0,0,0,0,0,0,0,0,0,0,0,0,0,0,0,0,29,29,29,17,2,29,29,29,27,0,22,29,29,29,29,29,29,0,0,0,0,0,0,21,29,23,11,1,18,28,27,17,0,14,25,29,19,18,18,18,0,0,0,0,0,0
0,0,0,0,0,0,25,29,29,29,29,29,29,1,0,0,0,0,0,0,0,0,0,0,0,0,0,0,0,0,0,0,0,0,0,0,0,0,0,0,0,0,0,0,0,0,0,8,17,17,17,17,17,17,17,17,17,17,17,11,2,17,17,17,17,17,17,17,17,0,0,0,4,9,9,9,9,9,9,3,0,0,0,0,0,0,0,0,0,0,0,0,20,1,0,14,29,29,29,29,29,29,11,0,0,0,0,0,0,0,0,11,20,1,4,29,1,0,4,13,29,17,8,13,29,11,0,0,0,0,0,0,0,0,16,29,1,6,29,1,0,18,6,29,11,18,6,29,11,0,0,0,0,0,0,0,0,16,29,1,6,29,1,0,22,6,29,11,22,6,29,11,0,0,0,8,5,0,0,0,16,29,1,6,29,1,0,22,6,29,11,22,6,29,11,0,0,0,13,8,0,0,0,16,29,1,6,29,1,0,3,6,29,11,3,6,29,11,0,0,0,13,8,0,0,0,16,29,1,6,21,1,0,11,28,29,28,16,6,29,11,0,0,0,13,8,0,0,0,12,21,1,5,0,0,0,8,20,20,20,12,6,26,10,0,0,0,13,8,0,0,0,0,0,0,0,7,7,7,7,7,7,7,7,7,7,7,7,2,0,13,8,0,3,7,7,7,7,7,8,8,8,8,8,8,8,8,8,8,8,8,3,0,13,8,0,4,8,8,8,8,8,0,0,0,0,0,0,0,0,0,0,0,0,0,0,13,8,0,0,0,0,0,0,0,14,0,3,14,5,0,13,10,0,8,14,0,0,0,13,8,0,0,0,8,14,0,3,29,1,6,29,11,0,26,21,0,16,29,1,0,0,13,8,0,0,0,16,29,1,6,29,1,6,29,11,0,26,21,0,16,29,1,0,0,13,8,0,0,0,16,29,1,6,29,1,6,29,11,0,26,21,0,16,29,1,0,0,13,8,0,0,0,16,29,1,6,29,1,6,29,11,0,26,21,0,16,29,1,0,0,13,8,0,0,0,16,29,1,6,9,0,2,9,3,0,8,7,0,5,9,0,0,0,13,8,0,0,0,5,9,0,2,0,0,0,0,0,0,0,0,0,0,0,0,0,0,13,8,0,0,0,0,0,0,0,0,0,0,0,0,0,0,0,0,0,0,0,0,0,13,8,0,0,0,0,0,0,0
0,0,0,0,0,0,0,0,0,0,0,0,0,0,0,0,0,0,0,0,0,0,0,0,0,0,0,0,0,0,0,0,0,0,0,0,0,0,0,0,0,0,0,0,0,0,0,0,0,0,0,0,0,0,0,0,0,0,0,0,0,0,0,0,0,0,0,0,0,0,0,0,0,0,0,0,0,0,0,0,0,0,0,0,0,0,0,0,0,0,0,0,0,0,0,0,0,0,0,0,0,0,0,0,0,0,0,0,0,0,0,0,0,0,0,7,8,8,8,8,8,8,8,8,8,8,8,8,8,8,8,8,8,1,0,0,0,0,9,10,10,10,10,10,9,0,0,0,0,0,0,0,0,0,0,0,0,0,0,0,0,25,29,29,29,29,29,25,0,0,0,0,16,19,0,9,21,4,2,21,11,0,0,0,8,7,7,10,29,19,6,0,0,0,0,22,25,0,12,29,5,2,29,15,0,0,0,1,0,16,5,29,15,16,2,0,0,0,22,25,0,12,29,5,2,29,15,0,0,0,1,0,19,5,29,15,19,2,0,0,0,22,25,0,12,29,5,2,29,15,0,0,0,1,0,19,5,29,15,19,2,0,0,0,22,25,0,12,29,5,2,29,15,0,0,0,1,0,2,3,29,15,2,0,0,0,0,22,25,0,12,29,5,2,29,15,0,21,24,25,11,7,29,29,29,21,0,0,0,0,16,18,0,9,20,4,2,20,11,0,22,25,17,7,5,19,19,19,14,0,0,0,0,0,0,0,0,0,0,0,0,0,0,22,25,7,8,8,8,8,8,8,8,8,8,8,8,8,8,8,8,8,8,1,0,0,22,25,6,7,7,7,7,7,7,7,7,7,7,7,7,7,7,7,7,7,1,0,0,22,25,0,0,0,0,0,0,0,0,0,0,0,0,0,0,0,0,0,0,0,0,0,16,19,0,0,0,0,0,0,0,0,0,0,0,0,0,0,0,0,0,0,0,0,0,0,0,0,0,0,0,0,0,0,0,0,0,0,0,0,0,0,0,0,0,0,0,0,0,0,0,0,0,0,0,0,0,0,0,0,0,0,0,0,0,0,0,0,0,0,0,0,0,0,0,0,0,0,0,0,0,0,0,0,0,0,0,0,0,0,0,0,0,0,0,0,0,0,0,0,0,0,0,0,0,0,0,0,0,0,0,0,0,0,0,0,0,0,0
8,8,2,7,12,0,6,8,8,0,0,0,0,0,0,3,8,8,2,7,12,0,6,10,10,10,21,29,12,10,10,10,0,0,0,0,0,0,4,10,10,10,21,29,12,10,29,29,29,29,29,29,29,29,27,0,0,0,0,0,0,11,29,29,29,29,29,29,29,7,7,7,7,7,7,7,7,7,0,0,0,0,0,0,3,7,7,7,7,7,7,7,17,17,17,17,17,17,17,17,17,17,17,17,17,17,17,17,17,17,17,17,17,17,17,2,2,2,2,2,2,2,2,2,2,0,0,0,0,2,2,2,2,2,2,2,2,2,29,29,29,29,29,29,29,29,29,29,7,0,0,0,22,29,29,29,29,29,29,29,29,0,0,0,0,0,1,0,0,0,0,0,0,0,0,0,0,0,0,0,0,0,0,0,0,0,0,0,0,22,0,0,0,0,0,0,0,0,0,0,0,0,13,8,0,0,0,0,0,0,0,0,22,0,0,0,0,0,0,0,0,0,0,0,0,13,8,0,0,0,0,0,0,0,0,8,0,0,0,0,0,0,0,0,0,0,0,0,5,3,0,0,0,29,29,29,29,29,29,29,29,29,29,5,0,0,0,20,29,29,29,29,29,29,29,29,14,14,14,8,1,1,1,1,1,1,0,0,0,0,1,1,1,1,1,1,2,14,14,19,19,19,10,0,0,0,0,0,0,0,0,0,0,0,0,0,0,0,0,0,19,19,0,0,0,0,0,0,0,0,0,0,0,0,0,0,0,0,0,0,0,0,0,0,0,15,15,15,15,15,15,15,15,15,15,15,15,15,15,15,15,15,15,15,15,15,15,15,0,0,0,0,0,0,0,0,0,0,0,0,0,0,0,0,0,0,0,0,0,0,0,10,10,10,10,10,10,10,10,10,10,10,6,1,10,10,10,10,10,10,10,10,10,10,29,29,29,29,29,29,29,29,29,29,29,17,2,29,29,29,29,29,29,29,29,29,29,7,7,7,20,29,9,7,7,13,29,16,4,0,7,27,24,7,7,7,20,29,9,7,4,0,3,19,29,6,1,2,10,29,14,2,0,4,27,23,4,0,3,19,29,6,1,27,0,22,29,29,29,7,12,29,29,29,17,2,29,29,29,27,0,22,29,29,29,7,13,0,10,13,13,13,3,6,13,13,13,8,1,13,13,13,13,0,10,13,13,13,3
0,0,0,0,0,0,0,0,0,8,23,0,0,0,0,0,0,0,0,0,0,0,6,7,7,7,7,7,7,7,7,7,8,23,0,4,20,8,0,18,15,0,11,20,1,6,29,29,29,29,29,29,29,29,27,8,23,0,6,29,11,0,26,21,0,16,29,1,6,15,29,18,10,10,10,28,24,10,8,23,0,6,29,11,0,26,21,0,16,29,1,6,8,29,13,1,0,1,27,22,1,8,23,0,6,29,11,0,26,21,0,16,29,1,6,29,29,29,17,2,29,29,29,27,8,23,0,6,29,11,0,26,21,0,16,29,1,6,17,17,17,10,1,17,17,17,15,8,23,0,6,29,11,0,26,21,0,16,29,1,6,3,3,3,3,3,3,3,3,3,11,23,0,5,21,8,0,19,16,0,12,21,1,6,28,28,28,28,28,28,28,28,28,28,23,0,0,0,0,0,0,0,0,0,0,0,6,7,7,7,7,7,7,7,7,7,7,7,0,0,3,7,7,7,7,7,7,2,0,6,8,8,8,8,8,8,8,8,8,8,8,0,0,4,8,8,8,8,8,8,3,0,6,0,11,11,11,11,11,11,7,0,0,0,0,0,0,0,0,0,0,0,0,0,0,6,1,29,29,29,29,29,29,17,0,0,0,0,3,14,5,0,13,10,0,8,14,0,6,0,6,27,23,6,6,6,4,0,0,0,0,6,29,11,0,26,21,0,16,29,1,6,0,0,26,21,0,0,0,0,0,0,0,0,6,29,11,0,26,21,0,16,29,1,6,24,0,26,21,0,16,27,27,27,27,3,0,6,29,11,0,26,21,0,16,29,1,6,4,0,26,21,0,2,4,4,4,29,3,0,6,29,11,0,26,21,0,16,29,1,6,7,7,27,24,7,7,7,4,0,28,3,0,6,29,11,0,26,21,0,16,29,1,6,29,29,29,29,29,29,29,17,0,28,3,0,6,29,11,0,26,21,0,16,29,1,6,10,10,10,10,10,10,10,6,0,28,3,0,6,29,11,0,26,21,0,16,29,1,6,17,17,17,17,17,17,17,17,6,28,3,0,6,29,11,0,26,21,0,16,29,1,6,0,0,0,0,0,0,0,0,0,28,3,0,6,29,11,0,26,21,0,16,29,1,6,13,4,0,2,5,5,5,5,5,29,3,0,6,29,11,0,26,21,0,16,29,1,6
17,17,6,0,0,3,18,0,0,0,0,0,0,0,18,13,0,0,6,29,11,0,26,17,17,17,17,7,3,20,3,3,3,3,3,3,2,18,13,0,0,6,29,11,0,26,0,0,0,0,0,3,23,12,12,12,12,12,12,9,18,13,0,0,6,29,11,0,26,2,15,15,15,15,17,18,0,0,7,7,7,7,7,21,13,0,0,6,29,11,0,26,0,0,0,0,0,0,0,0,1,29,29,29,29,29,29,13,0,0,6,29,11,0,26,0,0,0,0,0,0,0,0,0,10,10,10,10,10,10,5,0,0,6,29,11,0,26,17,17,17,17,17,17,17,17,17,17,17,17,17,17,17,17,6,0,6,29,11,0,26,0,0,0,0,0,0,0,0,0,0,0,0,0,0,0,0,0,0,6,29,11,0,26,0,0,0,0,0,0,0,0,0,0,0,0,0,0,0,0,0,0,6,29,11,0,26,27,27,27,27,27,27,27,27,27,27,27,27,26,0,0,0,0,0,6,29,11,0,26,20,20,29,27,20,20,20,20,23,29,24,20,19,0,0,0,0,0,6,29,11,0,26,0,0,26,21,1,7,7,4,6,29,11,3,7,7,1,0,0,0,6,29,11,0,26,6,0,26,21,4,25,25,14,6,29,11,12,25,25,4,0,0,0,6,29,11,0,26,0,0,26,21,0,0,0,0,6,29,11,0,0,0,0,0,0,0,6,29,11,0,26,25,25,29,28,24,0,19,25,26,29,27,25,24,0,0,0,0,0,6,29,11,0,26,22,22,22,22,21,0,17,22,22,22,22,22,21,0,0,0,0,0,6,29,11,0,26,0,0,0,0,0,0,0,0,0,0,0,0,0,0,0,0,0,0,6,29,11,0,26,17,17,17,17,17,17,17,17,17,17,17,17,17,17,17,17,6,0,6,29,11,0,26,0,0,0,0,0,7,9,5,0,0,0,0,0,0,0,0,0,0,6,29,11,0,26,7,7,2,0,0,23,29,17,0,0,0,0,18,15,0,11,20,1,6,29,11,0,26,29,29,7,0,0,23,8,5,8,5,0,0,26,21,0,16,29,1,6,29,11,0,26,10,10,2,0,0,22,0,0,13,8,0,0,26,21,0,16,29,1,6,29,11,0,26,1,1,1,1,1,23,0,0,13,8,0,0,26,21,0,16,29,1,6,29,11,0,26
0,0,0,0,6,12,12,12,12,12,12,12,12,12,12,12,12,12,3,0,0,0,0,0,0,0,0,1,3,3,3,3,3,3,3,3,3,3,3,3,3,0,0,0,0,0,0,0,0,0,7,17,8,0,10,17,17,14,0,4,17,17,17,2,0,0,0,0,0,0,0,0,0,7,19,14,0,17,18,15,24,0,7,22,15,24,4,0,0,0,0,0,0,0,0,0,7,10,14,0,17,9,8,22,0,7,14,13,17,4,0,0,0,0,0,0,0,0,0,13,9,8,0,17,12,14,13,0,7,14,22,10,2,0,0,0,0,0,0,0,0,0,13,4,0,0,17,12,14,0,0,7,14,22,0,0,0,0,0,0,0,0,0,0,0,13,24,22,2,17,12,26,22,9,7,14,26,22,17,0,0,0,0,0,0,0,0,0,4,9,9,0,17,7,9,9,4,7,14,9,9,7,0,0,0,0,0,0,0,0,0,8,18,9,0,17,20,18,15,0,7,24,18,18,3,0,0,0,0,0,0,0,0,0,6,18,14,0,17,16,13,23,0,7,21,13,23,4,0,0,0,0,0,0,0,0,0,4,9,14,6,17,7,4,22,5,9,14,6,17,7,4,0,0,0,0,0,0,0,0,13,12,14,22,17,12,14,22,17,12,14,22,17,12,14,0,0,0,0,0,0,0,0,13,12,14,22,17,12,14,22,17,12,14,22,17,12,14,0,0,0,0,0,0,0,0,13,12,14,22,17,12,14,22,17,12,14,22,17,12,14,0,0,0,0,0,0,0,0,8,10,14,13,17,9,8,22,10,10,14,13,17,9,8,0,0,0,0,0,0,0,0,0,7,14,0,17,4,0,22,0,7,14,0,17,4,0,0,0,0,0,0,0,0,0,0,7,14,0,17,4,0,22,0,7,14,0,17,4,0,0,0,0,0,0,0,0,0,0,7,14,0,17,4,0,22,0,7,14,0,17,4,0,0,0,0,0,0,0,0,0,0,7,14,0,17,4,0,22,0,7,14,0,17,4,0,0,0,0,0,0,0,0,0,0,5,10,0,13,3,0,16,0,5,10,0,13,3,0,0,0,0,0,0,0,0,0,1,2,2,2,2,2,2,2,2,2,2,2,2,2,0,0,0,0,0,0,0,0,0,6,13,13,13,13,13,13,13,13,13,13,13,13,13,3,0,0,0,0
0,11,10,0,21,0,1,20,0,11,10,0,21,0,1,20,0,0,0,0,21,0,0,0,11,10,0,21,0,1,20,0,11,10,0,21,0,1,20,0,0,0,0,21,0,0,0,11,26,23,28,0,1,28,23,26,10,0,21,24,24,20,0,0,0,0,21,24,18,0,11,16,8,24,0,1,23,8,17,10,0,21,9,10,20,0,0,0,0,21,9,6,18,12,12,17,21,10,11,20,18,12,12,17,21,10,11,20,18,0,1,17,21,10,9,21,12,12,20,21,12,12,20,21,12,12,20,21,12,12,20,21,0,1,20,21,12,10,21,11,11,20,19,12,12,18,21,11,11,20,19,12,12,18,21,0,1,20,19,12,10,21,0,1,20,0,11,10,0,21,0,1,20,0,11,10,0,21,0,1,20,0,11,10,21,9,10,20,0,11,10,0,21,9,10,20,16,12,10,0,21,0,1,20,0,11,10,21,12,12,20,0,11,10,0,21,12,12,20,21,12,10,0,21,0,1,20,0,11,10,21,12,12,20,0,11,10,0,21,12,12,20,21,12,10,0,21,0,1,20,0,11,10,21,12,12,20,0,3,3,0,21,12,12,20,21,12,10,0,6,0,0,6,0,11,10,21,12,12,20,0,0,0,0,21,12,12,20,21,12,10,0,0,0,0,0,0,11,10,2,12,11,2,0,0,0,0,2,12,11,2,21,2,1,0,0,0,0,0,0,1,1,0,11,10,0,0,0,0,0,0,11,10,0,21,0,0,0,0,0,0,0,0,0,0,7,12,11,6,0,3,3,0,7,12,11,6,21,4,3,0,7,0,0,6,0,3,3,21,12,12,20,0,11,10,0,21,12,12,20,21,12,10,0,21,0,1,20,0,11,10,21,12,12,20,0,11,10,0,21,12,12,20,21,12,10,0,21,0,1,20,0,11,10,21,1,2,20,0,11,10,0,21,1,2,20,0,12,10,0,21,0,1,20,0,11,10,2,9,8,2,0,11,10,0,2,9,8,2,17,1,1,0,21,0,1,20,0,1,1,0,11,10,0,0,11,10,0,0,11,10,0,21,0,0,0,21,0,1,20,0,0,0,20,12,10,0,12,12,12,11,0,11,12,19,21,0,1,11,21,0,1,20,12,0,0,21,12,10,0,21,12,12,20,0,11,12,20,21,0,1,20,21,0,1,20,21,0,0
0,0,0,0,0,0,0,0,0,0,0,0,0,0,0,0,0,0,0,0,0,0,0,0,0,0,0,0,0,0,0,0,0,0,0,0,0,0,0,0,0,0,0,0,0,0,0,0,0,0,0,0,0,0,0,0,0,0,0,0,0,0,0,0,0,0,0,0,0,0,0,0,0,0,0,0,0,0,0,0,0,0,0,0,0,0,0,0,0,0,0,0,0,0,0,0,0,0,0,0,0,0,0,0,0,0,0,0,0,0,0,0,0,0,0,0,0,0,0,0,0,0,0,0,0,0,0,0,0,0,0,0,0,0,0,0,0,0,0,0,0,0,0,0,0,0,0,0,0,0,0,0,0,0,0,0,0,0,0,18,20,14,17,17,17,17,17,17,17,17,17,17,17,17,17,17,17,17,17,2,0,0,22,25,6,2,1,6,6,6,5,0,0,0,0,0,0,0,0,0,0,0,0,0,0,22,25,25,11,7,29,29,29,21,0,0,0,0,13,15,0,7,17,3,1,17,9,0,22,25,11,4,3,13,29,21,8,0,0,0,0,22,25,0,12,29,5,2,29,15,0,22,25,1,0,13,5,29,15,13,2,0,0,0,22,25,0,12,29,5,2,29,15,0,0,0,1,0,19,5,29,15,19,2,0,0,0,22,25,0,12,29,5,2,29,15,0,0,0,1,0,19,5,29,15,19,2,0,0,0,22,25,0,12,29,5,2,29,15,0,0,0,1,0,5,3,29,15,5,0,0,0,0,22,25,0,12,29,5,2,29,15,0,0,0,22,25,25,25,29,27,20,0,0,0,0,19,21,0,10,25,4,2,25,13,0,0,0,20,23,23,23,23,23,19,0,0,0,0,0,0,0,0,0,0,0,0,0,0,0,0,0,0,0,0,0,0,0,0,0,0,0,0,0,0,0,0,0,0,0,0,0,0,0,0,0,0,0,0,0,0,0,0,0,0,0,0,0,0,0,0,0,0,0,0,0,0,0,0,0,0,0,0,0,0,0,0,0,0,0,0,0,0,0,0,0,0,0,0,0,0,0,0,0,0,0,0,0,0,0,0,0,0,0,0,0,0,0,0,0,0,0,0,0,0,0,0,0,0,0,0,0,0,0,0,0,0,0,0,0,0,0,0,0,0,0,0,0,0,0,0,0,0,0,0,0,0,0,0,0,0,0,0,0,0,0,0,0,0
16,5,0,0,0,0,0,22,0,0,0,0,3,14,14,14,14,14,14,14,14,14,8,16,5,0,0,0,0,0,22,0,0,0,0,0,0,0,1,3,0,0,10,17,17,10,16,5,0,0,0,0,0,22,0,0,0,0,0,0,0,6,15,0,0,0,0,0,1,16,5,0,0,0,0,0,22,0,0,0,0,0,0,0,6,15,0,0,0,0,0,4,16,5,0,0,0,0,0,22,0,0,0,0,0,0,0,6,15,0,0,0,0,0,4,16,5,0,19,28,0,0,22,0,0,0,5,5,5,5,6,7,5,5,5,5,5,3,16,5,0,19,28,0,0,22,0,0,0,24,12,14,14,14,14,14,14,14,14,14,8,16,5,0,19,28,0,0,22,0,0,0,22,3,12,12,12,12,12,12,12,12,12,7,16,5,0,19,28,0,0,22,0,0,0,22,0,4,7,7,7,7,7,7,7,4,0,16,5,0,19,28,0,0,22,0,0,0,22,0,5,8,8,8,8,8,8,8,5,0,16,5,0,19,28,0,0,22,0,0,0,22,1,3,3,3,3,3,3,3,3,3,2,16,5,0,19,28,0,0,22,0,0,0,22,3,12,12,12,12,12,12,12,13,14,8,8,2,0,19,28,0,0,11,0,0,0,22,0,0,0,0,1,0,0,0,4,18,16,0,0,0,19,28,0,0,0,0,0,0,22,0,0,0,6,15,0,0,0,0,6,15,0,0,0,19,28,0,0,0,0,0,0,22,0,0,0,6,15,0,0,0,0,6,15,14,5,0,19,28,0,0,19,0,0,0,22,0,0,0,4,11,0,0,0,0,6,15,16,5,0,4,6,0,0,22,0,0,0,25,15,15,15,15,15,15,15,15,15,19,17,16,5,0,0,0,0,0,22,0,0,0,0,0,0,0,0,0,0,0,9,14,14,8,16,5,0,0,0,0,0,22,0,0,0,0,0,0,0,0,0,0,0,1,2,2,1,16,5,0,0,0,0,0,22,0,10,17,17,17,17,17,17,17,17,17,17,17,17,10,16,5,0,0,0,0,0,22,0,0,0,0,0,0,0,0,0,0,0,0,0,0,0,16,5,0,0,0,0,0,22,0,0,0,0,0,0,0,0,5,29,29,29,25,0,13,16,5,0,0,0,0,0,22,0,0,0,5,8,0,0,0,3,18,29,25,15,0,8
13,8,26,21,0,3,18,16,29,5,18,0,6,29,11,0,0,0,0,0,13,8,0,10,10,27,24,9,10,10,21,29,11,10,9,14,29,17,5,0,0,0,0,13,8,0,29,29,29,29,29,29,29,29,29,29,29,29,29,29,29,17,0,0,0,0,13,8,0,8,8,8,8,8,8,8,8,8,8,8,8,8,8,8,5,0,0,0,0,13,8,0,0,0,0,0,0,0,0,0,0,0,0,0,0,0,0,0,0,0,0,0,13,8,0,17,17,17,17,17,17,17,17,17,17,17,17,17,17,17,17,17,17,17,0,13,8,0,7,7,7,7,7,7,5,0,0,0,0,0,0,0,0,0,0,0,0,0,13,8,0,25,25,25,29,25,25,15,0,0,0,0,0,0,0,0,0,0,0,0,0,13,8,0,0,0,0,28,3,0,0,0,0,3,15,19,9,5,0,14,11,7,0,0,13,8,0,4,3,11,28,12,6,8,0,0,3,18,22,10,5,0,16,13,8,0,0,13,8,0,13,9,15,28,14,9,18,0,0,3,18,22,10,5,0,16,13,8,0,0,13,8,0,13,9,15,28,14,9,18,0,0,3,18,22,10,5,0,16,13,8,0,0,13,8,0,3,2,7,28,9,6,16,0,0,3,18,18,5,2,0,13,13,8,0,0,12,8,0,0,0,0,28,3,0,0,0,0,0,3,0,0,0,0,0,6,3,0,0,0,0,0,23,23,23,29,24,23,23,23,23,23,23,23,23,23,19,0,0,0,0,0,0,0,0,8,8,8,8,8,8,8,8,8,8,8,8,8,8,7,0,0,0,0,0,0,0,0,17,17,17,17,17,17,17,17,17,17,17,17,17,17,17,17,17,17,17,17,17,17,17,0,0,0,0,0,0,0,0,0,0,0,0,0,0,0,0,0,0,0,0,0,0,0,20,1,1,7,7,7,7,7,7,7,2,0,0,7,7,7,7,7,7,4,0,0,0,29,1,6,29,29,29,29,29,29,29,7,0,0,28,29,29,29,29,29,17,0,22,0,29,1,6,29,18,10,10,10,10,10,2,0,0,28,13,10,10,10,10,6,0,22,0,29,1,6,29,11,0,0,0,0,0,0,0,0,28,3,14,17,17,17,17,17,26,0,29,1,6,29,11,11,23,23,23,23,23,23,23,29,3,0,0,0,0,0,0,22,0
0,0,0,6,29,11,0,26,21,0,16,29,1,0,0,0,16,29,1,0,0,6,29,0,0,0,6,29,11,0,26,21,0,16,29,1,0,0,0,16,29,1,0,0,6,29,0,0,0,6,29,11,0,26,21,0,16,29,1,0,0,0,16,29,1,0,0,6,29,0,0,0,6,29,11,0,26,21,0,16,29,1,0,0,0,16,29,1,0,0,6,29,0,0,0,0,1,0,0,1,1,0,1,1,0,0,0,0,16,29,1,0,0,6,29,0,0,0,0,0,0,0,0,0,0,0,0,0,0,0,0,5,8,0,0,0,0,0,0,14,17,17,17,17,17,17,17,17,17,17,17,6,0,0,0,0,0,0,0,14,17,0,0,0,0,0,0,0,0,0,0,0,0,0,0,0,0,0,20,16,0,0,0,0,2,4,0,1,4,1,0,4,3,0,2,4,0,1,4,1,0,26,21,0,2,4,0,16,29,1,6,29,11,0,26,21,0,16,29,1,6,29,11,0,26,21,0,16,29,1,16,29,1,6,29,11,0,26,21,0,16,29,1,6,29,11,0,26,21,0,16,29,1,16,29,1,6,29,11,0,26,21,0,16,29,1,6,29,11,0,26,21,0,16,29,1,16,29,1,6,29,11,0,26,21,0,16,29,1,6,29,11,0,26,21,0,16,29,1,11,19,1,4,19,7,0,17,14,0,11,19,1,4,19,7,0,17,14,0,11,19,1,0,0,0,0,0,0,0,0,0,0,0,0,0,0,0,0,0,0,0,0,0,0,0,0,0,0,0,0,0,0,0,0,0,0,0,0,0,0,0,0,0,0,0,0,0,0,7,7,7,7,7,7,7,7,7,7,7,7,7,7,7,7,7,7,7,7,7,7,7,8,8,8,8,8,8,8,8,8,8,8,8,8,8,8,8,8,8,8,8,8,8,8,0,0,0,0,0,0,0,0,0,0,0,0,0,0,0,0,0,0,0,0,0,0,0,0,0,0,0,0,0,0,0,0,0,0,0,0,0,0,0,0,0,0,0,0,0,0,16,28,1,6,28,11,0,26,21,0,16,28,1,6,28,11,0,26,21,0,16,28,1,16,29,1,6,29,11,0,26,21,0,16,29,1,6,29,11,0,26,21,0,16,29,1,16,29,1,6,29,11,0,26,21,0,16,29,1,6,29,11,0,26,21,0,16,29,1
17,17,17,17,17,17,17,17,17,17,17,17,17,17,17,6,0,0,16,29,1,6,29,0,0,0,0,0,0,0,0,0,0,0,0,0,0,0,0,0,0,16,29,1,6,29,21,21,21,20,0,16,21,21,21,21,21,20,0,0,0,0,0,0,16,29,1,6,29,27,26,26,25,0,19,28,29,27,26,26,25,0,0,0,0,0,0,16,29,1,6,29,1,0,0,0,0,0,16,29,1,0,0,0,0,0,0,0,0,0,16,29,1,6,29,1,5,7,7,7,1,16,29,1,2,7,7,7,7,3,0,0,0,16,29,1,6,29,1,17,25,25,25,4,16,29,1,6,25,25,25,28,13,0,0,0,16,29,1,6,29,1,0,0,0,0,0,16,29,1,0,0,0,0,18,13,0,0,0,16,29,1,6,29,18,17,17,17,17,17,24,29,18,17,17,16,0,18,13,0,0,0,16,29,1,6,29,29,29,29,29,29,29,29,29,29,29,29,27,0,18,13,0,0,0,10,17,1,4,17,0,0,0,0,0,0,0,0,0,0,0,0,0,18,13,0,0,0,0,0,0,0,0,17,17,17,17,17,17,17,17,17,17,17,17,11,18,13,0,0,0,14,25,1,5,25,0,0,0,0,0,0,0,0,0,0,0,0,0,18,13,0,0,0,16,29,1,6,29,17,17,17,17,17,15,0,1,15,15,15,15,15,24,13,0,0,0,16,29,1,6,29,0,0,0,0,3,18,0,1,29,29,29,29,29,29,13,0,0,0,16,29,1,6,29,17,6,0,0,3,18,0,0,2,2,2,2,2,20,13,0,0,0,16,29,1,6,29,9,9,9,4,3,18,0,0,0,0,0,0,0,18,13,0,0,0,16,29,1,6,29,6,6,6,3,3,25,17,17,17,17,17,17,12,18,13,0,0,0,16,29,1,6,29,5,5,5,5,9,18,0,0,0,0,0,0,0,18,13,0,0,0,16,29,1,6,29,10,10,10,10,10,6,0,1,27,27,27,27,27,29,13,0,0,0,16,29,1,6,29,0,0,0,0,0,0,0,1,20,20,20,20,20,20,9,0,0,0,16,29,1,6,29,7,7,7,7,7,7,7,7,7,7,7,7,7,7,7,2,0,0,16,29,1,6,29,8,8,8,8,8,8,8,8,8,8,8,8,8,8,8,3,0,0,16,29,1,6,29
0,0,0,0,0,0,3,18,0,13,8,0,22,0,0,0,0,0,0,0,0,0,0,17,17,17,17,17,6,3,18,0,13,8,0,22,0,8,17,17,17,17,17,17,17,11,0,0,0,0,0,0,3,18,0,13,8,0,22,0,0,0,0,0,0,0,0,0,0,17,17,17,17,17,17,4,18,0,13,8,0,18,17,17,17,17,17,17,17,17,17,17,0,0,0,0,0,0,3,18,0,13,8,14,17,18,18,6,0,0,0,0,0,0,0,0,0,22,0,0,0,3,18,0,13,8,0,7,13,8,0,0,0,0,9,6,0,0,0,0,22,0,0,0,3,18,0,13,8,0,22,13,8,0,0,0,0,13,8,0,0,0,0,15,0,0,0,3,18,0,13,8,0,22,13,8,0,0,0,0,13,8,0,0,4,4,4,4,4,4,8,18,0,13,8,4,6,16,12,4,4,4,4,5,5,4,4,11,11,11,11,11,11,11,7,0,13,11,12,14,14,14,14,14,11,11,11,11,11,11,0,0,0,0,0,0,0,0,0,6,13,13,13,13,13,13,9,0,0,0,0,0,0,6,6,6,6,6,6,6,6,6,6,6,6,6,6,6,6,6,6,6,6,6,6,6,9,9,9,9,9,9,9,9,9,9,9,9,9,9,9,9,9,9,9,9,9,9,9,18,18,18,5,8,18,18,18,11,1,18,18,18,17,0,14,18,18,18,5,0,0,0,29,29,29,7,12,29,29,29,17,2,29,29,29,27,0,22,29,29,29,7,0,0,0,16,29,1,0,6,6,29,11,6,0,0,26,21,4,2,0,16,29,3,5,0,0,0,16,29,1,0,22,6,29,11,22,0,0,26,21,13,8,0,16,29,5,18,0,0,0,16,29,1,0,22,6,29,11,22,0,0,26,21,13,8,0,16,29,5,18,0,0,0,20,29,10,8,10,13,29,17,10,8,8,27,24,9,9,8,20,29,10,3,0,0,0,29,29,29,29,29,29,29,29,29,29,29,29,29,29,29,29,29,29,29,7,0,0,0,9,9,9,9,9,9,9,9,9,9,9,9,9,9,9,9,9,9,9,2,0,0,0,0,0,0,0,0,0,0,0,0,0,0,0,0,0,0,0,0,0,0,0,0,0,0,17,17,17,17,17,17,17,17,17,17,17,17,17,17,17,17,17,17,17,17,17,17,17
0,0,0,0,0,0,0,0,0,0,0,0,0,0,0,0,0,0,0,0,0,29,18,0,0,0,0,0,0,0,0,0,0,0,0,0,0,0,0,0,0,0,0,0,29,18,0,0,0,0,0,0,0,0,0,0,0,0,0,0,0,0,0,0,0,0,0,29,18,0,0,0,0,0,0,0,0,0,0,0,0,0,0,0,0,0,0,0,0,0,29,18,0,0,0,7,6,0,1,7,4,0,0,0,0,2,7,4,0,4,7,2,0,9,6,0,0,0,23,25,0,6,27,14,0,0,0,0,6,26,15,0,16,25,6,0,0,0,0,0,0,0,22,0,6,15,0,0,0,0,0,0,6,15,0,16,5,0,0,0,0,16,0,5,11,22,0,6,15,16,0,5,11,0,12,11,15,0,16,11,11,0,12,4,22,0,6,15,22,0,6,15,22,0,6,15,0,16,12,15,0,16,12,15,0,16,5,22,11,11,15,22,0,6,15,22,11,11,15,16,16,12,15,0,16,12,15,16,16,9,22,16,12,15,22,0,6,15,22,16,12,15,22,16,12,15,0,16,12,15,22,16,10,22,16,12,15,22,0,6,15,22,16,12,15,22,16,12,15,0,16,12,15,22,16,10,22,16,12,15,22,0,6,15,22,16,12,15,22,16,12,15,0,16,12,15,22,16,10,19,6,9,15,8,0,2,5,22,6,8,13,8,16,8,5,0,6,9,15,8,14,6,0,6,9,15,8,8,5,5,22,6,2,0,8,16,8,5,11,6,9,15,8,0,1,11,16,12,15,22,16,12,15,22,16,9,7,22,16,12,15,22,16,12,15,22,8,7,22,16,12,15,22,16,12,15,22,16,12,15,22,16,12,15,22,16,12,15,22,16,10,22,0,7,15,0,16,6,0,22,0,7,15,0,16,6,0,22,0,7,15,0,16,6,22,0,6,15,18,16,11,12,22,0,6,15,0,16,11,12,22,13,11,15,0,16,5,22,6,9,15,22,16,12,15,22,6,9,15,9,16,12,15,22,16,12,15,9,16,7,22,16,12,15,22,16,12,15,22,16,12,15,22,16,12,15,22,16,12,15,22,16,10,22,16,12,15,9,16,9,6,22,16,12,15,22,16,9,6,22,7,9,15,22,16,10,22,11,10,15,0,16,5,0,22,11,10,15,15,16,5,0,22,0,6,15,15,16,9
0,0,0,0,0,0,0,0,0,0,0,0,0,0,0,0,0,0,0,0,0,0,0,14,14,14,14,14,14,14,14,14,14,14,14,14,14,14,14,14,14,14,14,14,14,14,1,1,1,1,1,1,1,1,1,1,1,1,1,1,1,1,1,1,1,1,1,1,1,0,0,8,0,2,12,0,0,0,0,14,0,1,6,0,0,0,0,0,0,0,0,0,11,0,22,0,3,18,0,0,0,0,22,0,3,18,0,14,17,17,17,17,16,0,0,0,0,22,0,3,18,0,0,0,0,22,0,3,18,0,0,0,0,0,0,22,0,0,12,12,25,0,3,18,4,0,0,3,22,0,3,23,12,12,12,12,9,0,23,17,17,6,6,6,2,6,18,22,0,3,18,23,2,3,6,6,6,6,3,3,0,22,0,0,13,13,13,13,16,18,22,0,3,18,23,13,13,13,13,13,9,0,0,0,22,0,0,0,0,0,0,3,18,22,0,3,18,22,0,0,0,0,0,0,0,0,0,22,0,0,17,17,0,0,3,14,22,0,3,18,17,0,0,2,17,17,17,17,17,17,17,0,0,0,0,0,0,0,0,22,0,3,18,0,0,0,0,0,0,0,0,0,0,0,0,0,17,17,17,17,17,6,22,0,3,18,8,17,17,17,17,17,17,17,17,17,17,17,17,6,6,6,1,0,0,22,0,3,18,0,0,2,6,6,6,6,6,6,6,6,6,6,29,29,29,7,2,13,22,0,3,18,16,0,11,29,29,29,29,29,29,29,29,29,29,22,29,13,3,3,18,22,0,3,18,22,0,4,16,29,19,11,11,11,11,11,16,29,16,29,1,0,3,18,22,0,3,18,22,0,0,6,29,11,0,0,0,0,0,6,29,16,29,1,0,3,18,22,0,3,18,22,0,0,6,29,11,10,29,29,29,15,6,29,16,29,1,0,3,18,22,0,3,18,22,0,0,6,29,11,0,1,1,1,1,6,29,18,29,4,0,1,8,22,0,3,18,10,0,1,9,29,13,2,2,2,0,1,9,29,29,29,29,7,0,0,5,0,0,4,0,0,11,29,29,29,29,29,29,7,11,29,29,15,15,15,4,0,0,0,0,0,0,0,0,6,15,15,15,15,15,15,4,6,15,15,0,0,0,0,0,0,0,0,0,0,0,0,0,0,0,0,0,0,0,0,0,0,0
0,0,0,0,0,0,0,0,0,0,0,0,0,0,0,4,29,13,0,0,0,0,0,0,11,27,12,0,0,0,0,12,27,10,0,20,27,2,0,5,2,0,0,0,2,21,0,11,14,2,0,0,0,0,2,14,10,0,21,5,0,0,0,0,0,0,0,0,3,0,11,11,8,0,4,4,0,8,12,10,0,21,5,4,0,8,0,0,8,0,4,4,0,11,12,20,0,11,10,0,21,12,10,0,21,12,10,0,21,0,1,20,0,11,10,0,11,12,20,8,12,11,7,21,12,10,0,21,12,11,7,21,0,1,20,8,12,10,0,11,12,20,21,12,12,20,21,12,10,0,21,12,12,20,21,0,1,20,21,12,10,0,11,12,20,21,12,12,20,21,12,10,0,21,12,12,20,21,0,1,20,21,12,10,0,11,12,20,21,12,12,20,21,12,10,0,21,12,12,20,21,0,1,20,21,12,10,0,8,9,20,15,12,12,14,21,9,7,0,15,12,12,14,21,0,1,20,15,12,10,3,0,2,20,0,2,1,0,21,1,0,3,0,12,11,0,3,0,0,3,0,12,10,21,12,12,20,21,2,3,20,21,12,12,20,21,12,12,20,3,0,0,3,21,12,10,21,12,12,20,21,12,12,20,21,12,12,20,21,12,12,20,21,0,1,20,21,12,10,21,5,6,20,8,12,11,7,21,5,6,20,8,12,11,7,21,0,1,20,8,12,10,21,6,7,20,0,11,10,0,21,6,7,20,10,12,10,0,21,0,1,20,0,11,10,21,12,12,20,1,12,11,1,21,12,12,20,21,12,11,1,21,0,1,20,1,12,10,21,12,12,20,21,12,12,20,21,12,12,20,21,12,12,20,21,0,1,20,21,12,10,21,10,10,20,21,12,12,20,21,10,10,20,16,12,12,20,21,0,1,20,21,12,10,21,0,1,20,21,12,12,20,21,0,1,20,0,11,12,20,21,0,1,20,21,12,10,21,0,1,20,0,11,10,0,21,0,1,20,0,11,10,0,21,0,1,20,0,11,10,21,0,1,20,0,11,10,0,21,0,1,20,0,11,10,0,21,0,1,20,0,11,10,0,0,1,20,0,0,0,0,21,0,0,0,0,11,10,0,0,0,0,0,0,11,10,18,11,26,20,12,2,2,11,21,26,11,17,19,27,12,11,3,0,0,3,12,12,21
0,21,17,0,0,21,17,0,13,23,1,5,23,9,0,21,17,0,13,23,1,5,23,0,26,21,0,0,1,1,0,1,1,0,0,1,0,0,1,1,0,1,1,0,0,1,0,20,16,0,0,0,0,0,0,0,0,0,0,0,0,0,0,0,0,0,0,0,0,11,11,11,11,11,11,11,11,11,11,11,11,11,11,11,11,11,11,11,11,11,11,11,4,4,4,4,4,4,4,4,4,4,4,4,4,4,4,4,4,4,4,4,4,4,4,0,0,6,15,15,0,0,1,15,15,15,15,15,15,4,0,0,0,2,15,15,15,15,0,0,12,29,28,0,0,2,29,29,29,29,29,29,8,0,0,0,3,29,29,29,29,0,0,1,2,23,0,0,0,2,2,2,2,2,15,8,0,0,0,3,20,2,2,2,3,18,0,0,23,17,17,17,17,17,17,6,0,13,8,0,0,0,3,18,0,2,17,3,18,0,0,22,0,0,0,0,0,0,0,0,13,8,0,0,0,3,18,0,0,0,3,18,0,0,22,0,0,1,13,13,13,13,13,21,8,0,0,0,3,24,13,13,13,1,9,5,11,25,0,0,2,29,29,29,29,29,29,8,0,0,0,3,29,29,29,29,0,0,12,29,28,0,0,0,4,4,4,4,4,16,8,0,0,0,3,20,4,4,4,0,0,3,6,6,0,0,0,0,0,0,0,0,13,8,0,0,0,3,18,0,0,0,17,17,17,17,17,17,17,17,17,17,17,17,11,13,8,0,0,0,3,18,8,17,17,0,0,0,0,0,0,0,0,0,0,0,0,0,13,8,0,0,0,3,18,0,0,0,25,25,25,24,0,19,25,25,25,25,25,24,0,13,8,0,0,0,3,18,0,19,25,29,25,22,21,0,17,26,29,23,22,22,21,0,13,8,0,0,0,3,18,0,17,22,29,11,0,0,0,0,16,29,1,0,0,0,0,13,8,0,0,0,3,18,0,0,0,29,11,12,27,27,9,16,29,1,2,17,17,17,21,8,0,0,0,3,23,17,17,17,29,11,2,4,4,1,16,29,1,0,0,0,0,0,0,0,0,0,0,0,0,0,0,29,26,23,23,23,23,27,29,24,23,23,22,0,0,0,0,0,0,0,0,0,18,23,25,25,25,25,25,25,25,25,25,25,25,23,0,0,0,0,0,0,0,0,0,19,25
0,0,5,6,0,10,1,0,12,0,0,0,0,12,29,5,2,29,15,0,22,25,0,0,6,7,7,7,7,7,7,7,6,0,0,0,12,29,5,2,29,15,0,22,25,0,0,7,8,8,8,8,8,8,8,7,0,0,0,12,29,5,2,29,15,0,22,25,0,0,10,11,5,0,7,11,11,9,0,0,0,0,12,29,5,2,29,15,0,22,25,0,0,18,23,12,0,19,21,20,22,0,0,0,0,12,29,5,2,29,15,0,22,25,0,0,7,11,12,0,19,6,5,22,0,0,0,0,12,29,5,2,29,15,0,22,25,0,0,19,12,12,0,14,12,12,22,0,0,0,0,12,29,5,2,29,15,0,22,25,0,0,19,12,12,0,0,9,12,22,0,0,0,0,12,29,5,2,29,15,0,22,25,0,0,23,12,12,4,17,21,12,22,0,0,0,0,12,29,5,2,29,15,0,22,25,0,0,12,11,12,3,14,14,6,22,0,0,0,0,12,29,5,2,29,15,0,22,25,0,0,12,19,12,0,9,13,13,22,0,0,0,0,12,29,5,1,11,6,0,9,10,0,0,16,22,12,0,19,20,18,22,0,0,0,0,12,29,5,0,0,0,0,0,0,0,0,2,10,12,3,19,4,1,22,2,0,0,0,12,29,5,2,29,15,0,22,25,0,0,19,12,12,22,19,12,12,22,19,2,0,0,12,29,5,2,29,15,0,22,25,0,0,19,12,12,22,19,12,12,22,19,2,0,0,12,29,5,2,29,15,0,22,25,0,0,19,12,12,22,19,12,12,22,19,2,0,0,12,29,5,2,29,15,0,22,25,0,0,15,12,12,17,19,10,9,22,15,2,0,0,12,29,5,2,29,15,0,22,25,0,0,0,9,12,0,19,2,0,22,0,0,0,0,12,29,5,2,29,15,0,22,25,0,0,0,9,12,0,19,2,0,22,0,0,0,0,12,27,5,2,29,15,0,22,25,0,0,0,9,12,0,19,2,0,22,0,0,0,0,0,0,0,2,29,15,0,22,25,0,0,0,9,12,0,19,2,0,22,0,0,0,0,6,14,2,2,29,15,0,22,25,0,0,0,8,11,0,17,2,0,20,0,0,0,0,12,29,5,2,29,15,0,22,25,0,0,0,0,0,0,0,0,0,0,0,0,0,0,12,29,5,2,29,15,0,22,25,0
0,0,0,0,0,0,0,0,0,0,0,0,0,0,0,0,0,0,0,0,0,0,0,0,0,0,0,0,0,0,0,0,0,0,0,0,0,0,0,0,0,0,0,0,0,0,0,0,8,8,8,8,8,8,8,8,8,8,8,8,8,8,8,8,8,0,0,0,0,0,0,7,7,7,7,7,7,7,7,7,7,7,7,7,7,7,7,7,0,0,0,0,0,0,4,9,20,20,20,11,0,0,0,0,0,1,0,0,1,1,0,1,1,0,0,0,0,6,12,28,29,28,15,0,0,0,0,7,29,10,0,27,20,0,17,29,0,0,0,0,0,3,7,29,10,3,0,0,0,0,7,29,10,0,27,20,0,17,29,0,0,0,0,0,22,7,29,10,22,0,0,0,0,7,29,10,0,27,20,0,17,29,0,0,0,0,0,22,7,29,10,22,0,0,0,0,7,29,10,0,27,20,0,17,29,0,0,0,0,0,18,7,29,10,18,0,0,0,0,7,29,10,0,27,20,0,17,29,0,0,0,0,8,8,14,29,16,5,0,0,0,0,7,29,10,0,27,20,0,17,29,0,0,0,0,29,29,29,29,29,19,0,0,0,0,2,10,4,0,10,7,0,6,10,0,0,0,0,9,9,9,9,9,6,0,0,0,0,0,0,0,0,0,0,0,0,0,0,0,0,0,17,17,17,17,17,17,17,17,17,17,17,17,17,17,17,17,17,0,0,0,0,0,0,0,0,0,0,0,0,0,0,0,0,0,0,0,0,0,0,0,0,0,0,0,0,0,6,6,6,6,6,3,0,0,0,0,0,0,0,0,0,0,0,0,0,0,0,0,0,29,29,29,29,29,16,0,15,25,0,6,25,9,0,24,18,0,15,25,0,0,0,0,28,24,11,11,11,6,0,17,29,0,7,29,10,0,27,20,0,17,29,0,0,0,0,27,20,0,0,0,0,0,17,29,0,7,29,10,0,27,20,0,17,29,0,0,0,0,27,20,1,14,14,8,0,17,29,0,7,29,10,0,27,20,0,17,29,0,0,0,0,9,6,1,9,9,5,0,5,9,0,2,9,3,0,9,6,0,5,9,0,0,0,0,0,0,0,0,0,0,0,0,0,0,0,0,0,0,0,0,0,0,0,0,0,0,0,0,0,0,0,0,0,0,0,0,0,0,0,0,0,0,0,0,0,0,0,0
11,0,2,11,4,0,10,8,0,6,11,0,2,11,4,0,10,8,0,6,11,0,2,0,0,0,0,0,0,0,0,0,0,0,0,0,0,0,0,0,0,0,0,0,0,0,17,17,17,17,17,17,17,17,17,17,17,17,17,17,17,17,17,17,17,17,17,17,17,0,0,0,0,0,0,0,0,0,0,0,0,0,0,0,0,0,0,0,0,0,0,0,0,3,15,0,11,7,0,19,0,3,15,0,11,7,0,19,0,0,0,0,11,7,0,0,3,18,0,13,8,0,22,0,3,18,0,13,8,0,22,0,0,0,0,13,8,0,0,3,18,0,13,8,0,22,0,3,18,0,13,8,0,22,0,0,0,0,13,8,0,0,3,18,0,13,8,0,22,0,3,18,0,13,8,0,22,0,0,0,0,13,8,0,0,3,18,0,13,8,0,22,0,3,18,0,13,8,0,22,0,0,0,0,13,8,0,0,3,20,3,16,8,0,23,3,7,18,0,13,11,3,23,0,0,0,0,13,11,3,0,3,29,28,29,8,0,23,28,29,18,0,13,29,28,28,0,0,0,0,13,29,28,2,5,18,3,13,9,3,22,2,5,18,3,13,9,3,22,2,1,0,3,13,9,3,13,12,18,22,13,12,18,22,13,12,18,22,13,12,18,22,13,8,0,22,13,12,18,13,12,18,22,13,12,18,22,13,12,18,22,13,12,18,22,13,8,0,22,13,12,18,13,11,10,22,7,9,18,13,13,11,10,22,7,9,18,13,13,8,0,22,7,9,18,13,9,1,22,0,3,18,0,13,9,1,22,0,4,18,0,13,8,0,22,0,3,18,13,12,18,22,0,3,18,0,13,12,18,22,13,12,18,0,13,8,0,22,0,3,18,13,12,18,22,0,3,18,0,13,12,18,22,13,12,18,0,13,8,0,22,0,3,18,13,12,18,22,0,3,18,0,13,12,18,22,13,12,18,0,13,8,0,22,0,3,18,13,12,18,22,0,0,0,0,13,12,18,22,13,12,18,0,0,0,0,0,0,3,18,11,11,18,18,0,0,0,0,11,11,18,18,13,12,15,0,0,0,0,0,0,3,15,0,3,18,0,0,0,0,0,0,3,18,0,13,8,0,0,0,0,0,0,0,0,0,0,3,18,0,0,0,0,0,0,3,18,0,13,8,0,0,0,0,0,0,0,0,0
8,0,22,0,3,18,9,13,10,8,22,0,3,18,0,13,10,8,22,6,7,18,0,9,3,22,2,5,18,4,13,9,3,22,2,5,18,4,13,9,3,22,2,5,18,4,12,18,22,13,12,18,22,13,12,18,22,13,12,18,22,13,12,18,22,13,12,18,22,12,18,22,13,12,18,22,13,12,18,22,13,12,18,22,13,12,18,22,13,12,18,22,8,18,12,13,11,10,22,7,8,18,12,13,11,10,22,7,8,18,12,13,11,10,22,19,18,0,13,21,17,26,0,3,25,17,23,8,0,23,17,19,18,0,13,21,17,26,16,18,0,13,19,14,25,0,3,24,14,21,8,0,23,14,16,18,0,13,19,14,25,3,18,0,13,8,0,22,0,3,18,0,13,8,0,22,0,3,18,0,13,8,0,22,3,18,0,13,8,0,22,0,3,18,0,13,8,0,22,0,3,18,0,13,8,0,22,3,18,0,13,8,0,22,0,3,18,0,13,8,0,22,0,3,18,0,13,8,0,22,3,18,0,13,8,0,22,0,3,18,0,13,8,0,22,0,3,18,0,13,8,0,22,3,18,0,13,8,0,22,0,3,18,0,13,8,0,22,0,3,18,0,13,8,0,22,0,3,0,2,1,0,4,0,0,3,0,2,1,0,4,0,0,3,0,2,1,0,4,17,17,17,17,17,17,17,17,17,17,17,17,17,17,17,17,17,17,17,17,17,17,17,0,0,0,0,0,0,0,0,0,0,0,0,0,0,0,0,0,0,0,0,0,0,0,0,9,8,0,6,10,0,2,10,4,0,9,8,0,0,0,0,2,10,4,0,0,0,0,26,21,0,16,29,1,6,29,11,0,26,21,0,0,0,0,6,29,11,0,0,2,0,26,21,0,16,29,1,6,29,11,0,26,21,0,0,0,0,6,29,11,0,0,3,0,26,21,0,16,29,1,6,29,11,0,26,21,0,1,5,0,6,29,11,0,0,3,0,26,21,0,16,29,1,6,29,11,0,26,21,0,3,18,0,6,29,11,0,0,3,0,26,21,0,16,29,1,6,29,11,0,26,21,0,3,18,0,6,29,11,0,0,3,0,26,21,0,16,29,1,6,29,11,0,26,21,0,3,18,0,6,29,11,0,0,3,0,1,1,0,1,1,0,0,1,0,0,26,21,0,3,18,0,6,29,11,0,0,3
0,3,18,0,13,8,0,22,0,3,18,0,13,8,0,22,0,0,0,0,13,8,0,0,3,18,0,13,8,0,22,0,3,18,0,13,8,0,22,0,0,0,0,13,8,0,0,3,18,0,13,8,0,22,0,3,18,0,13,8,0,22,0,0,0,0,13,8,0,0,3,18,0,13,8,0,22,0,3,18,0,13,8,0,22,0,0,0,0,13,8,0,0,2,10,0,7,4,0,12,0,2,10,0,7,4,0,12,0,0,0,0,7,4,0,7,7,7,7,7,7,7,7,7,7,7,7,7,7,7,7,7,7,7,7,7,7,7,8,8,8,8,8,8,8,8,8,8,8,8,8,8,8,8,8,8,8,8,8,8,8,0,0,0,0,0,0,0,0,0,0,0,0,0,0,0,0,0,0,0,0,0,0,0,29,1,6,29,11,0,26,21,0,16,29,1,6,29,11,0,26,21,0,16,29,1,6,29,1,6,29,11,0,26,21,0,16,29,1,6,29,11,0,26,21,0,16,29,1,6,29,1,6,29,11,0,26,21,0,16,29,1,6,29,11,0,26,21,0,16,29,1,6,29,1,6,29,11,0,26,21,0,16,29,1,6,29,11,0,26,21,0,16,29,1,6,29,1,6,29,11,0,26,21,0,16,29,1,6,29,11,0,26,21,0,16,29,1,6,29,1,6,29,11,0,26,21,0,16,29,1,6,29,11,0,26,21,0,16,29,1,6,11,0,2,11,4,0,10,8,0,6,11,0,2,11,4,0,10,8,0,6,11,0,2,0,0,0,0,0,0,0,0,0,0,0,0,0,0,0,0,0,0,0,0,0,0,0,17,17,17,17,17,17,17,17,17,17,17,17,17,17,17,17,17,17,17,17,17,17,17,0,0,0,0,0,0,0,0,0,0,0,0,0,0,0,0,0,0,0,0,0,0,0,0,0,0,0,0,0,0,0,0,0,0,0,0,0,0,0,0,0,0,0,0,0,0,25,1,5,25,9,0,22,18,0,14,25,1,5,25,9,0,22,18,0,14,25,1,5,29,1,6,29,11,0,26,21,0,16,29,1,6,29,11,0,26,21,0,16,29,1,6,29,1,6,29,11,0,26,21,0,16,29,1,6,29,11,0,26,21,0,16,29,1,6,29,1,6,29,11,0,26,21,0,16,29,1,6,29,11,0,26,21,0,16,29,1,6
0,0,0,0,0,14,18,18,8,0,0,0,0,0,0,0,0,0,0,0,0,0,0,17,17,17,17,17,17,17,17,17,17,17,17,17,17,17,17,17,17,17,17,17,17,17,0,0,0,0,0,0,0,0,0,0,0,0,0,0,0,0,0,0,0,0,0,0,0,0,0,0,0,0,0,0,0,0,0,0,0,0,0,0,0,0,0,0,0,0,0,0,0,8,6,0,5,8,0,2,8,3,0,8,6,0,5,8,0,2,8,3,0,8,6,0,26,21,0,16,29,1,6,29,11,0,26,21,0,16,29,1,6,29,11,0,26,21,0,26,21,0,16,29,1,6,29,11,0,26,21,0,16,29,1,6,29,11,0,26,21,0,26,21,0,16,29,1,6,29,11,0,26,21,0,16,29,1,6,29,11,0,26,21,0,26,21,0,16,29,1,6,29,11,0,26,21,0,16,29,1,6,29,11,0,26,21,0,14,11,0,9,15,1,3,15,6,0,14,11,0,9,15,1,3,15,6,0,14,11,0,0,0,0,0,0,0,0,0,0,0,0,0,0,0,0,0,0,0,0,0,0,0,0,0,0,0,0,0,0,0,0,0,0,0,0,0,0,0,0,0,0,0,0,0,0,17,17,17,17,17,17,17,17,17,17,17,17,17,17,17,17,17,17,17,17,17,17,17,0,0,0,0,0,0,0,1,17,17,17,2,0,0,0,0,0,0,0,0,0,0,0,0,18,15,0,11,20,1,1,14,14,29,3,0,0,11,20,1,4,20,8,0,18,15,0,26,21,0,16,29,1,0,13,0,28,3,0,0,16,29,1,6,29,11,0,26,21,0,26,21,0,16,29,1,0,22,0,28,3,0,0,16,29,1,6,29,11,0,26,21,0,26,21,0,16,29,1,0,22,0,28,3,0,0,16,29,1,6,29,11,0,26,21,0,26,21,0,16,29,1,0,22,0,28,3,0,0,16,29,1,6,29,11,0,26,21,0,26,21,0,16,29,1,0,22,0,28,3,0,0,16,29,1,6,29,11,0,26,21,0,19,16,0,12,21,1,0,3,3,29,3,0,0,12,21,1,5,21,8,0,19,16,0,0,0,0,0,0,0,2,28,28,28,3,0,0,0,0,0,0,0,0,0,0,0,7,7,7,7,7,7,7,7,7,7,7,7,7,7,7,7,7,7,7,7,7,7,7
0,0,16,0,0,0,27,20,0,17,29,0,4,17,6,0,16,12,0,10,17,0,0,0,0,0,0,0,0,27,20,0,17,29,0,0,0,0,0,0,0,0,0,0,0,0,0,0,0,0,0,0,20,15,0,13,21,0,6,25,9,0,23,17,0,14,25,0,0,0,0,0,0,0,0,0,0,0,0,0,0,7,29,10,0,27,20,0,17,29,0,0,0,0,7,7,7,7,7,7,7,5,0,0,7,29,10,0,27,20,0,17,29,0,0,0,0,8,8,8,8,8,8,8,5,0,0,7,29,10,0,27,20,0,17,29,0,0,0,0,19,19,17,0,0,0,0,0,0,0,7,29,10,0,27,20,0,17,29,0,0,0,0,29,29,26,0,0,0,0,8,14,0,7,29,10,0,27,20,0,17,29,0,0,0,0,27,20,1,1,0,0,0,17,29,0,7,29,10,0,27,20,0,17,29,0,0,0,0,27,20,14,7,0,0,0,17,29,0,7,29,10,0,27,20,0,17,29,0,0,0,0,27,20,14,7,0,0,0,17,29,0,7,29,10,0,27,20,0,17,29,0,0,0,0,27,20,12,6,0,0,0,17,29,0,7,29,10,0,27,20,0,17,29,0,0,0,0,28,23,7,0,0,0,0,5,9,0,2,9,3,0,9,6,0,5,9,0,0,0,0,29,29,29,0,0,0,0,0,0,0,0,0,0,0,0,0,0,0,0,0,0,0,0,10,10,10,0,0,0,0,0,0,0,0,0,0,0,0,0,0,0,0,0,0,0,0,17,17,17,17,17,17,17,17,17,17,17,17,17,17,17,17,17,0,0,0,0,0,0,0,0,0,0,0,0,0,0,0,0,0,0,0,0,0,0,0,0,0,0,0,0,0,0,0,0,0,0,0,0,0,0,0,0,0,0,0,0,0,0,0,0,0,0,0,0,2,8,3,0,8,6,0,5,8,0,2,8,3,0,8,6,0,5,8,0,0,0,0,7,29,10,0,27,20,0,17,29,0,7,29,10,0,27,20,0,17,29,0,0,0,0,7,29,10,0,27,20,0,17,29,0,7,29,10,0,27,20,0,17,29,0,0,0,0,7,29,10,0,27,20,0,17,29,0,7,29,10,0,27,20,0,17,29,0,0,0,0,7,29,10,0,27,20,0,17,29,0,7,29,10,0,27,20,0,17,29,0,0
21,0,0,0,14,29,3,4,29,13,0,25,23,0,14,29,3,4,29,13,0,25,22,21,0,0,0,0,0,0,0,0,0,0,0,0,0,0,0,0,0,0,0,0,0,0,21,0,0,0,0,0,0,0,0,0,0,0,0,0,0,0,0,0,0,0,0,0,0,21,0,0,0,0,0,0,0,0,0,0,0,0,0,0,0,0,0,0,0,0,0,0,21,0,0,0,0,13,17,17,17,17,17,17,17,17,17,17,17,17,17,17,17,17,13,21,0,0,0,0,0,0,0,0,0,0,0,0,0,0,0,0,0,0,0,0,0,0,21,0,0,0,0,0,0,0,0,0,0,0,0,0,0,0,0,0,0,0,0,0,0,21,0,0,0,9,18,2,3,18,8,0,15,15,0,9,18,2,3,18,8,0,15,14,21,0,0,0,14,29,3,4,29,13,0,25,23,0,14,29,3,4,29,13,0,25,22,21,0,0,0,14,29,3,4,29,13,0,25,23,0,14,29,3,4,29,13,0,25,22,21,0,0,0,14,29,3,4,29,13,0,25,23,0,14,29,3,4,29,13,0,25,22,21,0,0,0,14,29,3,4,29,13,0,25,23,0,14,29,3,4,29,13,0,25,22,21,0,0,0,2,5,0,0,5,2,0,4,4,0,2,5,0,0,5,2,0,4,4,21,0,0,0,0,0,0,0,0,0,0,0,0,0,0,0,0,0,0,0,0,0,0,21,0,0,0,0,6,7,7,7,7,7,7,7,7,7,7,7,7,7,7,7,7,6,21,0,0,0,0,6,8,8,8,8,8,8,8,8,8,8,8,8,8,8,8,8,6,21,0,0,0,0,0,0,0,0,0,0,0,0,0,0,0,0,0,0,0,0,0,0,21,0,0,0,14,29,3,4,29,13,0,25,23,0,14,29,3,4,29,13,0,25,22,21,0,0,0,14,29,3,4,29,13,0,25,23,0,14,29,3,4,29,13,0,25,22,21,0,0,0,14,29,3,4,29,13,0,25,23,0,14,29,3,4,29,13,0,25,22,21,0,0,0,14,29,3,4,29,13,0,25,23,0,14,29,3,4,29,13,0,25,22,21,0,0,0,14,29,3,4,29,13,0,25,23,0,14,29,3,4,29,13,0,25,22,16,0,0,0,14,29,3,4,29,13,0,25,23,0,14,29,3,4,29,13,0,25,22
0,13,8,0,22,0,3,18,0,0,0,0,16,29,1,6,29,11,0,26,21,0,16,0,13,8,0,22,0,3,18,0,0,0,0,16,29,1,6,29,11,0,26,21,0,16,0,13,8,0,22,0,3,18,0,0,0,0,16,29,1,6,29,11,0,26,21,0,16,0,13,8,0,22,0,3,18,0,0,0,0,16,29,1,6,29,11,0,26,21,0,16,9,13,10,7,22,5,7,18,9,0,0,0,16,29,1,6,29,11,0,26,21,0,16,22,13,12,18,22,13,12,18,22,0,0,0,16,29,1,6,29,11,0,26,21,0,16,22,13,12,18,22,13,12,18,22,0,0,0,6,11,0,2,11,4,0,10,8,0,6,22,13,12,18,22,13,12,18,22,0,0,0,0,0,0,0,0,0,0,0,0,0,0,11,13,10,9,22,6,8,18,11,0,0,0,0,0,0,14,17,17,17,17,17,17,17,7,18,8,0,23,7,10,18,0,0,0,0,0,0,0,0,0,0,0,0,0,0,0,25,27,8,0,20,25,25,18,0,0,0,0,0,0,0,0,0,0,0,0,0,0,0,3,13,8,1,3,3,5,18,0,0,0,0,14,25,1,5,25,9,0,22,18,0,14,28,13,8,10,28,29,12,18,0,0,0,0,16,29,1,6,29,11,0,26,21,0,16,22,13,8,0,0,13,12,18,0,0,0,0,16,29,1,6,29,11,0,26,21,0,16,22,13,8,0,7,13,12,18,0,0,0,0,16,29,1,6,29,11,0,26,21,0,16,17,13,8,0,22,10,10,18,0,0,0,0,16,29,1,6,29,11,0,26,21,0,16,9,19,8,0,23,9,12,18,0,0,0,0,0,0,0,0,0,0,0,0,0,0,0,22,22,6,0,18,22,22,14,0,0,0,0,0,0,0,0,0,0,0,0,0,0,0,0,0,0,0,0,0,0,0,0,0,0,0,0,0,0,0,0,0,0,0,0,0,0,17,17,17,17,17,17,17,17,11,0,0,0,0,0,0,14,17,17,17,17,17,17,0,0,2,1,0,4,0,0,3,0,0,0,0,0,0,0,0,0,0,0,0,0,0,0,0,13,8,0,22,0,3,18,0,0,0,0,0,0,0,0,0,0,0,0,0,0,0,0,13,8,0,22,0,3,18,0,0,0,0,10,18,1,4,18,7,0,17,13,0,0
0,0,0,22,0,0,0,0,0,3,18,0,0,0,0,0,13,8,18,13,0,0,0,0,0,0,8,0,0,0,0,0,1,6,0,0,0,0,0,5,3,18,13,0,0,0,21,21,21,21,21,21,21,21,21,21,21,21,21,21,21,21,21,21,27,13,0,0,0,10,10,10,10,10,10,10,10,10,10,10,10,10,10,10,10,10,10,10,5,0,0,0,17,17,17,17,17,17,17,17,17,17,17,17,17,17,17,17,17,17,17,11,0,0,14,0,0,0,0,0,0,0,0,0,0,0,0,0,0,0,0,0,0,0,0,0,0,0,21,29,29,29,29,29,29,29,29,17,1,29,29,29,29,29,29,17,0,0,0,0,0,13,18,18,18,28,27,18,18,18,11,1,18,28,27,18,18,18,11,0,0,2,8,3,13,17,16,0,26,21,1,17,17,17,16,0,26,21,1,17,17,10,0,0,6,29,11,11,14,13,0,26,21,1,14,14,14,13,0,26,21,1,14,14,8,0,0,6,29,11,0,0,0,0,26,21,0,0,0,0,0,0,26,21,0,0,0,0,0,0,6,29,11,8,11,11,11,28,25,11,11,11,11,11,11,28,25,11,11,11,7,0,0,6,29,11,21,29,29,29,29,29,29,29,29,29,29,29,29,29,29,29,29,17,0,0,3,15,6,5,6,6,6,6,6,6,6,6,6,6,6,6,6,6,6,6,4,0,0,0,0,0,0,0,0,0,0,0,0,0,0,0,0,0,0,0,0,0,0,0,0,0,0,0,0,17,17,17,17,17,17,17,17,17,17,17,17,17,17,17,17,17,17,17,17,17,17,17,8,9,9,9,9,9,9,9,9,9,9,9,9,9,9,9,9,6,0,0,0,0,0,26,29,29,29,29,29,29,29,29,29,29,29,29,29,29,29,29,20,0,0,4,20,8,26,24,8,8,27,24,8,8,8,20,29,10,8,8,13,29,17,6,0,0,6,29,11,26,21,11,7,26,21,0,3,15,16,29,1,0,18,6,29,11,18,0,0,6,29,11,26,21,13,8,26,21,0,3,18,16,29,1,0,22,6,29,11,22,0,0,6,29,11,26,21,13,8,26,21,0,3,18,16,29,1,0,22,6,29,11,22,0,0,6,29,11,26,21,2,1,26,21,0,0,3,16,29,1,0,3,6,29,11,3,0,0,6,29,11
16,0,12,25,25,25,0,3,25,25,25,7,0,20,25,25,16,0,12,25,25,25,0,18,0,13,14,9,24,0,3,21,10,17,8,0,23,8,11,18,0,13,14,9,24,0,18,0,13,12,18,22,0,3,18,22,13,8,0,22,13,12,18,0,13,12,18,22,0,18,0,3,6,18,22,0,1,5,22,13,8,0,6,13,12,18,0,3,6,18,22,0,18,0,1,5,18,22,0,1,1,23,13,8,0,1,15,12,18,0,1,5,18,22,0,18,0,29,29,18,22,0,20,29,28,13,8,10,29,29,12,18,0,29,29,18,22,0,18,0,0,0,0,22,0,0,0,0,13,8,0,0,0,4,18,0,0,0,0,22,0,18,0,13,27,27,28,0,3,27,27,28,8,0,22,27,28,18,0,13,27,27,28,0,18,0,13,12,4,23,0,3,20,4,16,8,0,23,4,8,18,0,13,12,4,23,0,18,13,13,11,11,22,8,9,18,13,13,11,11,22,8,9,18,13,13,11,11,22,8,18,22,13,12,18,22,13,12,18,22,13,12,18,22,13,12,18,22,13,12,18,22,13,18,22,13,12,18,22,13,12,18,22,13,12,18,22,13,12,18,22,13,12,18,22,13,18,22,13,12,18,22,13,12,18,22,13,12,18,22,13,12,18,22,13,12,18,22,13,18,6,13,10,5,22,4,6,18,6,13,10,5,22,4,6,18,6,13,10,5,22,4,18,0,13,8,0,22,0,3,18,0,13,8,0,22,0,3,18,0,13,8,0,22,0,18,0,13,8,0,22,0,3,18,0,13,8,0,22,0,3,18,0,13,8,0,22,0,18,0,13,8,0,22,0,3,18,0,13,8,0,22,0,3,18,0,13,8,0,22,0,18,0,13,8,0,22,0,3,18,0,13,8,0,22,0,3,18,0,13,8,0,22,0,8,0,6,3,0,9,0,1,8,0,6,3,0,9,0,1,8,0,6,3,0,9,0,11,11,11,11,11,11,11,11,11,11,11,11,11,11,11,11,11,11,11,11,11,11,11,4,4,4,4,4,4,4,4,4,4,4,4,4,4,4,4,4,4,4,4,4,4,4,10,0,7,15,15,15,0,2,15,15,15,4,0,12,15,15,10,0,7,15,15,15,0,17,0,12,19,17,24,0,3,23,17,21,8,0,21,17,18,17,0,12,19,17,24,0
16,0,12,25,25,25,0,3,25,25,25,7,0,20,25,25,16,0,12,25,25,25,0,18,0,13,14,9,24,0,3,21,10,17,8,0,23,8,11,18,0,13,14,9,24,0,18,0,13,12,18,22,0,3,18,22,13,8,0,22,13,12,18,0,13,12,18,22,0,18,0,3,6,18,22,0,1,5,22,13,8,0,6,13,12,18,0,3,6,18,22,0,18,0,1,5,18,22,0,1,1,23,13,8,0,1,15,12,18,0,1,5,18,22,0,18,0,29,29,18,22,0,20,29,28,13,8,10,29,29,12,18,0,29,29,18,22,0,18,0,0,0,0,22,0,0,0,0,13,8,0,0,0,4,18,0,0,0,0,22,0,18,0,13,27,27,28,0,3,27,27,28,8,0,22,27,28,18,0,13,27,27,28,0,18,0,13,12,4,23,0,3,20,4,16,8,0,23,4,8,18,0,13,12,4,23,0,18,13,13,11,11,22,8,9,18,13,13,11,11,22,8,9,18,13,13,11,11,22,8,18,22,13,12,18,22,13,12,18,22,13,12,18,22,13,12,18,22,13,12,18,22,13,18,22,13,12,18,22,13,12,18,22,13,12,18,22,13,12,18,22,13,12,18,22,13,18,22,13,12,18,22,13,12,18,22,13,12,18,22,13,12,18,22,13,12,18,22,13,18,6,13,10,5,22,4,6,18,6,13,10,5,22,4,6,18,6,13,10,5,22,4,18,0,13,8,0,22,0,3,18,0,13,8,0,22,0,3,18,0,13,8,0,22,0,18,0,13,8,0,22,0,3,18,0,13,8,0,22,0,3,18,0,13,8,0,22,0,18,0,13,8,0,22,0,3,18,0,13,8,0,22,0,3,18,0,13,8,0,22,0,18,0,13,8,0,22,0,3,18,0,13,8,0,22,0,3,18,0,13,8,0,22,0,8,0,6,3,0,9,0,1,8,0,6,3,0,9,0,1,8,0,6,3,0,9,0,11,11,11,11,11,11,11,11,11,11,11,11,11,11,11,11,11,11,11,11,11,11,11,4,4,4,4,4,4,4,4,4,4,4,4,4,4,4,4,4,4,4,4,4,4,4,10,0,7,15,15,15,0,2,15,15,15,4,0,12,15,15,10,0,7,15,15,15,0,17,0,12,19,17,24,0,3,23,17,21,8,0,21,17,18,17,0,12,19,17,24,0
0,0,0,0,0,0,0,0,0,0,0,0,0,0,0,0,0,0,0,0,0,0,0,0,0,0,0,0,0,0,0,0,0,0,0,0,0,0,0,0,0,0,0,0,0,0,9,0,20,16,0,0,0,0,0,18,2,4,15,0,11,7,3,18,0,3,15,4,11,11,0,26,21,0,0,0,0,0,21,13,12,18,0,13,12,18,22,0,3,17,22,13,11,0,26,21,0,0,0,0,0,0,13,12,18,0,0,3,18,22,0,0,0,22,13,11,0,26,21,0,0,0,0,4,11,20,12,18,0,11,14,18,22,0,8,11,25,13,11,0,26,21,0,0,0,0,7,20,20,10,18,0,20,20,13,22,0,14,20,20,13,0,0,1,1,0,0,0,0,0,6,7,10,18,0,3,7,7,24,0,1,7,7,18,0,0,0,0,0,0,0,0,0,23,25,25,18,0,13,26,25,27,0,3,28,25,27,11,8,0,0,0,0,0,0,0,22,0,3,18,0,13,8,0,22,0,3,18,0,13,4,3,0,0,0,0,0,3,17,22,13,12,18,21,13,12,17,22,13,12,18,21,13,1,0,4,3,0,0,0,3,18,22,13,12,18,22,13,12,18,22,13,12,18,22,13,11,0,26,21,0,0,0,3,18,22,13,12,18,22,13,12,18,22,13,12,18,22,13,11,0,26,21,0,0,0,3,18,22,13,12,18,22,13,12,18,22,13,12,18,22,13,11,0,26,21,0,0,0,0,0,22,0,3,18,0,13,8,0,22,0,3,18,0,13,11,0,26,21,0,0,0,0,0,22,0,3,18,0,13,8,0,22,0,3,18,0,13,11,0,26,21,0,0,0,0,0,22,0,3,18,0,13,8,0,22,0,3,18,0,13,11,0,26,21,0,0,0,0,0,22,0,3,18,0,13,8,0,22,0,3,18,0,13,3,0,7,5,0,0,0,0,0,22,0,3,18,0,13,8,0,22,0,3,18,0,13,0,0,0,0,0,0,0,0,0,2,0,0,1,0,1,0,0,2,0,0,1,0,1,17,11,0,0,0,0,0,0,14,17,17,17,17,17,17,17,17,17,17,17,17,17,17,0,0,0,0,0,0,0,0,0,0,0,0,0,0,0,0,0,0,0,0,0,0,0,0,0,0,0,0,0,0,0,0,0,0,0,0,0,0,0,0,0,0,0,0,0,0
4,0,22,2,4,4,1,13,9,4,4,2,0,0,16,29,1,6,29,11,0,26,21,7,0,23,23,23,15,0,13,25,23,23,0,0,0,16,29,1,6,29,11,0,26,21,8,0,23,8,11,18,0,13,15,8,24,0,0,0,16,29,1,6,29,11,0,26,21,10,8,22,6,8,18,10,13,10,8,22,6,4,0,16,29,1,6,29,11,0,26,21,12,18,22,13,12,18,22,13,12,18,22,13,8,0,16,29,1,6,29,11,0,26,21,12,18,22,13,12,18,22,13,12,18,22,13,8,0,16,29,1,6,29,11,0,26,21,12,18,22,13,12,18,22,13,12,18,22,13,8,0,16,29,1,6,29,11,0,26,21,10,8,22,6,7,18,9,13,10,8,22,6,3,0,16,29,1,6,29,11,0,26,21,8,0,22,0,3,18,0,13,8,0,22,0,0,0,16,29,1,6,29,11,0,26,21,8,0,22,0,3,18,0,13,8,0,22,0,0,0,16,29,1,0,1,0,0,1,1,8,0,22,0,3,18,0,13,8,0,22,0,0,0,16,29,1,0,0,0,0,0,0,8,0,22,0,3,18,0,13,8,0,22,0,0,0,16,29,1,0,0,0,0,0,0,5,0,13,0,2,10,0,7,5,0,13,0,0,0,16,29,1,0,0,0,0,0,0,7,7,7,7,7,7,7,7,7,7,7,7,0,0,16,29,1,0,3,7,7,7,7,8,8,8,8,8,8,8,8,8,8,8,8,0,0,15,27,1,0,4,8,8,8,8,3,0,9,11,11,7,0,5,11,11,11,0,0,0,0,0,0,0,0,0,0,0,0,8,0,23,20,22,18,0,13,23,20,27,0,0,0,8,14,0,6,29,11,0,26,21,8,0,22,9,9,18,0,13,11,12,22,0,0,0,16,29,1,6,29,11,0,26,21,8,0,16,13,12,18,0,10,10,18,22,0,0,0,16,29,1,6,29,11,0,26,21,8,0,0,13,12,18,0,0,3,18,22,0,0,0,16,29,1,6,29,11,0,26,21,8,6,17,23,12,18,0,17,19,18,22,0,0,0,16,29,1,6,29,11,0,26,21,8,5,14,14,8,18,0,14,14,9,22,0,0,0,16,29,1,6,29,11,0,26,21,8,0,11,13,16,18,0,6,13,13,25,0,0,0,16,29,1,2,11,4,0,10,8
0,0,0,0,0,0,0,0,0,0,0,0,0,0,0,0,0,0,0,0,0,0,0,0,0,0,0,0,0,0,0,0,0,0,0,0,0,0,0,0,0,0,0,0,0,0,8,8,8,8,8,8,8,8,8,8,8,8,8,8,8,8,8,8,8,8,8,8,8,7,7,7,7,7,7,7,7,7,7,7,7,7,7,7,7,7,7,7,7,7,7,7,0,0,8,20,20,20,12,1,20,20,20,19,0,15,20,20,20,5,14,25,1,0,1,0,0,11,28,29,28,16,1,27,29,29,26,0,20,29,29,28,7,16,29,1,0,16,0,0,3,6,29,11,3,0,0,26,21,2,1,0,16,29,2,3,16,29,1,0,16,0,0,22,6,29,11,22,0,0,26,21,13,8,0,16,29,5,18,16,29,1,0,16,0,0,22,6,29,11,22,0,0,26,21,13,8,0,16,29,5,18,16,29,1,0,16,0,0,18,6,29,11,18,0,0,26,21,11,7,0,16,29,5,15,16,29,1,0,16,0,0,4,13,29,17,8,8,8,27,24,8,8,8,20,29,10,8,20,29,1,0,16,0,0,14,29,29,29,29,29,29,29,29,29,29,29,29,29,29,29,29,29,1,0,6,0,0,4,9,9,9,9,9,9,9,9,9,9,9,9,9,9,9,9,9,0,0,0,17,17,17,17,17,17,17,17,17,17,17,17,17,17,17,17,17,17,17,17,17,17,17,0,0,0,0,0,0,0,0,0,0,0,0,0,0,0,0,0,0,0,0,0,0,0,0,0,2,6,6,6,6,6,6,6,6,6,6,6,6,6,6,6,6,6,0,0,0,19,0,11,29,29,29,29,29,29,29,29,29,29,29,29,29,29,29,29,27,0,0,14,21,0,4,11,11,11,22,29,13,11,11,11,11,11,22,29,13,11,11,11,0,0,16,21,0,0,0,0,0,16,29,1,0,0,0,0,0,16,29,1,0,0,0,0,0,16,21,0,6,14,14,3,16,29,1,11,14,14,14,3,16,29,1,11,14,13,0,0,16,7,0,4,9,9,2,5,9,0,7,9,9,9,2,5,9,0,7,9,9,0,0,5,0,0,0,0,0,0,0,0,0,0,0,0,0,0,0,0,0,0,0,0,0,0,0,0,0,0,0,0,0,0,0,0,0,0,0,0,0,0,0,0,0,0,0,0,0,0
0,0,0,0,0,0,0,0,0,0,0,0,0,0,0,0,0,0,0,0,0,0,0,0,0,0,0,0,0,0,0,0,0,0,0,0,0,0,0,0,0,0,0,0,0,0,0,0,0,0,0,0,0,0,0,0,0,0,0,0,0,0,0,0,0,0,0,0,0,0,0,0,0,0,0,0,0,0,0,0,0,0,0,0,0,0,0,0,0,0,0,0,0,0,0,0,0,0,0,0,0,0,0,0,0,0,0,0,0,0,0,0,0,0,0,0,0,0,0,0,0,0,0,0,0,0,0,0,0,0,0,0,0,0,0,0,0,0,0,0,8,8,8,8,8,8,8,8,8,8,8,8,8,8,8,8,8,0,0,0,0,0,0,18,18,18,18,18,12,0,0,0,0,0,0,0,0,0,0,0,0,0,0,0,0,0,29,29,29,29,29,19,0,0,0,0,7,29,10,0,27,20,0,17,29,0,0,0,0,0,2,7,29,10,2,0,0,0,0,7,29,10,0,27,20,0,17,29,0,0,0,0,0,22,7,29,10,22,0,0,0,0,7,29,10,0,27,20,0,17,29,0,0,0,0,0,22,7,29,10,22,0,0,0,0,7,29,10,0,27,20,0,17,29,0,0,0,0,0,19,7,29,10,19,0,0,0,0,7,29,10,0,27,20,0,17,29,0,0,0,0,1,3,13,29,15,3,0,0,0,0,7,29,10,0,27,20,0,17,29,0,0,0,0,6,12,29,29,29,16,0,0,0,0,3,12,4,0,12,9,0,7,12,0,0,0,0,2,5,11,11,11,6,0,0,0,0,0,0,0,0,0,0,0,0,0,0,0,0,0,17,17,17,17,17,17,17,17,17,17,17,17,17,17,17,17,17,0,0,0,0,0,0,0,0,0,0,0,0,0,0,0,0,0,0,0,0,0,0,0,0,0,0,0,0,0,0,0,0,0,0,0,0,0,0,0,0,0,0,0,0,0,0,0,0,0,0,0,0,0,0,0,0,0,0,0,0,0,0,0,0,0,0,0,0,0,0,0,0,0,0,0,0,0,0,0,0,0,0,0,0,0,0,0,0,0,0,0,0,0,0,0,0,0,0,0,0,0,0,0,0,0,0,0,0,0,0,0,0,0,0,0,0,0,0,0,0,0,0,0,0,0,0,0,0,0,0,0,0,0,0,0,0,0,0,0,0,0,0
16,5,0,0,0,0,0,22,0,6,21,7,0,0,0,16,0,11,24,7,0,0,0,16,5,0,0,0,0,0,22,0,4,19,11,0,0,0,0,0,7,19,11,0,0,0,16,5,0,0,0,0,0,22,0,10,17,17,17,17,17,17,17,17,17,17,17,17,10,16,5,0,0,0,0,0,22,0,0,0,0,0,0,0,0,0,0,0,0,0,0,0,16,5,0,0,0,0,0,22,0,0,0,0,5,28,28,28,24,0,25,28,28,28,4,16,5,0,0,0,0,0,22,0,0,0,0,3,19,29,26,16,0,17,26,29,19,3,16,5,0,0,0,0,0,22,0,0,0,0,0,0,29,18,0,4,10,19,28,4,10,16,5,0,0,0,0,0,22,0,0,0,0,0,0,29,18,0,6,15,19,28,6,15,16,5,0,0,0,0,0,22,0,0,0,0,0,0,29,18,0,5,11,19,28,5,11,16,5,0,0,0,0,0,22,0,0,0,0,3,18,29,25,18,18,18,26,29,18,11,16,5,0,0,0,0,0,22,0,0,0,0,5,29,29,29,29,29,29,29,29,29,17,16,5,0,0,0,0,0,22,0,0,0,0,0,0,0,0,0,0,0,0,0,0,0,16,5,0,0,0,0,0,22,0,0,0,0,0,0,0,0,0,0,0,0,0,0,0,16,5,0,0,0,0,0,22,0,10,17,17,17,17,17,17,17,17,17,17,17,17,10,16,5,0,0,0,0,0,22,0,0,0,0,0,0,0,0,0,0,0,0,0,3,10,16,5,0,0,0,0,0,22,0,0,0,3,2,0,0,2,2,1,2,0,0,3,9,16,5,0,0,0,0,0,22,0,0,0,22,13,2,0,16,16,12,15,0,0,0,0,16,5,0,0,0,0,0,22,0,0,0,22,13,2,0,16,16,12,15,0,0,5,12,16,5,0,0,0,0,0,22,0,0,0,22,13,2,0,16,16,12,15,0,0,6,15,16,5,0,0,0,0,0,22,0,0,0,22,13,2,0,16,16,12,15,0,0,6,15,10,3,0,0,0,0,0,13,0,0,0,22,6,1,0,3,8,9,13,0,0,3,9,0,0,0,0,0,0,0,0,0,0,0,3,0,1,2,2,2,2,2,2,2,2,1,0,0,0,0,0,0,0,0,0,0,0,0,0,11,29,29,29,29,29,29,29,29,17
0,0,22,0,0,0,19,0,6,12,0,0,7,14,0,0,6,12,0,14,4,0,0,0,0,22,0,7,14,0,17,4,0,22,0,7,14,0,17,4,0,22,0,7,14,0,0,0,22,0,7,14,22,17,12,14,22,0,7,14,0,17,12,14,22,17,12,14,0,0,0,22,0,7,14,22,17,12,14,22,0,7,14,0,17,12,14,22,17,12,14,0,0,0,8,0,2,5,22,6,9,14,8,0,2,5,0,6,9,14,8,17,7,5,0,0,0,0,0,0,0,22,0,7,14,0,0,0,0,0,0,7,14,0,17,4,0,0,0,0,0,0,0,0,22,1,8,14,1,0,0,0,0,1,8,14,1,17,5,0,0,0,0,0,0,7,14,22,17,12,14,22,0,0,0,0,17,12,14,22,17,12,14,0,0,0,5,0,7,14,22,17,12,14,22,0,1,3,0,17,12,14,22,17,12,14,0,0,0,22,0,7,14,22,17,12,14,22,0,7,14,0,17,12,14,22,17,12,14,0,0,0,22,0,7,14,22,17,12,14,22,0,7,14,0,17,12,14,22,17,12,14,0,0,0,22,0,7,14,17,17,11,11,22,0,7,14,0,17,11,11,22,13,11,14,0,0,0,22,0,7,14,0,17,4,0,22,0,7,14,0,17,4,0,22,0,7,14,0,6,12,22,15,12,14,19,17,11,12,22,15,12,14,19,17,11,12,22,15,12,14,19,7,14,22,17,12,14,22,17,12,14,22,17,12,14,22,17,12,14,22,17,12,14,22,7,14,19,17,11,12,22,15,12,14,19,17,11,12,22,15,12,14,19,17,11,12,22,12,14,0,17,11,7,23,0,7,18,7,21,4,0,24,7,13,14,0,17,11,7,23,21,14,0,17,25,25,24,0,7,27,25,27,4,0,27,25,26,14,0,17,25,25,24,7,14,0,17,4,0,22,0,7,14,0,17,4,0,22,0,7,14,0,17,4,0,22,7,14,0,17,4,0,22,0,7,14,0,17,4,0,22,0,7,14,0,17,4,0,22,7,14,0,17,4,0,22,0,7,14,0,17,4,0,22,0,7,14,0,17,4,0,22,7,14,0,17,4,0,22,0,7,14,0,17,4,0,22,0,7,14,0,17,4,0,22,7,14,0,17,4,0,22,0,7,14,0,17,4,0,22,0,7,14,0,17,4,0,22
15,17,17,17,17,17,17,17,17,17,17,17,17,17,17,17,17,10,0,0,0,22,0,0,0,0,0,0,0,0,0,0,0,0,0,0,0,0,0,0,0,0,0,0,22,0,0,0,0,0,0,0,0,0,0,0,26,29,29,29,29,29,29,0,0,0,0,22,0,8,5,0,5,8,0,0,0,0,0,17,25,29,18,18,25,29,0,0,0,0,14,0,28,19,0,18,29,0,0,0,0,2,7,18,29,2,7,18,29,0,0,0,0,0,0,28,19,0,18,29,0,0,0,0,5,16,18,29,5,16,18,29,0,0,0,20,13,0,28,19,0,18,29,0,0,0,0,5,16,18,29,5,16,18,29,0,0,0,28,19,0,28,19,0,18,29,0,0,0,0,2,8,18,29,2,8,18,29,0,0,0,28,19,0,15,10,0,10,15,0,0,0,0,0,14,25,29,17,3,18,29,0,0,0,15,10,0,0,0,0,0,0,0,0,0,0,0,23,29,29,29,5,18,29,0,0,0,0,0,0,0,0,0,0,0,0,0,0,0,0,0,0,0,0,0,4,6,0,0,0,0,0,0,15,17,17,17,17,17,17,17,17,17,17,17,17,17,17,17,17,17,17,17,17,17,16,0,0,0,0,0,0,0,0,0,0,0,0,0,0,0,0,0,1,1,0,0,0,1,20,13,0,13,20,0,6,20,6,0,20,13,0,0,0,0,4,29,29,6,0,0,23,28,19,0,18,29,0,8,29,9,0,28,19,0,0,0,0,2,17,23,6,0,0,13,28,19,0,18,29,0,8,29,9,0,28,19,0,0,0,12,0,0,15,10,3,3,3,28,19,0,18,29,0,8,29,9,0,28,19,0,0,0,22,0,0,15,16,12,12,12,28,19,0,18,29,0,8,29,9,0,28,19,0,0,0,22,0,0,15,6,0,0,0,28,19,0,18,29,0,8,29,9,0,28,19,0,0,0,22,0,0,15,6,0,0,23,28,19,0,18,29,0,6,21,7,0,21,14,0,0,0,0,4,27,29,6,0,0,15,28,19,0,18,29,0,0,0,0,0,0,0,0,0,0,0,3,20,20,4,0,0,0,28,19,0,18,29,0,0,0,7,7,7,7,7,7,7,7,7,7,7,7,7,7,7,28,19,0,18,29,0,0,0,8,8,8,8,8,8,8,8,8,8,8,8,8,8,8
17,17,17,17,17,17,17,17,17,17,17,17,17,17,17,17,17,17,17,17,17,17,17,0,0,0,0,0,0,0,0,0,0,0,0,0,0,0,0,0,0,0,0,0,0,0,0,0,0,0,0,0,0,0,0,0,0,0,0,0,0,0,0,0,0,0,0,0,0,0,0,0,0,0,0,17,14,0,11,19,1,4,19,7,0,17,14,0,0,0,0,0,0,0,0,0,0,0,26,21,0,16,29,1,6,29,11,0,26,21,0,0,0,0,0,0,0,0,0,0,0,26,21,0,16,29,1,6,29,11,0,26,21,0,0,0,0,0,0,0,0,0,0,0,26,21,0,16,29,1,6,29,11,0,26,21,0,0,0,0,0,0,0,20,16,0,0,26,21,0,16,29,1,6,29,11,0,26,21,0,0,5,22,9,0,0,26,21,0,0,26,21,0,16,29,1,6,29,11,0,26,21,0,0,6,29,11,0,0,26,21,0,0,26,21,0,16,29,1,6,29,11,0,26,21,0,0,6,29,11,0,0,26,21,0,0,26,21,0,16,29,1,6,29,11,0,26,21,0,0,6,29,11,0,0,26,21,0,0,26,21,0,16,29,1,6,29,11,0,26,21,0,0,6,29,11,0,0,26,21,0,0,26,21,0,16,29,1,6,29,11,0,26,21,0,0,6,29,11,0,0,26,21,0,0,26,21,0,16,29,1,6,29,11,0,26,21,0,0,6,29,11,0,0,26,21,0,0,26,21,0,16,29,1,6,29,11,0,26,21,0,0,6,29,11,0,0,26,21,0,0,26,21,0,16,29,1,6,29,11,0,26,21,0,0,6,29,11,0,0,26,21,0,0,26,21,0,16,29,1,6,29,11,0,26,21,0,0,6,29,11,0,0,26,21,0,0,26,21,0,16,29,1,6,29,11,0,26,21,0,0,6,29,11,0,0,26,21,0,0,26,21,0,16,29,1,6,29,11,0,26,21,0,0,6,29,11,0,0,26,21,0,0,9,8,0,6,10,0,2,10,4,0,9,8,0,0,6,29,11,0,0,16,13,0,0,0,0,0,0,0,0,0,0,0,0,0,0,0,0,4,17,7,0,0,0,0,0,8,17,17,17,17,17,17,17,17,17,17,17,11,0,0,0,0,0,0,0,0,0,0,0,0,0,0,0,0,0,0,0,0,0,0,0,0,7,13,0,0
0,0,0,0,22,0,3,18,0,13,8,0,22,0,3,18,0,13,8,0,22,0,3,0,0,0,0,22,0,3,18,0,13,8,0,22,0,3,18,0,13,8,0,22,0,3,0,0,0,0,22,0,3,18,0,13,8,0,22,0,3,18,0,13,8,0,22,0,3,0,0,0,0,22,0,3,18,0,13,8,0,22,0,3,18,0,13,8,0,22,0,3,0,0,0,0,12,0,2,10,0,7,4,0,12,0,2,10,0,7,4,0,12,0,2,7,7,7,7,7,7,7,7,7,7,7,7,7,7,7,7,7,7,7,7,7,7,7,8,8,8,8,8,8,8,8,8,8,8,8,8,8,8,8,8,8,8,8,8,8,8,0,0,0,0,0,0,0,0,0,0,0,0,0,0,0,0,0,0,0,0,0,0,0,16,29,1,6,29,11,0,26,21,0,16,29,1,6,29,11,0,26,21,0,16,29,1,16,29,1,6,29,11,0,26,21,0,16,29,1,6,29,11,0,26,21,0,16,29,1,16,29,1,6,29,11,0,26,21,0,16,29,1,6,29,11,0,26,21,0,16,29,1,16,29,1,6,29,11,0,26,21,0,16,29,1,6,29,11,0,26,21,0,16,29,1,16,29,1,6,29,11,0,26,21,0,16,29,1,6,29,11,0,26,21,0,16,29,1,16,29,1,6,29,11,0,26,21,0,16,29,1,6,29,11,0,26,21,0,16,29,1,6,11,0,2,11,4,0,10,8,0,6,11,0,2,11,4,0,10,8,0,6,11,0,0,0,0,0,0,0,0,0,0,0,0,0,0,0,0,0,0,0,0,0,0,0,0,17,17,17,17,17,17,17,17,17,17,17,17,17,17,17,17,17,17,17,17,17,17,17,0,0,0,0,0,0,0,0,0,0,0,0,0,0,0,0,0,0,0,0,0,0,0,0,0,0,0,0,0,0,0,0,0,0,0,0,0,0,0,0,0,0,0,0,0,0,14,25,1,5,25,9,0,22,18,0,14,25,1,5,25,9,0,22,18,0,14,25,1,16,29,1,6,29,11,0,26,21,0,16,29,1,6,29,11,0,26,21,0,16,29,1,16,29,1,6,29,11,0,26,21,0,16,29,1,6,29,11,0,26,21,0,16,29,1,16,29,1,6,29,11,0,26,21,0,16,29,1,6,29,11,0,26,21,0,16,29,1
8,0,22,0,3,18,0,13,8,0,0,0,3,18,0,13,8,0,22,0,3,18,0,8,0,22,0,3,18,0,13,8,0,0,0,3,18,0,13,8,0,22,0,3,18,0,8,0,22,0,3,18,0,13,8,0,0,0,3,18,0,13,8,0,22,0,3,18,0,8,0,22,0,3,18,0,13,8,0,0,0,3,18,0,13,8,0,22,0,3,18,0,4,0,12,0,2,10,0,7,4,0,0,0,2,10,0,7,4,0,12,0,2,10,0,7,7,7,7,7,7,7,7,7,7,7,7,7,7,7,7,7,7,7,7,7,7,7,8,8,8,8,8,8,8,8,8,8,8,8,8,8,8,8,8,8,8,8,8,8,8,0,0,0,0,0,0,0,0,0,0,0,0,0,0,0,0,0,0,0,0,0,0,0,1,6,29,11,0,26,21,0,16,29,1,6,29,11,0,26,21,0,16,29,1,6,29,1,6,29,11,0,26,21,0,16,29,1,6,29,11,0,26,21,0,16,29,1,6,29,1,6,29,11,0,26,21,0,16,29,1,6,29,11,0,26,21,0,16,29,1,6,29,1,6,29,11,0,26,21,0,16,29,1,6,29,11,0,26,21,0,16,29,1,6,29,1,6,29,11,0,26,21,0,16,29,1,6,29,11,0,26,21,0,16,29,1,6,29,1,6,29,11,0,26,21,0,16,29,1,6,29,11,0,26,21,0,16,29,1,6,29,0,2,11,4,0,10,8,0,6,11,0,2,11,4,0,10,8,0,6,11,0,2,11,0,0,0,0,0,0,0,0,0,0,0,0,0,0,0,0,0,0,0,0,0,0,0,17,17,17,17,17,17,17,17,17,17,17,17,17,17,17,17,17,17,17,17,17,17,17,0,0,0,0,0,0,0,0,0,0,0,0,0,0,0,0,0,0,0,0,0,0,0,0,0,0,0,0,0,0,0,0,0,0,0,0,0,0,0,0,0,0,0,0,0,0,1,5,25,9,0,22,18,0,14,25,1,5,25,9,0,22,18,0,14,25,1,5,25,1,6,29,11,0,26,21,0,16,29,1,6,29,11,0,26,21,0,16,29,1,6,29,1,6,29,11,0,26,21,0,16,29,1,6,29,11,0,26,21,0,16,29,1,6,29,1,6,29,11,0,26,21,0,16,29,1,6,29,11,0,26,21,0,16,29,1,6,29
0,0,0,0,0,0,0,0,0,23,17,19,18,0,13,21,17,26,0,3,25,17,23,8,0,18,15,0,0,0,0,0,11,14,16,18,0,6,14,14,25,0,1,14,14,21,11,0,26,21,0,0,0,0,5,13,13,8,18,0,13,13,8,22,0,9,13,13,13,11,0,26,21,0,0,0,0,6,18,24,12,18,0,18,20,18,22,0,13,18,26,13,11,0,26,21,0,0,0,0,0,0,13,12,18,0,0,3,18,22,0,0,0,22,13,11,0,26,21,0,0,0,0,0,15,13,12,18,0,9,9,18,22,0,2,12,22,13,11,0,26,21,0,0,0,0,0,22,9,10,18,0,13,11,13,22,0,3,18,16,13,8,0,19,16,0,0,0,0,0,23,19,21,18,0,13,22,19,26,0,3,26,19,24,0,0,0,0,0,0,0,0,0,10,12,12,8,0,6,12,12,12,0,1,12,12,12,7,5,0,0,0,0,0,0,6,7,7,7,7,7,7,7,7,7,7,7,7,7,7,8,6,0,0,0,0,0,0,7,8,8,8,8,8,8,8,8,8,8,8,8,8,8,0,0,0,0,0,0,0,0,0,11,0,2,10,0,6,4,0,12,0,1,9,0,7,5,0,13,10,0,0,0,0,0,22,0,3,18,0,13,8,0,22,0,3,18,0,13,11,0,26,21,0,0,0,0,0,22,0,3,18,0,13,8,0,22,0,3,18,0,13,11,0,26,21,0,0,0,0,0,22,0,3,18,0,13,8,0,22,0,3,18,0,13,11,0,26,21,0,0,0,0,0,22,0,3,18,0,13,8,0,22,0,3,18,0,13,11,0,26,21,0,0,0,1,7,22,5,7,18,9,13,10,7,22,5,7,18,9,13,11,0,26,21,0,0,0,3,18,22,13,12,18,22,13,12,18,22,13,12,18,22,13,11,0,26,21,0,0,0,3,18,22,13,12,18,22,13,12,18,22,13,12,18,22,13,11,0,26,21,0,0,0,3,18,22,13,12,18,22,13,12,18,22,13,12,18,22,13,11,0,26,21,0,0,0,1,9,22,6,8,18,11,13,10,9,22,6,8,18,11,13,11,0,26,21,0,0,0,0,0,23,7,10,18,0,13,14,7,24,0,3,21,7,18,11,0,26,21,0,15,26,1,0,23,25,25,15,0,13,26,25,24,0,3,28,25,25
0,13,4,0,17,0,5,12,0,13,4,0,17,0,5,12,0,13,4,0,17,0,3,0,16,5,0,22,0,6,15,0,16,5,0,22,0,6,15,0,16,5,0,22,0,4,0,16,5,0,22,0,6,15,0,16,5,0,22,0,6,15,0,16,5,0,22,0,4,0,16,5,0,22,0,6,15,0,16,5,0,22,0,6,15,0,16,5,0,22,0,4,0,16,5,0,22,0,6,15,0,16,5,0,22,0,6,15,0,16,5,0,22,0,4,0,16,7,1,23,0,6,16,1,17,5,0,23,1,8,15,0,16,7,1,23,0,4,0,16,29,29,25,0,6,29,29,29,5,0,26,29,29,15,0,16,29,29,25,0,4,2,16,7,2,23,1,7,16,3,17,6,1,23,2,8,15,2,16,7,2,23,1,5,22,16,12,15,22,16,12,15,22,16,12,15,22,16,12,15,22,16,12,15,22,16,10,22,16,12,15,22,16,12,15,22,16,12,15,22,16,12,15,22,16,12,15,22,16,10,22,10,10,15,14,16,10,10,22,10,10,15,14,16,10,10,22,10,10,15,14,16,9,22,0,6,15,0,16,5,0,22,0,6,15,0,16,5,0,22,0,6,15,0,16,5,22,0,6,15,22,16,12,15,22,0,6,15,0,16,12,15,22,16,12,15,0,16,5,22,0,6,15,22,16,12,15,22,0,6,15,0,16,12,15,22,16,12,15,0,16,5,22,0,6,15,22,16,12,15,22,0,6,15,0,16,12,15,22,16,12,15,0,16,5,0,0,6,15,22,16,12,15,22,0,0,0,0,16,12,15,22,16,12,15,0,0,0,0,0,6,13,22,14,12,15,19,0,0,0,0,14,12,15,19,16,12,13,0,0,0,0,0,0,0,22,0,6,15,0,0,0,0,0,0,6,15,0,16,5,0,0,0,0,0,0,0,0,22,0,6,15,0,0,0,0,0,0,6,15,0,16,5,0,0,0,0,13,0,4,9,22,10,10,15,13,0,4,9,0,10,10,15,13,16,10,9,0,10,3,22,0,6,15,22,16,12,15,22,0,6,15,0,16,12,15,22,16,12,15,0,16,5,22,0,6,15,17,16,11,12,22,0,6,15,0,16,11,12,22,13,11,15,0,16,5,17,0,5,12,0,13,4,0,17,0,5,12,0,13,4,0,17,0,5,12,0,13,4
11,10,0,0,10,9,0,18,1,0,0,21,0,0,0,18,1,2,17,0,0,1,12,11,10,0,21,0,1,20,0,11,10,0,21,0,1,20,0,11,10,0,21,0,1,12,11,10,0,21,12,12,20,21,12,10,0,21,0,1,20,21,12,12,20,21,0,1,12,11,10,0,21,12,12,20,21,12,10,0,21,0,1,20,21,12,12,20,21,0,1,12,4,4,0,8,12,11,7,21,5,4,0,8,0,0,7,21,5,6,20,8,0,0,4,0,0,0,0,11,10,0,21,0,0,0,0,0,0,0,21,0,1,20,0,0,0,0,0,0,0,1,12,11,1,21,1,0,0,0,0,0,1,21,1,2,20,1,0,0,0,0,0,0,21,12,12,20,21,12,10,0,0,0,1,20,21,12,12,20,21,0,0,0,2,2,0,21,12,12,20,21,12,10,0,5,0,1,20,21,12,12,20,21,0,0,3,11,10,0,21,12,12,20,21,12,10,0,21,0,1,20,21,12,12,20,21,0,1,12,11,10,0,21,12,12,20,21,12,10,0,21,0,1,20,21,12,12,20,21,0,1,12,11,10,0,21,10,10,20,16,12,10,0,21,0,1,20,16,12,12,16,21,0,1,12,11,10,0,21,0,1,20,0,11,10,0,21,0,1,20,0,11,10,0,21,0,1,12,11,12,18,21,11,11,20,19,12,12,18,21,11,11,20,19,12,12,18,21,11,11,12,11,12,20,21,12,12,20,21,12,12,20,21,12,12,20,21,12,12,20,21,12,12,12,10,11,20,19,12,12,18,21,11,11,20,19,12,12,18,21,11,11,20,19,12,12,11,0,1,23,7,16,10,0,21,8,9,20,0,11,16,7,24,0,1,23,7,16,10,0,0,1,28,25,26,10,0,21,25,25,20,0,11,26,25,28,0,1,28,25,26,10,0,0,1,20,0,11,10,0,21,0,1,20,0,11,10,0,21,0,1,20,0,11,10,0,0,1,20,0,11,10,0,21,0,1,20,0,11,10,0,21,0,1,20,0,11,10,0,0,1,20,0,11,10,0,21,0,1,20,0,11,10,0,21,0,1,20,0,11,10,0,0,1,20,0,11,10,0,21,0,1,20,0,11,10,0,21,0,1,20,0,11,10,0,0,1,20,0,11,10,0,21,0,1,20,0,11,10,0,21,0,1,20,0,11,10,0
0,0,0,0,0,0,0,0,0,0,0,0,0,0,0,0,0,0,0,0,0,0,0,0,0,0,0,0,0,0,0,0,0,0,0,0,0,0,0,0,0,0,0,0,0,0,0,20,16,0,13,22,1,5,22,9,0,20,16,0,13,22,1,0,1,1,1,5,23,0,26,21,0,16,29,1,6,29,11,0,26,21,0,16,29,1,2,29,29,17,6,29,0,26,21,0,16,29,1,6,29,11,0,26,21,0,16,29,1,0,0,0,0,6,29,0,26,21,0,16,29,1,6,29,11,0,26,21,0,16,29,1,0,0,0,0,6,29,0,26,21,0,16,29,1,6,29,11,0,26,21,0,16,29,1,1,25,25,25,26,29,0,1,1,0,1,1,0,0,1,0,0,1,1,0,1,1,0,1,22,22,22,22,22,0,0,0,0,0,0,0,0,0,0,0,0,0,0,0,0,0,0,0,0,0,0,0,0,0,0,0,0,0,5,11,11,11,11,11,11,11,11,11,11,11,11,11,11,11,11,8,0,0,0,0,0,2,4,4,4,4,4,4,4,4,4,4,4,4,4,4,4,4,8,0,0,0,2,4,0,1,4,1,0,4,3,0,0,0,0,3,23,23,23,23,23,8,0,0,0,16,29,1,6,29,11,0,26,21,0,0,0,0,4,25,29,28,25,25,8,0,0,0,16,29,1,6,29,11,0,26,21,0,0,0,0,3,2,26,21,3,2,0,0,0,0,16,29,1,6,29,11,0,26,21,0,0,0,0,13,8,26,21,13,8,0,0,0,0,16,29,1,6,29,11,0,26,21,0,0,0,0,13,8,26,21,13,8,0,0,0,0,16,29,1,6,29,11,0,26,21,0,0,0,0,9,6,26,21,9,6,0,0,0,0,16,29,1,6,29,11,0,26,21,0,0,0,0,0,11,28,25,11,0,0,0,0,0,4,7,0,1,7,3,0,7,5,0,0,0,0,1,29,29,29,27,0,0,0,0,0,0,0,0,0,0,0,0,0,0,0,0,0,0,0,6,6,6,6,0,0,0,0,0,0,0,8,17,17,17,17,17,17,17,17,17,17,17,17,17,17,17,17,0,0,0,0,0,0,0,0,0,0,0,0,0,0,0,0,0,0,0,0,0,0,0,0,0,0,0,0,0,0,0,0,0,0,0,0,0,0,0,0,0,0,0,0,0,0
0,0,0,0,6,29,11,0,26,21,0,16,29,1,0,0,0,28,3,22,0,0,0,0,0,0,0,2,9,3,0,8,7,0,5,9,0,0,0,0,28,3,8,0,0,0,0,0,0,0,0,0,0,0,0,0,0,0,0,0,0,0,0,28,23,21,21,21,21,0,0,0,0,0,0,0,0,0,0,0,0,0,0,0,0,0,10,10,10,10,10,10,17,0,0,0,0,0,0,8,17,17,17,17,17,17,6,0,2,17,17,17,17,17,17,0,0,0,0,0,0,0,0,0,0,0,0,0,0,0,0,0,0,0,0,0,0,0,0,0,0,0,0,0,0,0,0,0,0,0,0,0,0,0,0,0,1,29,29,29,29,0,0,0,0,2,8,3,0,8,6,0,5,8,0,2,8,3,0,1,18,18,18,21,0,0,0,0,6,29,11,0,26,21,0,16,29,1,6,29,11,0,1,17,17,10,6,0,0,0,0,6,29,11,0,26,21,0,16,29,1,6,29,11,0,1,14,14,8,6,0,0,0,0,6,29,11,0,26,21,0,16,29,1,6,29,11,0,0,0,0,0,6,0,0,0,0,6,29,11,0,26,21,0,16,29,1,6,29,11,0,0,11,11,11,16,0,0,0,0,3,15,6,0,14,11,0,9,15,1,3,15,6,0,1,29,29,29,29,0,0,0,0,0,0,0,0,0,0,0,0,0,0,0,0,0,0,0,6,6,6,6,0,0,0,0,0,0,0,0,0,0,0,0,0,0,0,0,0,0,0,0,0,0,0,6,4,0,0,0,0,0,8,17,17,17,17,17,17,17,17,17,17,17,17,17,17,17,13,8,0,0,0,0,0,0,0,0,0,0,0,0,0,0,0,0,1,9,9,9,9,13,8,0,0,4,20,8,0,18,15,0,11,20,1,4,20,8,0,4,29,29,29,29,13,8,0,0,6,29,11,0,26,21,0,16,29,1,6,29,11,0,1,8,27,24,8,6,3,0,0,6,29,11,0,26,21,0,16,29,1,6,29,11,0,11,7,26,21,11,0,0,0,0,6,29,11,0,26,21,0,16,29,1,6,29,11,0,13,8,26,21,13,0,0,0,0,6,29,11,0,26,21,0,16,29,1,6,29,11,0,13,8,26,21,13,0,0,0,0,6,29,11,0,26,21,0,16,29,1,6,29,11,0,2,1,26,21,2
4,3,0,0,14,25,1,0,0,0,0,0,0,0,14,25,1,6,25,10,0,23,19,14,18,0,0,16,29,1,0,0,0,0,0,0,0,16,29,1,6,29,11,0,26,21,3,18,0,0,16,29,1,0,0,0,0,0,0,0,16,29,1,6,29,11,0,26,21,3,18,0,0,16,29,1,0,3,14,0,0,0,0,16,29,1,6,29,11,0,26,21,3,18,0,0,16,29,1,0,3,18,0,0,0,0,16,29,1,6,29,11,0,26,21,3,18,0,0,16,29,1,0,3,18,0,0,0,0,16,29,1,6,29,11,0,26,21,3,18,0,0,16,29,1,0,3,18,0,0,0,0,9,17,1,3,17,6,0,15,12,3,18,0,0,16,29,1,0,3,18,0,0,0,0,0,0,0,0,0,0,0,0,0,3,18,0,0,16,29,1,0,3,18,0,0,0,0,0,0,6,12,12,12,12,12,12,3,18,0,0,16,29,1,0,3,18,0,0,0,0,0,0,1,3,3,3,3,3,3,3,18,0,0,16,29,1,0,3,18,0,0,0,0,0,0,0,0,0,0,0,0,0,3,18,0,0,16,29,1,0,3,18,0,0,0,0,11,19,1,4,19,7,0,17,14,3,18,0,0,16,29,1,0,3,18,0,0,0,0,16,29,1,6,29,11,0,26,21,3,18,0,0,16,29,1,0,3,18,0,1,0,0,16,29,1,6,29,11,0,26,21,3,18,0,0,16,29,1,0,3,18,0,13,8,0,16,29,1,6,29,11,0,26,21,3,18,0,0,16,29,1,0,3,18,0,13,8,0,16,29,1,6,29,11,0,26,21,3,18,0,0,2,4,0,0,3,18,0,13,8,0,2,4,0,1,4,1,0,4,3,18,17,0,0,0,0,0,0,3,18,0,13,8,0,0,0,0,0,0,0,0,0,0,0,0,0,0,0,0,0,0,3,18,0,13,8,0,0,0,0,0,0,0,0,0,0,17,17,17,17,17,17,0,0,3,18,0,13,8,0,0,0,8,17,17,17,17,17,17,0,0,0,0,0,0,0,0,3,18,0,13,8,0,0,0,0,0,0,0,0,0,0,0,0,0,0,0,0,0,0,3,18,0,13,8,0,0,0,0,0,0,0,0,0,0,0,0,0,0,5,9,0,0,3,16,0,12,7,0,5,9,0,2,9,3,0,8,7
0,0,0,0,0,0,0,0,0,0,0,0,0,0,0,0,0,0,0,0,0,0,0,0,0,0,0,0,0,0,0,0,0,0,0,0,0,0,0,0,0,0,0,0,0,0,8,6,0,0,0,0,0,0,7,8,8,8,8,8,8,8,8,8,8,8,8,8,8,7,5,0,0,0,0,0,0,6,7,7,7,7,7,7,7,7,7,7,7,7,7,7,0,0,1,1,0,0,0,0,0,13,0,2,10,0,7,5,0,13,0,2,10,0,7,11,0,26,21,0,0,0,0,0,22,0,3,18,0,13,8,0,22,0,3,18,0,13,11,0,26,21,0,0,0,0,0,22,0,3,18,0,13,8,0,22,0,3,18,0,13,11,0,26,21,0,0,0,0,0,22,0,3,18,0,13,8,0,22,0,3,18,0,13,11,0,26,21,0,0,0,0,0,22,0,3,18,0,13,8,0,22,0,3,18,0,13,11,0,26,21,0,0,0,1,8,22,6,7,18,9,13,10,8,22,6,7,18,9,13,11,0,26,21,0,0,0,3,18,22,13,12,18,22,13,12,18,22,13,12,18,22,13,4,0,9,8,0,0,0,3,18,22,13,12,18,22,13,12,18,22,13,12,18,22,13,0,0,0,0,0,0,0,3,18,22,13,12,18,22,13,12,18,22,13,12,18,22,13,17,11,0,0,0,0,0,1,8,22,6,8,18,10,13,10,8,22,6,8,18,10,13,0,0,0,0,0,0,0,0,0,23,8,11,18,0,13,15,8,24,0,3,22,8,18,0,0,0,0,0,0,0,0,0,19,23,24,18,0,11,23,23,27,0,3,23,23,26,10,0,23,19,0,0,0,0,1,4,4,5,18,0,4,4,3,22,0,3,4,4,13,11,0,26,21,0,0,0,0,10,27,28,12,18,0,27,28,18,22,0,19,27,28,13,11,0,26,21,0,0,0,0,0,0,13,12,18,0,0,3,18,22,0,0,0,22,13,11,0,26,21,0,0,0,0,0,8,13,12,18,0,5,7,18,22,0,1,6,22,13,3,0,8,7,0,0,0,0,0,7,4,4,6,0,4,4,6,7,0,1,6,7,4,0,0,0,0,0,0,0,0,0,0,0,0,0,0,0,0,0,0,0,0,0,0,0,0,0,0,0,0,0,0,0,0,0,0,0,0,0,0,0,0,0,0,0,0,0,0
0,0,0,0,0,0,0,0,0,0,0,0,0,0,0,0,0,0,0,0,0,0,0,3,14,5,0,13,10,0,9,15,1,0,0,7,4,0,12,0,2,10,0,7,4,0,6,29,11,0,26,21,0,16,29,1,0,0,13,12,17,22,0,3,18,21,13,8,0,6,29,11,0,26,21,0,16,29,1,0,0,2,5,18,22,0,0,3,22,13,8,0,6,29,11,0,26,21,0,16,29,1,0,0,3,7,18,22,0,2,3,23,13,8,1,6,29,11,0,26,21,0,16,29,1,0,0,28,28,18,22,0,20,28,28,13,8,10,2,9,3,0,8,7,0,16,29,1,0,0,0,0,0,22,0,0,0,0,13,8,0,0,0,0,0,0,0,0,6,11,0,0,0,13,29,29,28,0,3,29,29,29,8,0,3,3,3,3,3,0,0,0,0,0,0,0,13,11,2,23,0,3,20,2,15,8,0,12,12,12,12,12,0,0,16,29,1,0,15,13,11,12,22,9,9,18,15,13,11,12,0,0,0,0,0,0,0,16,29,1,0,22,13,12,18,22,13,12,18,22,13,12,18,6,26,10,0,24,19,0,16,29,1,0,22,13,12,18,22,13,12,18,22,13,12,18,6,29,11,0,26,21,0,16,29,1,0,22,13,12,18,22,13,12,18,22,13,12,18,6,29,11,0,26,21,0,16,29,1,0,5,13,9,4,22,3,6,18,5,13,9,4,6,29,11,0,26,21,0,16,29,1,0,0,13,8,0,22,0,3,18,0,13,8,0,6,29,11,0,26,21,0,16,29,1,0,0,13,8,0,22,0,3,18,0,13,8,0,6,29,11,0,26,21,0,16,29,1,0,0,13,8,0,22,0,3,18,0,13,8,0,3,15,6,0,14,11,0,16,29,1,0,0,13,8,0,22,0,3,18,0,13,8,0,0,0,0,0,0,0,0,16,29,1,0,0,5,3,0,8,0,1,6,0,5,3,0,13,13,13,13,13,0,0,16,29,1,0,6,13,13,13,13,13,13,13,13,13,13,13,2,2,2,2,2,0,0,16,29,1,0,1,2,2,2,2,2,2,2,2,2,2,2,0,0,0,0,0,0,0,9,17,1,0,0,0,0,0,0,0,0,0,0,0,0,0,0,0,0,0,0,0,0,0,0,0,0,0,0,0,0,0,0,0,0,0,0,0,0
0,0,0,0,0,0,0,6,29,11,0,0,22,13,12,18,22,0,3,18,22,13,12,17,17,17,17,17,17,0,6,29,11,0,0,22,13,12,18,22,0,3,18,22,13,12,0,0,0,0,0,0,0,6,29,11,0,0,11,0,4,18,0,0,0,0,22,0,2,0,0,0,0,0,0,0,6,29,11,0,0,0,9,10,18,16,11,10,13,22,9,6,0,8,6,0,5,8,0,6,29,11,0,0,19,13,12,18,22,13,12,18,22,13,12,0,26,21,0,16,29,1,6,29,11,0,0,22,9,10,18,16,13,11,13,22,9,10,0,26,21,0,16,29,1,6,29,11,0,0,22,0,3,18,3,13,9,2,22,0,3,0,26,21,0,16,29,1,6,29,11,0,0,22,0,3,18,22,13,12,18,22,0,3,0,26,21,0,16,29,1,6,29,11,0,0,22,10,10,18,22,13,12,18,22,10,10,0,14,11,0,9,15,1,3,15,6,0,0,22,13,12,18,22,13,12,18,22,13,12,0,0,0,0,0,0,0,0,0,0,0,0,22,13,12,18,2,13,9,1,22,13,12,0,0,0,0,0,0,0,0,0,0,0,0,22,4,6,18,0,13,8,0,22,4,6,17,17,17,17,17,17,17,6,0,0,0,0,22,0,3,18,0,13,8,0,22,0,3,0,0,0,0,0,0,0,0,0,0,0,0,6,0,3,18,0,4,2,0,22,0,1,0,18,15,0,11,20,1,4,20,8,0,0,0,3,6,24,15,6,6,15,26,3,2,0,26,21,0,16,29,1,6,29,11,0,0,19,13,11,17,26,13,12,25,16,13,12,0,26,21,0,16,29,1,6,29,11,0,0,22,13,8,0,22,13,12,18,0,13,12,0,26,21,0,16,29,1,6,29,11,0,0,22,13,8,0,22,13,12,18,0,13,12,0,26,21,0,16,29,1,6,29,11,0,0,22,0,0,0,22,4,6,18,0,0,3,0,26,21,0,16,29,1,6,29,11,0,0,22,0,0,0,22,0,3,18,0,0,3,0,19,16,0,12,21,1,5,21,8,0,0,22,0,2,13,3,9,6,3,16,0,3,0,0,0,0,0,0,0,0,0,0,0,0,22,0,3,18,15,13,11,12,22,0,3,7,7,7,7,7,7,7,7,5,0,0,0,22,0,3,18,22,13,12,18,22,0,3
22,0,6,15,0,16,12,15,0,16,12,15,0,16,5,0,22,16,5,0,22,16,5,10,0,3,7,0,7,9,15,0,16,9,6,0,7,2,0,9,16,5,0,22,7,2,0,0,0,0,0,1,10,15,0,16,9,1,0,0,0,0,2,18,5,0,23,3,0,0,0,0,0,0,7,28,15,0,16,28,7,0,0,0,0,17,28,5,0,26,27,0,19,28,0,0,0,0,0,0,0,0,0,0,0,0,0,0,0,0,0,0,0,0,0,19,28,0,0,0,0,0,0,0,0,0,0,0,0,0,0,0,0,0,0,0,0,0,19,28,0,0,0,0,0,0,0,0,0,0,0,0,0,0,0,0,0,0,0,0,0,19,28,0,0,0,0,0,0,0,0,0,0,0,0,0,0,0,0,0,0,0,0,0,17,25,0,0,0,2,7,4,0,4,7,2,0,0,0,0,4,7,1,0,7,7,0,0,0,0,0,0,6,26,15,0,16,25,6,0,0,0,0,14,27,5,0,26,23,0,0,0,0,0,0,0,6,15,0,16,5,0,0,0,0,0,0,16,5,0,22,0,0,16,0,5,11,0,12,11,15,0,16,11,11,0,12,4,0,16,16,5,0,22,12,4,22,0,6,15,0,16,12,15,0,16,12,15,0,16,5,0,22,16,5,0,22,16,5,22,0,6,15,16,16,12,15,0,16,12,15,16,16,10,11,22,16,5,0,22,16,9,22,0,6,15,22,16,12,15,0,16,12,15,22,16,12,15,22,16,5,0,22,16,10,22,0,6,15,22,16,12,15,0,16,12,15,22,16,12,15,22,16,5,0,22,16,10,22,0,6,15,22,16,12,15,0,16,12,15,22,16,12,15,22,16,5,0,22,16,10,19,0,5,13,8,16,8,5,0,6,9,15,8,14,7,5,22,6,2,0,8,16,7,0,0,0,0,8,16,8,5,11,6,9,15,8,0,2,5,22,6,5,7,8,16,7,11,0,3,7,22,16,12,15,22,16,12,15,22,8,9,15,22,16,12,15,22,16,10,22,0,6,15,22,16,12,15,22,16,12,15,22,16,12,15,22,16,12,15,22,16,10,22,0,6,15,0,16,6,0,22,0,7,15,0,16,6,0,22,0,7,15,0,16,6,22,0,6,15,0,16,11,12,22,13,11,15,0,16,5,0,22,13,11,15,18,16,5
0,0,0,0,0,0,0,0,6,8,8,8,8,8,8,8,8,8,8,8,8,8,8,0,0,0,0,0,0,0,0,22,29,29,29,29,29,29,29,29,29,29,29,29,29,27,0,0,0,0,0,0,0,0,7,9,9,9,27,24,9,9,9,9,14,29,17,9,9,10,3,0,0,0,1,10,10,10,10,4,0,26,21,3,18,18,11,6,29,11,9,18,17,8,0,0,0,3,21,5,5,5,2,0,26,21,2,13,13,8,6,29,11,6,13,13,8,0,0,0,3,18,0,5,6,6,6,27,23,6,0,5,6,12,29,16,6,6,13,8,0,0,0,3,18,0,22,29,29,29,29,29,27,0,22,29,29,29,29,29,27,13,8,0,0,0,3,18,0,9,11,11,11,11,11,11,0,9,11,11,11,11,11,11,13,8,0,0,0,3,18,4,8,8,8,8,8,8,8,8,8,8,8,8,8,8,8,13,8,0,0,0,3,18,3,7,7,7,7,7,7,7,7,7,7,7,7,7,7,7,13,8,0,0,0,3,18,0,0,0,0,0,0,0,0,16,20,12,0,0,0,1,1,24,8,0,0,0,3,25,18,18,18,18,18,5,0,0,23,27,16,0,0,0,16,29,29,8,0,0,0,3,29,29,29,29,29,29,7,0,0,22,0,0,13,8,0,16,29,13,8,0,0,0,3,18,0,0,0,0,0,0,0,0,22,0,0,13,8,0,16,29,13,8,0,0,0,3,18,0,2,12,12,12,12,12,12,25,0,0,13,8,0,16,29,13,8,0,0,0,3,18,0,0,3,3,3,3,3,3,23,0,0,7,4,0,16,29,23,8,0,0,0,3,25,17,17,17,17,17,4,0,0,23,17,10,0,0,0,16,29,29,8,0,0,0,3,29,29,29,29,29,29,7,0,0,23,29,17,0,0,0,6,10,1,0,0,0,0,0,1,1,1,1,1,1,0,0,0,1,1,1,0,0,0,0,0,17,17,17,17,17,17,17,17,17,17,17,17,17,17,17,17,17,17,17,17,17,17,17,0,0,0,0,0,0,0,0,0,0,0,0,0,0,1,5,2,0,0,0,0,0,0,0,0,0,0,0,0,0,0,0,0,0,0,0,0,6,29,11,11,29,29,29,17,0,0,3,5,0,1,5,2,0,5,4,0,3,5,0,2,9,3,3,9,9,9,5,0
29,1,6,29,11,0,26,21,0,16,29,1,6,29,11,0,26,21,0,16,29,1,6,0,0,0,0,0,0,0,0,0,0,0,0,0,0,0,0,0,0,0,0,0,0,0,0,0,0,0,0,0,0,0,0,0,0,0,0,0,0,0,0,0,0,0,0,0,0,0,0,0,0,0,0,0,0,0,0,0,0,0,0,0,0,0,0,0,0,0,0,0,17,17,17,17,17,17,17,17,17,17,17,17,17,17,17,17,17,17,17,17,17,17,17,0,0,0,0,0,0,0,0,0,0,0,0,0,0,0,0,0,0,0,0,0,0,0,0,0,0,0,0,0,0,0,0,0,0,0,0,0,0,0,0,0,0,0,0,0,0,18,1,4,18,7,0,17,13,0,10,18,1,4,18,7,0,17,13,0,10,18,1,4,29,1,6,29,11,0,26,21,0,16,29,1,6,29,11,0,26,21,0,16,29,1,6,29,1,6,29,11,0,26,21,0,16,29,1,6,29,11,0,26,21,0,16,29,1,6,29,1,6,29,11,0,26,21,0,16,29,1,6,29,11,0,26,21,0,16,29,1,6,29,1,6,29,11,0,26,21,0,16,29,1,6,29,11,0,26,21,0,16,29,1,6,5,0,1,5,2,0,5,4,0,3,5,0,1,5,2,0,5,4,0,3,5,0,1,0,0,0,0,0,0,0,0,0,0,0,0,0,0,0,0,0,0,0,0,0,0,0,7,7,7,7,7,7,7,7,7,7,7,7,7,7,7,7,7,7,7,7,7,7,7,8,8,8,8,8,8,8,8,8,8,8,8,8,8,8,8,8,8,8,8,8,8,8,0,0,0,0,0,0,0,0,0,0,0,0,0,0,0,0,0,0,0,0,0,0,0,29,1,6,29,11,0,26,21,0,16,29,1,6,29,11,0,26,21,0,16,29,1,6,29,1,6,29,11,0,26,21,0,16,29,1,6,29,11,0,26,21,0,16,29,1,6,29,1,6,29,11,0,26,21,0,16,29,1,6,29,11,0,26,21,0,16,29,1,6,29,1,6,29,11,0,26,21,0,16,29,1,6,29,11,0,26,21,0,16,29,1,6,29,1,6,29,11,0,26,21,0,16,29,1,6,29,11,0,26,21,0,16,29,1,6,29,1,6,29,11,0,26,21,0,16,29,1,6,29,11,0,26,21,0,16,29,1,6
29,1,6,29,11,0,26,21,0,16,29,1,6,29,11,0,26,21,0,16,29,1,6,0,0,0,0,0,0,0,0,0,0,0,0,0,0,0,0,0,0,0,0,0,0,0,0,0,0,0,0,0,0,0,0,0,0,0,0,0,0,0,0,0,0,0,0,0,0,0,0,0,0,0,0,0,0,0,0,0,0,0,0,0,0,0,0,0,0,0,0,0,17,17,17,17,17,17,17,17,17,17,17,17,17,17,17,17,17,17,17,17,17,17,17,0,0,0,0,0,0,0,0,0,0,0,0,0,0,0,0,0,0,0,0,0,0,0,0,0,0,0,0,0,0,0,0,0,0,0,0,0,0,0,0,0,0,0,0,0,0,18,1,4,18,7,0,17,13,0,10,18,1,4,18,7,0,17,13,0,10,18,1,4,29,1,6,29,11,0,26,21,0,16,29,1,6,29,11,0,26,21,0,16,29,1,6,29,1,6,29,11,0,26,21,0,16,29,1,6,29,11,0,26,21,0,16,29,1,6,29,1,6,29,11,0,26,21,0,16,29,1,6,29,11,0,26,21,0,16,29,1,6,29,1,6,29,11,0,26,21,0,16,29,1,6,29,11,0,26,21,0,16,29,1,6,5,0,1,5,2,0,5,4,0,3,5,0,1,5,2,0,5,4,0,3,5,0,1,0,0,0,0,0,0,0,0,0,0,0,0,0,0,0,0,0,0,0,0,0,0,0,7,7,7,7,7,7,7,7,7,7,7,7,7,7,7,7,7,7,7,7,7,7,7,8,8,8,8,8,8,8,8,8,8,8,8,8,8,8,8,8,8,8,8,8,8,8,0,0,0,0,0,0,0,0,0,0,0,0,0,0,0,0,0,0,0,0,0,0,0,29,1,6,29,11,0,26,21,0,16,29,1,6,29,11,0,26,21,0,16,29,1,6,29,1,6,29,11,0,26,21,0,16,29,1,6,29,11,0,26,21,0,16,29,1,6,29,1,6,29,11,0,26,21,0,16,29,1,6,29,11,0,26,21,0,16,29,1,6,29,1,6,29,11,0,26,21,0,16,29,1,6,29,11,0,26,21,0,16,29,1,6,29,1,6,29,11,0,26,21,0,16,29,1,6,29,11,0,26,21,0,16,29,1,6,29,1,6,29,11,0,26,21,0,16,29,1,6,29,11,0,26,21,0,16,29,1,6
8,11,11,11,6,0,0,0,0,0,0,27,20,0,17,29,0,7,29,10,0,0,0,20,29,29,29,16,0,0,3,14,5,0,27,20,0,17,29,0,7,29,10,0,0,0,18,29,7,6,3,0,0,7,29,10,0,27,20,0,17,29,0,7,29,10,0,0,0,17,29,0,12,13,11,0,7,29,10,0,27,20,0,17,29,0,7,29,10,0,25,18,17,29,0,16,18,15,0,7,29,10,0,27,20,0,17,29,0,7,29,10,0,27,20,18,29,10,9,5,0,0,7,29,10,0,27,20,0,17,29,0,7,29,10,0,27,20,20,29,29,29,16,0,0,2,9,3,0,27,20,0,17,29,0,7,29,10,0,9,6,6,8,8,8,5,0,0,0,0,0,0,27,20,0,17,29,0,7,29,10,0,0,0,0,0,0,0,0,0,0,0,0,0,0,27,20,0,17,29,0,7,29,10,0,0,0,11,17,17,17,17,17,17,17,0,0,0,27,20,0,17,29,0,7,29,10,0,0,0,0,0,0,0,0,0,0,0,0,0,0,27,20,0,17,29,0,7,29,10,0,0,0,12,29,29,29,29,29,29,2,0,0,0,27,20,0,17,29,0,7,29,10,0,0,0,8,18,18,18,18,18,29,2,0,0,0,27,20,0,17,29,0,7,29,10,0,0,0,1,1,1,1,1,0,29,2,0,0,0,27,20,0,17,29,0,7,29,10,0,0,0,10,14,14,14,14,5,29,2,0,0,0,27,20,0,17,29,0,7,29,10,0,0,0,0,0,0,0,0,0,29,2,0,0,0,27,20,0,17,29,0,7,29,10,0,0,0,5,11,11,11,11,11,29,2,0,0,0,27,20,0,17,29,0,7,29,10,0,0,0,12,29,29,29,29,29,29,2,0,0,0,27,20,0,17,29,0,7,29,10,0,0,0,3,6,6,6,6,6,29,2,0,0,0,1,1,0,1,1,0,7,29,10,0,0,0,0,0,0,0,0,0,29,2,0,0,0,10,7,0,6,10,0,7,29,10,0,0,0,11,17,17,17,17,5,29,2,0,0,0,27,20,0,17,29,0,7,29,10,0,0,0,6,9,9,9,5,0,29,2,0,0,0,27,20,0,17,29,0,7,29,10,0,0,0,20,29,29,29,16,0,29,2,0,0,0,27,20,0,17,29,0,7,29,10,0,0,0
8,29,9,0,0,0,0,0,0,0,0,0,0,0,0,0,0,0,0,0,0,0,0,8,29,9,0,7,7,7,7,7,7,7,7,7,7,7,7,7,7,7,7,7,7,2,8,29,9,0,8,8,8,8,8,8,8,8,8,8,8,8,8,8,8,8,8,8,2,8,29,9,0,0,19,19,19,19,19,19,10,0,0,0,0,0,0,0,0,0,3,0,8,29,9,0,0,29,29,28,28,28,28,15,0,1,9,9,9,9,9,6,0,22,0,8,29,9,0,0,29,1,0,0,0,0,0,0,5,20,6,6,6,6,4,0,22,0,8,29,9,0,0,29,7,17,17,17,17,17,17,19,16,0,5,5,5,5,5,23,0,8,29,9,0,0,29,1,0,0,0,0,0,0,5,16,0,10,10,10,10,10,9,0,8,29,9,0,0,29,3,1,1,1,1,1,0,5,16,0,0,0,15,17,17,17,5,8,29,9,0,0,29,29,29,29,29,29,15,0,5,16,0,0,0,0,0,0,0,0,3,11,3,0,0,29,17,17,17,17,17,9,0,4,21,17,17,17,17,17,16,0,0,0,0,0,0,0,29,1,0,0,0,0,0,0,0,0,0,0,0,0,0,0,0,0,8,29,9,0,0,29,5,17,17,17,17,17,17,17,17,17,17,17,17,17,17,17,5,8,29,9,0,0,29,1,0,0,0,0,0,0,0,0,0,0,0,0,0,0,0,0,8,29,9,0,0,29,1,13,29,29,29,29,29,29,29,29,29,29,29,29,29,29,5,8,29,9,0,0,29,1,8,18,18,18,25,29,18,18,18,18,18,18,25,29,18,3,8,29,9,0,0,29,1,0,0,0,0,18,29,0,0,0,0,0,0,18,29,0,0,8,29,9,0,0,29,24,23,23,16,0,18,29,0,18,23,23,23,3,18,29,0,0,8,29,9,0,0,8,8,8,8,6,0,18,29,0,6,8,8,8,1,18,29,0,0,8,29,9,0,0,0,0,0,0,0,0,18,29,0,0,0,0,0,0,18,29,0,0,8,29,9,0,0,0,0,12,25,25,25,28,29,25,5,12,25,25,25,28,29,25,5,8,29,9,0,0,0,0,10,22,22,22,22,22,22,4,10,22,22,22,22,22,22,4,8,29,9,0,0,0,0,0,0,0,0,0,0,0,0,0,0,0,0,0,0,0,0
18,0,0,3,15,0,11,7,0,0,13,8,0,0,26,21,0,14,25,1,6,25,10,18,0,13,8,0,22,0,3,18,0,13,8,0,0,26,21,0,0,0,0,0,0,0,18,0,13,12,18,22,13,12,18,0,13,8,0,0,26,21,0,0,0,0,0,0,0,18,0,13,12,18,22,13,12,18,0,13,8,0,0,26,21,0,0,2,17,17,17,17,6,0,5,7,18,8,13,10,6,0,5,3,0,0,26,21,0,0,0,0,0,0,0,0,0,0,3,18,0,13,8,0,0,0,0,0,0,26,21,0,6,10,0,2,10,4,0,0,0,4,18,1,13,9,1,0,0,0,0,0,26,21,0,16,29,1,6,29,11,0,0,13,12,18,22,13,12,18,0,0,0,0,0,26,21,0,16,29,1,6,29,11,4,0,13,12,18,22,13,12,18,0,3,2,0,0,26,21,0,16,29,1,6,29,11,18,0,13,12,18,22,13,12,18,0,13,8,0,0,25,20,0,16,29,1,6,29,11,18,0,13,12,18,22,13,12,18,0,13,8,0,0,0,0,0,16,29,1,6,29,11,18,0,13,12,14,22,10,10,18,0,13,8,0,0,13,10,0,16,29,1,6,29,11,18,0,13,8,0,22,0,3,18,0,13,8,0,0,26,21,0,16,29,1,6,29,11,18,19,13,12,16,22,12,11,18,19,13,8,0,0,26,21,0,16,29,1,6,29,11,18,22,13,12,18,22,13,12,18,22,13,8,0,0,26,21,0,16,29,1,6,29,11,16,22,12,11,18,19,13,12,16,22,12,7,0,0,26,21,0,16,29,1,6,29,11,0,23,7,10,18,0,13,14,7,24,0,0,0,0,26,21,0,16,29,1,6,29,11,0,23,25,25,18,0,13,26,25,27,0,0,0,0,26,21,0,16,29,1,6,29,11,0,22,0,3,18,0,13,8,0,22,0,0,0,0,26,21,0,16,29,1,6,29,11,0,22,0,3,18,0,13,8,0,22,0,0,0,0,26,21,0,16,29,1,6,29,11,0,22,0,3,18,0,13,8,0,22,0,0,0,0,26,21,0,16,29,1,6,29,11,0,22,0,3,18,0,13,8,0,22,0,0,0,0,26,21,0,16,29,1,6,29,11,0,22,0,3,18,0,13,8,0,22,0,0,0,0,26,21,0,16,29,1,6,29,11
25,15,0,20,25,25,25,27,0,0,0,22,25,0,12,29,5,2,29,15,0,0,0,25,15,0,0,0,0,4,27,0,0,0,22,25,0,12,29,5,2,29,15,0,0,0,25,24,17,17,17,7,4,27,0,0,0,22,25,0,12,29,5,2,29,15,0,0,0,25,29,29,29,29,11,4,27,0,0,0,22,25,0,12,29,5,2,29,15,0,0,0,0,0,0,0,0,0,4,27,0,0,0,22,25,0,12,29,5,2,29,15,0,0,0,14,17,17,17,17,17,7,27,0,0,0,22,25,0,12,29,5,2,29,15,0,0,0,0,0,0,0,0,0,4,27,0,0,0,22,25,0,12,29,5,2,29,15,0,5,6,0,9,15,15,15,15,18,27,0,0,0,22,25,0,12,29,5,2,29,15,0,22,25,0,17,29,29,29,29,29,27,0,0,0,22,25,0,12,29,5,2,29,15,0,22,25,0,1,2,2,2,2,7,27,0,0,0,22,25,0,12,29,5,2,29,15,0,22,25,0,0,0,0,0,0,4,27,0,0,0,22,25,0,12,29,5,2,29,15,0,22,25,14,17,17,17,17,17,8,27,0,0,0,22,25,0,12,29,5,2,29,15,0,22,25,0,0,0,0,0,0,4,27,0,0,0,22,25,0,12,29,5,2,29,15,0,22,25,0,16,27,27,27,27,28,27,0,0,0,22,25,0,12,29,5,2,29,15,0,22,25,0,12,20,20,20,20,20,19,0,0,0,22,25,0,12,29,5,2,29,15,0,22,25,6,7,7,7,7,7,7,7,6,0,0,22,25,0,12,29,5,2,29,15,0,22,25,7,8,8,8,8,8,8,8,7,0,0,22,25,0,12,29,5,2,29,15,0,22,25,10,11,11,11,11,4,0,0,0,0,0,22,25,0,12,29,5,2,29,15,0,22,25,25,29,29,29,29,11,0,0,0,0,0,22,25,0,12,29,5,2,29,15,0,22,25,25,19,6,6,6,2,0,0,0,0,0,22,25,0,12,29,5,2,29,15,0,13,15,25,15,0,0,0,0,0,0,0,0,0,22,25,0,12,29,5,2,29,15,0,0,0,25,15,0,22,27,27,27,26,0,0,0,22,25,0,12,29,5,2,29,15,0,0,0,25,15,0,3,4,4,9,27,0,0,0,22,25,0,12,29,5,2,29,15,0,0,0
22,0,3,18,0,13,8,0,22,0,3,18,0,13,8,0,16,29,1,6,29,11,0,22,0,3,18,0,13,8,0,22,0,3,18,0,13,8,0,16,29,1,6,29,11,0,22,0,3,18,0,13,8,0,22,0,3,18,0,13,8,0,16,29,1,6,29,11,0,22,0,3,18,0,13,8,0,22,0,3,18,0,13,8,0,3,5,0,1,5,2,0,12,0,2,10,0,7,4,0,12,0,2,10,0,7,4,0,0,0,0,0,0,0,0,7,7,7,7,7,7,7,7,7,7,7,7,7,7,7,7,7,7,7,7,7,7,7,8,8,8,8,8,8,8,8,8,8,8,8,8,8,8,8,8,8,8,8,8,8,8,0,0,0,0,0,0,0,0,0,0,0,0,0,0,0,1,11,11,11,11,11,11,11,29,11,0,0,0,0,0,0,0,6,29,11,0,0,7,10,14,14,14,14,14,8,4,29,11,0,0,0,0,0,0,0,6,29,11,0,0,23,6,6,6,6,6,6,2,0,29,11,0,0,0,0,0,0,0,6,29,11,0,0,22,0,0,8,5,0,0,0,0,29,11,0,0,0,0,21,0,0,6,29,11,0,0,22,0,0,13,8,0,0,0,0,29,11,0,0,0,0,22,0,0,6,29,11,0,0,22,0,0,10,6,0,0,0,0,29,11,0,0,0,0,22,0,0,6,29,11,0,0,22,0,0,13,15,15,15,15,15,11,4,0,0,0,0,22,0,0,6,29,11,0,0,22,2,13,14,14,14,14,14,14,0,0,0,0,0,0,22,0,0,6,29,11,0,0,22,0,6,20,2,2,2,2,2,0,0,0,0,0,0,22,0,0,6,29,11,0,0,22,0,3,18,0,14,17,17,17,0,0,0,0,0,0,22,0,0,6,29,11,0,0,22,0,3,18,0,0,0,0,0,0,0,0,0,0,0,22,0,0,6,29,11,0,0,22,0,3,24,13,13,13,13,13,25,9,0,0,0,0,22,0,0,6,29,11,0,0,22,1,12,14,14,14,3,2,2,29,11,0,0,0,0,22,0,0,6,29,11,0,0,22,0,5,5,24,4,0,0,0,29,11,0,3,2,0,22,0,0,6,29,11,0,0,22,0,3,18,22,0,0,0,0,29,11,0,13,8,0,22,0,0,6,29,11,0,0,22,0,3,18,22,0,0,0,0
0,3,25,25,25,7,0,20,25,25,16,0,12,25,25,25,0,0,0,0,12,25,25,0,3,21,10,17,8,0,23,8,11,18,0,13,14,9,24,0,0,0,0,13,14,9,0,3,18,22,13,8,0,22,13,12,18,0,13,12,18,22,0,0,0,0,13,12,18,0,1,5,22,13,8,0,6,13,12,18,0,3,6,18,22,0,0,0,0,3,6,18,0,1,1,23,13,8,0,1,15,12,18,0,1,5,18,22,0,0,0,0,1,5,18,0,20,29,28,13,8,10,29,29,12,18,0,29,29,18,22,0,0,0,0,29,29,18,0,0,0,0,13,8,0,0,0,4,18,0,0,0,0,22,0,0,0,0,0,0,0,0,3,27,27,28,8,0,22,27,28,18,0,13,27,27,28,0,0,0,0,13,27,27,0,3,20,4,16,8,0,23,4,8,18,0,13,12,4,23,0,0,0,0,13,12,4,8,9,18,13,13,11,11,22,8,9,18,13,13,11,11,22,8,5,0,13,13,11,11,13,12,18,22,13,12,18,22,13,12,18,22,13,12,18,22,13,8,0,22,13,12,18,13,12,18,22,13,12,18,22,13,12,18,22,13,12,18,22,13,8,0,22,13,12,18,13,12,18,22,13,12,18,22,13,12,18,22,13,12,18,22,13,8,0,22,13,12,18,4,6,18,6,13,10,5,22,4,6,18,6,13,10,5,22,4,2,0,6,13,10,5,0,3,18,0,13,8,0,22,0,3,18,0,13,8,0,22,0,0,0,0,13,8,0,0,3,18,0,13,8,0,22,0,3,18,0,13,8,0,22,0,0,0,0,13,8,0,0,3,18,0,13,8,0,22,0,3,18,0,13,8,0,22,0,0,0,0,13,8,0,0,3,18,0,13,8,0,22,0,3,18,0,13,8,0,22,0,0,0,0,13,8,0,0,1,8,0,6,3,0,9,0,1,8,0,6,3,0,9,0,0,0,0,6,3,0,11,11,11,11,11,11,11,11,11,11,11,11,11,11,11,11,11,0,0,5,11,11,11,4,4,4,4,4,4,4,4,4,4,4,4,4,4,4,4,4,0,0,2,4,4,4,0,2,15,15,15,4,0,12,15,15,10,0,7,15,15,15,0,0,0,0,7,15,15,0,3,23,17,21,8,0,21,17,18,17,0,12,19,17,24,0,0,0,0,12,19,17
22,0,3,18,9,13,8,0,22,6,7,18,0,0,0,0,22,6,7,18,0,13,10,26,0,3,26,19,24,8,0,23,19,21,18,0,0,0,0,23,19,21,18,0,13,22,12,0,1,12,12,12,3,0,10,12,12,8,0,0,0,0,10,12,12,8,0,6,12,7,7,7,7,7,7,7,7,7,7,7,7,5,0,0,6,7,7,7,7,7,7,7,8,8,8,8,8,8,8,8,8,8,8,8,6,0,0,7,8,8,8,8,8,8,8,12,0,2,10,0,7,4,0,12,0,2,10,0,0,0,0,12,0,2,10,0,7,4,22,0,3,18,0,13,8,0,22,0,3,18,0,0,0,0,22,0,3,18,0,13,8,22,0,3,18,0,13,8,0,22,0,3,18,0,0,0,0,22,0,3,18,0,13,8,22,0,3,18,0,13,8,0,22,0,3,18,0,0,0,0,22,0,3,18,0,13,8,22,0,3,18,0,13,8,0,22,0,3,18,0,0,0,0,22,0,3,18,0,13,8,22,5,7,18,9,13,10,7,22,5,7,18,9,0,1,7,22,5,7,18,9,13,10,22,13,12,18,22,13,12,18,22,13,12,18,22,0,3,18,22,13,12,18,22,13,12,22,13,12,18,22,13,12,18,22,13,12,18,22,0,3,18,22,13,12,18,22,13,12,22,13,12,18,22,13,12,18,22,13,12,18,22,0,3,18,22,13,12,18,22,13,12,22,6,8,18,11,13,10,9,22,6,8,18,11,0,1,9,22,6,8,18,11,13,10,24,0,3,21,7,18,8,0,23,7,10,18,0,0,0,0,23,7,10,18,0,13,14,27,0,3,25,25,27,8,0,20,25,25,18,0,0,0,0,20,25,25,18,0,11,25,22,0,2,3,3,13,8,1,3,3,5,18,0,0,0,1,3,3,5,18,0,3,3,22,0,20,28,28,13,8,10,28,29,12,18,0,0,0,10,28,29,12,18,0,28,29,22,0,0,0,22,13,8,0,0,13,12,18,0,0,0,0,0,13,12,18,0,0,3,22,0,1,6,22,13,8,0,7,13,12,18,0,0,0,0,7,13,12,18,0,4,6,22,0,3,18,22,13,8,0,22,13,12,18,0,0,0,0,22,13,12,18,0,13,12,25,0,3,22,10,19,8,0,23,10,12,18,0,0,0,0,23,10,12,18,0,13,16
3,0,19,4,3,3,1,9,12,3,3,2,0,0,2,5,1,2,29,15,0,22,25,25,0,19,12,29,28,10,9,12,29,28,20,0,0,3,6,1,2,29,15,0,22,25,0,0,19,12,12,0,0,9,12,22,0,0,0,0,12,29,5,2,29,15,0,22,25,2,0,19,12,12,7,0,9,12,22,6,0,0,0,12,29,5,2,29,15,0,22,25,8,0,19,10,9,22,0,9,12,17,19,2,0,0,12,29,5,2,29,15,0,22,25,8,0,19,11,9,22,0,9,18,9,23,2,0,0,12,29,5,2,29,15,0,22,25,6,0,15,22,22,17,0,7,22,22,22,2,0,0,12,29,5,2,29,15,0,22,25,0,0,0,0,0,0,0,0,0,0,0,0,0,0,12,29,5,2,29,15,0,22,25,14,17,17,17,17,17,17,17,17,17,17,17,2,0,12,29,5,2,29,15,0,22,25,1,0,3,0,0,4,0,1,2,0,3,0,0,0,12,29,5,2,29,15,0,22,25,8,0,19,2,0,22,0,9,12,0,19,2,0,0,12,29,5,2,29,15,0,22,25,8,0,19,2,0,22,0,9,12,0,19,2,0,0,12,29,5,2,29,15,0,22,25,8,0,19,2,0,22,0,9,12,0,19,2,0,0,12,29,5,2,29,15,0,22,25,8,0,19,2,0,22,0,9,12,0,19,2,0,0,12,29,5,2,29,15,0,22,25,8,1,19,3,0,22,1,10,12,1,19,3,0,0,12,29,5,2,29,15,0,22,25,8,22,19,12,12,22,19,12,12,22,19,12,12,0,12,29,5,2,29,15,0,22,25,8,22,19,12,12,22,19,12,12,22,19,12,12,0,12,29,5,2,29,15,0,22,25,8,22,19,12,12,22,19,12,12,22,19,12,12,0,12,29,5,0,7,4,0,6,6,8,19,19,11,10,22,16,12,12,19,19,11,10,0,12,29,5,0,4,2,0,3,4,8,0,19,2,0,22,0,9,12,0,19,2,0,0,12,29,5,2,29,15,0,22,25,8,0,19,28,27,22,0,9,28,27,29,2,0,0,12,29,5,2,29,15,0,22,25,8,0,3,4,4,22,0,1,4,4,21,2,0,0,12,29,5,2,29,15,0,22,25,8,5,23,23,10,22,0,21,23,18,19,2,0,0,12,29,5,2,29,15,0,22,25
22,0,6,15,22,16,12,15,0,16,12,15,22,16,12,15,22,16,5,0,22,16,10,22,0,6,15,22,16,12,15,0,16,12,15,22,16,12,15,22,16,5,0,22,16,10,11,0,3,7,0,16,6,0,0,0,7,15,0,8,3,0,22,0,0,0,0,16,6,0,0,0,0,16,16,10,11,19,11,11,15,16,0,4,11,22,11,10,13,16,16,9,19,0,5,13,22,16,12,15,22,16,12,15,22,14,11,15,22,16,12,15,22,16,10,22,0,6,15,16,16,10,11,22,11,11,15,16,16,10,11,22,11,11,15,16,16,9,22,0,6,15,0,16,6,2,22,2,7,15,0,16,5,0,22,2,7,15,3,16,5,22,0,6,15,0,16,12,15,22,16,12,15,0,16,5,0,22,16,12,15,22,16,5,22,0,6,15,16,16,12,15,22,16,12,15,16,16,11,11,22,16,12,15,22,16,9,22,0,6,15,22,16,12,15,22,16,12,15,22,16,12,15,22,16,12,15,22,16,10,22,0,6,15,22,16,6,1,22,1,7,15,22,16,12,15,22,1,7,15,2,16,10,22,0,6,15,7,16,5,0,22,0,6,15,7,16,8,5,22,0,6,15,0,16,7,22,0,6,15,0,16,5,0,22,0,6,15,0,16,5,0,22,0,6,15,0,16,5,6,0,2,4,0,16,5,0,6,0,6,15,0,5,1,0,22,0,2,4,0,16,5,0,0,0,0,5,16,18,8,11,9,19,15,5,0,1,3,25,15,6,7,14,23,7,19,0,5,13,22,9,20,15,22,16,19,9,22,14,11,15,15,24,12,15,25,17,8,22,0,6,15,22,0,6,15,22,16,5,0,22,16,12,15,0,16,12,15,22,0,4,22,0,6,15,21,0,6,15,22,16,5,0,21,16,12,14,0,16,12,15,22,0,4,22,0,6,15,0,0,6,15,6,16,5,0,0,16,5,0,0,16,8,4,22,0,0,22,0,6,15,0,0,6,15,0,16,5,0,0,16,5,0,0,16,5,0,22,0,0,22,0,6,15,0,11,5,2,16,2,5,11,0,16,5,0,16,2,5,11,3,11,4,22,0,6,15,0,16,10,10,22,11,10,15,0,16,5,0,22,11,10,15,15,16,5,22,0,6,15,0,16,12,15,22,16,12,15,0,16,5,0,22,16,12,15,22,16,5
0,0,0,26,21,0,16,29,1,6,29,11,0,0,0,0,6,8,24,13,8,3,8,0,0,0,26,21,0,16,29,1,6,29,11,0,0,0,0,0,0,22,13,8,0,0,0,0,0,26,21,0,16,29,1,6,29,11,0,0,0,0,3,18,22,13,8,0,22,0,0,0,26,21,0,16,29,1,6,29,11,0,0,0,0,3,18,2,13,8,0,22,0,0,0,26,21,0,16,29,1,6,29,11,0,0,0,0,3,29,29,29,8,0,23,0,0,0,26,21,0,16,29,1,6,29,11,0,0,0,0,0,2,2,2,0,0,2,0,0,0,26,21,0,16,29,1,6,29,11,0,0,0,2,17,17,17,17,17,17,17,0,0,0,26,21,0,16,29,1,6,29,11,0,0,0,0,0,0,0,0,0,0,0,0,0,0,26,21,0,16,29,1,6,29,11,0,0,0,0,3,15,0,11,7,0,19,8,3,0,26,21,0,16,29,1,6,29,11,0,8,6,0,3,18,0,13,8,0,22,29,11,0,26,21,0,16,29,1,6,29,11,0,26,21,0,3,18,0,13,8,0,22,29,11,0,26,21,0,16,29,1,6,29,11,0,26,21,0,3,18,0,13,8,0,22,29,11,0,26,21,0,16,29,1,6,29,11,0,25,20,0,3,18,0,13,8,0,22,29,11,0,26,21,0,16,29,1,6,29,11,0,0,0,0,3,20,3,16,8,0,23,15,6,0,26,21,0,16,29,1,6,29,11,0,0,0,0,3,29,28,29,8,0,23,0,0,0,26,21,0,16,29,1,6,29,11,0,0,0,2,5,18,3,13,9,3,22,0,0,0,26,21,0,16,29,1,6,29,11,0,0,0,13,12,18,22,13,12,18,22,0,0,0,26,21,0,16,29,1,6,29,11,0,0,0,13,12,18,22,13,12,18,22,0,0,0,26,21,0,16,29,1,6,29,11,0,0,0,13,11,10,22,7,9,18,13,20,8,0,26,21,0,16,29,1,6,29,11,0,0,0,13,8,0,22,0,4,18,1,29,11,0,26,21,0,16,29,1,6,29,11,0,0,0,13,8,0,22,13,12,18,22,29,11,0,26,21,0,16,29,1,6,29,11,0,0,0,13,8,0,22,13,12,18,22,29,11,0,26,21,0,16,29,1,6,29,11,0,0,0,13,8,0,22,13,12,18,22
0,22,0,3,18,0,0,3,15,0,11,7,0,0,13,8,0,0,11,7,0,19,0,0,22,0,3,18,0,13,8,0,22,0,3,18,0,13,8,0,22,0,3,18,0,13,0,22,0,3,18,0,13,12,18,22,13,12,18,0,13,8,0,22,13,12,18,22,13,0,22,0,3,18,0,13,12,18,22,13,12,18,0,13,8,0,22,13,12,18,22,13,0,8,0,1,6,0,5,7,18,8,13,10,6,0,5,3,0,8,13,10,6,22,5,0,0,0,0,0,0,0,3,18,0,13,8,0,0,0,0,0,0,13,8,0,22,0,0,0,0,0,0,0,0,4,18,1,13,9,1,0,0,0,0,1,13,9,1,22,0,0,0,0,0,0,0,13,12,18,22,13,12,18,0,0,0,0,22,13,12,18,22,13,0,5,0,0,4,0,13,12,18,22,13,12,18,0,3,2,0,22,13,12,18,22,13,0,22,0,3,18,0,13,12,18,22,13,12,18,0,13,8,0,22,13,12,18,22,13,0,22,0,3,18,0,13,12,18,22,13,12,18,0,13,8,0,22,13,12,18,22,13,0,22,0,3,18,0,13,12,14,22,10,10,18,0,13,8,0,22,10,10,18,17,13,0,22,0,3,18,0,13,8,0,22,0,3,18,0,13,8,0,22,0,3,18,0,13,16,22,0,3,18,19,13,12,16,22,12,11,18,19,13,12,16,22,12,11,18,19,13,18,22,0,3,18,22,13,12,18,22,13,12,18,22,13,12,18,22,13,12,18,22,13,18,19,0,3,16,22,12,11,18,19,13,12,16,22,12,11,18,19,13,12,16,22,12,18,0,0,0,0,23,7,10,18,0,13,14,7,24,0,3,21,7,18,8,0,23,7,18,0,0,0,0,23,25,25,18,0,13,26,25,27,0,3,28,25,27,8,0,23,25,18,0,0,0,0,22,0,3,18,0,13,8,0,22,0,3,18,0,13,8,0,22,0,18,0,0,0,0,22,0,3,18,0,13,8,0,22,0,3,18,0,13,8,0,22,0,18,0,0,0,0,22,0,3,18,0,13,8,0,22,0,3,18,0,13,8,0,22,0,18,0,0,0,0,22,0,3,18,0,13,8,0,22,0,3,18,0,13,8,0,22,0,18,0,0,0,0,22,0,3,18,0,13,8,0,22,0,3,18,0,13,8,0,22,0
28,12,0,12,9,0,22,12,9,0,22,12,9,0,22,0,2,19,22,0,2,19,22,28,12,0,12,11,7,22,12,9,0,22,12,11,7,22,4,6,19,22,0,2,19,22,28,12,0,12,12,19,22,12,9,0,22,12,12,19,22,12,12,19,22,0,2,19,22,17,7,0,12,12,19,22,12,9,0,22,12,12,19,22,12,12,19,22,0,2,19,22,0,0,0,12,12,19,22,12,9,0,22,12,12,19,22,12,12,19,22,0,2,19,22,24,10,0,12,12,13,22,9,6,0,16,12,12,13,22,9,9,19,16,0,2,13,22,28,12,0,2,1,0,22,0,0,3,0,12,10,0,3,0,3,19,0,2,1,0,22,28,12,0,2,4,19,22,12,12,19,22,12,12,19,3,12,12,19,22,12,12,19,22,28,12,0,12,12,19,22,12,12,19,22,12,12,19,22,12,12,19,22,12,12,19,22,28,12,0,12,11,7,22,4,6,19,8,12,11,7,22,4,6,19,8,12,11,7,22,28,12,0,12,9,0,22,6,7,19,10,12,9,0,22,0,2,19,10,12,11,9,22,28,12,0,12,10,1,22,12,12,19,22,12,10,1,22,0,3,19,22,12,12,19,22,28,12,0,12,12,19,22,12,12,19,22,12,12,19,22,12,12,19,22,12,12,19,22,28,12,0,12,12,19,22,9,10,19,17,12,12,19,22,12,12,19,17,12,12,15,22,28,12,0,12,12,19,22,0,2,19,0,12,12,19,22,12,12,19,0,12,9,0,22,28,12,0,12,9,0,22,0,2,19,0,12,9,0,22,0,2,19,0,12,9,0,22,28,12,0,12,9,0,22,0,2,19,0,12,9,0,22,0,2,19,0,12,9,0,22,28,12,0,0,0,0,22,0,0,0,0,12,9,0,0,0,2,19,0,0,0,0,22,28,12,0,2,3,11,22,25,11,16,19,27,11,11,3,7,8,28,25,10,10,25,29,28,12,0,12,12,19,5,16,12,19,22,6,5,19,22,12,10,6,24,12,12,22,6,28,12,0,12,12,19,0,12,12,19,22,0,2,19,22,12,9,0,22,12,12,19,0,28,12,0,12,11,11,0,12,12,19,22,0,1,11,22,7,5,0,22,12,12,19,0,28,12,0,12,9,0,0,12,9,0,22,0,0,0,22,0,0,0,22,0,2,19,0
0,0,0,9,12,12,12,12,12,12,12,12,12,12,12,12,12,12,12,12,12,12,6,0,0,0,2,3,3,3,3,3,3,3,3,3,3,3,3,3,3,3,3,3,3,1,2,5,0,0,0,0,5,17,17,17,17,17,17,6,5,17,17,17,17,17,17,6,0,13,29,4,0,0,0,8,29,29,29,29,29,29,10,8,29,29,29,29,29,29,10,0,13,29,4,0,0,0,0,1,1,1,15,29,6,0,0,1,1,1,15,29,6,0,0,13,29,4,0,2,2,2,2,2,0,13,29,4,1,2,2,2,0,13,29,4,0,0,13,29,4,0,25,29,29,29,25,0,13,29,4,17,29,29,29,8,13,29,4,0,0,13,29,4,0,25,6,0,0,0,0,13,29,4,0,0,0,0,0,13,29,4,0,0,13,29,4,0,25,6,3,12,12,12,20,29,15,12,12,12,12,12,20,29,15,4,0,13,29,4,0,25,6,8,29,29,29,29,29,29,29,29,29,29,29,29,29,29,10,0,13,29,4,0,25,6,1,5,5,5,5,5,5,5,5,5,5,5,5,5,5,2,0,13,29,4,0,25,8,17,17,17,17,17,17,17,17,17,17,17,17,17,17,17,17,7,13,29,4,0,25,6,0,0,0,0,0,0,0,0,0,0,0,0,0,0,0,0,0,13,29,4,0,25,15,10,10,10,10,7,0,0,18,17,17,17,17,17,17,2,0,0,13,29,4,0,25,29,29,29,29,29,20,0,0,21,0,0,0,0,0,0,0,0,0,13,29,4,0,25,13,7,7,7,7,5,0,0,21,0,0,0,10,14,14,14,14,6,13,29,4,0,25,6,0,0,0,0,0,0,0,21,0,3,4,6,6,6,6,2,0,13,29,4,0,25,9,17,17,17,17,17,17,17,21,0,9,11,11,11,11,24,1,0,11,25,4,0,25,6,0,0,0,0,0,0,0,22,0,0,0,0,0,0,20,1,0,0,0,0,0,25,24,22,22,22,22,16,0,0,15,15,15,15,15,12,0,20,1,0,0,0,0,0,22,25,25,25,25,25,18,0,0,0,0,0,0,0,0,0,6,0,0,0,0,0,2,2,2,2,2,2,2,2,2,2,2,2,2,2,2,2,2,2,2,1,0,0,0,10,13,13,13,13,13,13,13,13,13,13,13,13,13,13,13,13,13,13,6
8,24,13,8,3,8,18,12,18,0,8,11,18,22,0,6,8,24,13,8,0,0,0,0,22,13,8,0,0,13,12,18,0,0,3,18,22,0,0,0,22,13,8,0,0,0,18,22,13,8,0,22,13,12,18,0,13,12,18,22,0,3,18,22,13,8,0,0,0,18,2,13,8,0,22,1,4,18,0,13,9,1,22,0,3,18,2,13,8,0,0,0,29,29,29,8,0,23,29,29,18,0,13,29,29,28,0,3,29,29,29,8,0,0,0,2,2,2,0,0,2,2,2,1,0,1,2,2,2,0,0,2,2,2,0,0,0,0,17,17,17,17,17,17,17,17,17,17,17,17,17,17,17,17,17,17,17,17,6,0,2,0,0,0,0,0,0,0,0,0,0,0,0,0,0,0,0,0,0,0,0,0,0,0,15,0,11,7,0,19,0,3,15,0,11,7,0,19,0,3,15,0,11,7,0,0,0,18,0,13,8,0,22,0,3,18,0,13,8,0,22,0,3,18,0,13,8,0,0,0,18,0,13,8,0,22,0,3,18,0,13,8,0,22,0,3,18,0,13,8,0,0,0,18,0,13,8,0,22,0,3,18,0,13,8,0,22,0,3,18,0,13,8,0,0,0,18,0,13,8,0,22,0,3,18,0,13,8,0,22,0,3,18,0,13,8,0,0,0,20,3,16,8,0,23,3,7,18,0,13,11,3,23,0,3,20,3,16,8,0,0,0,29,28,29,8,0,23,28,29,18,0,13,29,28,28,0,3,29,28,29,8,0,0,0,18,3,13,9,3,22,2,5,18,3,13,9,3,22,2,5,18,3,13,9,3,0,2,18,22,13,12,18,22,13,12,18,22,13,12,18,22,13,12,18,22,13,12,18,0,13,18,22,13,12,18,22,13,12,18,22,13,12,18,22,13,12,18,22,13,12,18,0,13,10,22,7,9,18,13,13,11,10,22,7,9,18,13,13,11,10,22,7,9,18,0,13,0,22,0,4,18,1,13,8,0,22,0,3,18,1,13,9,1,22,0,3,18,0,13,0,22,13,12,18,22,13,8,0,22,0,3,18,22,13,12,18,22,0,3,18,0,13,0,22,13,12,18,22,13,8,0,22,0,3,18,22,13,12,18,22,0,3,18,0,13,0,22,13,12,18,22,13,8,0,22,0,3,18,22,13,12,18,22,0,3,18,0,13
0,14,25,25,22,0,6,25,25,25,5,0,23,25,25,13,0,14,25,25,22,0,4,0,16,12,9,23,0,6,19,10,20,5,0,23,9,13,15,0,16,12,9,23,0,4,0,16,12,15,22,0,6,15,22,16,5,0,22,16,12,15,0,16,12,15,22,0,4,0,4,8,15,22,0,1,4,22,16,5,0,6,16,12,15,0,4,8,15,22,0,1,0,1,8,15,22,0,1,1,23,16,5,0,1,17,12,15,0,1,8,15,22,0,1,3,29,29,15,22,0,23,29,25,16,5,13,29,29,12,15,3,29,29,15,22,0,21,0,0,0,0,22,0,0,0,0,16,5,0,0,0,7,15,0,0,0,0,22,0,0,0,15,27,27,25,0,6,27,27,29,5,0,25,27,28,15,0,15,27,27,25,0,4,0,16,9,4,23,0,6,18,4,19,5,0,23,4,10,15,0,16,9,4,23,0,4,13,16,10,9,22,10,10,15,13,16,10,9,22,10,10,15,13,16,10,9,22,10,8,22,16,12,15,22,16,12,15,22,16,12,15,22,16,12,15,22,16,12,15,22,16,10,22,16,12,15,22,16,12,15,22,16,12,15,22,16,12,15,22,16,12,15,22,16,10,22,16,12,15,22,16,12,15,22,16,12,15,22,16,12,15,22,16,12,15,22,16,10,6,16,8,4,22,5,8,15,6,16,8,4,22,5,8,15,6,16,8,4,22,5,6,0,16,5,0,22,0,6,15,0,16,5,0,22,0,6,15,0,16,5,0,22,0,4,0,16,5,0,22,0,6,15,0,16,5,0,22,0,6,15,0,16,5,0,22,0,4,0,16,5,0,22,0,6,15,0,16,5,0,22,0,6,15,0,16,5,0,22,0,4,0,16,5,0,22,0,6,15,0,16,5,0,22,0,6,15,0,16,5,0,22,0,4,0,7,2,0,9,0,3,6,0,7,2,0,9,0,3,6,0,7,2,0,9,0,2,7,11,11,11,11,11,11,11,11,11,11,11,11,11,11,11,11,11,11,11,11,11,11,2,4,4,4,4,4,4,4,4,4,4,4,4,4,4,4,4,4,4,4,4,4,4,0,9,15,15,13,0,3,15,15,15,3,0,14,15,15,8,0,9,15,15,13,0,2,0,15,19,17,22,0,6,22,17,22,5,0,22,17,19,14,0,15,19,17,22,0,4
0,0,0,0,0,0,0,0,0,0,0,0,0,9,29,8,0,0,0,0,0,0,0,0,0,0,0,16,27,5,0,25,26,0,0,0,1,5,1,0,7,27,14,0,15,26,0,0,0,0,2,19,5,0,23,4,0,0,0,0,0,0,0,1,10,15,0,16,9,0,6,2,0,9,16,5,0,22,6,2,0,9,0,2,6,0,6,9,15,0,16,7,0,16,5,0,22,16,5,0,22,16,5,0,22,0,6,15,0,16,12,15,0,16,10,8,16,8,5,22,16,5,0,22,16,8,5,22,0,6,15,8,16,12,15,0,16,10,22,16,12,15,22,16,5,0,22,16,12,15,22,0,6,15,22,16,12,15,0,16,10,22,16,12,15,22,16,5,0,22,16,12,15,22,0,6,15,22,16,12,15,0,16,10,22,16,12,15,22,16,5,0,22,16,12,15,22,0,6,15,22,16,12,15,0,16,10,16,16,10,11,22,11,4,0,16,16,10,11,22,0,6,15,16,16,10,11,0,11,9,0,2,1,0,22,0,1,2,0,16,6,0,3,0,1,2,0,16,6,0,3,0,5,22,2,7,15,22,16,12,15,22,16,12,15,3,0,1,2,22,16,12,15,22,16,10,22,16,12,15,22,16,12,15,22,16,12,15,22,0,6,15,22,16,12,15,22,16,10,8,16,8,5,22,6,9,15,8,16,8,5,22,0,6,15,8,16,8,5,22,6,7,0,16,5,0,22,7,9,15,10,16,5,0,22,0,6,15,0,16,9,7,22,7,7,1,16,6,1,22,16,12,15,22,16,6,1,22,0,6,15,1,16,12,15,22,16,10,22,16,12,15,22,16,12,15,22,16,12,15,22,0,6,15,22,16,12,15,22,16,10,22,16,12,15,22,13,11,15,17,16,12,15,22,0,6,15,22,16,11,12,22,13,9,22,16,12,15,22,0,6,15,0,16,12,15,22,0,6,15,22,16,5,0,22,0,4,0,16,5,0,22,0,6,15,0,16,5,0,22,0,6,15,0,16,5,0,22,0,4,0,16,5,0,22,0,6,15,0,16,5,0,22,0,6,15,0,16,5,0,22,0,4,0,0,0,0,22,0,0,0,0,16,5,0,0,0,0,0,0,16,5,0,0,0,4,13,2,4,9,26,25,11,13,23,28,9,9,3,0,1,2,13,16,26,13,19,14,24
0,0,0,0,0,7,14,0,17,4,0,22,0,7,14,0,17,4,0,0,0,0,0,0,0,0,0,0,7,14,0,17,4,0,22,0,7,14,0,17,4,0,0,0,0,0,0,0,0,0,11,25,14,0,17,25,23,24,0,7,26,23,27,4,0,0,0,0,0,0,0,0,0,4,14,14,0,17,12,8,23,0,7,19,8,21,4,0,0,0,0,0,0,0,0,0,11,12,14,19,17,11,12,22,14,12,14,19,17,11,12,0,0,0,0,0,0,0,0,13,12,14,22,17,12,14,22,17,12,14,22,17,12,14,0,0,0,0,0,0,0,0,13,12,13,22,16,12,14,20,17,12,13,22,16,12,14,0,0,0,0,0,0,0,0,13,4,0,22,0,7,14,0,17,4,0,22,0,7,14,0,0,0,0,0,0,0,0,13,4,0,22,0,7,14,16,17,10,10,22,0,7,14,0,0,0,0,0,0,0,0,13,4,0,22,0,7,14,22,17,12,14,22,0,7,14,0,0,0,0,0,0,0,0,13,4,0,22,0,7,14,22,17,12,14,22,0,7,14,0,0,0,0,0,0,0,0,13,4,0,6,0,7,14,22,17,12,14,22,0,2,4,0,0,0,0,0,0,0,0,13,4,0,0,0,7,14,22,17,12,14,22,0,0,0,0,0,0,0,0,0,0,0,1,0,0,0,0,1,1,22,2,8,14,3,0,0,0,0,0,0,0,0,0,0,0,0,0,0,0,0,0,0,22,0,7,14,0,0,0,0,0,0,0,0,0,0,0,0,4,1,0,7,0,2,4,22,5,9,14,7,0,2,4,0,0,0,0,0,0,0,0,13,4,0,22,0,7,14,22,17,12,14,22,0,7,14,0,0,0,0,0,0,0,0,13,4,0,22,0,7,14,22,17,12,14,22,0,7,14,0,0,0,0,0,0,0,0,13,4,0,22,0,7,14,0,17,5,0,22,0,7,14,0,0,0,0,0,0,0,0,1,0,0,22,0,0,1,18,1,6,11,2,0,7,14,0,0,0,0,0,0,0,0,0,0,0,22,0,0,0,22,0,7,14,0,0,7,14,0,0,0,0,0,0,0,0,0,4,8,22,10,2,0,22,16,12,14,0,10,10,14,0,0,0,0,0,0,0,0,0,7,14,22,17,4,0,22,17,12,14,0,17,12,14,0,0,0,0
29,11,0,13,12,18,5,17,12,18,23,6,6,18,22,13,9,6,24,13,12,21,6,29,11,0,13,12,18,0,13,12,18,22,0,3,18,22,13,8,0,22,13,12,18,0,29,11,0,13,11,11,0,13,12,18,22,0,2,11,22,8,5,0,22,13,12,18,0,29,11,0,13,8,0,0,13,8,0,22,0,0,0,22,0,0,0,22,0,3,18,0,29,11,0,13,8,0,0,11,7,0,19,0,0,0,22,0,0,0,19,0,3,15,0,11,4,0,13,8,0,22,0,3,18,0,13,8,0,22,0,3,18,0,13,8,0,22,0,0,0,13,8,0,22,13,12,18,22,13,8,0,22,0,3,18,22,13,12,18,22,0,0,0,13,8,0,22,13,12,18,22,13,8,0,22,0,3,18,22,13,12,18,22,0,0,0,5,3,0,8,13,10,6,22,5,3,0,8,0,1,6,22,5,7,18,8,0,0,0,0,0,0,0,13,8,0,22,0,0,0,0,0,0,0,22,0,3,18,0,0,0,0,0,0,0,1,13,9,1,22,0,0,0,0,0,0,1,22,0,4,18,1,0,0,0,0,0,0,22,13,12,18,22,13,8,0,0,0,3,18,22,13,12,18,22,0,0,0,3,2,0,22,13,12,18,22,13,8,0,5,0,3,18,22,13,12,18,22,0,0,0,13,8,0,22,13,12,18,22,13,8,0,22,0,3,18,22,13,12,18,22,0,0,0,13,8,0,22,13,12,18,22,13,8,0,22,0,3,18,22,13,12,18,22,0,0,0,13,8,0,22,10,10,18,17,13,8,0,22,0,3,18,17,13,12,14,22,0,0,0,13,8,0,22,0,3,18,0,13,8,0,22,0,3,18,0,13,8,0,22,0,0,0,13,12,16,22,12,11,18,19,13,12,16,22,12,11,18,19,13,12,16,22,0,0,0,13,12,18,22,13,12,18,22,13,12,18,22,13,12,18,22,13,12,18,22,0,0,0,12,11,18,19,13,12,16,22,12,11,18,19,13,12,16,22,12,11,18,19,0,0,0,0,3,21,7,18,8,0,23,7,10,18,0,13,14,7,24,0,3,21,7,18,7,0,0,3,28,25,27,8,0,23,25,25,18,0,13,26,25,27,0,3,28,25,29,11,0,0,3,18,0,13,8,0,22,0,3,18,0,13,8,0,22,0,3,18,0
0,0,0,0,0,0,0,0,0,0,0,0,0,0,0,0,0,0,0,0,0,0,0,0,0,0,0,0,0,0,0,0,0,0,0,0,0,0,0,0,0,0,0,0,0,0,6,0,0,0,0,9,18,5,0,15,18,0,0,0,0,0,15,18,0,2,18,13,0,5,0,0,0,0,6,21,8,0,23,13,0,0,0,0,0,11,25,0,3,24,9,0,1,0,1,0,0,2,13,8,0,22,1,0,0,2,0,0,1,22,0,3,18,2,0,18,0,13,8,0,22,13,8,0,22,13,8,0,22,0,3,18,22,0,3,18,22,0,18,1,13,9,1,22,13,8,0,22,13,9,1,22,0,4,18,22,0,3,18,22,0,18,22,13,12,18,22,13,8,0,22,13,12,18,22,13,12,18,22,0,3,18,22,13,18,22,13,12,18,22,13,8,0,22,13,12,18,22,13,12,18,22,0,3,18,22,13,18,22,13,12,18,22,13,8,0,22,13,12,18,22,13,12,18,22,0,3,18,22,13,18,22,13,12,18,22,13,8,0,22,13,12,18,22,13,12,18,22,0,3,18,22,13,18,0,6,4,0,22,0,0,0,0,13,8,0,10,0,3,18,0,0,0,0,22,0,18,16,0,2,13,22,10,10,16,16,13,11,13,0,10,10,18,16,12,10,13,22,10,18,22,12,11,18,22,13,12,18,22,13,12,18,19,13,12,18,22,13,12,18,22,13,18,15,13,11,12,22,9,9,18,15,13,11,12,22,9,9,18,15,13,11,12,22,9,18,0,13,8,0,22,2,5,18,3,13,8,0,22,0,3,18,3,13,9,3,22,0,18,0,13,8,0,22,13,12,18,22,13,8,0,22,0,3,18,22,13,12,18,22,0,18,17,13,12,14,22,13,12,18,22,13,12,14,22,10,10,18,22,13,12,18,22,10,18,22,13,12,18,22,13,12,18,22,13,12,18,22,13,12,18,22,13,12,18,22,13,18,22,13,12,18,22,0,4,18,1,13,12,18,22,13,12,18,1,13,9,1,22,13,12,6,9,7,5,15,0,2,12,0,9,7,5,15,4,5,12,0,9,5,0,15,4,0,0,0,0,0,0,0,0,0,0,0,0,0,0,0,0,0,0,0,0,0,0,0,0,0,0,0,0,0,0,0,0,0,0,0,0,0,0,0,0,0,0,0,0,0,0
2,11,4,0,10,8,0,6,11,0,0,0,0,0,0,0,0,0,0,16,0,0,11,0,0,0,0,0,0,0,0,0,0,0,0,0,0,0,0,0,0,0,0,0,0,15,17,17,17,17,17,17,17,17,17,17,17,17,17,17,17,17,17,17,17,17,17,17,17,0,0,0,0,0,0,0,0,0,0,0,0,0,0,0,0,0,0,0,0,0,0,0,15,0,11,7,0,19,0,3,15,0,11,7,0,19,0,3,15,0,11,7,0,19,0,18,0,13,8,0,22,0,3,18,0,13,8,0,22,0,3,18,0,13,8,0,22,0,18,0,13,8,0,22,0,3,18,0,13,8,0,22,0,3,18,0,13,8,0,22,0,18,0,13,8,0,22,0,3,18,0,13,8,0,22,0,3,18,0,13,8,0,22,0,18,0,13,8,0,22,0,3,18,0,13,8,0,22,0,3,18,0,13,8,0,22,0,18,0,13,11,3,23,0,3,20,3,16,8,0,23,3,7,18,0,13,11,3,23,0,18,0,13,29,28,28,0,3,29,28,29,8,0,23,28,29,18,0,13,29,28,28,0,18,3,13,9,3,22,2,5,18,3,13,9,3,22,2,5,18,3,13,9,3,22,2,18,22,13,12,18,22,13,12,18,22,13,12,18,22,13,12,18,22,13,12,18,22,13,18,22,13,12,18,22,13,12,18,22,13,12,18,22,13,12,18,22,13,12,18,22,13,10,22,7,9,18,13,13,11,10,22,7,9,18,13,13,11,10,22,7,9,18,13,13,0,22,0,3,18,1,13,9,1,22,0,3,18,0,13,9,1,22,0,4,18,0,13,0,22,0,3,18,22,13,12,18,22,0,3,18,0,13,12,18,22,13,12,18,0,13,0,22,0,3,18,22,13,12,18,22,0,3,18,0,13,12,18,22,13,12,18,0,13,0,22,0,3,18,22,13,12,18,22,0,3,18,0,13,12,18,22,13,12,18,0,13,0,0,0,3,18,22,13,12,18,22,0,0,0,0,13,12,18,22,13,12,18,0,0,0,0,0,3,15,22,11,11,18,18,0,0,0,0,11,11,18,18,13,12,15,0,0,0,0,0,0,0,22,0,3,18,0,0,0,0,0,0,3,18,0,13,8,0,0,0,0,0,0,0,0,22,0,3,18,0,0,0,0,0,0,3,18,0,13,8,0,0,0
0,0,0,0,0,0,0,13,28,25,19,0,0,0,0,0,0,0,0,0,0,0,0,20,14,0,18,22,0,0,13,18,2,3,0,0,18,22,0,9,25,5,1,25,14,0,25,16,0,21,26,0,0,13,18,8,13,0,0,21,26,0,11,29,6,1,29,16,0,25,16,0,21,26,0,0,13,18,8,13,0,0,21,26,0,11,29,6,1,29,16,0,25,16,0,21,26,0,0,13,18,8,13,0,0,21,26,0,11,29,6,1,29,16,0,25,16,0,21,26,0,0,13,18,8,13,0,0,21,26,0,11,29,6,1,29,16,0,0,0,0,0,0,0,0,13,18,2,4,0,0,0,0,0,0,0,0,0,0,0,0,0,0,0,0,0,0,0,13,27,23,18,0,0,0,0,0,0,0,0,0,0,0,0,0,0,0,0,0,0,0,4,8,8,6,0,0,0,0,0,0,0,0,0,0,0,0,14,17,17,17,17,17,17,17,17,17,17,17,17,17,17,17,17,17,17,17,17,9,0,0,0,0,0,0,0,0,0,0,0,0,0,0,0,0,0,0,0,0,0,0,0,0,0,0,0,0,0,0,0,0,0,0,0,0,0,0,0,0,0,0,0,0,0,0,0,15,10,0,13,17,0,7,18,4,1,18,10,0,13,17,0,7,18,4,1,18,10,0,25,16,0,21,26,0,11,29,6,1,29,16,0,21,26,0,11,29,6,1,29,16,0,25,16,0,21,26,0,11,29,6,1,29,16,0,21,26,0,11,29,6,1,29,16,0,25,16,0,21,26,0,11,29,6,1,29,16,0,21,26,0,11,29,6,1,29,16,0,25,16,0,21,26,0,11,29,6,1,29,16,0,21,26,0,11,29,6,1,29,16,0,4,3,0,4,5,0,2,5,1,0,5,3,0,4,5,0,2,5,1,0,5,3,0,0,0,0,0,0,0,0,0,0,0,0,0,0,0,0,0,0,0,0,0,0,0,0,6,7,7,7,7,7,7,7,7,7,7,7,7,7,7,7,7,7,7,7,7,7,6,7,8,8,8,8,8,8,8,8,8,8,8,8,8,8,8,8,8,8,8,8,8,7,0,0,0,0,3,27,27,27,2,0,0,0,0,0,0,0,0,0,0,0,0,0,0,25,16,0,0,3,29,4,4,0,1,29,16,0,21,26,0,11,29,6,1,29,16,0
29,11,0,0,0,0,0,6,29,11,11,29,29,29,17,1,28,29,29,27,0,21,29,29,11,0,0,0,0,0,6,29,11,3,6,29,11,0,1,1,26,21,0,0,2,16,29,11,0,0,0,0,0,6,29,11,22,6,29,11,0,13,8,26,21,0,3,18,16,29,11,0,0,0,0,0,6,29,11,22,6,29,11,0,13,8,26,21,0,3,18,16,29,11,0,0,0,0,0,6,29,11,19,6,29,11,0,11,7,26,21,0,3,15,16,29,11,0,0,0,0,0,6,29,16,7,13,29,16,7,7,7,27,24,7,7,7,20,29,11,0,0,0,0,0,6,29,29,29,29,29,29,29,29,29,29,29,29,29,29,29,10,4,0,0,0,0,0,2,10,10,10,10,10,10,10,10,10,10,10,10,10,10,10,17,17,17,17,17,17,17,17,17,17,17,17,17,17,17,17,17,17,17,17,17,17,17,0,0,0,0,0,0,0,0,0,0,0,0,0,0,0,0,0,0,0,0,0,0,0,5,1,0,0,0,0,0,0,5,5,5,5,5,5,5,5,5,5,5,5,5,5,5,29,7,0,0,0,0,0,1,29,29,29,29,29,29,29,29,29,29,29,29,29,29,29,12,3,0,0,0,0,0,0,12,12,12,16,29,19,12,12,12,12,12,16,29,19,12,0,0,0,0,0,0,0,0,0,0,0,6,29,11,0,0,0,0,0,6,29,11,0,13,3,0,0,0,0,0,1,13,13,8,6,29,11,6,13,13,13,8,6,29,11,6,18,5,0,0,0,0,0,1,18,18,11,6,29,11,8,18,18,18,11,6,29,11,8,17,4,0,0,0,0,0,1,17,17,17,20,29,22,17,17,17,4,7,20,29,22,17,29,7,0,0,0,0,0,1,29,29,29,29,29,29,29,29,29,7,11,29,29,29,29,0,0,0,0,0,0,0,0,0,0,0,0,0,0,0,0,0,0,0,0,0,0,0,17,17,17,17,17,17,17,17,17,17,17,17,17,17,17,17,17,17,17,17,17,17,17,9,9,5,0,0,0,4,9,9,9,9,9,9,9,9,9,9,9,9,9,9,9,9,22,22,13,0,0,0,9,22,22,22,22,22,22,22,22,22,22,22,22,22,22,22,22,0,0,0,0,0,0,0,0,0,0,1,5,0,0,0,0,0,4,2,0,0,0,0
0,22,0,0,0,19,0,3,15,0,0,3,18,0,0,3,15,0,11,7,0,0,13,0,22,0,3,18,0,13,8,0,22,0,3,18,0,13,8,0,22,0,3,18,0,13,0,22,0,3,18,22,13,12,18,22,0,3,18,0,13,12,18,22,13,12,18,0,13,0,22,0,3,18,22,13,12,18,22,0,3,18,0,13,12,18,22,13,12,18,0,13,0,8,0,1,6,22,5,7,18,8,0,1,6,0,5,7,18,8,13,10,6,0,5,0,0,0,0,0,22,0,3,18,0,0,0,0,0,0,3,18,0,13,8,0,0,0,0,0,0,0,1,22,0,4,18,1,0,0,0,0,0,4,18,1,13,9,1,0,0,0,0,0,3,18,22,13,12,18,22,0,0,0,0,13,12,18,22,13,12,18,0,0,0,5,0,3,18,22,13,12,18,22,0,0,4,0,13,12,18,22,13,12,18,0,3,0,22,0,3,18,22,13,12,18,22,0,3,18,0,13,12,18,22,13,12,18,0,13,0,22,0,3,18,22,13,12,18,22,0,3,18,0,13,12,18,22,13,12,18,0,13,0,22,0,3,18,17,13,12,14,22,0,3,18,0,13,12,14,22,10,10,18,0,13,0,22,0,3,18,0,13,8,0,22,0,3,18,0,13,8,0,22,0,3,18,0,13,16,22,12,11,18,19,13,12,16,22,12,11,18,19,13,12,16,22,12,11,18,19,13,18,22,13,12,18,22,13,12,18,22,13,12,18,22,13,12,18,22,13,12,18,22,13,18,19,13,12,16,22,12,11,18,19,13,12,16,22,12,11,18,19,13,12,16,22,12,18,0,13,14,7,24,0,3,21,7,18,8,0,23,7,10,18,0,13,14,7,24,0,18,0,13,26,25,27,0,3,28,25,27,8,0,23,25,25,18,0,13,26,25,27,0,18,0,13,8,0,22,0,3,18,0,13,8,0,22,0,3,18,0,13,8,0,22,0,18,0,13,8,0,22,0,3,18,0,13,8,0,22,0,3,18,0,13,8,0,22,0,18,0,13,8,0,22,0,3,18,0,13,8,0,22,0,3,18,0,13,8,0,22,0,18,0,13,8,0,22,0,3,18,0,13,8,0,22,0,3,18,0,13,8,0,22,0,18,0,13,8,0,22,0,3,18,0,13,8,0,22,0,3,18,0,13,8,0,22,0
8,15,15,15,15,2,0,0,9,12,0,0,0,0,0,0,0,25,7,0,2,29,15,0,0,0,0,0,0,0,0,9,12,0,5,21,21,21,21,21,28,7,0,2,29,15,0,0,8,11,11,11,11,11,17,12,0,7,26,26,26,26,26,29,7,0,2,21,11,0,0,3,4,4,4,4,4,4,2,0,0,0,0,0,0,0,25,7,0,0,0,0,4,7,7,7,7,7,7,7,7,7,7,7,7,7,7,7,3,25,7,0,2,20,11,4,8,8,8,8,8,8,8,8,8,8,8,8,8,8,8,4,25,7,0,2,29,15,0,18,19,19,19,19,19,19,19,19,19,19,19,19,19,14,0,25,7,0,2,29,15,0,27,29,29,28,28,28,28,28,28,29,29,28,28,28,21,0,25,7,0,2,29,15,0,0,22,25,0,0,0,0,0,0,22,25,0,0,0,0,0,25,7,0,2,29,15,0,0,22,25,0,12,13,13,13,0,22,25,0,6,13,13,13,27,7,0,2,29,15,0,0,22,25,0,17,18,18,18,0,22,25,0,8,18,18,18,18,5,0,2,29,15,0,0,22,25,0,0,0,0,0,0,22,25,0,0,0,0,0,0,0,0,2,29,15,0,14,26,28,15,15,15,11,0,14,26,28,15,15,15,11,0,0,0,0,2,29,15,0,27,29,29,29,29,29,21,0,27,29,29,29,29,29,21,0,0,0,0,2,29,15,0,2,2,2,2,2,2,2,0,2,2,2,2,2,2,2,0,0,0,0,2,29,15,9,17,17,17,17,17,17,17,17,17,17,17,17,17,17,17,17,17,17,2,2,29,15,0,0,0,0,0,0,0,0,0,0,0,0,0,0,0,0,0,0,0,0,2,29,15,0,9,1,0,0,0,0,0,0,0,0,7,29,29,29,29,29,29,7,0,2,29,15,0,19,2,6,17,17,17,17,17,8,0,5,18,18,18,18,18,28,7,0,2,29,15,0,19,2,0,0,0,0,0,9,14,1,1,1,1,1,1,1,25,7,0,2,29,15,0,19,17,15,15,15,15,3,9,21,14,14,14,14,14,14,7,25,7,0,2,29,15,3,6,6,6,6,1,0,0,9,12,0,0,0,0,0,0,0,25,7,0,2,29,15,5,10,10,10,10,1,0,0,9,12,0,3,11,11,11,11,11,26,7,0,2,29,15
0,0,0,0,0,0,14,7,19,12,0,0,7,29,10,0,27,20,0,17,29,0,0,0,0,0,0,0,0,5,2,19,12,0,0,2,9,3,0,9,6,0,5,9,0,0,0,0,21,21,21,21,21,21,27,12,0,0,0,0,0,0,0,0,0,0,0,0,0,0,0,10,10,10,10,10,10,10,4,0,0,0,0,0,0,0,0,0,0,0,0,0,0,0,17,17,17,17,17,17,17,11,0,0,14,17,17,17,17,17,17,0,0,0,0,0,0,0,0,0,0,0,0,0,0,0,0,0,0,0,0,0,0,0,0,0,0,0,0,0,29,29,29,29,29,16,0,0,0,0,0,0,0,0,0,0,0,0,0,0,0,0,0,29,26,18,18,18,10,0,5,8,0,2,8,3,0,8,6,0,5,8,0,0,0,0,27,20,2,17,17,10,0,17,29,0,7,29,10,0,27,20,0,17,29,0,0,0,0,27,20,1,14,14,8,0,17,29,0,7,29,10,0,27,20,0,17,29,0,0,0,0,27,20,0,0,0,0,0,17,29,0,7,29,10,0,27,20,0,17,29,0,0,0,0,28,24,11,11,11,6,0,17,29,0,7,29,10,0,27,20,0,17,29,0,0,0,0,29,29,29,29,29,16,0,9,15,0,4,15,5,0,14,11,0,9,15,0,0,0,0,6,6,6,6,6,3,0,0,0,0,0,0,0,0,0,0,0,0,0,0,0,0,0,0,0,0,0,0,0,0,0,0,0,0,0,0,0,0,0,0,0,0,0,0,0,0,17,17,17,17,17,17,17,17,17,17,17,17,17,17,17,17,17,0,0,0,0,0,0,9,9,9,9,9,6,0,0,0,0,0,0,0,0,0,0,0,0,0,0,0,0,0,29,29,29,29,29,19,0,0,0,0,5,20,7,0,19,14,0,12,20,0,0,0,0,8,8,14,29,16,5,0,0,0,0,7,29,10,0,27,20,0,17,29,0,0,0,0,0,18,7,29,10,18,0,0,0,0,7,29,10,0,27,20,0,17,29,0,0,0,0,0,22,7,29,10,22,0,0,0,0,7,29,10,0,27,20,0,17,29,0,0,0,0,0,22,7,29,10,22,0,0,0,0,7,29,10,0,27,20,0,17,29,0,0,0,0,0,3,7,29,10,3,0,0,0,0,7,29,10,0,27,20,0,17,29,0,0
0,0,0,0,0,0,12,18,18,11,0,0,0,0,0,0,0,0,0,0,0,0,6,17,17,17,17,17,17,17,17,17,17,17,17,17,17,17,17,17,17,17,17,6,0,6,0,0,0,0,0,0,0,0,0,0,0,0,0,0,0,0,0,0,0,0,0,0,6,0,0,0,0,0,0,0,0,0,0,0,0,0,0,0,0,0,0,0,0,0,0,6,8,0,2,8,3,0,8,6,0,5,8,0,2,8,3,0,8,6,0,5,8,0,6,29,1,6,29,11,0,26,21,0,16,29,1,6,29,11,0,26,21,0,16,29,1,6,29,1,6,29,11,0,26,21,0,16,29,1,6,29,11,0,26,21,0,16,29,1,6,29,1,6,29,11,0,26,21,0,16,29,1,6,29,11,0,26,21,0,16,29,1,6,29,1,6,29,11,0,26,21,0,16,29,1,6,29,11,0,26,21,0,16,29,1,6,15,1,3,15,6,0,14,11,0,9,15,1,3,15,6,0,14,11,0,9,15,1,3,0,0,0,0,0,0,0,0,0,0,0,0,0,0,0,0,0,0,0,0,0,0,0,0,0,0,0,0,0,0,0,0,0,0,0,0,0,0,0,0,0,0,0,0,0,0,17,17,17,17,17,17,17,17,17,17,17,17,17,17,17,17,17,17,17,17,17,11,0,0,0,0,5,17,17,16,0,0,0,0,0,0,0,0,0,0,0,0,0,0,0,0,20,1,0,8,26,14,13,0,0,11,20,1,4,20,8,0,18,15,0,11,20,1,4,29,1,0,8,23,2,11,0,0,16,29,1,6,29,11,0,26,21,0,16,29,1,6,29,1,0,8,23,3,18,0,0,16,29,1,6,29,11,0,26,21,0,16,29,1,6,29,1,0,8,23,3,18,0,0,16,29,1,6,29,11,0,26,21,0,16,29,1,6,29,1,0,8,23,3,18,0,0,16,29,1,6,29,11,0,26,21,0,16,29,1,6,29,1,0,8,23,3,18,0,0,16,29,1,6,29,11,0,26,21,0,16,29,1,6,21,1,0,8,24,3,3,0,0,12,21,1,5,21,8,0,19,16,0,12,21,1,5,0,0,0,8,28,28,27,0,0,0,0,0,0,0,0,0,0,0,0,0,0,0,0,7,7,7,7,7,7,7,7,7,7,7,7,7,7,7,7,7,7,7,7,7,7,7
0,0,0,0,23,17,19,18,0,13,21,17,26,0,3,25,17,23,8,0,23,17,19,0,0,0,0,11,14,16,18,0,6,14,14,25,0,1,14,14,21,8,0,11,14,16,0,0,0,5,13,13,8,18,0,13,13,8,22,0,9,13,13,13,8,5,13,13,8,0,0,0,6,18,24,12,18,0,18,20,18,22,0,13,18,26,13,8,6,18,24,12,0,0,0,0,0,13,12,18,0,0,3,18,22,0,0,0,22,13,8,0,0,13,12,0,0,0,0,15,13,12,18,0,9,9,18,22,0,2,12,22,13,8,0,15,13,12,0,0,0,0,22,9,10,18,0,13,11,13,22,0,3,18,16,13,8,0,22,9,10,0,0,0,0,23,19,21,18,0,13,22,19,26,0,3,26,19,24,8,0,23,19,21,0,0,0,0,10,12,12,8,0,6,12,12,12,0,1,12,12,12,3,0,10,12,12,5,0,0,6,7,7,7,7,7,7,7,7,7,7,7,7,7,7,7,7,7,7,7,6,0,0,7,8,8,8,8,8,8,8,8,8,8,8,8,8,8,8,8,8,8,8,0,0,0,0,11,0,2,10,0,6,4,0,12,0,1,9,0,7,4,0,11,0,2,0,0,0,0,22,0,3,18,0,13,8,0,22,0,3,18,0,13,8,0,22,0,3,0,0,0,0,22,0,3,18,0,13,8,0,22,0,3,18,0,13,8,0,22,0,3,0,0,0,0,22,0,3,18,0,13,8,0,22,0,3,18,0,13,8,0,22,0,3,0,0,0,0,22,0,3,18,0,13,8,0,22,0,3,18,0,13,8,0,22,0,3,9,0,1,7,22,5,7,18,9,13,10,7,22,5,7,18,9,13,10,7,22,5,7,22,0,3,18,22,13,12,18,22,13,12,18,22,13,12,18,22,13,12,18,22,13,12,22,0,3,18,22,13,12,18,22,13,12,18,22,13,12,18,22,13,12,18,22,13,12,22,0,3,18,22,13,12,18,22,13,12,18,22,13,12,18,22,13,12,18,22,13,12,11,0,1,9,22,6,8,18,11,13,10,9,22,6,8,18,11,13,10,9,22,6,8,0,0,0,0,23,7,10,18,0,13,14,7,24,0,3,21,7,18,8,0,23,7,10,0,0,0,0,23,25,25,15,0,13,26,25,24,0,3,28,25,25,7,0,23,25,25
8,0,0,0,0,0,0,0,0,0,0,0,0,0,0,0,0,14,18,18,8,0,0,8,0,0,0,0,0,8,17,17,17,17,17,17,17,17,17,17,17,17,17,17,17,17,4,0,0,0,0,0,0,0,0,0,0,0,0,0,0,0,0,0,0,0,0,0,0,0,0,0,0,0,0,0,0,0,0,0,0,0,0,0,0,0,0,0,0,0,0,0,7,0,0,0,5,8,0,2,8,3,0,8,6,0,5,8,0,2,8,3,0,8,6,8,0,0,0,16,29,1,6,29,11,0,26,21,0,16,29,1,6,29,11,0,26,21,8,0,0,0,16,29,1,6,29,11,0,26,21,0,16,29,1,6,29,11,0,26,21,8,0,0,0,16,29,1,6,29,11,0,26,21,0,16,29,1,6,29,11,0,26,21,8,0,0,0,16,29,1,6,29,11,0,26,21,0,16,29,1,6,29,11,0,26,21,8,0,0,0,9,15,1,3,15,6,0,14,11,0,9,15,1,3,15,6,0,14,11,8,0,0,0,0,0,0,0,0,0,0,0,0,0,0,0,0,0,0,0,0,0,0,8,0,0,0,0,0,0,0,0,0,0,0,0,0,0,0,0,0,0,0,0,0,0,8,0,0,0,0,14,17,17,17,17,17,17,17,17,17,17,17,17,17,17,17,17,17,2,0,0,0,0,0,0,0,0,0,0,0,0,0,0,0,0,0,0,1,17,17,17,0,0,0,0,11,20,1,4,20,8,0,18,15,0,11,20,1,0,0,1,14,14,29,7,0,0,0,16,29,1,6,29,11,0,26,21,0,16,29,1,0,0,0,13,0,28,8,0,0,0,16,29,1,6,29,11,0,26,21,0,16,29,1,0,0,0,22,0,28,8,0,0,0,16,29,1,6,29,11,0,26,21,0,16,29,1,0,0,0,22,0,28,8,0,0,0,16,29,1,6,29,11,0,26,21,0,16,29,1,0,0,0,22,0,28,8,0,0,0,16,29,1,6,29,11,0,26,21,0,16,29,1,0,0,0,22,0,28,8,0,0,0,12,21,1,5,21,8,0,19,16,0,12,21,1,0,0,0,3,3,29,8,0,0,0,0,0,0,0,0,0,0,0,0,0,0,0,0,0,0,2,28,28,28,8,0,0,1,7,7,7,7,7,7,7,7,7,7,7,7,7,7,7,7,7,7,7
21,25,25,25,25,25,25,27,17,0,0,8,9,0,4,10,2,1,10,5,0,22,25,0,0,0,0,0,0,0,14,17,0,0,22,25,0,12,29,5,2,29,15,0,22,25,22,10,7,25,25,25,19,14,17,0,0,22,25,0,12,29,5,2,29,15,0,22,25,20,9,6,23,29,26,16,14,17,0,0,22,25,0,12,29,5,2,29,15,0,22,25,1,0,0,2,29,15,0,14,17,0,0,22,25,0,12,29,5,2,29,15,0,22,25,17,19,19,20,29,25,14,14,17,0,0,22,25,0,12,29,5,2,29,15,0,22,25,25,28,28,28,28,28,21,14,17,0,0,22,25,0,12,29,5,2,29,15,0,22,25,0,0,0,0,0,0,0,14,17,0,0,1,1,0,0,1,0,0,1,1,0,1,1,0,0,0,0,0,0,0,14,17,0,0,0,0,0,0,0,0,0,0,0,0,0,0,14,17,17,17,17,17,2,14,17,0,0,11,17,17,17,17,17,17,2,0,0,0,0,1,1,1,1,1,1,1,14,17,0,0,0,0,0,0,0,0,0,0,0,0,0,0,25,29,29,29,29,29,19,14,17,0,0,3,4,0,2,4,0,0,4,2,0,0,0,0,8,14,14,14,14,14,21,17,0,0,22,25,0,12,29,5,2,29,15,0,0,0,0,10,18,18,18,18,18,24,17,0,0,22,25,0,12,29,5,2,29,15,0,0,0,0,0,0,0,0,7,9,14,17,0,0,22,25,0,12,29,5,2,29,15,0,0,0,0,0,0,0,0,9,12,14,17,0,0,22,25,0,12,29,5,2,29,15,0,22,25,0,0,0,0,0,6,9,14,17,0,0,15,17,0,8,19,3,1,19,10,0,22,25,10,11,11,11,11,11,11,20,17,0,0,0,0,0,0,0,0,0,0,0,0,22,25,18,20,20,20,20,20,20,20,12,0,0,0,0,0,0,0,0,0,0,0,0,22,25,6,7,7,7,7,7,7,7,6,0,0,5,7,7,7,7,7,7,1,0,0,22,25,7,8,8,8,8,8,8,8,7,0,0,6,8,8,8,8,8,8,1,0,0,22,25,17,19,19,19,19,19,14,0,0,0,0,0,0,0,0,0,0,0,0,0,0,22,25,25,29,29,28,28,28,21,0,0,0,0,0,0,0,0,0,0,0,0,0,0,22,25
12,12,12,12,12,12,12,12,12,12,12,12,12,12,12,12,12,12,12,12,12,12,12,3,3,3,3,3,3,3,3,3,3,3,3,3,3,3,3,3,3,3,3,3,3,3,0,0,0,0,0,0,0,0,0,12,17,17,17,17,17,15,0,12,17,17,17,17,17,0,3,3,5,0,3,3,4,0,21,29,29,29,29,29,27,0,21,29,29,29,29,29,0,13,12,18,0,13,12,18,0,1,17,29,3,1,1,1,0,1,17,29,3,1,1,0,13,12,18,0,13,12,18,0,0,16,29,1,2,2,2,2,0,16,29,1,0,2,0,13,12,18,0,13,12,18,0,0,16,29,1,20,29,29,29,5,16,29,1,7,29,0,13,12,18,0,13,12,18,0,0,16,29,1,0,0,0,0,0,16,29,1,0,0,0,9,10,18,0,13,11,13,0,9,22,29,14,12,12,12,12,12,22,29,14,12,12,0,0,3,18,0,13,8,0,0,21,29,29,29,29,29,29,29,29,29,29,29,29,29,0,0,3,18,0,13,8,0,0,4,5,5,5,5,5,5,5,5,5,5,5,5,5,17,17,4,18,0,13,8,14,17,17,17,17,17,17,17,17,17,17,17,17,17,17,17,0,0,3,18,0,13,8,0,0,0,0,0,0,0,0,0,0,0,0,0,0,0,0,0,11,11,18,0,13,12,15,0,0,8,17,17,17,17,17,17,12,0,0,10,10,10,0,13,12,18,0,13,12,18,0,0,0,0,0,0,0,0,3,18,0,1,29,29,29,14,21,12,18,0,13,12,24,14,14,14,14,14,5,0,0,3,18,0,0,7,7,7,1,15,12,18,0,13,12,19,1,4,6,6,6,5,4,2,3,18,0,0,0,0,0,0,13,9,3,0,2,5,18,0,13,17,11,11,11,11,5,3,25,17,17,17,17,17,0,13,8,0,0,0,3,18,0,13,8,0,0,0,0,0,4,18,0,0,0,0,0,0,13,8,0,0,0,3,18,0,13,8,2,15,15,15,15,15,10,0,1,22,22,22,0,8,5,0,0,0,2,12,0,4,2,0,0,0,0,0,0,0,0,1,25,25,25,2,2,2,2,2,2,2,2,2,2,2,2,2,2,2,2,2,2,2,2,2,2,2,13,13,13,13,13,13,13,13,13,13,13,13,13,13,13,13,13,13,13,13,13,13,13
12,12,12,12,12,12,12,12,12,12,12,12,12,12,12,12,12,12,12,12,12,12,12,3,3,3,3,3,3,3,3,3,3,3,3,3,3,3,3,3,3,3,3,3,3,3,16,0,2,17,17,17,5,0,13,17,17,10,0,7,17,17,16,0,2,17,17,17,5,26,0,3,24,15,22,8,0,23,15,17,18,0,13,20,15,26,0,3,24,15,22,8,22,0,3,18,13,13,8,0,22,7,9,18,0,13,11,10,22,0,3,18,13,13,8,13,0,3,18,22,7,5,0,22,13,11,10,0,13,12,18,13,0,3,18,22,7,5,0,0,3,18,22,0,0,0,22,13,8,0,0,13,12,18,0,0,3,18,22,0,0,22,13,3,18,23,22,20,0,22,13,25,22,5,13,12,27,22,13,3,18,23,22,20,9,5,3,18,7,9,8,0,22,4,9,9,2,13,10,9,9,5,3,18,7,9,8,18,0,3,25,18,18,5,0,23,18,18,12,0,13,22,18,18,0,3,25,18,18,5,25,0,3,24,13,21,8,0,23,13,16,18,0,13,18,13,25,0,3,24,13,21,8,22,4,6,18,6,13,10,5,22,4,6,18,6,13,10,5,22,4,6,18,6,13,10,22,13,12,18,22,13,12,18,22,13,12,18,22,13,12,18,22,13,12,18,22,13,12,22,13,12,18,22,13,12,18,22,13,12,18,22,13,12,18,22,13,12,18,22,13,12,22,13,12,18,22,13,12,18,22,13,12,18,22,13,12,18,22,13,12,18,22,13,12,22,8,9,18,13,13,11,11,22,8,9,18,13,13,11,11,22,8,9,18,13,13,11,22,0,3,18,0,13,8,0,22,0,3,18,0,13,8,0,22,0,3,18,0,13,8,22,0,3,18,0,13,8,0,22,0,3,18,0,13,8,0,22,0,3,18,0,13,8,22,0,3,18,0,13,8,0,22,0,3,18,0,13,8,0,22,0,3,18,0,13,8,22,0,3,18,0,13,8,0,22,0,3,18,0,13,8,0,22,0,3,18,0,13,8,16,0,2,13,0,10,6,0,16,0,2,13,0,10,6,0,16,0,2,13,0,10,6,2,2,2,2,2,2,2,2,2,2,2,2,2,2,2,2,2,2,2,2,2,2,2,13,13,13,13,13,13,13,13,13,13,13,13,13,13,13,13,13,13,13,13,13,13,13
12,12,12,12,12,12,12,12,12,12,12,12,12,12,12,12,12,12,12,12,12,12,12,3,3,3,3,3,3,3,3,3,3,3,3,3,3,3,3,3,3,3,3,3,3,3,16,0,2,17,17,17,5,0,13,17,17,10,0,7,17,17,16,0,2,17,17,17,5,26,0,3,24,15,22,8,0,23,15,17,18,0,13,20,15,26,0,3,24,15,22,8,22,0,3,18,13,13,8,0,22,7,9,18,0,13,11,10,22,0,3,18,13,13,8,13,0,3,18,22,7,5,0,22,13,11,10,0,13,12,18,13,0,3,18,22,7,5,0,0,3,18,22,0,0,0,22,13,8,0,0,13,12,18,0,0,3,18,22,0,0,22,13,3,18,23,22,20,0,22,13,25,22,5,13,12,27,22,13,3,18,23,22,20,9,5,3,18,7,9,8,0,22,4,9,9,2,13,10,9,9,5,3,18,7,9,8,18,0,3,25,18,18,5,0,23,18,18,12,0,13,22,18,18,0,3,25,18,18,5,25,0,3,24,13,21,8,0,23,13,16,18,0,13,18,13,25,0,3,24,13,21,8,22,4,6,18,6,13,10,5,22,4,6,18,6,13,10,5,22,4,6,18,6,13,10,22,13,12,18,22,13,12,18,22,13,12,18,22,13,12,18,22,13,12,18,22,13,12,22,13,12,18,22,13,12,18,22,13,12,18,22,13,12,18,22,13,12,18,22,13,12,22,13,12,18,22,13,12,18,22,13,12,18,22,13,12,18,22,13,12,18,22,13,12,22,8,9,18,13,13,11,11,22,8,9,18,13,13,11,11,22,8,9,18,13,13,11,22,0,3,18,0,13,8,0,22,0,3,18,0,13,8,0,22,0,3,18,0,13,8,22,0,3,18,0,13,8,0,22,0,3,18,0,13,8,0,22,0,3,18,0,13,8,22,0,3,18,0,13,8,0,22,0,3,18,0,13,8,0,22,0,3,18,0,13,8,22,0,3,18,0,13,8,0,22,0,3,18,0,13,8,0,22,0,3,18,0,13,8,16,0,2,13,0,10,6,0,16,0,2,13,0,10,6,0,16,0,2,13,0,10,6,2,2,2,2,2,2,2,2,2,2,2,2,2,2,2,2,2,2,2,2,2,2,2,13,13,13,13,13,13,13,13,13,13,13,13,13,13,13,13,13,13,13,13,13,13,13
18,0,13,8,0,22,13,8,0,22,13,8,0,22,0,3,18,22,0,3,18,22,0,18,8,13,10,6,22,13,8,0,22,13,10,6,22,5,7,18,22,0,3,18,22,5,18,22,13,12,18,22,13,8,0,22,13,12,18,22,13,12,18,22,0,3,18,22,13,18,22,13,12,18,22,13,8,0,22,13,12,18,22,13,12,18,22,0,3,18,22,13,18,22,13,12,18,22,13,8,0,22,13,12,18,22,13,12,18,22,0,3,18,22,13,18,16,13,11,13,22,9,6,0,16,13,11,13,22,9,10,18,16,0,2,13,22,9,18,0,2,1,0,22,0,0,3,0,13,9,0,3,0,4,18,0,2,1,0,22,0,18,22,2,5,18,22,13,12,18,22,13,12,18,3,13,12,18,22,13,12,18,22,13,18,22,13,12,18,22,13,12,18,22,13,12,18,22,13,12,18,22,13,12,18,22,13,18,8,13,10,6,22,5,7,18,8,13,10,6,22,5,7,18,8,13,10,6,22,5,18,0,13,8,0,22,6,8,18,10,13,8,0,22,0,3,18,10,13,10,8,22,0,18,1,13,9,1,22,13,12,18,22,13,9,1,22,0,4,18,22,13,12,18,22,0,18,22,13,12,18,22,13,12,18,22,13,12,18,22,13,12,18,22,13,12,18,22,13,18,22,13,12,18,22,10,10,18,17,13,12,18,22,13,12,18,17,13,12,14,22,13,18,22,13,12,18,22,0,3,18,0,13,12,18,22,13,12,18,0,13,8,0,22,13,18,0,13,8,0,22,0,3,18,0,13,8,0,22,0,3,18,0,13,8,0,22,0,18,0,13,8,0,22,0,3,18,0,13,8,0,22,0,3,18,0,13,8,0,22,0,18,0,0,0,0,22,0,0,0,0,13,8,0,0,0,3,18,0,0,0,0,22,0,18,13,2,3,10,23,25,11,15,20,27,11,10,3,7,9,28,25,11,10,25,28,7,4,22,13,12,18,5,17,12,18,23,6,6,18,22,13,9,6,24,13,12,21,6,13,0,22,13,12,18,0,13,12,18,22,0,3,18,22,13,8,0,22,13,12,18,0,13,0,13,13,11,11,0,13,12,18,22,0,2,11,22,8,5,0,22,13,12,18,0,8,0,0,13,8,0,0,13,8,0,22,0,0,0,22,0,0,0,22,0,3,18,0,0
12,12,12,12,12,12,12,12,12,12,12,12,9,0,0,10,12,12,12,12,12,12,12,3,3,3,3,3,3,3,3,3,3,3,3,2,0,0,3,3,3,3,3,3,3,3,16,0,2,17,17,17,5,0,13,17,17,10,0,0,0,0,13,17,17,10,0,7,17,26,0,3,24,15,22,8,0,23,15,17,18,0,0,0,0,23,15,17,18,0,13,20,22,0,3,18,13,13,8,0,22,7,9,18,0,0,0,0,22,7,9,18,0,13,11,13,0,3,18,22,7,5,0,22,13,11,10,0,0,0,0,22,13,11,10,0,13,12,0,0,3,18,22,0,0,0,22,13,8,0,0,0,0,0,22,13,8,0,0,13,12,22,13,3,18,23,22,20,0,22,13,25,22,5,0,0,0,22,13,25,22,5,13,12,9,5,3,18,7,9,8,0,22,4,9,9,2,0,0,0,22,4,9,9,2,13,10,18,0,3,25,18,18,5,0,23,18,18,12,0,0,0,0,23,18,18,12,0,13,22,25,0,3,24,13,21,8,0,23,13,16,18,0,0,0,0,23,13,16,18,0,13,18,22,4,6,18,6,13,10,5,22,4,6,18,6,0,1,5,22,4,6,18,6,13,10,22,13,12,18,22,13,12,18,22,13,12,18,22,0,3,18,22,13,12,18,22,13,12,22,13,12,18,22,13,12,18,22,13,12,18,22,0,3,18,22,13,12,18,22,13,12,22,13,12,18,22,13,12,18,22,13,12,18,22,0,3,18,22,13,12,18,22,13,12,22,8,9,18,13,13,11,11,22,8,9,18,13,0,2,11,22,8,9,18,13,13,11,22,0,3,18,0,13,8,0,22,0,3,18,0,0,0,0,22,0,3,18,0,13,8,22,0,3,18,0,13,8,0,22,0,3,18,0,0,0,0,22,0,3,18,0,13,8,22,0,3,18,0,13,8,0,22,0,3,18,0,0,0,0,22,0,3,18,0,13,8,22,0,3,18,0,13,8,0,22,0,3,18,0,0,0,0,22,0,3,18,0,13,8,16,0,2,13,0,10,6,0,16,0,2,13,0,0,0,0,16,0,2,13,0,10,6,2,2,2,2,2,2,2,2,2,2,2,2,2,0,0,2,2,2,2,2,2,2,2,13,13,13,13,13,13,13,13,13,13,13,13,9,0,0,11,13,13,13,13,13,13,13
0,0,0,0,0,0,0,0,0,0,0,0,0,0,0,0,0,0,0,0,0,6,29,0,0,13,27,8,0,22,27,0,0,0,0,0,23,27,0,3,27,19,0,0,1,5,0,0,2,16,8,0,23,4,0,0,0,0,0,4,23,0,3,20,3,0,0,0,0,3,0,9,13,8,0,22,5,3,0,9,0,1,7,22,0,3,18,9,0,1,7,0,8,0,22,13,8,0,22,13,8,0,22,0,3,18,22,0,3,18,22,0,3,18,0,10,6,22,13,8,0,22,13,10,6,22,5,7,18,22,0,3,18,22,5,7,18,0,12,18,22,13,8,0,22,13,12,18,22,13,12,18,22,0,3,18,22,13,12,18,0,12,18,22,13,8,0,22,13,12,18,22,13,12,18,22,0,3,18,22,13,12,18,0,12,18,22,13,8,0,22,13,12,18,22,13,12,18,22,0,3,18,22,13,12,18,0,11,13,22,9,6,0,16,13,11,13,22,9,10,18,16,0,2,13,22,9,10,18,0,1,0,22,0,0,3,0,13,9,0,3,0,4,18,0,2,1,0,22,0,0,3,0,5,18,22,13,12,18,22,13,12,18,3,13,12,18,22,13,12,18,22,13,9,3,0,12,18,22,13,12,18,22,13,12,18,22,13,12,18,22,13,12,18,22,13,12,18,0,10,6,22,5,7,18,8,13,10,6,22,5,7,18,8,13,10,6,22,5,7,18,0,8,0,22,6,8,18,10,13,8,0,22,0,3,18,10,13,10,8,22,0,3,18,0,9,1,22,13,12,18,22,13,9,1,22,0,4,18,22,13,12,18,22,0,4,18,0,12,18,22,13,12,18,22,13,12,18,22,13,12,18,22,13,12,18,22,13,12,18,0,12,18,22,10,10,18,17,13,12,18,22,13,12,18,17,13,12,14,22,13,12,18,0,12,18,22,0,3,18,0,13,12,18,22,13,12,18,0,13,8,0,22,13,12,18,0,8,0,22,0,3,18,0,13,8,0,22,0,3,18,0,13,8,0,22,0,3,18,0,8,0,22,0,3,18,0,13,8,0,22,0,3,18,0,13,8,0,22,0,3,18,0,0,0,22,0,0,0,0,13,8,0,0,0,3,18,0,0,0,0,22,0,0,0,0,3,10,23,25,11,15,20,27,11,10,3,7,9,28,25,11,10,25,28,7,5,3,0
2,3,18,3,4,4,0,22,2,4,4,1,13,9,4,4,2,3,18,3,4,4,0,0,3,27,23,23,7,0,23,23,23,15,0,13,25,23,23,0,3,27,23,23,7,0,0,3,22,8,18,8,0,23,8,11,18,0,13,15,8,24,0,3,22,8,18,8,0,6,8,18,10,13,10,8,22,6,8,18,10,13,10,8,22,6,8,18,10,13,10,8,13,12,18,22,13,12,18,22,13,12,18,22,13,12,18,22,13,12,18,22,13,12,18,13,12,18,22,13,12,18,22,13,12,18,22,13,12,18,22,13,12,18,22,13,12,18,13,12,18,22,13,12,18,22,13,12,18,22,13,12,18,22,13,12,18,22,13,12,18,6,7,18,9,13,10,8,22,6,7,18,9,13,10,8,22,6,7,18,9,13,10,8,0,3,18,0,13,8,0,22,0,3,18,0,13,8,0,22,0,3,18,0,13,8,0,0,3,18,0,13,8,0,22,0,3,18,0,13,8,0,22,0,3,18,0,13,8,0,0,3,18,0,13,8,0,22,0,3,18,0,13,8,0,22,0,3,18,0,13,8,0,0,3,18,0,13,8,0,22,0,3,18,0,13,8,0,22,0,3,18,0,13,8,0,0,2,10,0,7,5,0,13,0,2,10,0,7,5,0,13,0,2,10,0,7,5,0,7,7,7,7,7,7,7,7,7,7,7,7,7,7,7,7,7,7,7,7,7,7,7,8,8,8,8,8,8,8,8,8,8,8,8,8,8,8,8,8,8,8,8,8,8,8,0,1,11,11,11,3,0,9,11,11,7,0,5,11,11,11,0,1,11,11,11,3,0,0,3,26,20,25,8,0,23,20,22,18,0,13,23,20,27,0,3,26,20,25,8,0,0,3,18,15,13,8,0,22,9,9,18,0,13,11,12,22,0,3,18,15,13,8,0,0,2,13,22,13,8,0,16,13,12,18,0,10,10,18,22,0,2,13,22,13,8,0,0,0,0,22,13,8,0,0,13,12,18,0,0,3,18,22,0,0,0,22,13,8,0,0,12,17,26,13,8,6,17,23,12,18,0,17,19,18,22,0,12,17,26,13,8,6,0,10,14,14,13,8,5,14,14,8,18,0,14,14,9,22,0,10,14,14,13,8,5,0,1,13,13,21,8,0,11,13,16,18,0,6,13,13,25,0,1,13,13,21,8,0
0,13,10,0,8,14,0,0,0,0,0,0,0,12,25,25,25,0,3,25,25,25,7,0,26,21,0,16,29,1,6,28,11,0,0,0,13,14,9,24,0,3,21,10,17,8,0,26,21,0,16,29,1,6,29,11,0,0,0,13,12,18,22,0,3,18,22,13,8,0,26,21,0,16,29,1,6,29,11,0,0,0,3,6,18,22,0,1,5,22,13,8,0,26,21,0,16,29,1,6,29,11,0,0,0,1,5,18,22,0,1,1,23,13,8,0,26,21,0,16,29,1,6,29,11,0,0,0,29,29,18,22,0,20,29,28,13,8,0,25,20,0,15,27,1,6,29,11,0,0,0,0,0,0,22,0,0,0,0,13,8,0,0,0,0,0,0,0,6,29,11,0,0,0,13,27,27,28,0,3,27,27,28,8,1,1,1,1,1,1,0,6,29,11,0,0,0,13,12,4,23,0,3,20,4,16,8,14,14,14,14,14,14,0,6,29,11,0,0,13,13,11,11,22,8,9,18,13,13,11,0,0,0,0,0,0,0,6,29,11,0,0,22,13,12,18,22,13,12,18,22,13,12,0,8,6,0,5,8,0,6,29,11,0,0,22,13,12,18,22,13,12,18,22,13,12,0,26,21,0,16,29,1,6,29,11,0,0,22,13,12,18,22,13,12,18,22,13,12,0,26,21,0,16,29,1,6,29,11,0,0,6,13,10,5,22,4,6,18,6,13,10,0,26,21,0,16,29,1,6,29,11,0,0,0,13,8,0,22,0,3,18,0,13,8,0,26,21,0,16,29,1,6,29,11,0,0,0,13,8,0,22,0,3,18,0,13,8,0,14,11,0,9,15,1,6,29,11,0,0,0,13,8,0,22,0,3,18,0,13,8,0,0,0,0,0,0,0,6,29,11,0,0,0,13,8,0,22,0,3,18,0,13,8,0,0,0,0,0,0,0,6,29,11,0,0,0,6,3,0,9,0,1,8,0,6,3,11,11,11,11,11,11,0,6,29,11,0,0,5,11,11,11,11,11,11,11,11,11,11,4,4,4,4,4,4,0,6,29,11,0,0,2,4,4,4,4,4,4,4,4,4,4,0,0,0,0,0,0,0,6,29,11,0,0,0,7,15,15,15,0,2,15,15,15,4,0,0,0,0,0,0,0,6,26,10,0,0,0,12,19,17,24,0,3,23,17,21,8
23,0,0,6,10,0,2,10,4,0,9,8,0,16,29,1,0,2,21,21,21,6,0,23,0,0,16,29,1,6,29,11,0,26,21,0,16,29,1,0,3,23,10,19,8,0,23,0,0,16,29,1,6,29,11,0,26,21,0,16,29,1,0,3,18,22,13,8,0,23,0,0,16,29,1,6,29,11,0,26,21,0,16,29,1,0,1,7,22,13,8,0,23,0,0,16,29,1,6,29,11,0,26,21,0,16,29,1,0,0,0,22,13,8,0,23,0,0,16,29,1,6,29,11,0,26,21,0,16,29,1,0,19,27,28,13,8,10,23,0,0,16,29,1,6,29,11,0,26,21,0,16,29,1,0,3,4,4,13,8,1,23,0,0,1,1,0,0,1,0,0,1,1,0,1,1,0,0,3,23,23,26,8,0,23,0,0,0,0,0,0,0,0,0,0,0,0,0,0,0,0,3,22,8,18,8,0,23,0,0,8,17,17,17,17,17,17,6,0,0,0,0,0,6,8,18,10,13,10,8,23,0,0,0,0,0,0,0,0,0,0,0,0,0,0,0,13,12,18,22,13,12,18,23,0,0,2,4,0,1,4,1,0,4,3,0,0,0,0,13,12,18,22,13,12,18,23,0,0,16,29,1,6,29,11,0,26,21,0,0,0,0,13,12,18,22,13,12,18,23,0,0,16,29,1,6,29,11,0,26,21,0,0,0,0,6,7,18,9,13,10,8,23,0,0,16,29,1,6,29,11,0,26,21,0,0,0,0,0,3,18,0,13,8,0,23,0,0,16,29,1,6,29,11,0,26,21,0,16,28,1,0,3,18,0,13,8,0,23,0,0,11,19,1,4,19,7,0,17,14,0,16,29,1,0,3,18,0,13,8,0,23,0,0,0,0,0,0,0,0,0,0,0,0,16,29,1,0,3,18,0,13,8,0,16,0,0,0,0,0,0,0,0,0,0,0,0,16,29,1,0,2,10,0,7,5,0,7,0,0,3,7,7,7,7,7,7,2,0,0,16,29,1,1,7,7,7,7,7,7,8,0,0,4,8,8,8,8,8,8,3,0,0,16,29,1,1,8,8,8,8,8,8,0,0,0,0,0,0,0,0,0,0,0,0,0,16,29,1,0,1,11,11,11,3,0,0,0,0,0,0,0,0,0,0,0,0,0,0,16,29,1,0,3,26,20,25,8,0
18,12,18,0,8,11,18,22,0,6,8,24,13,8,3,8,18,12,18,0,8,11,18,13,12,18,0,0,3,18,22,0,0,0,22,13,8,0,0,13,12,18,0,0,3,18,13,12,18,0,13,12,18,22,0,3,18,22,13,8,0,22,13,12,18,0,13,12,18,1,4,18,0,13,9,1,22,0,3,18,2,13,8,0,22,1,4,18,0,13,9,1,29,29,18,0,13,29,29,28,0,3,29,29,29,8,0,23,29,29,18,0,13,29,29,2,2,1,0,1,2,2,2,0,0,2,2,2,0,0,2,2,2,1,0,1,2,2,17,17,17,17,17,17,17,17,17,17,17,17,17,17,17,17,17,17,17,17,17,17,17,0,0,0,0,0,0,0,0,0,0,0,0,0,0,0,0,0,0,0,0,0,0,0,0,3,15,0,11,7,0,19,0,3,15,0,11,7,0,19,0,3,15,0,11,7,0,0,3,18,0,13,8,0,22,0,3,18,0,13,8,0,22,0,3,18,0,13,8,0,0,3,18,0,13,8,0,22,0,3,18,0,13,8,0,22,0,3,18,0,13,8,0,0,3,18,0,13,8,0,22,0,3,18,0,13,8,0,22,0,3,18,0,13,8,0,0,3,18,0,13,8,0,22,0,3,18,0,13,8,0,22,0,3,18,0,13,8,0,3,7,18,0,13,11,3,23,0,3,20,3,16,8,0,23,3,7,18,0,13,11,3,28,29,18,0,13,29,28,28,0,3,29,28,29,8,0,23,28,29,18,0,13,29,28,2,5,18,3,13,9,3,22,2,5,18,3,13,9,3,22,2,5,18,3,13,9,3,13,12,18,22,13,12,18,22,13,12,18,22,13,12,18,22,13,12,18,22,13,12,18,13,12,18,22,13,12,18,22,13,12,18,22,13,12,18,22,13,12,18,22,13,12,18,13,11,10,22,7,9,18,13,13,11,10,22,7,9,18,13,13,11,10,22,7,9,18,13,8,0,22,0,3,18,1,13,9,1,22,0,3,18,0,13,9,1,22,0,4,18,13,8,0,22,0,3,18,22,13,12,18,22,0,3,18,0,13,12,18,22,13,12,18,13,8,0,22,0,3,18,22,13,12,18,22,0,3,18,0,13,12,18,22,13,12,18,13,8,0,22,0,3,18,22,13,12,18,22,0,3,18,0,13,12,18,22,13,12,18
0,0,0,0,0,0,0,0,0,0,0,0,0,0,28,3,0,0,0,0,0,0,0,17,17,17,17,17,17,17,17,17,17,17,17,11,0,28,3,0,2,17,17,17,17,17,0,0,0,0,0,0,0,0,0,0,0,0,0,0,28,3,0,0,0,0,0,0,0,0,15,21,21,21,21,21,21,21,21,21,21,21,4,28,3,0,0,0,0,0,0,0,3,11,14,14,14,14,13,11,14,14,14,14,14,6,29,3,0,0,14,25,1,5,25,28,28,28,28,28,28,15,0,28,28,28,28,28,28,29,3,0,0,16,29,1,6,29,0,0,0,0,0,5,3,0,0,0,0,0,9,0,28,3,0,0,16,29,1,6,29,0,0,0,0,0,13,8,0,0,0,0,0,22,0,28,3,0,0,16,29,1,6,29,0,0,0,0,0,13,8,0,0,0,0,0,22,0,28,3,0,0,16,29,1,6,29,1,1,1,1,1,2,2,1,1,1,1,1,2,1,29,3,0,0,0,0,0,0,0,29,29,29,29,29,29,29,29,29,29,29,29,29,29,29,3,0,0,0,0,0,0,0,0,0,0,0,0,0,0,0,0,0,0,0,0,0,0,0,0,0,0,0,0,0,0,17,17,17,17,17,17,17,17,17,17,17,17,17,17,17,6,0,2,17,17,17,17,17,9,9,9,9,9,2,3,9,9,9,9,9,9,2,0,0,0,0,0,0,0,0,0,29,29,29,29,29,7,11,29,29,29,29,29,29,7,0,0,0,0,0,0,0,0,0,29,17,8,8,8,2,3,13,29,17,8,8,8,2,0,17,13,0,10,18,1,4,18,29,11,12,27,27,27,16,6,29,11,12,27,27,7,0,26,21,0,16,29,1,6,29,29,11,2,4,4,4,2,6,29,11,2,4,4,1,0,26,21,0,16,29,1,6,29,29,11,0,0,0,0,0,6,29,11,0,0,0,0,0,26,21,0,16,29,1,6,29,29,25,21,21,21,21,21,23,29,25,21,21,21,5,0,26,21,0,16,29,1,6,29,26,26,26,26,26,26,26,26,26,26,26,26,26,7,0,5,4,0,3,5,0,1,5,0,0,0,0,0,0,0,0,0,0,0,0,0,0,0,0,0,0,0,0,0,0,0,7,7,7,7,7,7,7,7,7,7,7,7,7,7,7,7,7,7,7,7,7,7,7
3,18,0,13,8,0,22,0,3,18,0,13,8,0,22,0,3,18,0,13,8,0,22,9,18,0,13,8,0,22,8,9,18,14,13,8,0,22,0,3,18,14,13,11,12,22,12,18,9,13,10,7,22,13,12,18,22,13,10,7,22,5,7,18,22,13,12,18,22,12,18,22,13,12,18,22,13,12,18,22,13,12,18,22,13,12,18,22,13,12,18,22,8,18,22,13,12,18,22,6,8,18,10,13,12,18,22,13,12,18,10,13,10,8,22,3,18,19,13,12,15,22,0,3,18,0,13,12,15,22,11,11,18,0,13,8,0,22,3,18,0,13,8,0,22,0,3,18,0,13,8,0,22,0,3,18,0,13,8,0,22,12,18,22,13,12,18,22,13,12,18,22,13,12,18,22,13,12,18,22,13,12,18,22,12,18,22,13,12,18,22,13,11,10,22,13,12,18,22,13,12,18,22,7,8,18,22,7,18,9,7,6,7,22,5,3,0,9,13,10,7,12,5,7,18,9,0,1,7,22,6,18,7,0,1,6,22,4,6,15,7,13,10,6,0,4,6,18,7,11,8,6,22,12,18,22,0,3,18,22,13,12,18,22,13,12,18,0,13,12,18,22,13,12,18,22,12,18,22,0,3,18,22,13,12,18,22,13,12,18,0,13,12,18,22,13,12,18,22,12,18,22,0,3,18,22,13,12,18,22,13,12,18,0,13,12,18,22,13,12,18,22,10,18,22,0,3,18,22,10,10,18,17,13,12,18,0,13,12,18,17,13,12,14,22,3,18,22,0,3,18,22,0,3,18,0,13,12,18,0,13,12,18,0,13,8,0,22,3,14,22,0,3,18,17,0,3,15,0,10,10,18,0,13,12,14,0,11,7,0,17,0,0,22,0,3,18,0,0,0,0,0,0,3,18,0,13,8,0,0,0,0,0,0,0,19,27,0,3,27,16,0,0,0,0,3,24,18,0,13,25,8,0,0,0,0,11,0,7,8,0,1,8,6,0,10,18,1,1,8,5,0,4,8,3,0,0,0,0,4,0,0,0,0,0,0,0,0,16,29,1,0,0,0,0,0,0,0,0,0,0,0,0,0,0,0,0,0,0,0,0,16,29,1,0,0,0,0,0,0,0,0,0,0,0,0,0,0,0,0,0,0,0,0,16,29,1,0,0,0,0,0,0,0,0,0,0,0,0
3,18,0,13,8,0,22,0,3,18,0,13,8,0,22,0,3,18,0,13,8,0,22,3,18,0,13,8,0,22,0,3,18,0,13,8,0,22,0,3,18,0,13,8,0,22,3,18,0,13,8,0,22,0,3,18,0,13,8,0,22,0,3,18,0,13,8,0,22,3,18,0,13,8,0,22,0,3,18,0,13,8,0,22,0,3,18,0,13,8,0,22,2,10,0,7,4,0,12,0,2,10,0,7,4,0,12,0,2,10,0,7,4,0,12,7,7,7,7,7,7,7,7,7,7,7,7,7,7,7,7,7,7,7,7,7,7,7,8,8,8,8,8,8,8,8,8,8,8,8,8,8,8,8,8,8,8,8,8,8,8,0,0,0,0,0,0,0,0,0,0,0,0,0,0,0,0,0,0,0,0,0,0,0,1,6,29,11,0,26,21,0,16,29,1,6,29,11,0,26,21,0,16,29,1,6,29,1,6,29,11,0,26,21,0,16,29,1,6,29,11,0,26,21,0,16,29,1,6,29,1,6,29,11,0,26,21,0,16,29,1,6,29,11,0,26,21,0,16,29,1,6,29,1,6,29,11,0,26,21,0,16,29,1,6,29,11,0,26,21,0,16,29,1,6,29,1,6,29,11,0,26,21,0,16,29,1,6,29,11,0,26,21,0,16,29,1,6,29,1,6,29,11,0,26,21,0,16,29,1,6,29,11,0,26,21,0,16,29,1,6,29,0,2,11,4,0,10,8,0,6,11,0,2,11,4,0,10,8,0,6,11,0,2,11,0,0,0,0,0,0,0,0,0,0,0,0,0,0,0,0,0,0,0,0,0,0,0,17,17,17,17,17,17,17,17,17,17,17,17,17,17,17,17,17,17,17,17,17,17,17,0,0,0,0,0,0,0,0,0,0,0,0,0,0,0,0,0,0,0,0,0,0,0,0,0,0,0,0,0,0,0,0,0,0,0,0,0,0,0,0,0,0,0,0,0,0,1,5,25,9,0,22,18,0,14,25,1,5,25,9,0,22,18,0,14,25,1,5,25,1,6,29,11,0,26,21,0,16,29,1,6,29,11,0,26,21,0,16,29,1,6,29,1,6,29,11,0,26,21,0,16,29,1,6,29,11,0,26,21,0,16,29,1,6,29,1,6,29,11,0,26,21,0,16,29,1,6,29,11,0,26,21,0,16,29,1,6,29
0,23,19,0,14,25,1,6,25,10,0,23,19,0,0,0,0,6,25,10,0,0,0,0,26,21,0,16,29,1,6,29,11,0,26,21,0,0,0,0,6,29,11,0,0,3,0,26,21,0,16,29,1,6,29,11,0,26,21,0,0,0,0,6,29,11,0,0,3,0,26,21,0,16,29,1,6,29,11,0,26,21,0,3,14,0,6,29,11,0,0,3,0,26,21,0,16,29,1,6,29,11,0,26,21,0,3,18,0,6,29,11,0,0,3,0,26,21,0,16,29,1,6,29,11,0,26,21,0,3,18,0,6,29,11,0,0,3,0,15,12,0,9,17,1,3,17,6,0,26,21,0,3,18,0,6,29,11,0,0,3,0,0,0,0,0,0,0,0,0,0,0,26,21,0,3,18,0,6,29,11,0,0,3,12,12,12,12,12,12,12,12,0,0,0,26,21,0,3,18,0,6,29,11,0,0,3,3,3,3,3,3,3,3,3,0,0,0,26,21,0,3,18,0,6,29,11,0,0,3,0,0,0,0,0,0,0,0,0,0,0,26,21,0,3,18,0,6,29,11,0,0,3,0,17,14,0,11,19,1,4,19,7,0,9,8,0,3,18,0,6,29,11,0,0,3,0,26,21,0,16,29,1,6,29,11,0,0,0,0,3,18,0,6,29,11,0,0,3,0,26,21,0,16,29,1,6,29,11,0,0,2,0,3,18,0,6,29,11,0,0,3,0,26,21,0,16,29,1,6,29,11,0,0,22,0,3,18,0,6,29,11,0,0,3,0,26,21,0,16,29,1,6,29,11,0,0,22,0,3,18,0,6,29,11,0,0,3,0,4,3,0,2,4,0,1,4,1,0,0,22,0,3,18,0,1,4,1,0,0,3,0,0,0,0,0,0,0,0,0,0,0,0,22,0,3,18,0,0,0,0,0,0,3,0,0,0,0,0,0,0,0,0,0,0,0,22,0,3,18,0,0,0,0,0,0,0,17,17,17,17,17,17,17,17,0,0,0,0,22,0,3,18,0,0,8,17,17,17,17,0,0,0,0,0,0,0,0,0,0,0,0,22,0,3,18,0,0,0,0,0,0,0,0,0,0,0,0,0,0,0,0,0,0,0,22,0,3,18,0,0,0,0,0,0,0,0,8,7,0,5,9,0,2,9,3,0,0,19,0,3,16,0,2,9,3,0,0,0
0,0,0,0,0,0,0,0,0,0,0,0,0,0,0,0,19,28,0,0,0,0,0,0,0,0,0,0,0,0,0,0,0,0,0,0,0,0,0,19,28,0,0,0,0,0,0,0,0,0,0,0,0,0,0,0,0,0,0,0,0,0,19,28,0,0,0,4,15,0,0,0,0,0,0,0,0,0,0,0,0,0,0,0,0,19,28,0,0,0,0,0,7,7,0,0,0,0,0,7,6,0,1,7,4,0,0,0,6,9,0,6,20,6,0,26,23,0,0,0,0,0,23,25,0,6,27,14,0,0,0,0,0,0,9,29,8,0,22,0,0,0,0,0,0,0,22,0,6,15,0,0,0,0,0,0,0,9,29,8,0,22,12,4,0,16,0,5,11,22,0,6,15,16,0,5,11,0,0,0,9,29,8,0,22,16,5,0,22,0,6,15,22,0,6,15,22,0,6,15,0,0,0,9,29,8,0,22,16,10,11,22,11,11,15,22,0,6,15,22,11,11,15,0,0,0,9,29,8,0,22,16,12,15,22,16,12,15,22,0,6,15,22,16,12,15,0,0,0,7,21,6,0,22,16,12,15,22,16,12,15,22,0,6,15,22,16,12,15,0,0,0,0,0,0,0,22,16,12,15,22,16,12,15,22,0,6,15,22,16,12,15,0,0,0,0,0,2,7,8,16,8,5,19,6,9,15,8,0,2,5,22,6,8,13,0,0,0,0,0,2,8,8,16,8,5,0,6,9,15,8,8,5,5,22,6,2,0,0,0,0,0,0,0,0,22,16,12,15,11,16,12,15,22,16,12,15,22,16,9,7,0,0,0,4,14,4,0,22,16,12,15,22,16,12,15,22,16,12,15,22,16,12,15,0,0,0,9,29,8,0,0,16,6,0,22,0,7,15,0,16,6,0,22,0,7,15,0,0,0,9,29,8,0,18,16,5,0,22,0,6,15,18,16,11,12,22,0,6,15,0,0,0,9,29,8,0,22,16,8,6,22,6,9,15,22,16,12,15,22,6,9,15,0,0,0,9,29,8,0,22,16,12,15,22,16,12,15,22,16,12,15,22,16,12,15,0,0,0,9,29,8,0,9,16,12,15,22,16,12,15,9,16,9,6,22,16,12,15,0,0,0,9,29,8,0,0,16,10,10,22,11,10,15,0,16,5,0,22,11,10,15,0,0,0,9,29,8,0
0,0,0,0,0,0,0,0,0,0,0,0,0,0,0,0,0,0,0,0,0,0,0,0,0,0,0,0,0,0,0,0,0,0,0,0,0,0,0,0,0,0,0,0,0,0,0,0,0,0,0,0,0,0,0,0,0,0,0,0,0,0,0,0,0,0,0,0,0,0,0,0,0,0,0,0,0,0,0,0,0,0,0,0,0,0,0,0,0,0,0,0,0,0,0,0,0,0,0,0,0,0,0,0,0,0,0,0,0,0,0,0,0,0,0,0,0,0,0,0,0,0,0,0,0,0,0,0,0,0,0,0,0,0,0,0,0,0,8,8,8,8,8,8,8,8,8,3,0,0,0,0,0,10,10,18,17,13,11,14,22,0,0,0,0,0,0,0,0,0,0,0,0,0,0,0,13,12,18,22,13,12,18,22,0,0,0,26,21,0,16,29,1,6,29,11,0,0,0,13,12,18,22,13,12,18,22,0,0,0,26,21,0,16,29,1,6,29,11,0,0,0,13,12,18,22,13,12,18,22,0,0,0,26,21,0,16,29,1,6,29,11,0,0,0,1,5,18,3,13,9,2,22,0,0,0,26,21,0,16,29,1,6,29,11,0,0,0,0,3,18,0,13,8,0,22,0,0,0,26,21,0,16,29,1,6,29,11,0,0,0,0,3,18,0,13,8,0,22,0,0,0,26,21,0,16,29,1,6,29,11,0,0,0,0,3,18,0,13,8,0,22,0,0,0,11,9,0,7,12,0,3,12,5,0,0,0,0,3,18,0,13,8,0,22,0,0,0,0,0,0,0,0,0,0,0,0,0,0,0,0,1,5,0,3,2,0,6,17,17,17,17,17,17,17,17,17,6,0,0,0,0,0,2,17,17,17,17,17,17,17,0,0,0,0,0,0,0,0,0,0,0,0,0,0,0,0,0,0,0,0,0,0,0,0,0,0,0,0,0,0,0,0,0,0,0,0,0,0,0,0,0,0,0,0,0,0,0,0,0,0,0,0,0,0,0,0,0,0,0,0,0,0,0,0,0,0,0,0,0,0,0,0,0,0,0,0,0,0,0,0,0,0,0,0,0,0,0,0,0,0,0,0,0,0,0,0,0,0,0,0,0,0,0,0,0,0,0,0,0,0,0,0,0,0,0,0,0,0,0,0,0,0,0,0,0,0,0,0,0,0,0,0,0,0,0,0,0,0
22,0,6,15,0,0,6,13,0,14,5,0,0,16,5,0,0,14,5,0,19,0,0,22,0,6,15,0,16,5,0,22,0,6,15,0,16,5,0,22,0,6,15,0,16,5,22,0,6,15,0,16,12,15,22,16,12,15,0,16,5,0,22,16,12,15,22,16,5,22,0,6,15,0,16,12,15,22,16,12,15,0,16,5,0,22,16,12,15,22,16,5,8,0,2,5,0,6,9,15,8,16,8,5,0,6,2,0,8,16,8,5,22,6,2,0,0,0,0,0,0,6,15,0,16,5,0,0,0,0,0,0,16,5,0,22,0,0,0,0,0,0,0,1,7,15,1,16,6,1,0,0,0,0,1,16,6,1,22,1,0,0,0,0,0,0,16,12,15,22,16,12,15,0,0,0,0,22,16,12,15,22,16,5,5,0,1,3,0,16,12,15,22,16,12,15,0,3,1,0,22,16,12,15,22,16,5,22,0,6,15,0,16,12,15,22,16,12,15,0,16,5,0,22,16,12,15,22,16,5,22,0,6,15,0,16,12,15,22,16,12,15,0,16,5,0,22,16,12,15,22,16,5,22,0,6,15,0,16,11,12,22,13,11,15,0,16,5,0,22,13,11,15,17,16,5,22,0,6,15,0,16,5,0,22,0,6,15,0,16,5,0,22,0,6,15,0,16,5,22,0,6,15,19,16,12,13,22,14,12,15,19,16,12,13,22,14,12,15,19,16,10,22,0,6,15,22,16,12,15,22,16,12,15,22,16,12,15,22,16,12,15,22,16,10,19,0,6,13,22,14,12,15,19,16,12,13,22,14,12,15,19,16,12,13,22,14,10,0,0,0,0,24,7,13,15,0,16,12,7,23,0,6,19,7,20,5,0,24,7,11,0,0,0,0,26,25,26,15,0,16,25,25,25,0,6,27,25,27,5,0,26,25,24,0,0,0,0,22,0,6,15,0,16,5,0,22,0,6,15,0,16,5,0,22,0,4,0,0,0,0,22,0,6,15,0,16,5,0,22,0,6,15,0,16,5,0,22,0,4,0,0,0,0,22,0,6,15,0,16,5,0,22,0,6,15,0,16,5,0,22,0,4,0,0,0,0,22,0,6,15,0,16,5,0,22,0,6,15,0,16,5,0,22,0,4,0,0,0,0,22,0,6,15,0,16,5,0,22,0,6,15,0,16,5,0,22,0,4
4,4,4,29,8,4,3,0,0,1,9,11,5,3,0,9,6,4,0,0,13,8,0,0,0,6,28,8,2,2,0,0,3,18,22,10,5,0,16,13,8,0,0,13,8,0,13,9,15,28,14,9,18,0,0,3,18,22,10,5,0,16,13,8,0,0,13,8,0,13,9,15,28,14,9,18,0,0,3,18,22,10,5,0,16,13,8,0,0,13,8,0,7,5,13,28,13,8,18,0,0,3,18,22,9,4,0,16,13,8,0,0,13,8,0,0,0,0,28,3,0,3,0,0,1,9,3,0,0,0,2,10,6,0,0,3,2,0,13,13,13,29,16,13,13,13,13,13,13,13,13,13,11,0,0,0,0,0,0,0,0,18,18,18,18,18,18,18,18,18,18,18,18,18,18,15,0,0,0,0,0,0,0,0,17,17,17,17,17,17,17,17,17,17,17,17,17,17,17,17,17,17,17,17,17,17,17,0,0,0,0,0,0,0,0,0,0,0,0,0,0,0,0,0,0,0,0,0,0,0,10,0,0,0,0,0,0,0,0,0,0,0,0,0,0,0,0,0,0,0,0,0,0,29,1,6,27,27,27,27,27,27,27,7,0,0,27,27,27,27,27,27,16,0,15,0,29,1,6,29,24,20,20,20,20,20,5,0,0,28,22,20,20,20,20,12,0,22,0,29,1,6,29,11,0,0,0,0,0,0,0,0,28,3,6,7,7,7,7,7,24,0,29,1,6,29,11,6,13,13,13,13,13,13,13,29,3,7,8,8,8,8,8,24,0,29,1,6,29,11,9,18,18,18,18,18,18,18,29,3,0,0,0,0,0,0,22,9,29,1,6,29,22,17,17,17,17,17,4,0,0,28,26,25,25,25,25,15,0,22,13,1,0,6,29,29,29,29,29,29,29,7,0,0,22,22,22,22,22,22,13,0,22,13,0,0,0,0,0,0,0,0,0,0,0,0,0,0,0,0,0,0,0,0,0,22,13,0,8,17,17,17,17,17,17,17,17,17,17,17,17,17,17,17,17,17,0,0,22,13,0,0,0,0,0,0,0,0,0,0,4,9,9,9,9,9,9,6,0,0,0,22,13,4,0,1,4,1,0,0,0,0,0,13,13,6,6,6,6,6,4,0,0,0,22,9,29,1,6,29,11,0,0,0,0,4,13,8,0,23,17,17,6,0,0,0,0,22,0
0,0,0,0,0,0,0,0,0,0,0,0,0,0,0,0,0,0,0,0,0,0,0,0,0,0,0,0,0,0,0,0,0,0,0,0,0,0,0,0,0,0,0,0,0,0,0,0,0,0,0,0,0,0,0,0,0,0,0,0,0,0,0,0,0,0,0,0,0,0,0,0,0,0,0,0,0,0,0,0,0,0,0,0,0,0,0,0,0,0,0,0,0,0,0,0,0,0,0,0,0,0,0,0,0,0,0,0,0,0,0,0,0,0,0,8,8,8,8,8,8,8,8,8,8,8,8,8,6,0,11,20,1,0,1,9,16,6,10,10,4,0,0,0,0,0,0,0,0,0,0,0,0,16,29,1,0,3,18,22,13,29,29,10,0,0,12,21,1,5,21,8,0,19,16,0,16,29,1,0,3,18,22,13,29,9,2,0,0,16,29,1,6,29,11,0,26,21,0,16,29,1,0,3,18,22,13,29,5,15,0,0,16,29,1,6,29,11,0,26,21,0,16,29,1,0,1,7,22,5,29,5,18,0,0,16,29,1,6,29,11,0,26,21,0,16,29,1,0,0,0,22,0,29,5,18,0,0,16,29,1,6,29,11,0,26,21,0,16,29,1,0,0,0,22,0,29,2,2,0,0,16,29,1,6,29,11,0,26,21,0,16,29,1,0,0,0,22,0,29,29,7,0,0,11,20,1,4,20,8,0,18,15,0,16,29,1,0,0,0,22,0,19,19,5,0,0,0,0,0,0,0,0,0,0,0,0,16,29,1,0,0,0,12,0,8,8,8,8,8,8,8,8,8,8,8,8,8,6,0,16,29,1,0,0,7,8,8,7,7,7,7,7,7,7,7,7,7,7,7,7,5,0,16,29,1,0,0,6,7,7,0,0,0,0,0,0,0,0,0,0,0,0,0,0,0,12,21,1,0,0,0,0,0,0,0,0,0,0,0,0,0,0,0,0,0,0,0,0,0,0,0,0,0,0,0,0,0,0,0,0,0,0,0,0,0,0,0,0,0,0,0,0,0,0,0,0,0,0,0,0,0,0,0,0,0,0,0,0,0,0,0,0,0,0,0,0,0,0,0,0,0,0,0,0,0,0,0,0,0,0,0,0,0,0,0,0,0,0,0,0,0,0,0,0,0,0,0,0,0,0,0,0,0,0,0,0,0,0,0,0,0,0,0,0,0,0,0,0
0,0,0,0,0,26,21,0,0,0,0,0,0,0,0,0,0,0,0,0,0,0,0,0,5,25,9,0,26,21,0,14,25,1,5,25,9,0,22,18,0,14,25,1,5,25,0,6,29,11,0,26,21,0,16,29,1,6,29,11,0,26,21,0,16,29,1,6,29,0,6,29,11,0,26,21,0,16,29,1,6,29,11,0,26,21,0,16,29,1,6,29,0,6,29,11,0,26,21,0,16,29,1,6,29,11,0,26,21,0,16,29,1,6,29,0,6,29,11,0,26,21,0,16,29,1,6,29,11,0,26,21,0,16,29,1,6,29,0,0,0,0,0,0,0,0,0,0,0,0,0,0,0,0,0,0,0,0,0,0,0,0,0,0,0,0,0,0,0,0,0,0,0,0,0,0,0,0,0,0,0,0,0,0,0,0,0,0,0,0,0,0,0,0,0,0,0,0,0,0,0,0,0,0,0,0,0,17,17,17,17,17,17,17,17,17,17,17,17,17,17,17,17,17,17,17,17,17,17,17,0,0,0,0,0,0,0,0,0,0,0,0,0,0,0,0,0,0,0,0,0,0,0,0,0,0,0,0,0,0,0,0,0,0,0,0,0,0,0,0,0,0,0,0,0,0,1,4,18,7,0,17,13,0,10,18,1,4,18,7,0,17,13,0,10,18,1,4,18,1,6,29,11,0,26,21,0,16,29,1,6,29,11,0,26,21,0,16,29,1,6,29,1,6,29,11,0,26,21,0,16,29,1,6,29,11,0,26,21,0,16,29,1,6,29,1,6,29,11,0,26,21,0,16,29,1,6,29,11,0,26,21,0,16,29,1,6,29,1,6,29,11,0,26,21,0,16,29,1,6,29,11,0,26,21,0,16,29,1,6,29,0,1,5,2,0,5,4,0,3,5,0,1,5,2,0,5,4,0,3,5,0,1,5,0,0,0,0,0,0,0,0,0,0,0,0,0,0,0,0,0,0,0,0,0,0,0,7,7,7,7,7,7,7,7,7,7,7,7,7,7,7,7,7,7,7,7,7,7,7,8,8,8,8,8,8,8,8,8,8,8,8,8,8,8,8,8,8,8,8,8,8,8,27,3,0,0,0,0,0,0,0,0,0,0,0,0,0,0,0,0,0,0,0,0,0,29,3,0,0,0,26,21,0,16,29,1,6,29,11,0,26,21,0,16,29,1,6,29
0,0,0,0,0,0,0,0,0,0,4,29,13,0,0,0,0,0,0,0,0,0,0,0,0,0,12,27,10,0,20,27,2,0,5,2,0,21,27,0,1,27,21,0,0,0,0,0,0,2,14,10,0,21,5,0,0,0,0,0,3,23,0,1,22,3,0,0,0,4,4,0,8,12,10,0,21,5,4,0,8,0,0,8,21,0,1,20,8,0,0,5,11,10,0,21,12,10,0,21,12,10,0,21,0,1,20,21,0,1,20,21,0,1,12,11,11,7,21,12,10,0,21,12,11,7,21,5,6,20,21,0,1,20,21,5,6,12,11,12,20,21,12,10,0,21,12,12,20,21,12,12,20,21,0,1,20,21,12,12,12,11,12,20,21,12,10,0,21,12,12,20,21,12,12,20,21,0,1,20,21,12,12,12,11,12,20,21,12,10,0,21,12,12,20,21,12,12,20,21,0,1,20,21,12,12,12,11,12,14,21,9,7,0,15,12,12,14,21,9,9,20,15,0,1,14,21,9,9,12,1,1,0,21,1,0,3,0,12,11,0,3,0,2,20,0,2,1,0,21,1,0,2,1,3,20,21,12,12,20,21,12,12,20,3,12,12,20,21,12,12,20,21,12,11,2,11,12,20,21,12,12,20,21,12,12,20,21,12,12,20,21,12,12,20,21,12,12,12,11,11,7,21,5,6,20,8,12,11,7,21,5,6,20,8,12,11,7,21,5,6,12,11,10,0,21,6,7,20,10,12,10,0,21,0,1,20,10,12,11,9,21,0,1,12,11,11,1,21,12,12,20,21,12,11,1,21,1,2,20,21,12,12,20,21,1,2,12,11,12,20,21,12,12,20,21,12,12,20,21,12,12,20,21,12,12,20,21,12,12,12,11,12,20,21,10,10,20,16,12,12,20,21,12,12,20,16,12,12,16,21,12,12,12,11,12,20,21,0,1,20,0,11,12,20,21,12,12,20,0,11,10,0,21,12,12,12,11,10,0,21,0,1,20,0,11,10,0,21,0,1,20,0,11,10,0,21,0,1,12,11,10,0,21,0,1,20,0,11,10,0,21,0,1,20,0,11,10,0,21,0,1,12,0,0,0,21,0,0,0,0,11,10,0,0,0,1,20,0,0,0,0,21,0,0,0,1,2,11,21,26,11,17,19,27,12,11,3,6,8,28,25,10,10,25,28,7,6,2
15,15,0,2,15,15,15,4,0,0,0,2,15,15,15,4,0,12,15,15,10,0,7,6,6,0,0,6,6,6,2,0,0,0,0,6,6,6,2,0,5,6,6,4,0,3,13,13,13,13,13,13,13,13,5,0,2,13,13,13,13,13,13,13,13,13,13,13,13,2,2,2,2,2,2,2,2,1,0,0,2,2,2,2,2,2,2,2,2,2,2,2,0,16,0,2,13,0,10,6,0,0,0,2,13,0,10,6,0,16,0,2,13,0,9,0,22,0,3,18,0,13,8,0,0,0,3,18,0,13,8,0,22,0,3,18,0,13,0,22,0,3,18,0,13,8,0,0,0,3,18,0,13,8,0,22,0,3,18,0,13,0,22,0,3,18,0,13,8,0,0,0,3,18,0,13,8,0,22,0,3,18,0,13,0,22,0,3,18,0,13,8,0,0,0,3,18,0,13,8,0,22,0,3,18,0,13,11,22,8,9,18,13,13,11,11,0,8,9,18,13,13,11,11,22,8,9,18,13,13,18,22,13,12,18,22,13,12,18,0,13,12,18,22,13,12,18,22,13,12,18,22,13,18,22,13,12,18,22,13,12,18,0,13,12,18,22,13,12,18,22,13,12,18,22,13,18,22,13,12,18,22,13,12,18,0,13,12,18,22,13,12,18,22,13,12,18,22,13,5,22,4,6,18,6,13,10,5,0,4,6,18,6,13,10,5,22,4,6,18,6,13,13,25,0,3,24,13,21,8,0,0,0,3,24,13,21,8,0,23,13,16,18,0,13,18,18,0,3,25,18,18,5,0,0,0,3,25,18,18,5,0,23,18,18,12,0,13,9,9,5,3,18,7,9,8,0,0,0,3,18,7,9,8,0,22,4,9,9,2,13,27,22,13,3,18,23,22,20,0,0,0,3,18,23,22,20,0,22,13,25,22,5,13,18,0,0,3,18,22,0,0,0,0,0,3,18,22,0,0,0,22,13,8,0,0,13,18,12,0,3,18,22,7,4,0,0,0,3,18,22,7,4,0,22,13,11,10,0,13,10,22,0,3,18,13,13,8,0,0,0,3,18,13,13,8,0,22,7,9,18,0,13,15,26,0,3,24,15,22,8,0,0,0,3,24,15,22,8,0,23,15,17,18,0,13,17,16,0,2,17,17,17,5,0,0,0,2,17,17,17,5,0,13,17,17,10,0,7
0,0,0,0,0,0,0,0,0,0,0,0,0,0,0,0,7,14,22,17,12,14,0,0,0,0,0,0,0,0,0,0,0,0,0,0,0,0,0,7,14,22,17,12,14,0,13,17,0,6,18,5,0,18,11,0,13,17,0,0,0,0,7,14,22,17,12,14,0,20,27,0,10,29,7,0,29,17,0,20,27,0,0,0,0,7,14,2,17,12,14,0,20,27,0,10,29,7,0,29,17,0,20,27,0,0,0,0,7,14,0,17,12,14,0,20,27,0,10,29,7,0,29,17,0,20,27,0,0,0,0,1,1,0,1,8,14,0,20,27,0,10,29,7,0,29,17,0,20,27,0,0,0,0,0,0,0,4,18,14,0,4,5,0,2,5,1,0,5,3,0,4,5,0,9,25,6,0,0,0,5,18,9,0,0,0,0,0,0,0,0,0,0,0,0,0,0,10,29,7,0,0,0,0,0,0,0,6,1,0,0,0,0,5,7,7,7,4,0,0,10,29,7,0,0,0,0,0,0,0,7,2,0,0,0,0,5,8,8,8,5,0,0,10,29,7,0,0,0,0,0,0,0,0,0,0,0,0,0,0,0,0,0,0,0,0,10,29,7,0,0,0,0,0,0,0,0,0,0,10,29,7,0,29,17,0,20,27,0,0,0,0,0,0,0,5,17,8,0,0,0,0,10,29,7,0,29,17,0,20,27,0,0,0,0,0,0,0,4,18,14,0,0,0,0,10,29,7,0,29,17,0,20,27,0,0,0,0,0,0,0,1,8,14,0,0,0,0,10,29,7,0,29,17,0,20,27,0,0,0,0,7,14,0,17,12,14,0,0,0,0,10,29,7,0,29,17,0,20,27,0,0,0,0,7,14,0,17,12,14,0,0,0,0,10,29,7,0,29,17,0,20,27,0,0,0,0,7,14,22,17,12,14,0,0,0,0,4,11,3,0,11,7,0,8,11,0,0,0,0,7,14,22,17,12,14,0,0,0,0,0,0,0,0,0,0,0,0,0,0,0,0,0,7,14,22,17,12,14,0,13,17,17,17,17,17,17,17,17,17,9,0,0,0,0,0,7,14,22,17,12,14,0,0,0,0,0,0,0,0,0,0,0,0,0,0,0,0,0,3,7,0,17,5,0,0,0,0,0,0,0,0,0,0,0,0,0,0,0,0,0,0,0,0,16,17,10,10,19
7,24,13,8,2,7,18,12,18,0,7,10,18,22,0,5,7,24,13,8,2,7,18,25,24,13,8,9,25,25,11,18,0,25,25,15,22,0,17,25,24,13,8,9,25,25,3,3,16,8,0,3,3,7,18,0,1,3,3,23,0,0,3,3,16,8,0,3,3,29,28,29,8,0,23,28,29,18,0,13,29,28,28,0,3,29,28,29,8,0,23,28,18,0,13,8,0,22,0,3,18,0,13,8,0,22,0,3,18,0,13,8,0,22,0,18,18,13,12,15,22,11,11,18,18,13,12,15,22,11,11,18,18,13,12,15,22,11,18,22,13,12,18,22,13,12,18,22,13,12,18,22,13,12,18,22,13,12,18,22,13,18,22,13,12,18,22,13,12,18,22,13,12,18,22,13,12,18,22,13,12,18,22,13,18,22,13,12,18,22,13,12,18,22,13,12,18,22,13,12,18,22,13,12,18,22,13,18,2,13,9,1,22,1,4,18,2,13,9,1,22,1,4,18,2,13,9,1,22,1,18,0,13,8,0,22,0,3,18,0,13,8,0,22,0,3,18,0,13,8,0,22,0,18,0,13,8,0,22,0,3,18,0,13,8,0,22,0,3,18,0,13,8,0,22,0,18,0,13,8,0,22,0,3,18,0,13,8,0,22,0,3,18,0,13,8,0,22,0,18,0,13,8,0,22,0,3,18,0,13,8,0,22,0,3,18,0,13,8,0,22,0,4,0,3,2,0,5,0,0,4,0,3,2,0,5,0,0,4,0,3,2,0,5,0,17,17,17,17,17,17,17,17,17,17,17,17,17,17,17,17,17,17,17,17,17,17,17,0,0,0,0,0,0,0,0,0,0,0,0,0,0,0,0,0,0,0,0,0,0,0,21,21,21,6,0,17,21,21,13,0,10,21,21,21,0,2,21,21,21,6,0,17,21,23,10,19,8,0,23,10,13,18,0,13,16,10,25,0,3,23,10,19,8,0,23,10,18,16,13,8,0,22,10,10,18,0,13,11,13,22,0,3,18,16,13,8,0,22,10,18,22,5,3,0,22,13,10,7,0,13,12,18,9,0,3,18,22,5,3,0,22,13,18,22,0,0,0,22,13,8,0,0,13,12,18,0,0,3,18,22,0,0,0,22,13,18,23,27,25,0,22,13,28,27,6,13,12,29,27,15,3,18,23,27,25,0,22,13
11,10,0,21,12,10,0,21,12,10,0,21,0,1,20,21,0,1,20,21,0,1,12,11,11,7,21,12,10,0,21,12,11,7,21,5,6,20,21,0,1,20,21,5,6,12,11,12,20,21,12,10,0,21,12,12,20,21,12,12,20,21,0,1,20,21,12,12,12,11,12,20,21,12,10,0,21,12,12,20,21,12,12,20,21,0,1,20,21,12,12,12,11,12,20,21,12,10,0,21,12,12,20,21,12,12,20,21,0,1,20,21,12,12,12,11,12,14,21,9,7,0,15,12,12,14,21,9,9,20,15,0,1,14,21,9,9,12,1,1,0,21,1,0,3,0,12,11,0,3,0,2,20,0,2,1,0,21,1,0,2,1,3,20,21,12,12,20,21,12,12,20,3,12,12,20,21,12,12,20,21,12,11,2,11,12,20,21,12,12,20,21,12,12,20,21,12,12,20,21,12,12,20,21,12,12,12,11,11,7,21,5,6,20,8,12,11,7,21,5,6,20,8,12,11,7,21,5,6,12,11,10,0,21,6,7,20,10,12,10,0,21,0,1,20,10,12,11,9,21,0,1,12,11,11,1,21,12,12,20,21,12,11,1,21,1,2,20,21,12,12,20,21,1,2,12,11,12,20,21,12,12,20,21,12,12,20,21,12,12,20,21,12,12,20,21,12,12,12,11,12,20,21,10,10,20,16,12,12,20,21,12,12,20,16,12,12,16,21,12,12,12,11,12,20,21,0,1,20,0,11,12,20,21,12,12,20,0,11,10,0,21,12,12,12,11,10,0,21,0,1,20,0,11,10,0,21,0,1,20,0,11,10,0,21,0,1,12,11,10,0,21,0,1,20,0,11,10,0,21,0,1,20,0,11,10,0,21,0,1,12,0,0,0,21,0,0,0,0,11,10,0,0,0,1,20,0,0,0,0,21,0,0,0,1,2,11,21,26,11,17,19,27,12,11,3,6,8,28,25,10,10,25,28,7,6,2,11,12,20,5,16,12,20,21,7,4,20,21,12,11,6,23,12,12,23,6,12,12,12,11,12,20,0,11,12,20,21,0,1,20,21,12,10,0,21,12,12,20,0,11,12,12,11,12,12,0,11,12,20,21,0,1,12,21,8,6,0,21,12,12,20,0,7,8,12,11,10,0,0,11,10,0,21,0,0,0,21,0,0,0,21,0,1,20,0,0,1,12
6,11,0,2,11,4,0,10,8,0,6,11,0,2,11,4,0,10,8,0,6,11,0,0,0,0,0,0,0,0,0,0,0,0,0,0,0,0,0,0,0,0,0,0,0,0,17,17,17,17,17,17,17,17,17,17,17,17,17,17,17,17,17,17,17,17,17,17,17,0,0,0,0,0,0,0,0,0,0,0,0,0,0,0,0,0,0,0,0,0,0,0,0,11,7,0,19,0,3,15,0,11,7,0,19,0,3,15,0,11,7,0,19,0,3,0,13,8,0,22,0,3,18,0,13,8,0,22,0,3,18,0,13,8,0,22,0,3,0,13,8,0,22,0,3,18,0,13,8,0,22,0,3,18,0,13,8,0,22,0,3,0,13,8,0,22,0,3,18,0,13,8,0,22,0,3,18,0,13,8,0,22,0,3,0,13,8,0,22,0,3,18,0,13,8,0,22,0,3,18,0,13,8,0,22,0,3,3,16,8,0,23,3,7,18,0,13,11,3,23,0,3,20,3,16,8,0,23,3,7,28,29,8,0,23,28,29,18,0,13,29,28,28,0,3,29,28,29,8,0,23,28,29,3,13,9,3,22,2,5,18,3,13,9,3,22,2,5,18,3,13,9,3,22,2,5,22,13,12,18,22,13,12,18,22,13,12,18,22,13,12,18,22,13,12,18,22,13,12,22,13,12,18,22,13,12,18,22,13,12,18,22,13,12,18,22,13,12,18,22,13,12,22,7,9,18,13,13,11,10,22,7,9,18,13,13,11,10,22,7,9,18,13,13,11,22,0,3,18,0,13,9,1,22,0,4,18,0,13,8,0,22,0,4,18,1,13,8,22,0,3,18,0,13,12,18,22,13,12,18,0,13,8,0,22,13,12,18,22,13,8,22,0,3,18,0,13,12,18,22,13,12,18,0,13,8,0,22,13,12,18,22,13,8,22,0,3,18,0,13,12,18,22,13,12,18,0,13,8,0,22,13,12,18,22,13,8,22,0,0,0,0,13,12,18,22,13,12,18,0,0,0,0,22,13,12,18,22,13,8,18,0,0,0,0,11,11,18,18,13,12,15,0,0,0,0,18,13,12,15,22,11,7,0,0,0,0,0,0,3,18,0,13,8,0,0,0,0,0,0,13,8,0,22,0,0,0,0,0,0,0,0,3,18,0,13,8,0,0,0,0,0,0,13,8,0,22,0,0
7,7,7,7,7,0,0,16,29,1,0,19,13,12,15,22,11,11,18,19,13,12,15,8,8,8,8,8,0,0,16,29,1,0,0,13,8,0,22,0,3,18,0,13,8,0,0,0,0,0,0,0,0,16,29,1,0,0,13,28,27,28,0,3,29,27,28,8,0,3,14,5,0,13,10,0,16,29,1,0,0,2,4,4,23,0,0,4,4,16,8,0,6,29,11,0,26,21,0,16,29,1,0,0,23,23,15,22,0,16,23,23,13,8,8,6,29,11,0,26,21,0,16,29,1,0,0,8,11,18,22,0,6,8,24,13,8,3,6,29,11,0,26,21,0,16,29,1,0,0,0,3,18,22,0,0,0,22,13,8,0,6,29,11,0,26,21,0,16,29,1,0,0,13,12,18,22,0,3,18,22,13,8,0,2,9,3,0,8,7,0,16,29,1,0,0,13,9,1,22,0,3,18,2,13,8,0,0,0,0,0,0,0,0,16,29,1,0,0,13,29,29,28,0,3,29,29,29,8,0,0,0,0,0,0,0,0,16,29,1,0,0,1,2,2,2,0,0,2,2,2,0,0,17,17,17,17,17,0,0,16,29,1,0,8,17,17,17,17,17,17,17,17,17,17,17,0,0,0,0,0,0,0,16,29,1,0,0,0,0,0,0,0,0,0,0,0,0,0,0,0,0,0,0,0,0,16,29,1,0,0,12,7,0,19,0,3,16,0,12,7,0,2,8,3,0,8,6,0,16,29,1,0,0,13,8,0,22,0,3,18,0,13,8,0,6,29,11,0,26,21,0,16,29,1,0,0,13,8,0,22,0,3,18,0,13,8,0,6,29,11,0,26,21,0,14,25,1,0,0,13,8,0,22,0,3,18,0,13,8,0,6,29,11,0,26,21,0,0,0,0,0,0,13,8,0,22,0,3,18,0,13,8,0,6,29,11,0,26,21,0,9,17,1,0,16,13,11,13,22,10,10,18,16,13,11,13,3,15,6,0,14,11,0,16,29,1,0,22,13,12,18,22,13,12,18,22,13,12,18,0,0,0,0,0,0,0,16,29,1,0,22,13,12,18,22,13,12,18,22,13,12,18,0,0,0,0,0,0,0,16,29,1,0,22,13,12,18,22,13,12,18,22,13,12,18,17,17,17,17,17,0,0,16,29,1,0,3,13,9,3,22,2,5,18,3,13,9,3
0,26,21,0,25,25,25,21,0,26,21,0,0,13,12,18,0,13,12,18,0,0,16,0,26,21,0,0,0,0,0,0,26,21,0,0,13,12,18,0,13,12,18,0,0,16,17,28,26,17,17,17,17,17,17,28,26,16,0,7,8,18,0,13,11,10,0,13,24,29,29,29,29,29,29,29,29,29,29,29,27,0,0,3,18,0,13,8,0,0,21,29,0,0,0,0,0,0,0,0,0,0,0,0,0,0,3,18,0,13,8,0,0,0,0,17,17,17,17,17,17,17,17,17,17,17,17,17,17,4,18,0,13,8,14,17,17,17,0,0,0,0,0,0,0,0,0,0,0,0,0,0,3,18,0,13,8,0,0,0,0,15,4,0,11,19,17,17,17,17,17,11,0,0,13,12,18,0,13,12,18,0,0,8,29,7,0,13,8,0,0,0,0,0,0,0,0,13,12,18,0,13,12,18,0,0,0,2,0,0,13,8,0,0,2,17,17,17,17,17,23,12,18,0,13,12,25,17,17,17,0,0,0,13,8,2,9,9,9,9,9,6,0,13,12,18,0,13,12,18,0,4,9,17,17,17,23,8,1,6,6,6,6,10,18,0,13,8,0,0,0,3,18,0,13,13,0,0,0,13,13,5,5,5,5,2,3,18,0,13,8,0,0,0,3,18,0,13,8,27,7,0,5,10,10,10,10,10,4,3,18,0,13,8,0,0,0,3,18,0,13,8,20,5,0,0,0,0,0,0,0,0,0,3,0,6,4,0,0,0,1,8,0,2,1,7,7,7,7,7,7,7,7,7,7,7,7,7,7,7,7,7,7,7,7,7,7,7,8,8,8,8,8,8,8,8,8,8,8,8,8,8,8,8,8,8,8,8,8,8,8,11,11,11,11,0,8,11,11,11,11,11,11,0,0,0,0,0,0,0,0,0,8,11,29,29,29,27,0,21,29,29,29,29,29,27,0,0,0,1,0,1,1,1,0,21,29,6,27,23,6,0,5,6,6,6,27,23,6,0,13,12,18,0,13,12,18,0,5,20,0,26,21,0,0,0,0,0,0,26,21,0,0,13,12,18,0,13,12,18,0,0,16,0,26,21,0,27,27,27,24,0,26,21,0,0,13,12,18,0,13,12,18,0,0,16,0,26,21,0,4,4,4,4,0,26,21,0,0,13,12,18,0,13,12,18,0,0,16
0,0,17,17,17,17,17,17,17,17,17,17,17,17,17,17,17,11,0,17,29,0,0,0,0,0,0,0,0,0,0,0,0,0,0,0,0,0,0,0,0,0,17,29,0,0,0,0,29,29,29,29,29,19,0,0,0,0,0,0,0,0,0,0,0,17,29,0,0,0,0,23,18,21,29,23,12,0,0,0,0,2,8,3,0,8,6,0,17,29,0,0,0,0,10,10,7,29,10,10,0,0,0,0,7,29,10,0,27,20,0,17,29,0,0,0,0,10,22,7,29,10,22,0,0,0,0,7,29,10,0,27,20,0,17,29,0,0,0,0,10,22,7,29,10,22,0,0,0,0,7,29,10,0,27,20,0,17,29,0,0,0,0,10,11,7,29,10,11,0,0,0,0,7,29,10,0,27,20,0,17,29,0,0,0,0,10,7,21,29,22,10,0,0,0,0,4,15,5,0,14,11,0,17,29,0,0,0,0,10,12,29,29,29,16,0,0,0,0,0,0,0,0,0,0,0,17,29,0,0,0,0,2,0,0,0,0,0,0,0,0,0,0,0,0,0,0,0,0,17,29,0,0,0,0,17,17,17,17,17,17,17,17,17,17,17,17,17,17,17,11,0,17,29,0,0,0,0,0,0,0,0,0,0,0,0,0,0,0,0,0,0,0,0,0,17,29,0,0,0,0,0,0,0,0,19,14,0,12,20,0,5,20,7,0,19,14,0,17,29,0,0,0,0,0,0,0,0,27,20,0,17,29,0,7,29,10,0,27,20,0,17,29,0,0,0,0,9,0,0,0,27,20,0,17,29,0,7,29,10,0,27,20,0,17,29,0,0,0,0,17,0,0,0,27,20,0,17,29,0,7,29,10,0,27,20,0,17,29,0,0,0,0,17,0,0,0,27,20,0,17,29,0,7,29,10,0,27,20,0,17,29,0,0,0,0,17,0,0,0,27,20,0,17,29,0,7,29,10,0,27,20,0,17,29,0,0,0,0,0,0,0,0,20,15,0,13,21,0,7,29,10,0,27,20,0,17,29,0,0,0,0,0,0,0,0,0,0,0,0,0,0,7,29,10,0,27,20,0,4,7,0,0,0,0,7,7,7,7,7,7,7,5,0,0,7,29,10,0,27,20,0,2,4,0,0,0,0,8,8,8,8,8,8,8,5,0,0,7,29,10,0,27,20,0,17,29,0,0
0,0,0,0,0,0,0,0,0,0,0,0,0,0,0,0,0,0,0,0,0,29,18,0,0,0,26,24,0,6,27,16,0,0,0,0,7,27,14,0,15,27,7,0,5,3,0,0,0,4,23,0,6,18,2,0,0,0,0,1,10,15,0,16,9,1,0,0,0,9,0,2,6,22,0,6,15,9,0,2,6,0,6,9,15,0,16,8,6,0,6,2,22,0,6,15,22,0,6,15,22,0,6,15,0,16,12,15,0,16,12,15,0,16,5,22,6,9,15,22,0,6,15,22,6,9,15,8,16,12,15,0,16,12,15,8,16,7,22,16,12,15,22,0,6,15,22,16,12,15,22,16,12,15,0,16,12,15,22,16,10,22,16,12,15,22,0,6,15,22,16,12,15,22,16,12,15,0,16,12,15,22,16,10,22,16,12,15,22,0,6,15,22,16,12,15,22,16,12,15,0,16,12,15,22,16,10,22,11,11,15,16,0,4,11,22,11,11,15,16,16,10,11,0,11,11,15,16,16,9,3,0,7,15,0,2,1,0,22,0,1,2,0,16,6,0,3,0,7,15,0,2,1,3,16,12,15,22,16,12,15,22,16,7,2,22,16,12,15,22,16,12,15,22,2,5,22,16,12,15,22,16,12,15,22,16,12,15,22,16,12,15,22,16,12,15,22,16,10,22,6,9,15,8,16,8,5,22,6,9,15,8,16,8,5,22,6,9,15,8,16,7,22,0,6,15,10,16,9,7,22,0,6,15,0,16,9,7,22,7,9,15,0,16,5,22,1,7,15,22,16,12,15,22,1,7,15,1,16,12,15,22,16,12,15,1,16,6,22,16,12,15,22,16,12,15,22,16,12,15,22,16,12,15,22,16,12,15,22,16,10,22,16,12,15,17,16,11,12,22,16,12,15,22,16,11,12,22,13,11,15,22,16,10,22,16,12,15,0,16,5,0,22,16,12,15,22,16,5,0,22,0,6,15,22,16,10,22,0,6,15,0,16,5,0,22,0,6,15,0,16,5,0,22,0,6,15,0,16,5,22,0,6,15,0,16,5,0,22,0,6,15,0,16,5,0,22,0,6,15,0,16,5,0,0,6,15,0,0,0,0,22,0,0,0,0,16,5,0,0,0,6,15,0,0,0,3,9,10,28,22,14,11,25,25,9,4,2,13,16,26,13,19,14,26,15,13,2,3
17,17,17,17,17,17,0,6,29,11,0,0,22,0,3,18,0,13,8,0,22,0,3,0,0,0,0,0,0,0,6,29,11,0,0,22,8,9,18,0,13,8,0,22,8,9,0,0,0,0,0,0,0,6,29,11,0,0,22,13,12,18,9,13,10,7,22,13,12,0,17,13,0,10,18,1,6,29,11,0,0,22,13,12,18,22,13,12,18,22,13,12,0,26,21,0,16,29,1,6,29,11,0,0,22,6,8,18,22,13,12,18,22,6,8,0,26,21,0,16,29,1,6,29,11,0,0,22,0,3,18,19,13,12,15,22,0,3,0,26,21,0,16,29,1,6,29,11,0,0,22,0,3,18,0,13,8,0,22,0,3,0,26,21,0,16,29,1,6,29,11,0,0,22,13,12,18,22,13,12,18,22,13,12,0,5,4,0,3,5,0,6,29,11,0,0,12,13,12,18,22,13,12,18,22,13,11,0,0,0,0,0,0,0,6,29,11,0,0,0,5,7,18,9,7,6,7,22,5,3,7,7,7,7,7,7,0,6,29,11,0,0,18,4,6,18,7,0,1,6,22,4,6,8,8,8,8,8,8,0,6,29,11,0,0,22,13,12,18,22,0,3,18,22,13,12,0,0,0,0,0,0,0,6,29,11,0,0,22,13,12,18,22,0,3,18,22,13,12,0,26,21,0,16,29,1,6,29,11,0,0,22,13,12,18,22,0,3,18,22,13,12,0,26,21,0,16,29,1,6,29,11,0,0,22,10,10,18,22,0,3,18,22,10,10,0,26,21,0,16,29,1,6,29,11,0,0,22,0,3,18,22,0,3,18,22,0,3,0,26,21,0,16,29,1,6,29,11,0,0,18,0,3,14,22,0,3,18,17,0,3,0,26,21,0,16,29,1,6,29,11,0,0,0,0,0,0,22,0,3,18,0,0,0,0,26,21,0,16,29,1,6,29,11,0,0,0,0,0,19,27,0,3,27,16,0,0,0,10,8,0,6,11,0,6,29,11,0,17,13,0,0,7,8,0,1,8,6,0,0,0,0,0,0,0,0,0,6,29,11,0,26,21,0,0,0,0,0,0,0,0,0,0,17,17,17,17,17,17,0,6,29,11,0,26,21,0,0,0,0,0,0,0,0,0,0,0,0,0,0,0,0,0,6,29,11,0,26,21,0,0,0,0,0,0,0,0,0,0
0,0,0,0,0,0,0,0,0,0,0,0,0,0,0,0,0,0,0,0,0,0,0,0,0,0,0,0,0,0,0,0,0,0,0,0,0,0,0,0,0,0,0,0,0,0,0,0,0,0,0,0,0,0,0,0,0,0,0,0,0,0,0,0,0,0,0,0,0,0,0,0,0,0,0,0,0,0,0,0,0,0,0,0,0,0,0,0,0,0,0,0,0,0,0,0,0,0,0,0,0,0,0,0,0,0,0,0,0,0,0,0,0,0,0,0,0,0,0,0,0,0,0,0,0,0,0,0,0,0,0,0,0,0,0,0,0,0,8,8,8,8,8,8,8,8,8,8,8,8,8,8,8,8,8,8,8,8,8,8,8,7,7,7,7,7,7,7,7,7,7,7,7,7,7,7,7,7,7,7,7,7,7,7,23,19,1,20,20,20,19,0,15,20,20,20,5,8,20,20,20,12,0,0,0,1,0,26,21,1,27,29,29,26,0,20,29,29,28,7,11,28,29,28,16,0,0,6,29,11,26,21,2,1,26,21,0,0,3,16,29,1,0,3,6,29,11,3,0,0,6,29,11,26,21,13,8,26,21,0,3,18,16,29,1,0,22,6,29,11,22,0,0,6,29,11,26,21,13,8,26,21,0,3,18,16,29,1,0,22,6,29,11,22,0,0,6,29,11,26,21,11,7,26,21,0,3,15,16,29,1,0,18,6,29,11,18,0,0,6,29,11,26,24,8,8,27,24,8,8,8,20,29,10,8,8,13,29,17,6,0,0,6,29,11,26,29,29,29,29,29,29,29,29,29,29,29,29,29,29,29,29,20,0,0,2,10,4,8,9,9,9,9,9,9,9,9,9,9,9,9,9,9,9,9,6,0,0,0,0,0,0,0,0,0,0,0,0,0,0,0,0,0,0,0,0,0,0,0,0,0,0,0,0,0,0,0,0,0,0,0,0,0,0,0,0,0,0,0,0,0,0,0,0,0,0,0,0,0,0,0,0,0,0,0,0,0,0,0,0,0,0,0,0,0,0,0,0,0,0,0,0,0,0,0,0,0,0,0,0,0,0,0,0,0,0,0,0,0,0,0,0,0,0,0,0,0,0,0,0,0,0,0,0,0,0,0,0,0,0,0,0,0,0,0,0,0,0,0,0,0,0,0,0,0,0,0,0,0,0,0,0,0,0,0,0,0,0,0
0,22,0,3,18,0,13,12,18,0,13,12,18,0,13,8,0,22,13,8,0,22,13,6,22,0,3,18,8,13,12,18,0,13,12,18,8,13,10,6,22,13,8,0,22,13,18,22,0,3,18,22,13,12,18,0,13,12,18,22,13,12,18,22,13,8,0,22,13,18,22,0,3,18,22,13,12,18,0,13,12,18,22,13,12,18,22,13,8,0,22,13,18,22,0,3,18,22,13,12,18,0,13,12,18,22,13,12,18,22,13,8,0,22,13,13,22,0,3,18,16,13,11,13,0,9,10,18,16,13,11,13,22,9,6,0,16,13,0,3,0,0,3,0,13,9,0,3,0,4,18,0,2,1,0,22,0,0,3,0,13,18,3,0,0,3,22,13,12,18,22,13,12,18,22,2,5,18,22,13,12,18,22,13,18,22,0,3,18,22,13,12,18,22,13,12,18,22,13,12,18,22,13,12,18,22,13,6,22,0,3,18,8,13,10,6,22,5,7,18,8,13,10,6,22,5,7,18,8,13,0,22,0,3,18,0,13,10,8,22,6,8,18,0,13,8,0,22,6,8,18,10,13,1,22,0,3,18,1,13,12,18,22,13,12,18,1,13,9,1,22,13,12,18,22,13,18,22,0,3,18,22,13,12,18,22,13,12,18,22,13,12,18,22,13,12,18,22,13,18,22,0,3,18,22,13,12,14,22,10,10,18,22,13,12,18,22,10,10,18,17,13,18,22,0,3,18,22,13,8,0,22,0,3,18,22,13,12,18,22,0,3,18,0,13,0,22,0,3,18,0,13,8,0,22,0,3,18,0,13,8,0,22,0,3,18,0,13,0,22,0,3,18,0,13,8,0,22,0,3,18,0,13,8,0,22,0,3,18,0,13,0,0,0,0,0,0,13,8,0,0,0,3,18,0,0,0,0,22,0,0,0,0,13,10,3,0,0,3,13,13,27,16,19,12,26,18,13,2,3,10,23,25,11,15,20,27,18,22,0,3,18,22,3,10,18,22,13,13,4,22,13,12,18,5,17,12,18,23,6,18,22,0,3,18,22,0,3,18,22,13,8,0,22,13,12,18,0,13,12,18,22,0,11,22,0,3,18,13,0,3,18,22,13,8,0,13,13,11,11,0,13,12,18,22,0,0,22,0,3,18,0,0,3,18,0,13,8,0,0,13,8,0,0,13,8,0,22,0
1,1,0,0,1,0,0,0,0,18,26,23,23,23,23,23,23,23,23,23,23,23,23,0,0,0,0,0,0,0,0,0,5,8,8,8,8,8,8,8,8,8,8,8,8,8,17,17,17,17,17,17,11,0,0,14,17,17,17,17,17,17,17,17,17,17,17,17,17,0,0,0,0,0,0,0,0,0,0,0,0,0,1,1,1,1,1,1,0,0,1,1,2,4,0,1,4,1,0,0,0,0,0,0,11,29,29,29,29,29,29,7,11,29,29,16,29,1,6,29,11,0,0,0,0,0,0,6,17,17,17,24,29,17,4,6,17,17,16,29,1,6,29,11,0,0,0,0,0,0,0,0,0,0,16,29,1,0,0,0,0,16,29,1,6,29,11,0,0,0,0,17,17,17,17,13,0,16,29,1,12,17,17,17,16,29,1,6,29,11,0,0,0,0,28,16,14,14,11,0,16,29,1,10,14,14,14,16,29,1,6,29,11,0,0,0,0,28,3,0,0,0,0,16,29,1,0,0,0,0,16,29,1,6,29,11,0,0,0,0,28,3,11,27,27,27,29,29,28,27,27,27,27,16,29,1,6,29,11,0,0,0,0,28,3,8,20,20,20,20,20,20,20,20,20,20,16,29,1,6,29,11,0,0,0,0,28,5,7,7,7,7,7,7,7,7,7,7,7,16,29,1,6,29,11,0,0,0,0,28,5,8,8,8,8,8,8,8,8,8,8,8,16,29,1,6,29,11,0,0,0,0,28,3,0,0,0,0,0,0,0,3,3,3,3,16,29,1,6,29,11,0,0,0,0,28,26,25,25,25,25,15,0,3,23,12,12,12,16,29,1,6,29,11,0,0,0,0,28,23,22,22,22,22,13,0,3,18,0,0,0,16,29,1,6,29,11,0,0,0,0,28,3,0,0,0,0,0,0,3,18,0,0,0,16,29,1,6,29,11,0,0,0,0,28,4,3,3,3,3,3,3,7,18,0,15,17,16,29,1,6,29,11,0,0,0,0,28,7,12,12,12,12,12,12,15,18,0,0,0,16,29,1,6,29,11,0,0,0,0,28,10,7,7,7,7,4,0,3,24,15,15,15,16,29,1,6,29,11,0,0,0,0,28,29,29,29,29,29,17,0,0,0,0,0,0,16,29,1,6,29,11,0,0,0,0,10,10,10,10,10,10,6,0,0,0,0,0,0
19,18,0,13,21,17,26,0,3,25,17,23,8,0,23,17,19,18,0,0,0,6,29,16,18,0,6,14,14,25,0,1,14,14,21,8,0,11,14,16,18,0,0,0,6,29,8,18,0,13,13,8,22,0,9,13,13,13,8,5,13,13,8,18,0,0,0,6,29,12,18,0,18,20,18,22,0,13,18,26,13,8,6,18,24,12,18,0,0,0,6,29,12,18,0,0,3,18,22,0,0,0,22,13,8,0,0,13,12,18,0,0,0,6,29,12,18,0,9,9,18,22,0,2,12,22,13,8,0,15,13,12,18,0,0,0,6,29,10,18,0,13,11,13,22,0,3,18,16,13,8,0,22,9,10,18,0,0,0,6,29,21,18,0,13,22,19,26,0,3,26,19,24,8,0,23,19,21,18,0,0,0,6,29,12,8,0,6,12,12,12,0,1,12,12,12,3,0,10,12,12,8,0,0,0,6,29,7,7,7,7,7,7,7,7,7,7,7,7,7,7,7,7,7,7,5,0,0,6,29,8,8,8,8,8,8,8,8,8,8,8,8,8,8,8,8,8,8,6,0,0,6,29,2,10,0,6,4,0,12,0,1,9,0,7,4,0,11,0,2,10,0,0,0,6,29,3,18,0,13,8,0,22,0,3,18,0,13,8,0,22,0,3,18,0,0,0,6,29,3,18,0,13,8,0,22,0,3,18,0,13,8,0,22,0,3,18,0,0,0,6,29,3,18,0,13,8,0,22,0,3,18,0,13,8,0,22,0,3,18,0,0,0,6,29,3,18,0,13,8,0,22,0,3,18,0,13,8,0,22,0,3,18,0,0,0,6,29,7,18,9,13,10,7,22,5,7,18,9,13,10,7,22,5,7,18,9,0,0,6,29,12,18,22,13,12,18,22,13,12,18,22,13,12,18,22,13,12,18,22,0,0,6,29,12,18,22,13,12,18,22,13,12,18,22,13,12,18,22,13,12,18,22,0,0,6,29,12,18,22,13,12,18,22,13,12,18,22,13,12,18,22,13,12,18,22,0,0,6,29,8,18,11,13,10,9,22,6,8,18,11,13,10,9,22,6,8,18,11,0,0,6,29,10,18,0,13,14,7,24,0,3,21,7,18,8,0,23,7,10,18,0,0,0,6,29,25,15,0,13,26,25,24,0,3,28,25,25,7,0,23,25,25,15,0,0,0,6,29
0,0,0,0,0,0,0,0,0,0,6,11,0,2,11,4,0,10,8,0,6,11,0,0,0,0,0,0,0,0,0,0,0,0,0,0,0,0,0,0,0,0,0,0,0,0,17,17,17,17,17,17,17,17,17,17,17,17,17,17,17,17,17,17,17,17,17,17,17,0,0,0,0,0,0,0,0,0,0,0,0,0,0,0,0,0,0,0,0,0,0,0,19,0,3,15,0,11,7,0,19,0,3,15,0,11,7,0,19,0,3,15,0,11,7,22,0,3,18,0,13,8,0,22,0,3,18,0,13,8,0,22,0,3,18,0,13,8,22,0,3,18,0,13,8,0,22,0,3,18,0,13,8,0,22,0,3,18,0,13,8,22,0,3,18,0,13,8,0,22,0,3,18,0,13,8,0,22,0,3,18,0,13,8,22,0,3,18,0,13,8,0,22,0,3,18,0,13,8,0,22,0,3,18,0,13,8,23,3,7,18,0,13,11,3,23,0,3,20,3,16,8,0,23,3,7,18,0,13,11,23,28,29,18,0,13,29,28,28,0,3,29,28,29,8,0,23,28,29,18,0,13,29,22,2,5,18,3,13,9,3,22,2,5,18,3,13,9,3,22,2,5,18,3,13,9,22,13,12,18,22,13,12,18,22,13,12,18,22,13,12,18,22,13,12,18,22,13,12,22,13,12,18,22,13,12,18,22,13,12,18,22,13,12,18,22,13,12,18,22,13,12,13,13,11,10,22,7,9,18,13,13,11,10,22,7,9,18,13,13,11,10,22,7,9,1,13,8,0,22,0,3,18,1,13,9,1,22,0,3,18,0,13,9,1,22,0,4,22,13,8,0,22,0,3,18,22,13,12,18,22,0,3,18,0,13,12,18,22,13,12,22,13,8,0,22,0,3,18,22,13,12,18,22,0,3,18,0,13,12,18,22,13,12,22,13,8,0,22,0,3,18,22,13,12,18,22,0,3,18,0,13,12,18,22,13,12,22,13,8,0,0,0,3,18,22,13,12,18,22,0,0,0,0,13,12,18,22,13,12,22,11,7,0,0,0,3,15,22,11,11,18,18,0,0,0,0,11,11,18,18,13,12,22,0,0,0,0,0,0,0,22,0,3,18,0,0,0,0,0,0,3,18,0,13,8,22,0,0,0,0,0,0,0,22,0,3,18,0,0,0,0,0,0,3,18,0,13,8
0,0,0,0,0,0,0,0,0,0,0,0,0,0,0,0,0,0,0,0,0,0,0,0,0,0,0,0,0,0,0,0,0,0,0,0,0,0,0,0,0,0,0,0,0,0,0,0,0,0,0,0,0,0,0,0,0,0,0,0,0,0,0,0,0,0,0,0,0,0,0,0,0,0,0,0,0,0,0,0,0,0,0,0,0,0,0,0,0,0,0,0,0,0,0,0,0,0,0,0,0,0,0,0,0,0,0,0,0,0,0,0,0,0,0,0,0,0,0,0,0,0,0,0,0,0,0,0,0,0,0,0,0,0,0,0,0,0,0,0,0,0,0,0,0,0,0,0,0,0,0,0,0,0,0,0,0,0,0,0,6,17,17,17,17,17,17,17,17,17,17,17,17,17,17,17,17,17,17,17,17,6,0,6,11,11,11,7,0,11,11,11,11,0,0,0,0,0,0,0,0,0,0,0,0,0,6,29,29,29,17,1,29,29,29,27,0,0,0,5,22,9,0,20,16,0,13,22,1,6,12,29,16,4,0,6,27,23,6,0,0,0,6,29,11,0,26,21,0,16,29,1,6,6,29,11,0,12,7,26,21,12,7,0,0,6,29,11,0,26,21,0,16,29,1,6,6,29,11,0,13,8,26,21,13,8,0,0,6,29,11,0,26,21,0,16,29,1,6,6,29,11,0,13,8,26,21,13,8,0,0,6,29,11,0,26,21,0,16,29,1,6,6,29,11,0,1,0,26,21,1,0,0,0,6,29,11,0,26,21,0,16,29,1,6,29,29,29,29,29,29,29,29,29,0,0,0,4,19,7,0,17,14,0,11,19,1,6,18,18,18,18,18,18,18,18,18,0,0,0,0,0,0,0,0,0,0,0,0,0,6,0,0,0,0,0,0,0,0,0,0,0,0,0,0,0,0,0,0,0,0,0,0,0,0,0,0,0,0,0,0,0,0,0,0,0,0,0,0,0,0,0,0,0,0,0,0,0,0,0,0,0,0,0,0,0,0,0,0,0,0,0,0,0,0,0,0,0,0,0,0,0,0,0,0,0,0,0,0,0,0,0,0,0,0,0,0,0,0,0,0,0,0,0,0,0,0,0,0,0,0,0,0,0,0,0,0,0,0,0,0,0,0,0,0,0,0,0,0,0,0,0,0,0,0,0,0,0,0,0,0,0,0,0,0,0,0,0,0
17,11,0,0,0,0,0,3,18,0,13,8,0,22,0,3,18,0,13,8,0,22,0,0,0,0,0,0,0,0,3,18,14,13,8,0,22,0,3,18,14,13,11,12,22,0,0,0,0,0,0,0,0,3,18,22,13,10,7,22,5,7,18,22,13,12,18,22,5,7,0,17,13,0,0,0,3,18,22,13,12,18,22,13,12,18,22,13,12,18,22,13,11,0,26,21,0,0,0,3,18,10,13,12,18,22,13,12,18,10,13,10,8,22,13,11,0,26,21,0,0,0,3,18,0,13,12,15,22,11,11,18,0,13,8,0,22,11,11,0,26,21,0,0,0,3,18,0,13,8,0,22,0,3,18,0,13,8,0,22,0,11,0,26,21,0,0,0,3,18,22,13,12,18,22,13,12,18,22,13,12,18,22,13,2,0,5,4,0,0,0,2,10,22,13,12,18,22,13,12,18,22,7,8,18,22,13,0,0,0,0,0,0,0,0,0,9,13,10,7,12,5,7,18,9,0,1,7,22,5,7,5,0,0,0,0,0,3,15,7,13,10,6,0,4,6,18,7,11,8,6,22,4,8,6,0,0,0,0,0,3,18,22,13,12,18,0,13,12,18,22,13,12,18,22,13,0,0,0,0,0,0,0,3,18,22,13,12,18,0,13,12,18,22,13,12,18,22,13,11,0,26,21,0,0,0,3,18,22,13,12,18,0,13,12,18,22,13,12,18,22,13,11,0,26,21,0,0,0,3,18,17,13,12,18,0,13,12,18,17,13,12,14,22,13,11,0,26,21,0,0,0,3,18,0,13,12,18,0,13,12,18,0,13,8,0,22,13,11,0,26,21,0,0,0,3,15,0,10,10,18,0,13,12,14,0,11,7,0,17,13,11,0,26,21,0,0,0,0,0,0,0,3,18,0,13,8,0,0,0,0,0,0,13,11,0,26,21,0,0,0,0,0,0,3,24,18,0,13,25,8,0,0,0,0,11,26,4,0,10,8,0,10,18,1,0,0,1,8,5,0,4,8,3,0,0,0,0,4,8,0,0,0,0,0,16,29,1,0,0,0,0,0,0,0,0,0,0,0,0,0,0,0,17,11,0,0,0,16,29,1,0,0,0,0,0,0,0,0,0,0,0,0,0,0,0,0,0,0,0,0,16,29,1,0,0,0,0,0,0,0,0,0,0,0,0,0,0,0
16,0,0,0,0,0,0,0,0,0,0,0,6,11,0,2,11,4,0,10,8,0,6,0,0,0,0,0,0,0,0,0,0,0,0,0,0,0,0,0,0,0,0,0,0,0,17,17,17,17,17,17,17,17,17,17,17,17,17,17,17,17,17,17,17,17,17,17,17,0,0,0,0,0,0,0,0,0,0,0,0,0,0,0,0,0,0,0,0,0,0,0,3,15,0,11,7,0,19,0,3,15,0,11,7,0,19,0,3,15,0,11,7,0,19,3,18,0,13,8,0,22,0,3,18,0,13,8,0,22,0,3,18,0,13,8,0,22,3,18,0,13,8,0,22,0,3,18,0,13,8,0,22,0,3,18,0,13,8,0,22,3,18,0,13,8,0,22,0,3,18,0,13,8,0,22,0,3,18,0,13,8,0,22,3,18,0,13,8,0,22,0,3,18,0,13,8,0,22,0,3,18,0,13,8,0,22,7,18,0,13,11,3,23,0,3,20,3,16,8,0,23,3,7,18,0,13,11,3,23,29,18,0,13,29,28,28,0,3,29,28,29,8,0,23,28,29,18,0,13,29,28,28,5,18,3,13,9,3,22,2,5,18,3,13,9,3,22,2,5,18,3,13,9,3,22,12,18,22,13,12,18,22,13,12,18,22,13,12,18,22,13,12,18,22,13,12,18,22,12,18,22,13,12,18,22,13,12,18,22,13,12,18,22,13,12,18,22,13,12,18,22,11,10,22,7,9,18,13,13,11,10,22,7,9,18,13,13,11,10,22,7,9,18,13,9,1,22,0,4,18,0,13,8,0,22,0,4,18,1,13,8,0,22,0,3,18,1,12,18,22,13,12,18,0,13,8,0,22,13,12,18,22,13,8,0,22,0,3,18,22,12,18,22,13,12,18,0,13,8,0,22,13,12,18,22,13,8,0,22,0,3,18,22,12,18,22,13,12,18,0,13,8,0,22,13,12,18,22,13,8,0,22,0,3,18,22,12,18,22,13,12,18,0,0,0,0,22,13,12,18,22,13,8,0,0,0,3,18,22,11,18,18,13,12,15,0,0,0,0,18,13,12,15,22,11,7,0,0,0,3,15,22,3,18,0,13,8,0,0,0,0,0,0,13,8,0,22,0,0,0,0,0,0,0,22,3,18,0,13,8,0,0,0,0,0,0,13,8,0,22,0,0,0,0,0,0,0,22
0,0,0,0,0,0,0,0,0,0,0,0,0,0,0,0,0,0,0,0,0,0,0,0,0,0,0,0,0,0,0,0,0,0,0,0,0,0,0,0,0,0,0,0,0,0,0,0,0,0,0,0,0,0,0,0,0,0,0,0,0,0,0,0,0,0,0,0,0,0,0,0,0,0,0,0,0,0,0,0,0,0,0,0,0,0,0,0,0,0,0,0,0,0,0,0,0,0,0,0,0,0,0,0,0,0,0,0,0,0,0,0,0,0,0,0,0,0,0,0,0,0,0,0,0,0,0,0,0,0,0,0,0,0,0,0,0,0,8,8,8,8,8,8,8,8,8,8,8,8,8,8,8,8,8,8,8,8,8,8,8,7,7,7,7,7,7,7,7,7,7,7,7,7,7,7,7,7,7,7,7,7,7,7,1,1,0,0,1,0,0,1,1,0,0,15,20,20,20,5,8,20,20,20,12,1,20,16,29,1,6,29,11,0,26,21,0,0,20,29,29,28,7,11,28,29,28,16,1,27,16,29,1,6,29,11,0,26,21,0,0,3,16,29,2,3,0,6,29,11,3,0,0,16,29,1,6,29,11,0,26,21,0,3,18,16,29,5,18,0,6,29,11,22,0,0,16,29,1,6,29,11,0,26,21,0,3,18,16,29,5,18,0,6,29,11,22,0,0,16,29,1,6,29,11,0,26,21,0,3,15,16,29,5,15,0,6,29,11,18,0,0,16,29,1,6,29,11,0,26,21,0,0,7,20,29,10,8,8,13,29,17,8,8,8,6,10,0,2,10,4,0,9,8,0,0,25,29,29,29,29,29,29,29,29,29,29,29,0,0,0,0,0,0,0,0,0,0,0,8,9,9,9,9,9,9,9,9,9,9,9,0,0,0,0,0,0,0,0,0,0,0,0,0,0,0,0,0,0,0,0,0,0,0,0,0,0,0,0,0,0,0,0,0,0,0,0,0,0,0,0,0,0,0,0,0,0,0,0,0,0,0,0,0,0,0,0,0,0,0,0,0,0,0,0,0,0,0,0,0,0,0,0,0,0,0,0,0,0,0,0,0,0,0,0,0,0,0,0,0,0,0,0,0,0,0,0,0,0,0,0,0,0,0,0,0,0,0,0,0,0,0,0,0,0,0,0,0,0,0,0,0,0,0,0,0,0,0,0,0,0,0,0,0,0,0,0,0,0
0,0,0,0,0,0,0,0,0,0,0,0,0,0,0,0,0,0,0,0,0,0,0,0,0,0,0,0,0,0,0,0,0,0,0,0,0,0,0,0,0,0,0,0,0,0,0,0,0,0,0,0,0,0,0,0,0,0,0,0,0,0,0,0,0,0,0,0,0,0,0,0,0,0,0,0,0,0,0,0,0,0,0,0,0,0,0,0,0,0,0,0,0,0,0,0,0,0,0,0,0,0,0,0,0,0,0,0,0,0,0,0,0,0,0,8,8,6,0,0,0,0,0,1,9,16,6,7,13,11,9,8,9,16,6,7,13,11,0,0,0,0,0,0,0,0,3,18,22,13,12,18,22,13,12,18,22,13,12,18,22,16,0,12,21,1,0,0,0,3,18,22,13,12,18,22,13,12,18,22,13,12,18,22,21,0,16,29,1,0,0,0,3,18,22,13,12,18,22,13,12,18,22,13,12,18,22,21,0,16,29,1,0,0,0,1,7,22,5,7,18,9,13,10,7,22,5,7,18,9,21,0,16,29,1,0,0,0,0,0,22,0,3,18,0,13,8,0,22,0,3,18,0,21,0,16,29,1,0,0,0,0,0,22,0,3,18,0,13,8,0,22,0,3,18,0,21,0,16,29,1,6,27,11,0,0,22,0,3,18,0,13,8,0,22,0,3,18,0,15,0,11,20,1,6,29,11,0,0,22,0,3,18,0,13,8,0,22,0,3,18,0,0,0,0,0,0,6,29,11,0,0,12,0,2,10,0,7,4,0,12,0,2,10,0,8,8,6,0,0,6,29,11,0,7,8,8,8,8,8,8,8,8,8,8,8,8,8,7,7,5,0,0,6,29,11,0,6,7,7,7,7,7,7,7,7,7,7,7,7,7,0,0,0,0,0,5,21,8,0,0,0,0,0,0,0,0,0,0,0,0,0,0,0,0,0,0,0,0,0,0,0,0,0,0,0,0,0,0,0,0,0,0,0,0,0,0,0,0,0,0,0,0,0,0,0,0,0,0,0,0,0,0,0,0,0,0,0,0,0,0,0,0,0,0,0,0,0,0,0,0,0,0,0,0,0,0,0,0,0,0,0,0,0,0,0,0,0,0,0,0,0,0,0,0,0,0,0,0,0,0,0,0,0,0,0,0,0,0,0,0,0,0,0,0,0,0,0,0,0,0,0,0,0,0,0,0,0,0
21,0,14,27,2,0,22,0,2,19,22,0,2,19,22,0,2,19,0,12,12,19,0,21,0,0,0,0,0,22,4,6,19,22,0,2,19,22,4,6,19,8,12,12,19,0,21,0,7,14,1,0,22,12,12,19,22,0,2,19,22,12,12,19,22,12,12,19,0,21,0,15,29,2,0,22,12,12,19,22,0,2,19,22,12,12,19,22,12,12,19,0,21,0,15,29,2,0,22,12,12,19,22,0,2,19,22,12,12,19,22,12,12,19,0,21,0,15,29,2,0,22,9,9,19,16,0,2,13,22,9,9,19,16,12,12,13,0,21,0,15,29,2,0,3,0,3,19,0,2,1,0,22,0,0,3,0,12,10,0,3,21,0,15,29,2,0,3,12,12,19,22,12,12,19,22,12,10,3,22,12,12,19,22,21,0,15,29,2,0,22,12,12,19,22,12,12,19,22,12,12,19,22,12,12,19,22,21,0,15,29,2,0,22,4,6,19,8,12,11,7,22,4,6,19,8,12,11,7,22,21,0,15,29,2,0,22,0,2,19,10,12,11,9,22,0,2,19,0,12,11,9,22,21,0,15,29,2,0,22,0,3,19,22,12,12,19,22,0,3,19,1,12,12,19,22,21,0,15,29,2,0,22,12,12,19,22,12,12,19,22,12,12,19,22,12,12,19,22,21,0,15,29,2,0,22,12,12,19,17,12,12,15,22,12,12,19,22,12,12,15,22,21,0,15,29,2,0,22,12,12,19,0,12,9,0,22,12,12,19,22,12,9,0,22,21,0,15,29,2,0,22,0,2,19,0,12,9,0,22,0,2,19,0,12,9,0,22,21,0,15,29,2,0,22,0,2,19,0,12,9,0,22,0,2,19,0,12,9,0,22,21,0,15,29,2,0,0,0,2,19,0,0,0,0,22,0,0,0,0,12,9,0,0,21,0,15,29,2,0,3,7,8,28,25,10,10,25,29,7,6,3,13,12,27,17,19,21,0,15,29,2,0,22,12,10,6,24,12,12,22,6,12,12,19,22,3,9,19,22,21,0,15,29,2,0,22,12,9,0,22,12,12,19,0,12,12,19,22,0,2,19,22,21,0,15,29,2,0,22,7,5,0,22,12,12,19,0,7,9,19,13,0,2,19,22,21,0,15,29,2,0,22,0,0,0,22,0,2,19,0,0,2,19,0,0,2,19,0
21,0,15,29,2,5,29,12,0,0,0,0,0,0,0,0,0,0,0,0,0,0,0,21,0,15,29,2,5,29,12,0,0,0,0,0,0,0,0,0,0,0,0,0,0,0,21,0,15,29,2,5,29,12,0,0,0,0,0,0,0,0,0,0,0,0,0,0,0,21,0,15,29,2,5,29,12,0,0,0,0,0,0,0,0,0,0,0,0,0,0,0,19,0,15,29,2,1,9,4,0,6,7,0,0,7,5,0,0,0,0,1,7,5,0,0,0,15,29,2,0,0,0,0,20,28,0,2,28,18,0,0,0,0,3,25,19,0,12,0,15,29,2,0,0,0,0,0,22,0,2,19,0,0,0,0,0,0,2,19,0,21,0,15,29,2,0,16,0,2,14,22,0,2,19,16,0,2,14,0,9,10,19,0,21,0,9,17,1,0,22,0,2,19,22,0,2,19,22,0,2,19,0,12,12,19,0,21,0,0,0,0,0,22,9,9,19,22,0,2,19,22,9,9,19,16,12,12,19,0,21,0,13,25,2,0,22,12,12,19,22,0,2,19,22,12,12,19,22,12,12,19,0,21,0,15,29,2,0,22,12,12,19,22,0,2,19,22,12,12,19,22,12,12,19,0,21,0,15,29,2,0,22,12,12,19,22,0,2,19,22,12,12,19,22,12,12,19,0,21,0,15,29,2,0,19,4,6,19,8,0,1,7,22,4,6,16,8,12,11,7,0,21,0,15,29,2,0,0,4,6,19,8,6,6,7,22,4,3,0,8,12,11,7,11,21,0,15,29,2,0,11,12,12,19,22,12,12,19,22,12,11,9,22,12,12,19,22,21,0,15,29,2,0,22,12,12,19,22,12,12,19,22,12,12,19,22,12,12,19,22,21,0,15,29,2,0,22,0,3,19,0,12,10,0,22,0,3,19,0,12,10,0,22,21,0,15,29,2,0,22,0,2,19,18,12,12,15,22,0,2,19,0,12,12,15,22,21,0,15,29,2,0,22,5,6,19,22,12,12,19,22,5,6,19,9,12,12,19,22,21,0,15,29,2,0,22,12,12,19,22,12,12,19,22,12,12,19,22,12,12,19,22,21,0,15,29,2,0,22,12,12,19,9,12,11,8,22,12,12,19,22,12,11,8,22,21,0,15,29,2,0,22,8,9,19,0,12,9,0,22,8,9,19,15,12,9,0,22
29,1,0,22,6,29,11,22,6,29,11,0,0,0,26,21,0,0,0,16,29,1,6,29,1,0,22,6,29,11,22,6,29,11,0,0,0,26,21,0,0,0,16,29,1,6,29,1,0,11,6,29,11,11,6,29,11,0,0,0,26,21,0,0,0,16,29,1,6,29,1,0,8,20,29,22,17,20,29,11,0,0,0,26,21,0,0,0,16,29,1,6,1,0,0,14,29,29,29,29,29,29,11,0,0,0,26,21,0,0,0,1,1,0,0,0,0,0,0,0,0,0,0,0,0,0,0,0,0,8,6,0,0,0,0,0,0,0,17,17,17,17,17,17,17,17,17,17,17,0,0,0,0,0,0,8,17,17,17,17,17,0,0,1,17,17,17,2,0,0,0,0,0,5,22,9,0,0,0,0,0,0,0,0,4,0,1,14,14,29,3,0,0,2,4,0,6,29,11,0,4,3,0,2,4,0,1,29,1,0,13,0,28,3,0,0,16,29,1,6,29,11,0,26,21,0,16,29,1,6,29,1,0,22,0,28,3,0,0,16,29,1,6,29,11,0,26,21,0,16,29,1,6,29,1,0,22,0,28,3,0,0,16,29,1,6,29,11,0,26,21,0,16,29,1,6,29,1,0,22,0,28,3,0,0,16,29,1,6,29,11,0,26,21,0,16,29,1,6,19,1,0,22,0,28,3,0,0,11,19,1,4,19,7,0,17,14,0,11,19,1,4,0,0,0,3,3,29,3,0,0,0,0,0,0,0,0,0,0,0,0,0,0,0,0,0,0,2,28,28,28,3,0,0,0,0,0,0,0,0,0,0,0,0,0,0,0,0,7,7,7,7,7,7,7,7,7,7,7,7,7,7,7,7,7,7,7,7,7,7,7,8,8,8,8,8,8,8,8,8,8,8,8,8,8,8,8,8,8,8,8,8,8,8,0,0,0,0,0,0,0,0,0,0,0,0,0,0,0,0,0,0,0,0,0,0,0,0,0,0,0,0,0,0,0,0,0,0,0,0,0,0,0,0,0,0,0,0,0,0,28,1,6,28,11,0,26,21,0,16,28,1,6,28,11,0,26,21,0,16,28,1,6,29,1,6,29,11,0,26,21,0,16,29,1,6,29,11,0,26,21,0,16,29,1,6,29,1,6,29,11,0,26,21,0,16,29,1,6,29,11,0,26,21,0,16,29,1,6
6,0,1,5,6,4,3,5,6,0,1,5,0,4,3,5,6,4,3,5,0,4,2,9,0,1,7,22,5,7,18,9,0,1,7,0,5,7,18,9,13,10,7,0,5,3,0,0,0,0,22,0,3,18,0,0,0,0,0,0,3,18,0,13,8,0,0,0,0,0,0,0,0,22,0,4,18,0,0,0,0,0,0,4,18,0,13,9,0,0,0,0,0,0,3,18,22,13,12,18,22,0,0,0,0,13,12,18,22,13,12,18,0,0,0,4,0,3,18,22,13,12,18,22,0,0,3,0,13,12,18,22,13,12,18,0,2,1,22,0,3,18,22,13,12,18,22,0,3,18,0,13,12,18,22,13,12,18,0,13,8,22,0,3,18,22,13,12,18,22,0,3,18,0,13,12,18,22,13,12,18,0,13,8,22,0,3,18,18,13,12,15,22,0,3,18,0,13,12,15,22,11,11,18,0,13,8,22,0,3,18,0,13,8,0,22,0,3,18,0,13,8,0,22,0,3,18,0,13,8,22,11,11,18,19,13,12,15,22,11,11,18,19,13,12,15,22,11,11,18,19,13,12,22,13,12,18,22,13,12,18,22,13,12,18,22,13,12,18,22,13,12,18,22,13,12,20,13,12,17,22,12,12,18,20,13,12,17,22,12,12,18,20,13,12,17,22,12,12,0,13,13,6,24,0,3,21,6,17,8,0,23,6,10,18,0,13,13,6,24,0,3,0,13,27,25,28,0,3,28,25,27,8,0,23,25,26,18,0,13,27,25,28,0,3,0,13,8,0,22,0,3,18,0,13,8,0,22,0,3,18,0,13,8,0,22,0,3,0,13,8,0,22,0,3,18,0,13,8,0,22,0,3,18,0,13,8,0,22,0,3,0,13,8,0,22,0,3,18,0,13,8,0,22,0,3,18,0,13,8,0,22,0,3,0,13,8,0,22,0,3,18,0,13,8,0,22,0,3,18,0,13,8,0,22,0,3,0,13,8,0,22,0,3,18,0,13,8,0,22,0,3,18,0,13,8,0,22,0,3,0,7,5,0,13,0,2,10,0,7,5,0,13,0,2,10,0,7,5,0,13,0,2,6,6,6,6,6,6,6,6,6,6,6,6,6,6,6,6,6,6,6,6,6,6,6,9,9,9,9,9,9,9,9,9,9,9,9,9,9,9,9,9,9,9,9,9,9,9
0,7,24,27,7,7,7,7,7,7,24,27,7,7,7,5,0,25,7,0,2,29,15,0,27,29,29,29,29,29,29,29,29,29,29,29,29,29,21,0,25,7,0,2,27,14,0,10,10,10,10,10,10,10,10,10,10,10,10,10,10,8,0,25,7,0,0,0,0,9,17,17,17,17,17,17,17,17,17,17,17,17,17,17,17,8,25,7,0,1,14,7,0,0,0,0,0,0,0,0,0,0,0,0,0,0,0,0,0,25,7,0,2,29,15,0,0,9,13,13,13,13,13,13,6,0,1,5,5,5,5,5,25,7,0,2,29,15,0,0,2,2,2,2,2,2,11,12,0,7,29,29,29,29,29,29,7,0,2,29,15,5,9,9,9,9,1,0,0,9,12,0,3,12,12,12,12,12,27,7,0,2,29,15,3,6,6,6,6,1,0,0,9,12,0,0,0,0,0,0,0,25,7,0,2,29,15,0,19,18,17,17,17,17,3,9,20,13,13,13,13,13,13,7,25,7,0,2,29,15,0,19,2,0,0,0,0,0,9,14,2,2,2,2,2,2,1,25,7,0,2,29,15,0,19,2,6,17,17,17,17,18,9,0,4,17,17,17,17,17,27,7,0,2,29,15,0,9,1,0,0,0,0,0,0,0,0,7,29,29,29,29,29,29,7,0,2,29,15,0,0,0,0,0,0,0,0,0,0,0,0,0,0,0,0,0,0,0,0,2,29,15,9,17,17,17,17,17,17,17,17,17,17,17,17,17,17,17,17,17,17,2,2,29,15,0,0,0,0,0,0,0,0,0,0,0,0,0,0,0,0,0,0,0,0,2,29,15,0,7,7,7,7,7,7,7,7,7,7,7,7,7,7,5,0,0,0,0,2,29,15,0,28,29,29,29,29,29,29,29,29,29,29,29,29,29,21,0,0,0,0,2,29,15,0,10,10,10,12,29,21,10,10,10,10,19,29,14,10,8,0,0,0,0,2,29,15,5,9,9,1,2,29,15,6,17,17,7,12,29,5,12,17,17,0,0,0,2,29,15,3,6,6,1,2,29,15,5,14,14,5,12,29,5,10,14,14,0,0,0,2,29,15,0,5,5,5,8,29,18,4,0,5,5,16,29,10,5,4,0,0,0,0,2,29,15,0,28,29,29,29,29,29,21,0,28,29,29,29,29,29,21,0,0,0,0,2,29,15
11,0,26,21,0,16,29,1,0,0,0,8,23,3,18,0,0,0,0,0,13,8,0,11,0,8,7,0,5,9,0,0,0,0,8,23,1,6,0,0,0,0,0,5,3,0,11,0,0,0,0,0,0,0,0,0,0,8,28,21,21,21,21,21,21,21,21,21,21,11,0,0,0,0,0,0,0,0,0,0,3,10,10,10,10,10,10,10,10,10,10,10,11,0,14,17,17,17,17,17,17,0,0,8,17,17,17,17,17,17,17,17,17,17,17,11,0,0,0,0,0,0,0,0,0,0,0,0,0,0,0,0,0,0,0,0,0,0,11,0,0,0,0,0,0,0,0,0,0,0,0,11,29,29,29,29,29,29,7,11,29,11,0,8,6,0,5,8,0,2,8,3,0,0,7,18,18,18,25,29,19,5,7,18,11,0,26,21,0,16,29,1,6,29,11,0,0,7,17,17,4,16,29,1,13,17,17,11,0,26,21,0,16,29,1,6,29,11,0,0,6,14,14,3,16,29,1,11,14,14,11,0,26,21,0,16,29,1,6,29,11,0,0,0,0,0,0,16,29,1,0,0,0,11,0,26,21,0,16,29,1,6,29,11,0,0,4,11,11,11,22,29,13,11,11,11,11,0,14,11,0,9,15,1,3,15,6,0,0,11,29,29,29,29,29,29,29,29,29,7,0,0,0,0,0,0,0,0,0,0,0,0,2,6,6,6,6,6,6,6,6,6,0,0,0,0,0,0,0,0,0,0,0,0,0,0,0,0,0,0,0,0,0,0,0,9,0,14,17,17,17,17,17,17,17,17,17,17,17,17,17,17,17,17,17,17,17,17,11,0,0,0,0,0,0,0,0,0,0,0,0,4,9,9,9,9,9,9,9,9,9,11,0,18,15,0,11,20,1,4,20,8,0,0,14,29,29,29,29,29,29,29,29,29,11,0,26,21,0,16,29,1,6,29,11,0,0,4,13,29,17,8,8,8,27,24,8,11,0,26,21,0,16,29,1,6,29,11,0,0,18,6,29,11,18,0,0,26,21,11,11,0,26,21,0,16,29,1,6,29,11,0,0,22,6,29,11,22,0,0,26,21,13,11,0,26,21,0,16,29,1,6,29,11,0,0,22,6,29,11,22,0,0,26,21,13,11,0,26,21,0,16,29,1,6,29,11,0,0,3,6,29,11,3,0,0,26,21,2
0,0,26,21,0,0,26,21,0,16,29,1,6,29,11,0,26,21,0,0,6,29,11,0,0,26,21,0,0,26,21,0,16,29,1,6,29,11,0,26,21,0,0,6,29,11,0,0,26,21,0,0,26,21,0,16,29,1,6,29,11,0,26,21,0,0,6,29,11,0,0,26,21,0,0,26,21,0,16,29,1,6,29,11,0,26,21,0,0,6,29,11,0,0,26,21,0,0,1,1,0,1,1,0,0,1,0,0,1,1,0,0,6,29,11,0,0,8,6,0,0,0,0,0,0,0,0,0,0,0,0,0,0,0,0,2,8,3,0,0,0,0,0,8,17,17,17,17,17,17,17,17,17,17,17,11,0,0,0,0,0,0,0,0,0,0,0,0,0,0,0,0,0,0,0,0,0,0,0,0,13,22,1,0,4,0,1,4,1,0,4,3,0,2,4,0,1,4,1,0,4,3,0,16,29,1,1,29,1,6,29,11,0,26,21,0,16,29,1,6,29,11,0,26,21,0,16,29,1,6,29,1,6,29,11,0,26,21,0,16,29,1,6,29,11,0,26,21,0,16,29,1,6,29,1,6,29,11,0,26,21,0,16,29,1,6,29,11,0,26,21,0,16,29,1,6,29,1,6,29,11,0,26,21,0,16,29,1,6,29,11,0,26,21,0,16,29,1,6,19,1,4,19,7,0,17,14,0,11,19,1,4,19,7,0,17,14,0,11,19,1,4,0,0,0,0,0,0,0,0,0,0,0,0,0,0,0,0,0,0,0,0,0,0,0,0,0,0,0,0,0,0,0,0,0,0,0,0,0,0,0,0,0,0,0,0,0,0,7,7,7,7,7,7,7,7,7,7,7,7,7,7,7,7,7,7,7,7,7,7,7,8,8,8,8,8,8,8,8,8,8,8,8,8,8,8,8,8,8,8,8,8,8,8,0,0,0,0,0,0,0,0,0,0,0,0,0,0,0,0,0,0,0,0,0,0,0,0,0,0,0,0,0,0,0,0,0,0,0,0,0,0,0,0,0,0,0,0,0,0,28,1,6,28,11,0,26,21,0,16,28,1,6,28,11,0,26,21,0,16,28,1,6,29,1,6,29,11,0,26,21,0,16,29,1,6,29,11,0,26,21,0,16,29,1,6,29,1,6,29,11,0,26,21,0,16,29,1,6,29,11,0,26,21,0,16,29,1,6
0,0,0,0,0,0,0,0,0,0,0,0,0,0,0,0,0,0,0,0,0,0,0,0,0,0,0,0,0,0,0,0,0,0,0,0,0,0,0,0,0,0,0,0,0,0,0,0,0,0,0,0,0,0,0,0,0,0,0,0,0,0,0,0,0,0,0,0,0,0,0,0,0,0,0,0,0,0,0,0,0,0,0,0,0,0,0,0,0,0,0,0,0,0,0,0,0,0,0,0,0,0,0,0,0,0,0,0,0,0,0,0,0,0,0,0,0,0,0,0,0,0,0,0,0,0,0,0,0,0,0,0,0,0,0,0,0,0,18,17,13,11,14,22,10,10,18,17,13,11,14,22,10,10,18,17,13,11,14,0,10,18,22,13,12,18,22,13,12,18,22,13,12,18,22,13,12,18,22,13,12,18,0,13,18,22,13,12,18,22,13,12,18,22,13,12,18,22,13,12,18,22,13,12,18,0,13,18,22,13,12,18,22,13,12,18,22,13,12,18,22,13,12,18,22,13,12,18,0,13,18,3,13,9,2,22,1,5,18,3,13,9,2,22,1,5,18,3,13,9,2,0,1,18,0,13,8,0,22,0,3,18,0,13,8,0,22,0,3,18,0,13,8,0,0,0,18,0,13,8,0,22,0,3,18,0,13,8,0,22,0,3,18,0,13,8,0,0,0,18,0,13,8,0,22,0,3,18,0,13,8,0,22,0,3,18,0,13,8,0,0,0,18,0,13,8,0,22,0,3,18,0,13,8,0,22,0,3,18,0,13,8,0,0,0,5,0,3,2,0,6,0,1,5,0,3,2,0,6,0,1,5,0,3,2,0,0,0,17,17,17,17,17,17,17,17,17,17,17,17,17,17,17,17,17,17,17,17,6,0,2,0,0,0,0,0,0,0,0,0,0,0,0,0,0,0,0,0,0,0,0,0,0,0,0,0,0,0,0,0,0,0,0,0,0,0,0,0,0,0,0,0,0,0,0,0,0,0,0,0,0,0,0,0,0,0,0,0,0,0,0,0,0,0,0,0,0,0,0,0,0,0,0,0,0,0,0,0,0,0,0,0,0,0,0,0,0,0,0,0,0,0,0,0,0,0,0,0,0,0,0,0,0,0,0,0,0,0,0,0,0,0,0,0,0,0,0,0,0,0,0,0,0,0,0,0,0,0,0,0,0,0,0,0,0,0,0,0,0
3,3,3,3,3,3,3,3,3,3,3,3,3,3,3,3,0,3,3,3,3,3,3,29,29,29,29,29,29,29,29,29,29,29,29,29,29,29,27,0,22,29,29,29,29,29,14,14,23,29,15,14,14,18,29,20,14,14,14,28,25,13,0,11,23,29,15,14,14,0,0,16,29,1,0,0,6,29,11,0,0,0,26,21,0,0,0,16,29,1,0,0,0,21,29,29,28,7,12,28,29,28,16,2,27,29,29,26,0,21,29,29,28,7,12,0,16,20,20,20,5,9,20,20,20,12,2,20,20,20,19,0,16,20,20,20,5,9,0,0,0,0,0,0,0,0,0,0,0,0,0,0,0,0,0,0,0,0,0,0,0,29,29,29,29,29,29,29,29,29,29,29,29,29,28,0,0,0,0,0,23,29,29,29,6,6,6,6,6,6,6,6,6,6,6,6,6,6,3,3,3,3,3,6,6,6,6,12,12,12,12,12,12,12,12,12,12,12,12,12,12,12,12,12,12,12,12,12,12,12,7,7,7,7,0,5,7,7,7,7,7,7,0,0,0,0,0,0,0,0,0,5,7,29,29,29,27,0,21,29,29,29,29,29,27,0,0,0,0,0,0,0,0,0,21,29,10,28,24,10,0,8,10,10,10,28,24,10,0,13,12,18,0,13,12,17,0,8,21,0,26,21,0,0,0,0,0,0,26,21,0,0,13,12,18,0,13,12,18,0,0,16,0,26,21,0,23,23,23,20,0,26,21,0,0,13,12,18,0,13,12,18,0,0,16,0,26,21,0,8,8,8,7,0,26,21,0,0,13,12,18,0,13,12,18,0,0,16,3,27,23,3,3,3,3,3,3,27,23,3,0,13,12,18,0,13,12,18,0,2,18,29,29,29,29,29,29,29,29,29,29,29,27,0,0,3,18,0,13,8,0,0,21,29,14,14,14,14,14,14,14,14,14,14,14,13,0,0,3,18,0,13,8,0,0,10,14,13,13,13,13,13,13,13,13,13,13,13,13,13,13,4,18,0,13,8,11,13,13,13,2,2,2,2,2,2,2,2,2,2,2,2,2,2,4,18,0,13,8,2,2,2,2,1,0,0,4,9,9,9,9,9,9,6,0,0,6,8,18,0,13,10,9,0,0,4,4,1,0,2,4,4,4,4,4,4,3,0,0,2,2,3,0,2,2,3,0,0,2
0,13,8,18,13,0,0,26,21,0,16,29,1,6,29,11,0,26,21,0,16,29,1,0,13,8,18,13,0,0,26,21,0,16,29,1,6,29,11,0,26,21,0,16,29,1,0,13,8,18,13,0,0,26,21,0,16,29,1,6,29,11,0,26,21,0,16,29,1,0,13,8,18,13,0,0,26,21,0,16,29,1,6,29,11,0,26,21,0,16,29,1,0,8,5,18,13,0,0,26,21,0,16,29,1,6,29,11,0,26,21,0,16,29,1,0,10,13,24,13,0,0,10,8,0,6,11,0,2,11,4,0,10,8,0,6,11,0,0,14,18,18,8,0,0,0,0,0,0,0,0,0,0,0,0,0,0,0,0,0,0,17,17,17,17,17,17,17,17,17,17,17,17,17,17,17,17,17,17,17,17,17,17,17,7,7,7,7,7,7,7,7,7,7,3,0,0,0,0,0,0,0,0,0,0,0,0,25,25,25,25,25,25,25,25,25,25,11,0,0,0,0,0,0,0,0,0,0,0,0,0,0,0,0,0,1,1,0,0,0,0,0,9,0,0,0,0,0,0,0,0,0,0,7,11,7,0,0,13,12,14,7,0,0,12,22,0,0,0,19,0,0,0,0,0,3,16,13,8,0,0,13,12,18,16,0,0,15,22,0,0,0,22,0,0,0,0,0,3,16,13,8,0,0,13,12,18,16,0,0,15,22,0,0,0,22,0,0,0,0,0,3,13,6,4,0,0,13,12,18,16,0,0,15,22,0,0,0,22,0,0,0,0,0,3,0,0,0,0,0,12,11,17,15,0,0,14,20,0,0,0,22,0,0,0,0,0,3,23,23,7,0,0,0,0,0,0,0,0,0,0,0,0,0,22,0,0,0,0,0,3,8,8,2,0,0,0,0,0,0,0,0,0,0,0,0,0,22,0,0,0,0,0,3,17,17,17,17,17,17,17,17,17,17,17,17,17,17,11,0,22,0,0,0,0,0,3,0,0,0,0,0,0,0,0,0,0,0,0,0,0,0,0,22,0,0,0,0,0,3,7,7,7,7,7,7,7,7,7,7,7,2,0,0,0,0,22,0,0,0,0,0,3,29,29,29,29,29,29,29,29,29,29,29,7,0,0,0,0,22,0,0,0,0,0,3,10,10,10,28,24,10,10,10,21,29,12,2,0,0,0,0,22,0,0,0,0,0,3
8,0,6,11,0,2,11,4,0,10,8,0,6,11,0,2,11,4,0,10,8,0,6,0,0,0,0,0,0,0,0,0,0,0,0,0,0,0,0,0,0,0,0,0,0,0,17,17,17,17,17,17,17,17,17,17,17,17,17,17,17,17,17,17,17,17,17,17,17,0,0,0,0,0,0,0,0,0,0,0,0,0,0,0,0,0,0,0,0,0,0,0,3,15,0,11,7,0,19,0,3,15,0,11,7,0,19,0,0,0,0,11,7,0,19,3,18,0,13,8,0,22,0,3,18,0,13,8,0,22,0,0,0,0,13,8,0,22,3,18,0,13,8,0,22,0,3,18,0,13,8,0,22,0,0,0,0,13,8,0,22,3,18,0,13,8,0,22,0,3,18,0,13,8,0,22,0,0,0,0,13,8,0,22,3,18,0,13,8,0,22,0,3,18,0,13,8,0,22,0,0,0,0,13,8,0,22,3,20,3,16,8,0,23,3,7,18,0,13,11,3,23,0,0,0,0,13,11,3,23,3,29,28,29,8,0,23,28,29,18,0,13,29,28,28,0,0,0,0,13,29,28,28,5,18,3,13,9,3,22,2,5,18,3,13,9,3,22,2,1,0,3,13,9,3,22,12,18,22,13,12,18,22,13,12,18,22,13,12,18,22,13,8,0,22,13,12,18,22,12,18,22,13,12,18,22,13,12,18,22,13,12,18,22,13,8,0,22,13,12,18,22,11,10,22,7,9,18,13,13,11,10,22,7,9,18,13,13,8,0,22,7,9,18,13,9,1,22,0,3,18,0,13,9,1,22,0,4,18,0,13,8,0,22,0,3,18,1,12,18,22,0,3,18,0,13,12,18,22,13,12,18,0,13,8,0,22,0,3,18,22,12,18,22,0,3,18,0,13,12,18,22,13,12,18,0,13,8,0,22,0,3,18,22,12,18,22,0,3,18,0,13,12,18,22,13,12,18,0,13,8,0,22,0,3,18,22,12,18,22,0,0,0,0,13,12,18,22,13,12,18,0,0,0,0,0,0,3,18,22,11,18,18,0,0,0,0,11,11,18,18,13,12,15,0,0,0,0,0,0,3,15,22,3,18,0,0,0,0,0,0,3,18,0,13,8,0,0,0,0,0,0,0,0,0,22,3,18,0,0,0,0,0,0,3,18,0,13,8,0,0,0,0,0,0,0,0,0,22
21,0,1,1,0,0,1,0,0,1,1,0,8,28,23,23,23,23,23,23,23,23,23,21,0,0,0,0,0,0,0,0,0,0,0,2,8,8,8,8,8,8,8,8,8,8,21,0,0,14,17,17,17,17,17,17,0,0,8,17,17,17,17,17,17,17,17,17,17,21,0,0,0,0,0,0,0,0,0,0,0,0,0,0,0,1,1,1,1,1,1,1,21,0,2,4,0,1,4,1,0,4,3,0,0,0,0,1,29,29,29,29,29,29,17,21,0,16,29,1,6,29,11,0,26,21,0,0,0,0,1,17,17,17,20,29,22,10,21,0,16,29,1,6,29,11,0,26,21,0,0,0,0,0,0,0,0,6,29,11,0,21,0,16,29,1,6,29,11,0,26,21,0,0,11,17,17,17,17,1,6,29,11,6,21,0,16,29,1,6,29,11,0,26,21,0,0,18,21,14,14,14,1,6,29,11,5,21,0,16,29,1,6,29,11,0,26,21,0,0,18,13,0,0,0,0,6,29,11,0,21,0,16,29,1,6,29,11,0,26,21,0,0,18,13,1,27,27,27,28,29,28,27,21,0,16,29,1,6,29,11,0,26,21,0,0,18,13,1,20,20,20,20,20,20,20,21,0,16,29,1,6,29,11,0,26,21,0,0,18,13,6,7,7,7,7,7,7,7,21,0,16,29,1,6,29,11,0,26,21,0,0,18,13,7,8,8,8,8,8,8,8,21,0,16,29,1,6,29,11,0,26,21,0,0,18,13,0,0,0,0,0,0,0,3,11,0,16,29,1,6,29,11,0,26,21,0,0,18,27,25,25,25,25,24,0,0,23,0,0,16,29,1,6,29,11,0,26,21,0,0,18,26,22,22,22,22,21,0,0,22,19,0,16,29,1,6,29,11,0,26,21,0,0,18,13,0,0,0,0,0,0,0,22,21,0,16,29,1,6,29,11,0,26,21,0,0,18,13,3,3,3,3,3,3,3,23,21,0,16,29,1,6,29,11,0,26,21,0,0,18,13,11,12,12,12,12,12,12,25,21,0,16,29,1,6,29,11,0,26,21,0,0,18,18,7,7,7,7,7,0,0,23,21,0,16,29,1,6,29,11,0,26,21,0,0,18,29,29,29,29,29,27,0,0,0,21,0,16,29,1,6,29,11,0,26,21,0,0,6,10,10,10,10,10,10,0,0,0
8,0,22,0,2,19,0,12,9,0,22,0,2,19,0,12,9,0,22,0,2,19,0,10,12,22,0,2,19,0,12,11,12,22,8,9,19,0,12,9,0,22,8,9,19,14,11,19,22,5,6,19,9,12,12,19,22,12,12,19,9,12,11,7,22,12,12,19,22,11,19,22,12,12,19,22,12,12,19,22,12,12,19,22,12,12,19,22,12,12,19,22,10,9,22,12,12,19,22,12,11,9,22,6,7,19,22,12,12,19,22,6,7,19,10,8,0,22,10,11,19,19,12,9,0,22,0,2,19,19,12,12,16,22,0,2,19,0,8,0,22,0,2,19,0,12,9,0,22,0,2,19,0,12,9,0,22,0,2,19,0,11,19,22,12,12,19,22,12,12,19,22,12,12,19,22,12,12,19,22,12,12,19,22,7,19,22,12,12,19,22,12,12,19,12,12,12,19,22,12,12,19,22,12,11,10,22,1,7,22,5,5,10,9,12,11,7,0,5,6,19,9,6,6,7,22,5,3,0,9,8,6,22,4,3,0,7,12,10,6,18,4,6,19,7,0,0,6,22,4,5,15,7,11,19,22,12,9,0,22,12,12,19,22,12,12,19,22,0,2,19,22,12,12,19,22,11,19,22,12,9,0,22,12,12,19,22,12,12,19,22,0,2,19,22,12,12,19,22,11,19,22,12,9,0,22,12,12,19,22,12,12,19,22,0,2,19,22,12,12,19,22,11,15,22,12,9,0,22,12,12,15,22,9,10,19,22,0,2,19,22,9,10,19,17,8,0,22,12,9,0,22,12,9,0,22,0,2,19,22,0,2,19,22,0,2,19,0,7,0,17,12,9,0,22,9,7,0,18,0,2,15,22,0,2,19,17,0,2,15,0,0,0,0,12,9,0,22,0,0,0,0,0,0,0,22,0,2,19,0,0,0,0,0,0,0,11,26,9,0,22,23,1,0,0,0,0,19,28,0,2,27,17,0,0,0,0,1,0,4,8,2,0,6,8,0,0,0,0,0,7,8,0,0,8,6,0,0,0,0,1,0,0,0,0,0,0,0,0,0,0,0,0,0,0,0,0,0,0,0,0,0,0,1,0,0,0,0,0,0,0,0,0,0,0,0,0,0,0,0,0,0,0,0,0,0,1,0,0,0,0,0,0,0,0,0,0,0,0,0,0,0,0,0,0,0,0,0,0
13,25,2,5,25,11,0,22,19,0,13,25,2,5,25,11,0,22,19,0,13,25,2,15,29,2,5,29,12,0,25,22,0,15,29,2,5,29,12,0,25,22,0,15,29,2,15,29,2,5,29,12,0,25,22,0,15,29,2,5,29,12,0,25,22,0,15,29,2,15,29,2,5,29,12,0,25,22,0,15,29,2,5,29,12,0,25,22,0,15,29,2,15,29,2,5,29,12,0,25,22,0,15,29,2,5,29,12,0,25,22,0,15,29,2,15,29,2,5,29,12,0,25,22,0,15,29,2,5,29,12,0,25,22,0,15,29,2,9,17,1,3,17,7,0,14,13,0,9,17,1,3,17,7,0,14,13,0,15,29,2,0,0,0,0,0,0,0,0,0,0,0,0,0,0,0,0,0,0,0,0,15,29,2,12,12,12,12,12,12,12,12,12,12,12,12,12,12,12,12,12,12,0,0,15,29,2,3,3,3,3,3,3,3,3,3,3,3,3,3,3,3,3,3,3,0,0,15,29,2,0,0,0,0,0,0,0,0,0,0,0,0,0,0,0,0,0,0,0,0,15,29,2,10,19,1,3,19,8,0,17,15,0,10,19,1,3,19,8,0,17,15,0,5,10,1,15,29,2,5,29,12,0,25,22,0,15,29,2,5,29,12,0,25,22,0,0,0,0,15,29,2,5,29,12,0,25,22,0,15,29,2,5,29,12,0,25,22,0,0,0,2,15,29,2,5,29,12,0,25,22,0,15,29,2,5,29,12,0,25,22,0,0,0,22,15,29,2,5,29,12,0,25,22,0,15,29,2,5,29,12,0,25,22,0,0,0,22,2,4,0,0,4,2,0,4,3,0,2,4,0,0,4,2,0,4,3,0,0,0,22,0,0,0,0,0,0,0,0,0,0,0,0,0,0,0,0,0,0,0,0,0,0,22,0,0,0,0,0,0,0,0,0,0,0,0,0,0,0,0,0,0,0,0,0,0,22,16,17,17,17,17,17,17,17,17,17,17,17,17,17,17,17,17,17,1,0,0,0,22,0,0,0,0,0,0,0,0,0,0,0,0,0,0,0,0,0,0,0,0,0,0,22,0,0,0,0,0,0,0,0,0,0,0,0,0,0,0,0,0,0,0,0,0,0,22,5,9,0,1,9,4,0,8,7,0,5,9,0,1,9,4,0,8,7,0,0,0,19
0,0,0,0,0,0,0,0,0,0,0,0,0,0,0,0,0,0,0,0,0,0,0,0,0,0,0,0,0,0,0,0,0,0,0,0,0,0,0,0,0,0,0,0,0,0,0,0,0,0,0,0,0,13,23,1,0,0,0,0,0,0,0,0,0,0,0,0,0,17,17,17,17,17,0,0,16,29,1,0,8,17,17,17,17,17,17,17,17,17,17,17,0,0,0,0,0,0,0,16,29,1,0,0,1,0,0,2,0,0,1,0,1,0,0,4,17,7,0,16,13,0,16,29,1,0,0,13,8,0,22,0,3,18,0,13,8,0,6,29,11,0,26,21,0,16,29,1,0,0,13,8,0,22,0,3,18,0,13,8,0,6,29,11,0,26,21,0,16,29,1,0,0,13,8,0,22,0,3,18,0,13,8,0,6,29,11,0,26,21,0,16,29,1,0,0,13,8,0,22,0,3,18,0,13,8,0,6,29,11,0,26,21,0,16,29,1,0,0,13,8,0,22,0,3,18,0,13,8,0,6,29,11,0,26,21,0,16,29,1,0,22,13,12,18,22,13,12,18,22,13,12,18,5,25,9,0,22,18,0,16,29,1,0,22,13,12,18,22,13,12,18,22,13,12,18,0,0,0,0,0,0,0,16,29,1,0,22,13,12,18,22,13,12,18,22,13,12,18,4,4,4,4,4,0,0,16,29,1,0,21,13,12,17,22,13,12,18,21,13,12,17,11,11,11,11,11,0,0,16,29,1,0,0,13,8,0,22,0,3,18,0,13,8,0,0,0,0,0,0,0,0,16,29,1,0,0,13,26,25,27,0,3,28,25,27,8,0,2,11,4,0,10,8,0,16,29,1,0,0,3,7,7,24,0,1,7,7,18,8,0,6,29,11,0,26,21,0,16,29,1,0,0,20,20,13,22,0,14,20,20,13,8,7,6,29,11,0,26,21,0,16,29,1,0,0,11,14,18,22,0,8,11,25,13,8,4,6,29,11,0,26,21,0,16,29,1,0,0,0,3,18,22,0,0,0,22,13,8,0,5,23,9,0,21,17,0,13,23,1,0,0,9,9,15,18,0,2,13,18,11,7,0,0,0,0,0,0,0,0,0,0,0,0,0,0,0,0,0,0,0,0,0,0,0,0,0,0,0,0,0,0,0,0,0,0,0,0,0,0,0,0,0,0,0,0,0,0,0
25,16,0,12,25,25,25,0,3,25,25,25,7,0,20,25,25,16,0,0,0,0,0,11,18,0,13,14,9,24,0,3,21,10,17,8,0,23,8,11,18,0,0,0,6,28,12,18,0,13,12,18,22,0,3,18,22,13,8,0,22,13,12,18,0,0,0,6,29,12,18,0,3,6,18,22,0,1,5,22,13,8,0,6,13,12,18,0,0,0,6,29,12,18,0,1,5,18,22,0,1,1,23,13,8,0,1,15,12,18,0,0,0,6,29,12,18,0,29,29,18,22,0,20,29,28,13,8,10,29,29,12,18,0,0,0,6,29,4,18,0,0,0,0,22,0,0,0,0,13,8,0,0,0,4,18,0,0,0,6,29,28,18,0,13,27,27,28,0,3,27,27,28,8,0,22,27,28,18,0,0,0,6,29,8,18,0,13,12,4,23,0,3,20,4,16,8,0,23,4,8,18,0,0,0,6,29,9,18,13,13,11,11,22,8,9,18,13,13,11,11,22,8,9,18,13,0,0,6,29,12,18,22,13,12,18,22,13,12,18,22,13,12,18,22,13,12,18,22,0,0,6,29,12,18,22,13,12,18,22,13,12,18,22,13,12,18,22,13,12,18,22,0,0,6,29,12,18,22,13,12,18,22,13,12,18,22,13,12,18,22,13,12,18,22,0,0,6,29,6,18,6,13,10,5,22,4,6,18,6,13,10,5,22,4,6,18,6,0,0,6,29,3,18,0,13,8,0,22,0,3,18,0,13,8,0,22,0,3,18,0,0,0,6,29,3,18,0,13,8,0,22,0,3,18,0,13,8,0,22,0,3,18,0,0,0,6,29,3,18,0,13,8,0,22,0,3,18,0,13,8,0,22,0,3,18,0,0,0,6,29,3,18,0,13,8,0,22,0,3,18,0,13,8,0,22,0,3,18,0,0,0,6,29,1,8,0,6,3,0,9,0,1,8,0,6,3,0,9,0,1,8,0,0,0,6,29,11,11,11,11,11,11,11,11,11,11,11,11,11,11,11,11,11,11,8,0,0,6,29,4,4,4,4,4,4,4,4,4,4,4,4,4,4,4,4,4,4,3,0,0,6,29,15,10,0,7,15,15,15,0,2,15,15,15,4,0,12,15,15,10,0,0,0,6,29,18,17,0,12,19,17,24,0,3,23,17,21,8,0,21,17,18,17,0,0,0,6,26
18,0,13,8,0,22,0,3,18,0,13,8,0,22,0,3,18,0,13,8,0,22,0,18,0,13,8,0,22,8,9,18,0,13,11,12,22,0,3,18,0,13,11,12,22,8,18,9,13,10,7,22,13,12,18,0,13,12,18,22,5,7,18,9,13,12,18,22,13,18,22,13,12,18,22,13,12,18,0,13,12,18,22,13,12,18,22,13,12,18,22,13,18,22,13,12,18,22,6,8,18,0,13,10,8,22,13,12,18,22,13,10,8,22,6,18,19,13,12,15,22,0,3,18,0,13,8,0,22,11,11,18,19,13,8,0,22,0,18,0,13,8,0,22,0,3,18,0,13,8,0,22,0,3,18,0,13,8,0,22,0,18,22,13,12,18,22,13,12,18,0,13,12,18,22,13,12,18,22,13,12,18,22,13,18,22,13,12,18,22,13,11,10,0,7,8,18,22,13,12,18,22,13,12,18,12,13,18,9,7,6,7,22,5,3,0,0,0,1,7,22,5,5,10,9,13,10,7,0,5,18,7,0,1,6,22,4,6,15,0,11,8,6,22,4,2,0,7,13,10,6,18,4,18,22,0,3,18,22,13,12,18,0,13,12,18,22,13,8,0,22,13,12,18,22,13,18,22,0,3,18,22,13,12,18,0,13,12,18,22,13,8,0,22,13,12,18,22,13,18,22,0,3,18,22,13,12,18,0,13,12,18,22,13,8,0,22,13,12,18,22,13,18,22,0,3,18,22,10,10,18,0,13,12,14,22,13,8,0,22,13,12,14,22,10,18,22,0,3,18,22,0,3,18,0,13,8,0,22,13,8,0,22,13,8,0,22,0,14,22,0,3,18,17,0,3,15,0,11,7,0,17,13,8,0,22,10,6,0,18,0,0,22,0,3,18,0,0,0,0,0,0,0,0,0,13,8,0,22,0,0,0,0,0,19,27,0,3,27,16,0,0,0,0,0,0,0,11,26,8,0,23,23,0,0,0,0,7,8,0,1,8,6,0,0,17,13,0,0,0,4,8,2,0,7,8,0,0,0,0,0,0,0,0,0,0,0,0,26,21,0,0,0,0,0,0,0,0,0,0,0,0,0,0,0,0,0,0,0,0,0,26,21,0,0,0,0,0,0,0,0,0,0,0,0,0,0,0,0,0,0,0,0,0,26,21,0,0,0,0,0,0,0,0,0,0,0,0,0
0,5,16,0,15,6,0,22,0,5,16,0,15,6,0,22,0,5,16,0,15,6,0,0,5,16,14,15,6,0,22,10,10,16,0,15,6,0,22,10,10,16,14,15,6,0,6,8,16,22,15,6,0,22,15,12,16,9,15,9,6,22,15,12,16,22,15,9,6,15,12,16,22,15,6,0,22,15,12,16,22,15,12,16,22,15,12,16,22,15,12,16,15,12,16,10,15,6,0,22,7,9,16,22,15,12,16,22,7,9,16,10,15,12,16,13,11,16,0,15,6,0,22,0,5,16,19,15,11,14,22,0,5,16,0,15,11,14,0,5,16,0,15,6,0,22,0,5,16,0,15,6,0,22,0,5,16,0,15,6,0,15,12,16,22,15,6,0,22,15,12,16,22,15,12,16,22,15,12,16,22,15,12,16,15,12,16,22,8,3,0,12,15,12,16,22,15,12,16,22,15,10,9,22,15,12,16,6,8,16,9,0,0,0,0,6,8,16,9,8,6,6,22,6,2,0,9,15,9,6,5,8,16,7,12,5,0,18,5,8,16,7,0,1,5,22,5,7,13,7,15,8,5,15,12,16,22,15,6,0,22,15,12,16,22,0,5,16,22,15,12,16,22,15,12,16,15,12,16,22,15,6,0,22,15,12,16,22,0,5,16,22,15,12,16,22,15,12,16,15,12,16,22,15,6,0,22,15,12,16,22,0,5,16,22,15,12,16,22,15,12,16,15,12,16,17,15,6,0,22,12,11,16,22,0,5,16,22,12,11,16,17,15,12,16,15,12,16,0,15,6,0,22,0,5,16,22,0,5,16,22,0,5,16,0,15,12,16,15,11,13,0,12,5,0,18,0,4,13,22,0,5,16,17,0,4,13,0,12,11,16,15,6,0,0,0,0,0,0,0,0,0,22,0,5,16,0,0,0,0,0,0,5,16,15,25,7,0,0,0,0,0,0,0,21,26,0,5,27,15,0,0,0,0,5,25,16,4,8,2,0,0,0,18,12,0,0,8,8,0,1,8,5,0,0,0,0,2,8,5,0,0,0,0,0,0,28,19,0,0,0,0,0,0,0,0,0,0,0,0,0,0,0,0,0,0,0,0,0,28,19,0,0,0,0,0,0,0,0,0,0,0,0,0,0,0,0,0,0,0,0,0,28,19,0,0,0,0,0,0,0,0,0,0,0,0,0,0,0
13,17,17,17,17,3,0,10,29,7,0,17,4,0,22,0,7,14,0,17,4,0,22,0,0,0,0,0,0,0,10,29,7,0,17,10,9,22,0,7,14,0,17,10,9,22,0,0,0,0,0,0,0,10,29,7,0,17,12,14,22,7,9,14,9,17,12,14,22,0,18,11,0,13,17,0,10,29,7,0,17,12,14,22,17,12,14,22,17,12,14,22,0,29,17,0,20,27,0,10,29,7,0,17,8,6,22,17,12,14,22,17,8,6,22,0,29,17,0,20,27,0,10,29,7,0,17,4,0,22,14,12,14,19,17,4,0,22,0,29,17,0,20,27,0,10,29,7,0,17,4,0,22,0,7,14,0,17,4,0,22,0,29,17,0,20,27,0,10,29,7,0,17,12,14,22,17,12,14,22,17,12,14,22,0,5,3,0,4,5,0,10,29,7,0,9,10,14,22,17,12,14,22,17,12,14,12,0,0,0,0,0,0,0,10,29,7,0,0,3,5,22,7,6,7,9,17,8,5,0,6,7,7,7,7,1,0,10,29,7,0,14,6,4,22,5,1,0,7,17,7,4,18,7,8,8,8,8,2,0,10,29,7,0,17,12,14,22,17,4,0,22,17,12,14,22,0,0,0,0,0,0,0,10,29,7,0,17,12,14,22,17,4,0,22,17,12,14,22,0,29,17,0,20,27,0,10,29,7,0,17,12,14,22,17,4,0,22,17,12,14,22,0,29,17,0,20,27,0,10,29,7,0,17,11,11,22,17,4,0,22,17,11,11,22,0,29,17,0,20,27,0,10,29,7,0,17,4,0,22,17,4,0,22,17,4,0,22,0,29,17,0,20,27,0,10,29,7,0,14,3,0,17,17,4,0,22,13,3,0,18,0,29,17,0,20,27,0,10,29,7,0,0,0,0,0,17,4,0,22,0,0,0,0,0,29,17,0,20,27,0,10,29,7,0,0,0,0,15,27,4,0,26,21,0,0,0,0,11,7,0,8,11,0,10,29,7,0,18,11,0,5,8,1,0,8,8,0,0,0,0,0,0,0,0,0,0,10,29,7,0,29,17,0,0,0,0,0,0,0,0,0,0,13,17,17,17,17,3,0,10,29,7,0,29,17,0,0,0,0,0,0,0,0,0,0,0,0,0,0,0,0,0,10,29,7,0,29,17,0,0,0,0,0,0,0,0,0,0
3,18,0,13,8,0,22,0,3,18,0,13,8,0,22,0,3,18,0,13,8,0,22,3,18,0,13,8,0,22,0,3,18,0,13,8,0,22,0,3,18,0,13,8,0,22,3,18,0,13,8,0,22,0,3,18,0,13,8,0,22,0,3,18,0,13,8,0,22,3,18,0,13,8,0,22,0,3,18,0,13,8,0,22,0,3,18,0,13,8,0,22,2,10,0,7,4,0,12,0,2,10,0,7,4,0,12,0,2,10,0,7,4,0,12,7,7,7,7,7,7,7,7,7,7,7,7,7,7,7,7,7,7,7,7,7,7,7,8,8,8,8,8,8,8,8,8,8,8,8,8,8,8,8,8,8,8,8,8,8,8,0,0,0,0,0,0,0,0,0,0,0,0,0,0,0,0,0,0,0,0,0,0,0,0,0,0,0,0,0,0,0,0,26,21,0,16,29,1,6,29,11,0,26,21,0,16,0,0,0,0,0,0,0,0,0,26,21,0,16,29,1,6,29,11,0,26,21,0,16,0,0,0,0,0,0,0,0,0,26,21,0,16,29,1,6,29,11,0,26,21,0,16,0,0,0,0,0,13,8,0,0,26,21,0,16,29,1,6,29,11,0,26,21,0,16,0,0,0,0,0,13,8,0,0,26,21,0,16,29,1,6,29,11,0,26,21,0,16,0,0,0,0,0,13,8,0,0,26,21,0,16,29,1,6,29,11,0,26,21,0,16,0,0,0,0,0,13,8,0,0,26,21,0,6,11,0,2,11,4,0,10,8,0,6,0,0,0,0,0,13,8,0,0,26,21,0,0,0,0,0,0,0,0,0,0,0,0,0,0,0,0,0,13,8,0,0,26,21,0,0,14,17,17,17,17,17,17,17,17,17,0,0,0,0,0,13,8,0,0,26,21,0,0,0,0,0,0,0,0,0,0,0,0,0,0,0,0,0,13,8,0,0,26,21,0,0,0,0,0,0,0,0,0,0,0,0,0,0,0,0,0,13,8,0,0,5,4,0,14,25,1,5,25,9,0,22,18,0,14,0,0,0,0,0,13,8,0,0,0,0,0,16,29,1,6,29,11,0,26,21,0,16,0,0,0,0,0,13,8,0,6,0,0,0,16,29,1,6,29,11,0,26,21,0,16,0,0,0,0,0,13,8,0,22,0,0,0,16,29,1,6,29,11,0,26,21,0,16
3,8,8,8,20,29,10,8,8,8,8,8,20,29,10,2,3,18,22,0,3,18,22,3,3,3,0,16,29,1,2,3,3,3,0,16,29,1,0,3,18,22,0,3,18,22,28,28,22,0,16,29,1,20,28,28,28,5,16,29,1,0,3,18,22,0,3,18,22,0,0,0,0,16,29,1,0,0,0,0,0,16,29,1,0,3,18,22,0,3,18,22,2,5,5,5,19,29,7,1,2,5,5,5,19,29,7,1,1,6,22,0,3,18,8,11,29,29,29,29,29,29,7,11,29,29,29,29,29,29,7,0,0,3,0,0,2,0,5,12,12,12,12,12,12,3,5,12,12,12,12,12,12,3,0,0,0,0,0,0,0,7,7,7,7,7,7,7,7,7,7,7,7,7,7,7,7,7,7,7,7,7,7,7,8,8,8,8,8,8,8,8,8,8,8,8,8,8,8,8,8,8,8,8,8,8,8,19,19,19,19,11,0,0,0,0,0,0,0,0,0,3,0,1,7,0,0,0,0,9,28,28,28,28,17,0,1,9,9,9,9,9,6,0,22,0,3,18,0,0,0,0,22,0,0,0,0,0,0,3,21,6,6,6,6,4,0,22,0,3,18,0,0,0,0,22,17,17,17,17,17,17,18,18,0,5,5,5,5,5,24,0,3,18,0,0,0,0,22,0,0,0,0,0,0,3,18,0,9,10,10,10,10,10,0,3,18,22,0,3,18,22,1,1,1,1,1,0,3,18,0,0,0,14,17,17,17,17,18,18,22,0,3,18,23,29,29,29,29,17,0,3,18,0,0,0,0,0,0,0,0,3,18,22,0,3,18,22,17,17,17,17,10,0,3,22,17,17,17,17,17,17,0,0,3,18,22,0,3,18,22,0,0,0,0,0,0,0,0,0,0,0,0,0,0,0,0,0,0,22,0,3,18,0,17,17,17,17,17,17,17,17,17,17,17,17,17,17,17,17,17,6,22,0,3,18,8,0,0,0,0,0,0,0,0,0,0,0,0,0,0,0,0,0,0,22,0,3,18,0,11,29,29,29,29,29,29,29,29,29,29,29,29,29,29,7,0,0,22,0,3,18,0,7,18,18,18,25,29,19,18,18,18,18,18,25,29,19,5,1,9,22,0,3,18,11,0,0,0,0,16,29,1,0,0,0,0,0,16,29,1,0,3,18,22,0,3,18,22
22,0,3,18,0,13,8,0,22,0,3,18,0,0,0,0,22,0,3,18,0,13,8,22,0,3,18,0,13,8,0,22,0,3,18,0,0,0,0,22,0,3,18,0,13,8,22,0,3,18,0,13,8,0,22,0,3,18,0,0,0,0,22,0,3,18,0,13,8,22,0,3,18,0,13,8,0,22,0,3,18,0,0,0,0,22,0,3,18,0,13,8,12,0,2,10,0,7,4,0,12,0,2,10,0,0,0,0,12,0,2,10,0,7,4,7,7,7,7,7,7,7,7,7,7,7,7,7,7,7,7,7,7,7,7,7,7,7,8,8,8,8,8,8,8,8,8,8,8,8,8,8,8,8,8,8,8,8,8,8,8,0,0,0,0,0,0,0,0,0,0,0,0,0,0,0,0,0,0,0,0,0,0,0,16,29,1,6,29,11,0,26,21,0,16,29,1,6,29,11,0,26,21,0,16,29,1,16,29,1,6,29,11,0,26,21,0,16,29,1,6,29,11,0,26,21,0,16,29,1,16,29,1,6,29,11,0,26,21,0,16,29,1,6,29,11,0,26,21,0,16,29,1,16,29,1,6,29,11,0,26,21,0,16,29,1,6,29,11,0,26,21,0,16,29,1,16,29,1,6,29,11,0,26,21,0,16,29,1,6,29,11,0,26,21,0,16,29,1,16,29,1,6,29,11,0,26,21,0,16,29,1,6,29,11,0,26,21,0,16,29,1,6,11,0,2,11,4,0,10,8,0,6,11,0,2,11,4,0,10,8,0,6,11,0,0,0,0,0,0,0,0,0,0,0,0,0,0,0,0,0,0,0,0,0,0,0,0,17,17,17,17,17,17,17,17,17,17,17,17,17,17,17,17,17,17,17,17,17,17,17,0,0,0,0,0,0,0,0,0,0,0,0,0,0,0,0,0,0,0,0,0,0,0,0,0,0,0,0,0,0,0,0,0,0,0,0,0,0,0,0,0,0,0,0,0,0,14,25,1,5,25,9,0,22,18,0,14,25,1,5,25,9,0,22,18,0,14,25,1,16,29,1,6,29,11,0,26,21,0,16,29,1,6,29,11,0,26,21,0,16,29,1,16,29,1,6,29,11,0,26,21,0,16,29,1,6,29,11,0,26,21,0,16,29,1,16,29,1,6,29,11,0,26,21,0,16,29,1,6,29,11,0,26,21,0,16,29,1
12,11,18,0,13,12,16,0,5,20,29,9,7,7,7,7,7,20,29,9,7,7,7,0,3,18,0,13,8,0,0,21,29,29,29,29,29,29,29,29,29,29,29,29,29,27,0,3,18,0,13,8,0,0,8,10,10,10,10,10,10,10,10,10,10,10,10,10,10,17,4,18,0,13,8,14,17,17,17,17,17,17,17,17,17,17,17,17,17,17,17,17,0,3,18,0,13,8,0,0,0,0,0,0,0,0,0,0,0,0,0,0,0,0,0,8,9,18,0,13,11,12,0,0,6,13,13,13,13,13,13,8,0,0,5,5,5,5,13,12,18,0,13,12,18,0,0,1,2,2,2,2,2,6,18,0,1,29,29,29,29,19,12,18,0,13,12,22,9,9,9,9,9,3,0,0,3,18,0,0,12,12,12,12,17,12,18,0,13,12,21,6,6,6,6,6,2,0,0,3,18,0,0,0,0,0,0,13,10,6,0,4,6,18,0,13,20,17,17,17,17,7,3,24,13,13,13,13,13,13,13,8,0,0,0,3,18,0,13,8,0,0,0,0,0,3,20,2,2,2,2,2,2,13,8,0,0,0,3,18,0,13,8,2,17,17,17,17,17,13,0,1,17,17,17,17,11,7,0,0,0,3,15,0,6,4,0,0,0,0,0,0,0,0,1,29,29,29,29,0,0,0,0,0,0,0,0,0,0,0,0,0,0,0,0,0,0,0,0,0,0,0,17,17,17,17,17,17,17,17,17,17,17,17,17,17,17,17,17,17,17,17,17,17,17,0,0,0,0,0,0,0,0,0,0,0,0,0,0,0,0,0,0,0,0,0,0,0,0,0,0,0,0,0,0,0,6,7,7,7,7,7,7,7,7,7,7,7,7,7,7,0,0,0,0,0,0,0,0,22,29,29,29,29,29,29,29,29,29,29,29,29,29,27,0,0,0,0,0,0,0,0,8,10,10,10,28,24,10,10,10,10,15,29,18,10,10,9,2,0,0,0,1,9,9,9,9,3,0,26,21,2,17,17,10,6,29,11,8,17,17,8,0,0,0,3,21,6,6,6,2,0,26,21,2,14,14,8,6,29,11,7,14,13,8,0,0,0,3,18,0,4,5,5,5,27,23,5,0,4,5,11,29,15,5,5,13,8,0,0,0,3,18,0,22,29,29,29,29,29,27,0,22,29,29,29,29,29,27
0,1,1,0,1,1,0,6,29,11,0,0,0,10,22,22,22,0,3,22,22,22,6,0,0,0,0,0,0,0,6,29,11,0,0,0,0,0,0,0,0,0,0,0,0,0,17,17,17,17,17,17,0,6,29,11,0,0,8,17,17,17,17,17,17,17,17,17,17,0,0,0,0,0,0,0,6,29,11,0,0,0,2,1,0,4,0,0,3,0,2,1,0,4,3,0,2,4,0,6,29,11,0,0,0,13,8,0,22,0,3,18,0,13,8,0,26,21,0,16,29,1,6,29,11,0,0,0,13,8,0,22,0,3,18,0,13,8,0,26,21,0,16,29,1,6,29,11,0,0,0,13,8,0,22,0,3,18,0,13,8,0,26,21,0,16,29,1,6,29,11,0,0,0,13,8,0,22,0,3,18,0,13,8,0,26,21,0,16,29,1,6,29,11,0,0,1,13,9,1,22,0,4,18,1,13,9,0,26,21,0,16,29,1,6,29,11,0,0,22,13,12,18,22,13,12,18,22,13,12,0,26,21,0,16,29,1,6,29,11,0,0,22,13,12,18,22,13,12,18,22,13,12,0,26,21,0,16,29,1,6,29,11,0,0,22,13,12,18,22,13,12,18,22,13,12,0,26,21,0,16,29,1,6,29,11,0,0,19,13,12,15,22,11,11,18,19,13,12,0,26,21,0,16,29,1,6,29,11,0,0,0,13,8,0,22,0,3,18,0,13,8,0,26,21,0,16,29,1,6,29,11,0,0,0,13,28,27,28,0,3,29,27,28,8,0,26,21,0,16,29,1,3,15,6,0,0,0,13,12,4,4,0,3,20,4,4,1,0,26,21,0,16,29,1,0,0,0,0,0,0,13,12,23,23,13,3,18,19,23,21,0,26,21,0,16,29,1,6,26,10,0,0,0,13,12,22,8,5,3,18,23,8,8,0,26,21,0,16,29,1,6,29,11,0,0,0,13,12,18,0,0,3,18,22,0,0,0,26,21,0,16,29,1,6,29,11,0,0,0,13,12,18,22,0,3,18,22,13,8,0,26,21,0,16,29,1,6,29,11,0,0,0,13,9,1,22,0,3,18,2,13,8,0,26,21,0,16,29,1,6,29,11,0,0,0,13,29,29,28,0,3,29,29,29,8,0,26,21,0,16,29,1,6,29,11,0,0,0,1,2,2,2,0,0,2,2,2,0
0,0,0,0,0,0,0,0,0,0,0,0,0,0,0,0,0,0,0,0,0,0,0,0,0,0,0,0,0,0,0,0,0,0,0,0,0,0,0,0,0,0,0,0,0,0,0,0,0,0,0,0,0,0,0,0,0,0,0,0,0,0,0,0,0,0,0,0,0,0,0,0,0,0,0,0,0,0,0,0,0,0,0,0,0,0,0,0,0,0,0,0,0,0,0,0,0,0,0,0,0,0,0,0,0,0,0,0,0,0,0,0,0,0,0,0,0,0,0,0,0,0,0,0,0,0,0,0,0,0,0,0,0,0,0,0,0,0,13,9,0,0,11,13,13,13,13,13,13,13,13,13,13,13,13,13,13,13,13,13,13,2,2,0,0,2,2,2,2,2,2,2,2,2,2,2,2,2,2,2,2,2,2,2,13,0,0,0,0,16,0,2,13,0,10,6,0,16,0,2,13,0,10,6,0,16,0,18,0,0,0,0,22,0,3,18,0,13,8,0,22,0,3,18,0,13,8,0,22,0,18,0,0,0,0,22,0,3,18,0,13,8,0,22,0,3,18,0,13,8,0,22,0,18,0,0,0,0,22,0,3,18,0,13,8,0,22,0,3,18,0,13,8,0,22,0,18,0,0,0,0,22,0,3,18,0,13,8,0,22,0,3,18,0,13,8,0,22,0,18,13,0,2,11,22,8,9,18,13,13,11,11,22,8,9,18,13,13,11,11,22,8,18,22,0,3,18,22,13,12,18,22,13,12,18,22,13,12,18,22,13,12,18,22,13,18,22,0,3,18,22,13,12,18,22,13,12,18,22,13,12,18,22,13,12,18,22,13,9,11,0,1,9,11,6,6,9,11,6,6,9,11,6,6,9,11,6,6,9,11,6,0,0,0,0,0,0,0,0,0,0,0,0,0,0,0,0,0,0,0,0,0,0,0,0,0,0,0,0,0,0,0,0,0,0,0,0,0,0,0,0,0,0,0,0,0,0,0,0,0,0,0,0,0,0,0,0,0,0,0,0,0,0,0,0,0,0,0,0,0,0,0,0,0,0,0,0,0,0,0,0,0,0,0,0,0,0,0,0,0,0,0,0,0,0,0,0,0,0,0,0,0,0,0,0,0,0,0,0,0,0,0,0,0,0,0,0,0,0,0,0,0,0,0,0,0,0,0,0,0,0,0,0,0,0,0,0,0,0
0,25,7,0,20,25,25,16,0,3,14,5,0,13,10,0,8,14,0,3,14,5,0,0,17,8,0,23,8,11,18,0,6,29,11,0,26,21,0,16,29,1,6,29,11,0,0,13,8,0,22,13,12,18,0,6,29,11,0,26,21,0,16,29,1,6,29,11,0,0,13,8,0,6,13,12,18,0,6,29,11,0,26,21,0,16,29,1,6,29,11,0,0,13,8,0,1,15,12,18,0,6,29,11,0,26,21,0,16,29,1,6,29,11,0,0,13,8,10,29,29,12,18,0,6,29,11,0,26,21,0,16,29,1,6,29,11,0,0,13,8,0,0,0,4,18,0,6,27,11,0,25,20,0,15,27,1,6,27,11,0,0,28,8,0,22,27,28,18,0,0,0,0,0,0,0,0,0,0,0,0,0,0,0,0,16,8,0,23,4,8,18,0,0,0,0,0,0,0,1,1,1,1,1,1,1,0,0,13,11,11,22,8,9,18,13,0,0,0,0,0,0,12,14,14,14,14,14,14,0,0,13,12,18,22,13,12,18,22,0,0,0,0,0,0,0,0,0,0,0,0,0,0,0,13,12,18,22,13,12,18,22,0,0,0,0,8,6,0,5,8,0,2,8,3,0,0,13,12,18,22,13,12,18,22,0,0,0,0,26,21,0,16,29,1,6,29,11,0,0,13,10,5,22,4,6,18,6,0,0,0,0,26,21,0,16,29,1,6,29,11,0,0,13,8,0,22,0,3,18,0,0,0,0,0,26,21,0,16,29,1,6,29,11,0,0,13,8,0,22,0,3,18,0,0,0,0,0,26,21,0,16,29,1,6,29,11,0,0,13,8,0,22,0,3,18,0,0,0,0,0,14,11,0,9,15,1,3,15,6,0,0,13,8,0,22,0,3,18,0,0,0,0,0,0,0,0,0,0,0,0,0,0,0,0,6,3,0,9,0,1,8,0,0,0,0,0,0,0,0,0,0,0,0,0,0,0,0,11,11,11,11,11,11,11,8,0,0,0,0,0,0,9,11,11,11,11,11,11,0,0,4,4,4,4,4,4,4,3,0,0,0,0,0,0,4,4,4,4,4,4,4,0,0,15,4,0,12,15,15,10,0,0,0,0,0,0,0,0,0,0,0,0,0,0,0,0,21,8,0,21,17,18,17,0,0,0,0,0,0,0,0,0,0,0,0,0,0,0
0,5,16,0,15,12,16,0,15,12,16,0,15,6,0,22,15,6,0,22,15,6,0,0,2,7,0,6,9,16,0,15,9,7,0,7,3,0,9,15,6,0,22,6,3,0,0,0,0,0,0,9,16,0,15,10,1,0,0,0,0,2,17,6,0,23,3,0,0,0,0,0,0,6,28,16,0,15,28,8,0,0,0,0,16,28,6,0,25,28,0,0,0,0,0,0,0,0,0,0,0,0,0,0,0,0,0,0,0,0,0,0,0,0,0,0,0,0,0,0,0,0,0,0,0,0,0,0,0,0,0,0,0,0,0,0,0,0,0,0,0,0,0,0,0,0,0,0,0,0,0,0,0,0,0,0,0,0,0,0,0,0,0,0,0,0,0,0,0,0,0,0,0,0,0,0,0,0,0,0,0,0,0,0,0,0,0,0,1,7,4,0,4,7,2,0,0,0,0,4,7,1,0,6,7,0,0,0,0,0,0,5,25,16,0,15,26,7,0,0,0,0,14,27,6,0,25,24,0,0,0,0,0,0,0,5,16,0,15,6,0,0,0,0,0,0,15,6,0,22,0,0,0,0,4,12,0,11,11,16,0,15,11,12,0,11,5,0,16,15,6,0,22,11,5,0,0,5,16,0,15,12,16,0,15,12,16,0,15,6,0,22,15,6,0,22,15,6,0,11,10,16,16,15,12,16,0,15,12,16,16,15,11,11,22,15,6,0,22,15,11,11,15,12,16,22,15,12,16,0,15,12,16,22,15,12,16,22,15,6,0,22,15,12,16,15,12,16,22,15,12,16,0,15,12,16,22,15,12,16,22,15,6,0,22,15,12,16,15,12,16,22,15,12,16,0,15,12,16,22,15,12,16,22,15,6,0,22,15,12,16,5,7,14,8,15,9,6,0,5,8,16,8,13,8,6,22,5,2,0,8,15,9,6,5,2,0,8,15,9,6,11,5,8,16,8,0,2,6,22,5,5,8,8,15,9,6,15,9,8,22,15,12,16,22,15,12,16,22,7,9,16,22,15,12,16,22,15,12,16,15,12,16,22,15,12,16,22,15,12,16,22,15,12,16,22,15,12,16,22,15,12,16,0,6,16,0,15,7,0,22,0,6,16,0,15,7,0,22,0,6,16,0,15,7,0,0,5,16,0,15,11,13,22,12,11,16,0,15,6,0,22,12,11,16,18,15,6,0
6,4,2,0,6,0,1,5,6,4,3,5,6,0,1,5,0,4,3,5,6,4,3,22,5,3,0,9,0,1,7,22,5,7,18,9,0,1,7,0,5,7,18,9,13,10,22,0,0,0,0,0,0,0,22,0,3,18,0,0,0,0,0,0,3,18,0,13,8,22,0,0,0,0,0,0,0,22,0,4,18,0,0,0,0,0,0,4,18,0,13,9,22,13,8,0,0,0,3,18,22,13,12,18,22,0,0,0,0,13,12,18,22,13,12,22,13,8,0,4,0,3,18,22,13,12,18,22,0,0,3,0,13,12,18,22,13,12,22,13,8,0,22,0,3,18,22,13,12,18,22,0,3,18,0,13,12,18,22,13,12,22,13,8,0,22,0,3,18,22,13,12,18,22,0,3,18,0,13,12,18,22,13,12,18,13,8,0,22,0,3,18,18,13,12,15,22,0,3,18,0,13,12,15,22,11,11,0,13,8,0,22,0,3,18,0,13,8,0,22,0,3,18,0,13,8,0,22,0,3,19,13,12,15,22,11,11,18,19,13,12,15,22,11,11,18,19,13,12,15,22,11,11,22,13,12,18,22,13,12,18,22,13,12,18,22,13,12,18,22,13,12,18,22,13,12,22,12,12,18,20,13,12,17,22,12,12,18,20,13,12,17,22,12,12,18,20,13,12,23,6,10,18,0,13,13,6,24,0,3,21,6,17,8,0,23,6,10,18,0,13,13,23,25,26,18,0,13,27,25,28,0,3,28,25,27,8,0,23,25,26,18,0,13,27,22,0,3,18,0,13,8,0,22,0,3,18,0,13,8,0,22,0,3,18,0,13,8,22,0,3,18,0,13,8,0,22,0,3,18,0,13,8,0,22,0,3,18,0,13,8,22,0,3,18,0,13,8,0,22,0,3,18,0,13,8,0,22,0,3,18,0,13,8,22,0,3,18,0,13,8,0,22,0,3,18,0,13,8,0,22,0,3,18,0,13,8,22,0,3,18,0,13,8,0,22,0,3,18,0,13,8,0,22,0,3,18,0,13,8,13,0,2,10,0,7,5,0,13,0,2,10,0,7,5,0,13,0,2,10,0,7,5,6,6,6,6,6,6,6,6,6,6,6,6,6,6,6,6,6,6,6,6,6,6,6,9,9,9,9,9,9,9,9,9,9,9,9,9,9,9,9,9,9,9,9,9,9,9
6,29,11,0,0,0,0,0,0,0,0,0,0,0,26,21,0,0,0,0,0,0,0,1,5,2,0,0,0,4,27,17,0,13,27,10,0,5,4,0,13,27,8,0,22,27,0,0,0,0,0,0,0,8,18,0,13,12,1,0,0,0,0,2,16,8,0,23,4,0,9,0,1,7,0,5,7,18,0,13,10,7,0,5,3,0,9,13,8,0,22,5,0,22,0,3,18,0,13,12,18,0,13,12,18,0,13,8,0,22,13,8,0,22,13,6,22,0,3,18,8,13,12,18,0,13,12,18,8,13,10,6,22,13,8,0,22,13,18,22,0,3,18,22,13,12,18,0,13,12,18,22,13,12,18,22,13,8,0,22,13,18,22,0,3,18,22,13,12,18,0,13,12,18,22,13,12,18,22,13,8,0,22,13,18,22,0,3,18,22,13,12,18,0,13,12,18,22,13,12,18,22,13,8,0,22,13,13,22,0,3,18,16,13,11,13,0,9,10,18,16,13,11,13,22,9,6,0,16,13,0,3,0,0,3,0,13,9,0,3,0,4,18,0,2,1,0,22,0,0,3,0,13,18,3,0,0,3,22,13,12,18,22,13,12,18,22,2,5,18,22,13,12,18,22,13,18,22,0,3,18,22,13,12,18,22,13,12,18,22,13,12,18,22,13,12,18,22,13,6,22,0,3,18,8,13,10,6,22,5,7,18,8,13,10,6,22,5,7,18,8,13,0,22,0,3,18,0,13,10,8,22,6,8,18,0,13,8,0,22,6,8,18,10,13,1,22,0,3,18,1,13,12,18,22,13,12,18,1,13,9,1,22,13,12,18,22,13,18,22,0,3,18,22,13,12,18,22,13,12,18,22,13,12,18,22,13,12,18,22,13,18,22,0,3,18,22,13,12,14,22,10,10,18,22,13,12,18,22,10,10,18,17,13,18,22,0,3,18,22,13,8,0,22,0,3,18,22,13,12,18,22,0,3,18,0,13,0,22,0,3,18,0,13,8,0,22,0,3,18,0,13,8,0,22,0,3,18,0,13,0,22,0,3,18,0,13,8,0,22,0,3,18,0,13,8,0,22,0,3,18,0,13,0,0,0,0,0,0,13,8,0,0,0,3,18,0,0,0,0,22,0,0,0,0,13,10,3,0,0,3,13,13,27,16,19,12,26,18,13,2,3,10,23,25,11,15,20,27
5,6,4,3,5,6,0,1,5,0,4,2,0,6,4,3,5,6,4,2,0,6,0,7,22,5,7,18,9,0,1,7,0,5,3,0,9,13,10,7,22,5,3,0,9,0,0,22,0,3,18,0,0,0,0,0,0,0,0,0,13,8,0,22,0,0,0,0,0,0,22,0,4,18,0,0,0,0,0,0,0,0,0,13,9,0,22,0,0,0,0,0,18,22,13,12,18,22,0,0,0,0,0,0,0,22,13,12,18,22,13,8,0,0,0,18,22,13,12,18,22,0,0,3,0,2,1,0,22,13,12,18,22,13,8,0,4,0,18,22,13,12,18,22,0,3,18,0,13,8,0,22,13,12,18,22,13,8,0,22,0,18,22,13,12,18,22,0,3,18,0,13,8,0,22,13,12,18,22,13,8,0,22,0,18,18,13,12,15,22,0,3,18,0,13,8,0,22,11,11,18,18,13,8,0,22,0,18,0,13,8,0,22,0,3,18,0,13,8,0,22,0,3,18,0,13,8,0,22,0,18,19,13,12,15,22,11,11,18,0,13,12,15,22,11,11,18,19,13,12,15,22,11,18,22,13,12,18,22,13,12,18,0,13,12,18,22,13,12,18,22,13,12,18,22,13,17,22,12,12,18,20,13,12,17,0,12,12,18,20,13,12,17,22,12,12,18,20,13,6,24,0,3,21,6,17,8,0,0,0,3,21,6,17,8,0,23,6,10,18,0,13,25,28,0,3,28,25,27,8,0,0,0,3,28,25,27,8,0,23,25,26,18,0,13,0,22,0,3,18,0,13,8,0,0,0,3,18,0,13,8,0,22,0,3,18,0,13,0,22,0,3,18,0,13,8,0,0,0,3,18,0,13,8,0,22,0,3,18,0,13,0,22,0,3,18,0,13,8,0,0,0,3,18,0,13,8,0,22,0,3,18,0,13,0,22,0,3,18,0,13,8,0,0,0,3,18,0,13,8,0,22,0,3,18,0,13,0,22,0,3,18,0,13,8,0,0,0,3,18,0,13,8,0,22,0,3,18,0,13,0,13,0,2,10,0,7,5,0,0,0,2,10,0,7,5,0,13,0,2,10,0,7,6,6,6,6,6,6,6,6,6,6,6,6,6,6,6,6,6,6,6,6,6,6,6,9,9,9,9,9,9,9,9,9,9,9,9,9,9,9,9,9,9,9,9,9,9,9
8,8,8,8,8,8,5,0,0,0,0,0,0,0,0,0,8,8,8,8,8,8,8,29,29,29,29,29,29,17,0,0,0,0,0,0,0,0,2,29,29,29,29,29,29,29,9,27,24,9,9,9,5,0,0,0,0,0,0,0,0,0,9,9,9,14,29,17,9,0,26,21,0,5,10,10,10,10,0,0,0,0,5,10,10,10,10,0,6,29,11,9,0,26,21,0,2,5,5,5,24,0,0,0,0,13,13,5,5,5,0,6,29,11,6,6,27,23,6,6,6,4,0,22,0,0,0,0,13,8,0,6,6,6,12,29,16,4,29,29,29,29,29,29,17,0,22,0,0,0,0,13,8,2,29,29,29,29,29,29,17,11,11,11,11,11,11,7,0,22,0,0,0,0,13,8,1,11,11,11,11,11,11,7,8,8,8,8,8,8,8,3,22,0,0,0,0,13,8,7,8,8,8,8,8,8,8,7,7,7,7,7,7,7,2,22,0,0,0,0,13,8,6,7,7,7,7,7,7,7,0,0,0,0,0,0,0,0,22,0,0,0,0,13,8,0,0,0,0,0,0,0,2,0,0,8,18,18,18,18,18,26,0,0,0,0,13,22,18,18,18,18,17,0,0,3,0,0,12,29,29,29,29,29,28,0,0,0,0,13,29,29,29,29,29,27,0,0,3,0,0,0,0,0,0,0,0,22,0,0,0,0,13,8,0,0,0,0,0,0,0,3,12,12,12,12,12,12,0,0,22,0,0,0,0,13,8,0,6,12,12,12,12,12,15,3,3,3,3,3,3,0,0,22,0,0,0,0,13,8,0,1,3,3,3,3,3,7,0,0,7,17,17,17,17,17,26,0,0,0,0,13,20,17,17,17,17,15,0,0,3,0,0,12,29,29,29,29,29,28,0,0,0,0,13,29,29,29,29,29,27,0,0,3,0,0,0,1,1,1,1,1,1,0,0,0,0,0,1,1,1,1,1,1,0,0,0,17,17,17,17,17,17,17,17,17,17,17,17,17,17,17,17,17,17,17,17,17,17,17,0,0,0,0,0,0,0,0,0,0,0,0,0,0,0,0,0,0,0,0,0,0,3,1,0,0,0,0,0,0,0,0,0,0,0,0,0,0,0,0,0,0,0,0,0,16,0,0,3,5,0,1,5,2,0,5,4,0,3,5,0,1,5,2,0,5,4,0,5
3,0,0,16,29,1,6,29,11,0,26,21,0,0,0,0,13,12,18,22,13,12,18,3,0,0,15,27,1,6,27,11,0,25,20,0,0,0,0,13,12,18,22,13,12,18,3,0,0,0,0,0,0,0,0,0,0,0,0,0,0,0,13,12,18,22,13,12,18,3,0,0,8,14,0,3,14,5,0,13,10,0,0,0,0,6,8,18,11,13,10,9,3,0,0,16,29,1,6,29,11,0,26,21,0,0,0,0,0,3,21,7,18,8,0,3,0,0,16,29,1,6,29,11,0,26,21,0,0,0,0,0,3,25,25,27,8,0,3,0,0,16,29,1,6,29,11,0,26,21,0,14,25,1,0,2,3,3,13,8,1,3,0,0,16,29,1,6,29,11,0,26,21,0,16,29,1,0,20,28,28,13,8,10,3,0,0,16,29,1,6,29,11,0,26,21,0,16,29,1,0,0,0,22,13,8,0,3,0,0,16,29,1,6,29,11,0,26,21,0,16,29,1,0,1,6,22,13,8,0,3,0,0,16,29,1,6,29,11,0,26,21,0,16,29,1,0,3,18,17,13,8,0,3,0,0,16,29,1,6,29,11,0,26,21,0,16,29,1,0,3,22,9,19,8,0,3,0,0,16,29,1,6,29,11,0,26,21,0,16,29,1,0,3,22,22,22,6,0,0,0,0,16,29,1,6,29,11,0,26,21,0,16,29,1,0,0,0,0,0,0,0,17,0,0,16,29,1,6,29,11,0,26,21,0,16,29,1,2,17,17,17,17,17,17,0,0,0,16,29,1,6,29,11,0,26,21,0,16,29,1,0,0,3,0,2,1,0,0,0,0,16,29,1,6,29,11,0,26,21,0,16,29,1,0,3,18,0,13,8,0,0,0,0,16,29,1,6,29,11,0,26,21,0,16,29,1,0,3,18,0,13,8,0,0,0,0,16,29,1,6,29,11,0,26,21,0,16,29,1,0,3,18,0,13,8,0,0,0,0,16,29,1,6,29,11,0,26,21,0,16,29,1,0,3,18,0,13,8,0,0,0,0,16,29,1,6,29,11,0,26,21,0,10,17,1,0,3,18,0,13,8,0,0,0,0,16,29,1,6,29,11,0,26,21,0,0,0,0,0,3,24,13,21,8,0,0,0,0,16,29,1,6,29,11,0,26,21,0,0,0,0,0,3,25,18,24,8,0
13,10,8,22,6,7,18,0,13,8,0,22,6,7,18,9,13,8,0,22,0,0,0,13,9,3,22,2,5,18,4,13,9,3,22,2,5,18,4,13,9,3,22,0,0,0,13,12,18,22,13,12,18,22,13,12,18,22,13,12,18,22,13,12,18,22,0,0,0,13,12,18,22,13,12,18,22,13,12,18,22,13,12,18,22,13,12,18,22,0,0,0,7,8,18,12,13,11,10,22,7,8,18,12,13,11,10,22,7,8,18,12,0,0,0,17,19,18,0,13,21,17,26,0,3,25,17,23,8,0,23,17,19,18,0,0,0,0,14,16,18,0,13,19,14,25,0,3,24,14,21,8,0,23,14,16,18,0,0,0,26,0,3,18,0,13,8,0,22,0,3,18,0,13,8,0,22,0,3,18,0,0,0,26,0,3,18,0,13,8,0,22,0,3,18,0,13,8,0,22,0,3,18,0,0,0,26,0,3,18,0,13,8,0,22,0,3,18,0,13,8,0,22,0,3,18,0,0,0,26,0,3,18,0,13,8,0,22,0,3,18,0,13,8,0,22,0,3,18,0,0,0,23,0,3,18,0,13,8,0,22,0,3,18,0,13,8,0,22,0,3,18,0,0,0,0,0,0,3,0,2,1,0,4,0,0,3,0,2,1,0,4,0,0,3,0,0,0,0,17,17,17,17,17,17,17,17,17,17,17,17,17,17,17,17,17,17,17,17,17,17,17,0,0,0,0,0,0,0,0,0,0,0,0,0,0,0,0,0,0,0,0,0,0,0,4,0,9,8,0,6,10,0,0,0,0,0,0,0,0,0,0,0,0,0,14,17,17,11,0,26,21,0,16,29,1,0,0,0,0,0,0,0,0,0,0,9,17,17,17,17,11,0,26,21,0,16,29,1,0,0,0,0,0,0,0,0,0,0,13,8,0,0,0,11,0,26,21,0,16,29,1,0,0,3,2,0,0,0,0,0,0,13,8,0,3,18,11,0,26,21,0,16,29,1,0,0,13,8,0,0,0,0,0,0,13,8,0,3,18,11,0,26,21,0,16,29,1,0,0,13,8,0,0,0,0,0,0,13,8,0,1,7,11,0,26,21,0,16,29,1,0,0,13,8,0,0,0,0,0,0,13,8,0,8,17,0,0,1,1,0,16,29,1,0,0,13,8,0,0,0,0,0,0,13,8,14,22,17
0,0,0,0,4,17,0,14,7,0,22,0,4,17,0,14,7,0,0,0,0,0,0,0,0,0,0,4,17,0,14,7,0,22,0,4,17,0,14,7,0,0,0,0,0,0,0,0,0,0,4,17,0,14,7,0,22,0,4,17,0,14,7,0,0,0,0,0,0,0,0,0,0,4,17,0,14,7,0,22,0,4,17,0,14,7,0,0,0,0,0,0,0,0,0,0,2,9,0,7,4,0,12,0,2,9,0,7,4,0,0,0,0,0,0,0,0,0,2,7,7,7,7,7,7,7,7,7,7,7,7,7,7,5,0,0,0,0,0,0,0,3,8,8,8,8,8,8,8,8,8,8,8,8,8,8,5,0,0,0,0,0,0,0,0,0,0,0,0,0,0,0,0,0,0,0,0,0,0,0,0,0,0,0,0,0,0,0,17,29,0,7,29,10,0,27,20,0,17,29,0,7,29,10,0,0,0,0,0,0,0,17,29,0,7,29,10,0,27,20,0,17,29,0,7,29,10,0,0,0,0,0,0,0,17,29,0,7,29,10,0,27,20,0,17,29,0,7,29,10,0,0,0,0,0,0,0,17,29,0,7,29,10,0,27,20,0,17,29,0,7,29,10,0,0,0,0,0,0,0,17,29,0,7,29,10,0,27,20,0,17,29,0,7,29,10,0,0,0,0,0,0,0,17,29,0,7,29,10,0,27,20,0,17,29,0,7,29,10,0,0,0,0,0,0,0,7,11,0,3,11,4,0,11,8,0,7,11,0,3,11,4,0,0,0,0,0,0,0,0,0,0,0,0,0,0,0,0,0,0,0,0,0,0,0,0,0,0,0,0,0,6,17,17,17,17,17,17,17,17,17,17,17,17,17,17,11,0,0,0,0,0,0,0,0,0,0,0,0,0,0,0,0,0,0,0,0,0,0,0,0,0,0,0,0,0,0,0,0,0,0,0,0,0,0,0,0,0,0,0,0,0,0,0,0,0,0,0,0,0,0,14,25,0,6,25,9,0,23,17,0,14,25,0,6,25,9,0,0,0,0,0,0,0,17,29,0,7,29,10,0,27,20,0,17,29,0,7,29,10,0,0,0,0,0,0,0,17,29,0,7,29,10,0,27,20,0,17,29,0,7,29,10,0,0,0,0,0,0,0,17,29,0,7,29,10,0,27,20,0,17,29,0,7,29,10,0,0,0
0,0,0,26,21,0,16,29,1,6,29,11,0,0,0,7,8,18,12,13,11,10,22,14,5,0,26,21,0,16,29,1,6,29,11,0,0,0,0,3,25,17,23,8,0,23,29,11,0,26,21,0,16,29,1,6,29,11,0,0,0,0,3,24,14,21,8,0,23,29,11,0,26,21,0,16,29,1,6,29,11,0,24,19,0,3,18,0,13,8,0,22,29,11,0,26,21,0,16,29,1,6,29,11,0,26,21,0,3,18,0,13,8,0,22,29,11,0,26,21,0,16,29,1,6,29,11,0,26,21,0,3,18,0,13,8,0,22,9,3,0,26,21,0,16,29,1,6,29,11,0,8,7,0,3,18,0,13,8,0,22,0,0,0,26,21,0,16,29,1,6,29,11,0,0,0,0,3,18,0,13,8,0,22,0,0,0,26,21,0,16,29,1,6,29,11,0,0,0,0,0,3,0,2,1,0,4,0,0,0,26,21,0,16,29,1,6,29,11,0,0,0,2,17,17,17,17,17,17,17,0,0,0,26,21,0,16,29,1,6,29,11,0,0,0,0,0,0,0,0,0,0,0,0,0,0,26,21,0,16,29,1,6,29,11,0,0,0,0,2,21,21,21,6,0,17,0,0,0,26,21,0,16,29,1,6,29,11,0,0,0,0,3,23,10,19,8,0,23,0,0,0,26,21,0,16,29,1,6,29,11,0,0,0,0,3,18,16,13,8,0,22,0,0,0,26,21,0,16,29,1,6,29,11,0,0,0,0,1,7,22,13,8,0,9,0,0,0,26,21,0,16,29,1,6,29,11,0,0,0,0,0,0,22,13,8,0,0,0,0,0,26,21,0,16,29,1,6,29,11,0,0,0,0,19,27,28,13,8,10,27,0,0,0,26,21,0,16,29,1,6,29,11,0,0,0,0,3,4,4,13,8,1,4,0,0,0,1,1,0,1,1,0,6,29,11,0,0,0,0,3,23,23,26,8,0,19,0,0,0,9,8,0,6,10,0,6,29,11,0,0,0,0,3,22,8,18,8,0,23,0,0,0,26,21,0,16,29,1,6,29,11,0,0,0,6,8,18,10,13,10,8,22,0,0,0,26,21,0,16,29,1,6,29,11,0,0,0,13,12,18,22,13,12,18,22,0,0,0,26,21,0,16,29,1,6,29,11,0,0,0,13,12,18,22,13,12,18,22
4,17,17,17,17,17,17,17,17,17,17,17,17,17,17,17,17,17,17,17,17,17,4,0,4,10,10,10,10,10,10,1,0,0,0,0,0,0,0,0,0,0,0,1,0,0,0,11,29,29,29,29,29,29,4,0,0,0,0,0,0,0,0,5,13,0,16,5,0,0,11,23,7,7,7,7,7,1,0,16,18,15,15,15,15,4,6,15,0,16,5,0,0,11,20,8,12,12,12,12,12,12,22,5,0,0,0,0,0,6,15,0,16,5,0,0,11,20,2,3,3,3,3,3,3,18,5,5,17,17,17,17,17,10,0,16,10,5,0,11,20,0,0,0,0,0,0,0,16,5,0,0,4,17,17,17,17,17,24,12,7,0,11,27,22,22,22,22,22,3,0,16,5,0,0,0,0,0,0,0,0,16,12,7,0,11,28,25,25,25,25,25,4,0,16,16,12,12,12,12,12,7,0,0,16,12,7,0,11,20,0,0,0,0,0,0,0,2,3,3,3,3,3,3,2,0,0,5,8,7,0,11,20,5,8,8,8,8,8,8,8,8,8,8,8,8,8,8,8,8,8,6,7,0,11,20,4,7,7,7,7,7,7,7,7,7,7,7,7,7,7,7,7,7,6,7,0,11,20,0,17,20,20,20,20,20,20,20,20,20,20,20,20,20,17,0,0,6,7,0,11,20,0,23,27,27,27,29,29,27,27,27,27,27,27,29,29,23,0,3,8,7,0,11,20,0,0,0,0,0,29,18,0,0,0,0,0,0,29,18,0,0,16,12,7,0,11,25,14,14,14,4,0,29,18,1,14,14,14,11,0,29,18,0,0,16,12,7,0,7,17,17,17,17,5,0,29,18,2,17,17,17,13,0,29,18,0,0,16,12,7,0,0,0,0,0,0,0,0,29,18,0,0,0,0,0,0,29,18,0,0,16,12,7,0,0,0,0,14,17,17,17,29,25,14,0,14,17,17,17,29,25,14,0,12,9,6,0,0,0,0,25,29,29,29,29,29,25,0,25,29,29,29,29,29,25,0,0,0,0,0,0,0,0,1,1,1,1,1,1,1,0,1,1,1,1,1,1,1,0,0,0,0,4,17,17,17,17,17,17,17,17,17,17,17,17,17,17,17,17,17,17,17,17,17,4,0,8,8,8,8,8,8,8,8,8,8,8,8,8,8,8,8,8,8,8,7,0,0
0,0,29,13,0,25,23,0,14,29,3,0,21,0,0,2,17,1,2,16,2,0,0,0,0,29,13,0,25,23,0,14,29,3,0,21,0,0,0,21,0,1,20,0,0,0,0,0,29,13,0,25,23,0,14,29,3,0,21,7,6,0,21,12,12,20,0,0,0,0,0,29,13,0,25,23,0,14,29,3,0,21,12,10,0,21,12,12,20,0,0,0,0,0,29,13,0,25,23,0,14,29,3,0,21,12,11,5,23,12,12,22,5,0,0,0,0,29,13,0,4,4,0,2,5,0,0,4,7,8,29,26,11,11,26,29,0,0,0,0,29,13,0,5,5,0,3,6,0,0,0,0,1,20,0,0,0,0,21,0,0,0,0,29,13,0,25,23,0,14,29,3,0,19,0,1,20,0,10,9,0,21,0,0,0,0,29,13,0,25,23,0,14,29,3,0,21,0,1,20,0,11,10,0,21,0,0,0,0,29,13,0,25,23,0,14,29,3,0,21,12,12,20,0,11,10,0,21,0,0,0,0,29,13,0,25,23,0,14,29,3,0,21,12,12,20,16,12,12,15,21,0,0,0,0,29,13,0,25,23,0,14,29,3,0,21,12,12,20,21,12,12,20,21,0,0,0,0,29,13,0,25,23,0,14,29,3,0,21,2,3,20,21,12,12,20,21,0,0,0,0,29,13,0,25,23,0,14,29,3,0,21,0,1,20,10,12,11,10,21,0,0,0,0,29,13,0,25,23,0,14,29,3,0,21,4,5,20,7,12,11,6,21,0,0,0,0,29,13,0,25,23,0,14,29,3,0,21,12,12,20,21,12,12,20,21,0,0,0,0,27,13,0,25,23,0,14,29,3,0,4,12,12,20,21,12,12,20,21,0,0,0,0,0,0,0,25,23,0,14,29,3,0,2,0,2,20,1,2,2,1,21,0,0,0,0,14,6,0,25,23,0,14,29,3,0,21,8,9,20,14,0,1,13,21,0,0,0,0,29,13,0,25,23,0,14,29,3,0,21,12,12,20,21,0,1,20,21,0,0,0,0,29,13,0,25,23,0,14,29,3,0,21,12,12,20,21,0,1,20,21,0,0,0,0,29,13,0,25,23,0,14,29,3,0,21,12,12,20,21,0,1,20,21,0,0,0,0,29,13,0,25,23,0,14,29,3,0,21,6,6,20,21,0,1,20,21,0,0
0,0,0,10,7,0,22,0,4,17,0,14,7,0,22,0,4,17,0,0,0,0,0,0,0,0,10,11,11,22,9,10,17,0,14,7,0,22,9,10,17,0,0,0,0,0,0,0,0,10,12,17,22,14,12,17,9,14,9,7,22,14,12,17,0,0,0,0,0,0,0,0,10,12,17,22,14,12,17,22,14,12,17,22,14,12,17,0,0,0,0,0,0,0,0,10,10,8,22,6,8,17,22,14,12,17,22,6,8,17,0,0,0,0,0,0,0,0,10,7,0,22,0,4,17,19,14,12,14,22,0,4,17,0,0,0,0,0,0,0,0,10,7,0,22,0,4,17,0,14,7,0,22,0,4,17,0,0,0,0,0,0,0,0,10,12,17,22,14,12,17,22,14,12,17,22,14,12,17,0,0,0,0,0,0,0,0,10,12,17,12,14,12,17,22,14,12,17,22,14,10,9,0,0,0,0,0,0,0,0,10,9,7,0,5,8,17,9,7,6,7,22,5,3,0,0,0,0,0,0,0,0,0,10,9,5,18,4,7,17,7,0,1,5,22,4,6,14,0,0,0,0,0,0,0,0,10,12,17,22,14,12,17,22,0,4,17,22,14,12,17,0,0,0,0,0,0,0,0,10,12,17,22,14,12,17,22,0,4,17,22,14,12,17,0,0,0,0,0,0,0,0,10,12,17,22,14,12,17,22,0,4,17,22,14,12,17,0,0,0,0,0,0,0,0,10,11,13,22,11,11,17,22,0,4,17,22,11,11,17,0,0,0,0,0,0,0,0,10,7,0,22,0,4,17,22,0,4,17,22,0,4,17,0,0,0,0,0,0,0,0,8,6,0,18,0,3,13,22,0,4,17,17,0,3,14,0,0,0,0,0,0,0,0,0,0,0,0,0,0,0,22,0,4,17,0,0,0,0,0,0,0,0,0,0,0,0,8,0,0,0,0,0,20,26,0,4,27,15,0,0,0,0,0,0,0,0,0,0,0,3,0,0,0,0,0,7,8,0,1,8,5,0,0,5,18,6,0,0,0,0,0,0,0,0,0,0,0,0,0,0,0,0,0,0,0,0,7,29,10,0,0,0,0,0,0,0,0,0,0,0,0,0,0,0,0,0,0,0,0,7,29,10,0,0,0,0,0,0,0,0,0,0,0,0,0,0,0,0,0,0,0,0,7,29,10,0,0,0
2,0,6,4,3,5,6,4,2,0,6,0,1,5,6,4,3,5,6,0,1,5,0,3,0,9,13,10,7,22,5,3,0,9,0,1,7,22,5,7,18,9,0,1,7,0,0,0,0,13,8,0,22,0,0,0,0,0,0,0,22,0,3,18,0,0,0,0,0,0,0,0,13,9,0,22,0,0,0,0,0,0,0,22,0,4,18,0,0,0,0,0,0,0,22,13,12,18,22,13,8,0,0,0,3,18,22,13,12,18,22,0,0,0,0,1,0,22,13,12,18,22,13,8,0,4,0,3,18,22,13,12,18,22,0,0,3,0,8,0,22,13,12,18,22,13,8,0,22,0,3,18,22,13,12,18,22,0,3,18,0,8,0,22,13,12,18,22,13,8,0,22,0,3,18,22,13,12,18,22,0,3,18,0,8,0,22,11,11,18,18,13,8,0,22,0,3,18,18,13,12,15,22,0,3,18,0,8,0,22,0,3,18,0,13,8,0,22,0,3,18,0,13,8,0,22,0,3,18,0,12,15,22,11,11,18,19,13,12,15,22,11,11,18,19,13,12,15,22,11,11,18,19,12,18,22,13,12,18,22,13,12,18,22,13,12,18,22,13,12,18,22,13,12,18,22,12,18,20,13,12,17,22,12,12,18,20,13,12,17,22,12,12,18,20,13,12,17,22,3,21,6,17,8,0,23,6,10,18,0,13,13,6,24,0,3,21,6,17,8,0,23,3,28,25,27,8,0,23,25,26,18,0,13,27,25,28,0,3,28,25,27,8,0,23,3,18,0,13,8,0,22,0,3,18,0,13,8,0,22,0,3,18,0,13,8,0,22,3,18,0,13,8,0,22,0,3,18,0,13,8,0,22,0,3,18,0,13,8,0,22,3,18,0,13,8,0,22,0,3,18,0,13,8,0,22,0,3,18,0,13,8,0,22,3,18,0,13,8,0,22,0,3,18,0,13,8,0,22,0,3,18,0,13,8,0,22,3,18,0,13,8,0,22,0,3,18,0,13,8,0,22,0,3,18,0,13,8,0,22,2,10,0,7,5,0,13,0,2,10,0,7,5,0,13,0,2,10,0,7,5,0,13,6,6,6,6,6,6,6,6,6,6,6,6,6,6,6,6,6,6,6,6,6,6,6,9,9,9,9,9,9,9,9,9,9,9,9,9,9,9,9,9,9,9,9,9,9,9
0,0,0,0,0,0,0,0,0,0,0,0,0,0,0,0,0,0,0,0,0,0,0,0,0,0,0,0,0,0,0,0,0,0,0,0,0,0,0,0,0,0,0,0,0,0,0,0,0,0,0,0,0,0,0,0,0,0,0,0,0,0,0,0,0,0,0,0,0,0,0,0,0,0,0,0,0,0,0,0,0,0,0,0,0,0,0,0,0,0,0,0,0,0,0,0,0,0,0,0,0,0,0,0,0,0,0,0,0,0,0,0,0,0,0,0,0,0,0,0,0,0,0,0,0,0,0,0,0,0,0,0,0,0,0,0,0,0,0,0,0,0,0,6,28,11,0,0,0,0,0,0,0,0,0,0,0,0,0,0,0,17,17,11,0,0,6,29,11,0,14,17,17,17,17,17,17,17,17,17,17,17,17,17,0,0,0,0,0,6,29,11,0,0,6,0,1,5,0,3,2,0,6,0,1,5,0,16,0,13,22,1,6,29,11,0,0,22,0,3,18,0,13,8,0,22,0,3,18,0,21,0,16,29,1,6,25,10,0,0,22,0,3,18,0,13,8,0,22,0,3,18,0,21,0,16,29,1,0,0,0,0,0,22,0,3,18,0,13,8,0,22,0,3,18,0,21,0,16,29,1,0,0,0,0,0,22,0,3,18,0,13,8,0,22,0,3,18,0,21,0,16,29,1,0,0,0,0,2,22,1,5,18,3,13,9,2,22,1,5,18,3,21,0,16,29,1,0,0,0,3,18,22,13,12,18,22,13,12,18,22,13,12,18,22,14,0,11,19,1,0,0,0,3,18,22,13,12,18,22,13,12,18,22,13,12,18,22,0,0,0,0,0,0,0,0,3,18,22,13,12,18,22,13,12,18,22,13,12,18,22,0,0,0,0,0,0,0,0,0,0,0,0,0,0,0,0,0,0,0,0,0,0,0,0,0,0,0,0,0,0,0,0,0,0,0,0,0,0,0,0,0,0,0,0,0,0,0,0,0,0,0,0,0,0,0,0,0,0,0,0,0,0,0,0,0,0,0,0,0,0,0,0,0,0,0,0,0,0,0,0,0,0,0,0,0,0,0,0,0,0,0,0,0,0,0,0,0,0,0,0,0,0,0,0,0,0,0,0,0,0,0,0,0,0,0,0,0,0,0,0,0,0,0,0,0,0,0,0,0,0,0,0,0,0,0,0,0,0
11,11,11,3,3,18,0,0,0,0,22,0,5,11,11,11,11,11,11,3,5,11,11,29,29,29,7,3,18,0,0,0,0,22,0,12,29,29,29,29,29,29,7,12,29,29,6,6,6,1,3,18,0,0,0,0,22,0,3,6,6,6,20,29,8,1,3,6,6,0,4,5,5,9,18,0,0,0,0,23,5,5,5,4,0,16,29,1,11,13,13,0,0,9,10,10,10,6,0,0,0,0,8,10,10,10,7,0,16,29,1,15,18,17,0,9,9,9,2,0,0,0,0,0,0,0,0,4,9,9,9,21,29,11,9,9,9,9,29,29,29,7,0,0,0,0,0,0,0,0,12,29,29,29,29,29,29,29,29,29,29,8,8,8,2,0,0,0,0,0,0,0,0,3,8,8,8,8,8,8,8,8,8,8,0,0,0,0,0,0,0,0,0,0,0,0,0,0,0,0,0,0,0,0,0,0,0,17,17,17,17,17,17,17,17,17,17,17,17,17,17,17,17,17,17,17,17,17,17,17,0,0,0,0,0,0,0,0,0,0,0,0,0,0,0,0,0,0,0,0,0,0,0,0,0,10,0,2,13,0,0,0,0,16,0,1,8,0,0,0,0,0,0,0,0,0,11,0,22,0,3,18,0,0,0,0,22,0,3,18,0,14,17,17,17,17,18,0,0,0,0,22,0,3,18,0,0,0,0,22,0,3,18,0,0,0,0,0,0,23,1,1,15,15,26,0,3,18,6,0,1,5,22,0,3,24,15,15,15,15,12,0,23,14,14,6,6,6,5,9,18,22,0,3,18,23,5,6,6,6,6,5,0,0,0,22,0,0,10,10,10,10,13,18,22,0,3,18,23,10,10,10,10,10,7,0,0,0,22,0,0,1,1,0,0,3,18,22,0,3,18,22,0,0,0,1,1,1,1,1,1,23,0,0,14,14,0,0,2,12,22,0,3,18,15,0,0,2,14,14,14,14,14,14,14,0,0,0,0,0,0,0,0,22,0,3,18,0,0,0,0,0,0,0,0,0,0,0,0,0,17,17,17,17,17,6,22,0,3,18,8,17,17,17,17,17,17,17,17,17,17,17,17,9,9,9,2,0,0,22,0,3,18,0,0,3,9,9,9,9,9,9,9,9,9,9,29,29,29,7,3,15,22,0,3,18,18,0,11,29,29,29,29,29,29,29,29,29,29
13,8,0,22,0,0,0,0,13,8,0,22,0,3,18,0,13,8,0,22,0,3,18,13,8,0,22,0,0,0,0,13,8,0,22,0,3,18,0,13,8,0,22,0,3,18,13,8,0,22,0,0,0,0,13,8,0,22,0,3,18,0,13,8,0,22,0,3,18,13,8,0,22,0,0,0,0,13,8,0,22,0,3,18,0,13,8,0,22,0,3,18,7,4,0,12,0,0,0,0,7,4,0,12,0,2,10,0,7,4,0,12,0,2,10,7,7,7,7,7,7,7,7,7,7,7,7,7,7,7,7,7,7,7,7,7,7,7,8,8,8,8,8,8,8,8,8,8,8,8,8,8,8,8,8,8,8,8,8,8,8,0,0,0,0,0,0,0,0,0,0,0,0,0,0,0,0,0,0,0,0,0,0,0,29,1,6,29,11,0,26,21,0,16,29,1,6,29,11,0,26,21,0,16,29,1,6,29,1,6,29,11,0,26,21,0,16,29,1,6,29,11,0,26,21,0,16,29,1,6,29,1,6,29,11,0,26,21,0,16,29,1,6,29,11,0,26,21,0,16,29,1,6,29,1,6,29,11,0,26,21,0,16,29,1,6,29,11,0,26,21,0,16,29,1,6,29,1,6,29,11,0,26,21,0,16,29,1,6,29,11,0,26,21,0,16,29,1,6,29,1,6,29,11,0,26,21,0,16,29,1,6,29,11,0,26,21,0,16,29,1,6,11,0,2,11,4,0,10,8,0,6,11,0,2,11,4,0,10,8,0,6,11,0,2,0,0,0,0,0,0,0,0,0,0,0,0,0,0,0,0,0,0,0,0,0,0,0,17,17,17,17,17,17,17,17,17,17,17,17,17,17,17,17,17,17,17,17,17,17,17,0,0,0,0,0,0,0,0,0,0,0,0,0,0,0,0,0,0,0,0,0,0,0,0,0,0,0,0,0,0,0,0,0,0,0,0,0,0,0,0,0,0,0,0,0,0,25,1,5,25,9,0,22,18,0,14,25,1,5,25,9,0,22,18,0,14,25,1,5,29,1,6,29,11,0,26,21,0,16,29,1,6,29,11,0,26,21,0,16,29,1,6,29,1,6,29,11,0,26,21,0,16,29,1,6,29,11,0,26,21,0,16,29,1,6,29,1,6,29,11,0,26,21,0,16,29,1,6,29,11,0,26,21,0,16,29,1,6
1,0,0,0,0,0,0,0,0,0,0,0,0,0,0,0,0,0,0,0,0,0,13,1,0,0,0,0,0,0,0,0,0,0,0,0,0,0,0,0,0,0,0,0,0,16,1,0,15,26,1,6,26,10,0,24,19,0,15,26,1,6,26,10,0,24,19,0,16,1,0,16,29,1,6,29,11,0,26,21,0,16,29,1,6,29,11,0,26,21,0,16,1,0,16,29,1,6,29,11,0,26,21,0,16,29,1,6,29,11,0,26,21,0,16,1,0,16,29,1,6,29,11,0,26,21,0,16,29,1,6,29,11,0,26,21,0,16,1,0,15,27,1,6,27,11,0,25,20,0,15,27,1,6,27,11,0,25,20,0,16,1,0,0,0,0,0,0,0,0,0,0,0,0,0,0,0,0,0,0,0,0,0,16,0,0,0,0,0,0,0,0,0,0,0,0,0,0,0,0,0,0,0,0,0,0,7,11,2,15,15,15,15,15,15,15,15,15,15,15,15,15,15,15,15,15,15,15,15,15,0,0,0,0,0,0,0,0,0,0,0,0,0,0,0,0,0,0,0,0,0,0,0,0,0,0,0,0,2,8,3,0,8,6,0,5,8,0,2,8,3,0,0,0,0,0,0,0,0,0,0,6,29,11,0,26,21,0,16,29,1,6,29,11,0,0,0,0,0,0,0,0,0,0,6,29,11,0,26,21,0,16,29,1,6,29,11,0,0,0,0,0,0,2,1,0,0,6,29,11,0,26,21,0,16,29,1,6,29,11,0,0,4,0,0,0,13,8,0,0,6,29,11,0,26,21,0,16,29,1,6,29,11,0,0,22,0,0,0,13,8,0,0,6,29,11,0,26,21,0,16,29,1,6,29,11,0,0,22,0,0,0,13,8,0,0,6,29,11,0,26,21,0,16,29,1,6,29,11,0,0,22,0,0,0,13,8,0,0,0,3,1,0,3,2,0,2,3,0,0,3,1,0,0,22,0,0,0,13,8,0,0,0,0,0,0,0,0,0,0,0,0,0,0,0,0,0,22,0,0,0,13,8,0,8,17,17,17,17,17,17,17,17,17,17,17,11,0,0,0,22,0,0,0,13,8,0,0,0,0,0,0,0,0,0,0,0,0,0,0,0,0,0,22,0,0,0,10,6,0,0,0,0,0,0,0,0,0,0,0,0,0,0,0,0,0,17,0,0
3,10,18,22,13,13,4,22,13,12,18,5,17,12,18,23,6,6,18,22,0,0,26,0,3,18,22,13,8,0,22,13,12,18,0,13,12,18,22,0,3,18,22,0,0,26,0,3,18,22,13,8,0,13,13,11,11,0,13,12,18,22,0,2,11,22,0,0,26,0,3,18,0,13,8,0,0,13,8,0,0,13,8,0,22,0,0,0,22,0,0,26,0,3,15,0,11,7,0,0,13,8,0,0,11,7,0,19,0,0,0,22,0,0,26,13,8,0,22,0,3,18,0,13,8,0,22,0,3,18,0,13,8,0,22,0,0,10,13,12,18,22,13,12,18,0,13,8,0,22,13,12,18,22,13,8,0,22,0,0,0,13,12,18,22,13,12,18,0,13,8,0,22,13,12,18,22,13,8,0,22,0,0,0,5,7,18,8,13,10,6,0,5,3,0,8,13,10,6,22,5,3,0,8,0,0,0,0,3,18,0,13,8,0,0,0,0,0,0,13,8,0,22,0,0,0,0,0,0,0,0,4,18,1,13,9,1,0,0,0,0,1,13,9,1,22,0,0,0,0,0,0,0,13,12,18,22,13,12,18,0,0,0,0,22,13,12,18,22,13,8,0,0,0,0,0,13,12,18,22,13,12,18,0,3,2,0,22,13,12,18,22,13,8,0,5,0,0,0,13,12,18,22,13,12,18,0,13,8,0,22,13,12,18,22,13,8,0,22,0,0,0,13,12,18,22,13,12,18,0,13,8,0,22,13,12,18,22,13,8,0,22,0,0,0,13,12,14,22,10,10,18,0,13,8,0,22,10,10,18,17,13,8,0,22,0,0,0,13,8,0,22,0,3,18,0,13,8,0,22,0,3,18,0,13,8,0,22,0,0,0,13,12,16,22,12,11,18,19,13,12,16,22,12,11,18,19,13,12,16,22,0,0,0,13,12,18,22,13,12,18,22,13,12,18,22,13,12,18,22,13,12,18,22,0,0,0,12,11,18,19,13,12,16,22,12,11,18,19,13,12,16,22,12,11,18,19,0,0,0,7,10,18,0,13,14,7,24,0,3,21,7,18,8,0,23,7,10,18,0,0,0,0,25,25,18,0,13,26,25,27,0,3,28,25,27,8,0,23,25,25,18,0,0,0,17,0,3,18,0,13,8,0,22,0,3,18,0,13,8,0,22,0,3,18,0,0,0,26
0,0,1,9,9,0,0,8,11,6,4,0,0,2,4,4,29,8,4,4,3,0,4,0,0,3,18,16,0,0,15,22,13,8,0,0,1,1,6,28,8,2,0,0,1,1,0,0,3,18,16,0,0,15,22,13,8,0,0,13,9,15,28,14,9,18,0,13,9,0,0,3,18,16,0,0,15,22,13,8,0,0,13,9,15,28,14,9,18,0,13,9,0,0,3,18,16,0,0,13,22,13,8,0,0,13,9,13,28,13,7,10,0,13,9,0,0,3,14,2,0,0,0,3,6,4,0,0,2,1,0,28,3,0,0,0,2,1,0,0,0,0,0,8,13,13,13,13,13,13,13,13,13,13,29,16,13,13,13,13,13,0,0,0,0,0,12,18,18,18,18,18,18,18,18,18,18,18,18,18,18,18,18,18,17,17,17,17,17,17,17,17,17,17,17,17,17,17,17,17,17,17,17,17,17,17,17,0,0,0,0,0,0,0,0,0,0,0,0,0,0,0,0,0,0,0,0,0,0,0,0,0,0,0,0,0,0,0,0,0,0,0,0,0,0,0,0,0,0,0,6,10,0,12,27,27,27,27,27,27,3,0,2,27,27,27,27,27,27,27,11,0,0,16,29,1,9,20,20,20,20,20,29,3,0,2,20,20,20,20,20,23,29,11,0,0,16,29,1,7,7,7,7,7,0,28,3,0,0,0,0,0,0,0,6,29,11,0,0,16,29,1,8,8,8,8,8,0,28,16,13,13,13,13,13,13,9,6,29,11,0,0,16,29,1,0,0,0,0,0,0,28,20,18,18,18,18,18,18,13,6,29,11,0,0,16,29,1,11,25,25,25,25,25,29,3,0,1,17,17,17,17,17,20,29,11,0,0,16,29,1,9,22,22,22,22,22,22,3,0,2,29,29,29,29,29,29,29,11,0,0,16,29,1,0,0,0,0,0,0,0,0,0,0,0,0,0,0,0,0,0,0,0,0,16,29,1,0,14,17,17,17,17,17,17,17,17,17,17,17,17,17,17,17,17,11,0,16,29,1,0,0,4,9,9,9,9,9,9,6,0,0,0,0,0,0,0,0,0,0,16,29,1,0,0,3,6,6,6,6,6,10,18,0,0,0,1,4,1,0,4,3,0,16,29,1,0,0,0,2,17,17,26,0,3,18,4,0,0,6,29,11,0,26,21,0,16,29,1
12,12,12,12,12,12,12,12,12,12,12,12,12,12,12,12,12,12,12,12,12,12,12,3,3,3,3,3,3,3,3,3,3,3,3,3,3,3,3,3,3,3,3,3,3,3,13,0,9,6,0,16,0,2,13,0,9,6,0,16,0,2,13,0,9,6,0,16,0,18,0,13,8,0,22,0,3,18,0,13,8,0,22,0,3,18,0,13,8,0,22,0,18,0,13,8,0,22,0,3,18,0,13,8,0,22,0,3,18,0,13,8,0,22,0,18,0,13,8,0,22,0,3,18,0,13,8,0,22,0,3,18,0,13,8,0,22,0,18,0,13,8,0,22,0,3,18,0,13,8,0,22,0,3,18,0,13,8,0,22,0,18,13,13,11,10,22,7,9,18,13,13,11,10,22,7,9,18,13,13,11,10,22,7,18,22,13,12,18,22,13,12,18,22,13,12,18,22,13,12,18,22,13,12,18,22,13,18,22,13,12,18,22,13,12,18,22,13,12,18,22,13,12,18,22,13,12,18,22,13,18,22,13,12,18,22,13,12,18,22,13,12,18,22,13,12,18,22,13,12,18,22,13,18,7,13,10,6,22,4,6,18,7,13,10,6,22,4,6,18,7,13,10,6,22,4,18,0,13,18,12,25,0,3,23,12,20,8,0,23,12,15,18,0,13,18,12,25,0,18,0,9,19,19,26,0,2,19,19,24,8,0,15,19,21,18,0,9,19,19,26,0,18,0,8,8,5,22,0,6,8,8,13,8,3,8,8,6,18,0,8,8,5,22,0,18,0,23,24,18,22,0,16,23,27,13,8,8,23,26,12,18,0,23,24,18,22,0,18,0,0,3,18,22,0,0,0,22,13,8,0,0,13,12,18,0,0,3,18,22,0,18,0,6,8,18,22,0,1,9,22,13,8,0,11,13,12,18,0,6,8,18,22,0,18,0,13,11,11,22,0,3,18,13,13,8,0,22,8,9,18,0,13,11,11,22,0,18,0,13,19,14,25,0,3,24,14,21,8,0,23,14,16,18,0,13,19,14,25,0,11,0,8,17,17,17,0,2,17,17,17,5,0,14,17,17,11,0,8,17,17,17,0,2,2,2,2,2,2,2,2,2,2,2,2,2,2,2,2,2,2,2,2,2,2,2,13,13,13,13,13,13,13,13,13,13,13,13,13,13,13,13,13,13,13,13,13,13,13
22,0,3,18,22,0,3,18,0,13,12,18,0,13,12,18,0,13,8,0,22,13,8,22,0,3,18,9,0,1,8,0,6,7,18,0,13,10,8,0,6,4,0,9,13,8,23,0,3,20,2,0,0,0,0,0,7,18,0,13,11,1,0,0,0,0,1,16,8,28,0,3,28,20,0,0,0,0,4,28,18,0,13,28,10,0,0,0,0,14,28,8,0,0,0,0,0,0,16,28,1,0,0,0,0,0,0,0,0,0,0,0,0,0,0,0,0,0,0,0,0,16,29,1,0,0,0,0,0,0,0,0,0,0,0,0,0,0,0,0,0,0,0,0,16,29,1,0,0,0,0,0,0,0,0,0,0,0,0,0,0,0,0,0,0,0,0,16,29,1,0,0,0,0,0,0,0,0,0,0,0,0,0,0,7,0,1,7,5,0,14,25,1,1,7,5,0,3,7,2,0,0,0,0,3,7,2,27,0,3,28,17,0,0,0,0,4,25,18,0,13,26,9,0,0,0,0,12,27,8,22,0,3,18,0,0,0,0,0,0,3,18,0,13,8,0,0,0,0,0,0,13,8,22,0,3,18,16,0,2,13,0,10,10,18,0,13,11,13,0,10,6,0,16,13,8,22,0,3,18,22,0,3,18,0,13,12,18,0,13,12,18,0,13,8,0,22,13,8,22,0,3,18,22,9,10,18,16,13,12,18,0,13,12,18,16,13,11,13,22,13,8,22,0,3,18,22,13,12,18,22,13,12,18,0,13,12,18,22,13,12,18,22,13,8,22,0,3,18,22,13,12,18,22,13,12,18,0,13,12,18,22,13,12,18,22,13,8,22,0,3,18,22,13,12,18,22,13,12,18,0,13,12,18,22,13,12,18,22,13,8,8,0,1,6,22,5,6,15,8,13,10,6,0,5,7,18,8,11,8,6,22,5,3,8,6,5,6,22,5,3,0,8,13,10,6,11,5,7,18,8,0,1,6,22,5,5,22,13,12,18,22,13,10,9,22,13,12,18,22,13,12,18,22,6,8,18,22,13,12,22,13,12,18,22,13,12,18,22,13,12,18,22,13,12,18,22,13,12,18,22,13,12,0,13,9,0,22,0,4,18,0,13,9,0,22,0,4,18,0,13,9,0,22,0,4,18,13,12,15,22,0,3,18,0,13,12,15,22,11,11,18,0,13,8,0,22,11,11
0,0,0,0,0,0,0,16,29,1,0,0,13,22,18,26,0,3,25,18,24,8,0,17,17,17,17,17,0,0,16,29,1,0,3,13,9,2,22,1,5,18,3,13,9,2,0,0,0,0,0,0,0,16,29,1,0,22,13,12,18,22,13,12,18,22,13,12,18,0,0,0,0,0,0,0,16,29,1,0,22,13,12,18,22,13,12,18,22,13,12,18,5,25,9,0,22,18,0,16,29,1,0,22,13,12,18,22,13,12,18,22,13,12,18,6,29,11,0,26,21,0,16,29,1,0,17,13,12,14,22,10,10,18,17,13,12,14,6,29,11,0,26,21,0,16,29,1,0,0,13,8,0,22,0,3,18,0,13,8,0,6,29,11,0,26,21,0,16,29,1,0,0,13,8,0,22,0,3,18,0,13,8,0,6,29,11,0,26,21,0,16,29,1,0,0,13,8,0,22,0,3,18,0,13,8,0,0,0,0,0,0,0,0,16,29,1,0,0,13,8,0,22,0,3,18,0,13,8,0,0,0,0,0,0,0,0,16,29,1,0,0,12,8,0,20,0,3,17,0,12,8,0,0,0,0,0,0,0,0,16,29,1,0,0,0,0,0,0,0,0,0,0,0,0,0,17,17,17,17,17,0,0,16,29,1,0,8,17,17,17,17,17,17,17,17,17,17,17,0,0,0,0,0,0,0,16,29,1,0,0,0,1,1,1,0,0,1,1,1,0,0,0,0,0,0,0,0,0,16,29,1,0,0,13,29,29,28,0,3,29,29,29,8,0,4,18,7,0,17,13,0,16,29,1,0,0,13,9,2,23,0,3,19,2,14,8,0,6,29,11,0,26,21,0,16,29,1,0,0,13,12,18,22,0,3,18,22,13,8,0,6,29,11,0,26,21,0,16,29,1,0,0,0,4,18,22,0,0,1,22,13,8,0,6,29,11,0,26,21,0,16,29,1,0,0,7,10,18,22,0,5,7,24,13,8,2,6,29,11,0,26,21,0,16,29,1,0,0,25,25,15,22,0,17,25,24,13,8,9,1,5,2,0,5,4,0,16,29,1,0,0,1,3,3,23,0,0,3,3,16,8,0,0,0,0,0,0,0,0,4,7,0,0,0,13,29,28,28,0,3,29,28,29,8,0,7,7,7,7,7,0,0,2,4,0,0,0,13,8,0,22,0,3,18,0,13,8,0
0,5,16,22,0,5,16,0,15,12,16,0,15,12,16,0,15,6,0,22,15,6,0,0,5,16,22,5,8,16,8,15,12,16,0,15,12,16,8,15,9,6,22,15,6,0,0,5,16,22,15,12,16,22,15,12,16,0,15,12,16,22,15,12,16,22,15,6,0,0,5,16,22,15,12,16,22,15,12,16,0,15,12,16,22,15,12,16,22,15,6,0,0,5,16,22,15,12,16,22,15,12,16,0,15,12,16,22,15,12,16,22,15,6,0,0,4,11,22,11,10,16,16,15,11,11,0,11,10,16,16,15,11,11,22,11,4,0,2,1,0,22,0,1,2,0,15,7,0,3,0,6,16,0,2,1,0,22,0,1,2,15,12,16,22,15,7,2,22,15,12,16,22,15,12,16,22,2,7,16,22,15,12,16,15,12,16,22,15,12,16,22,15,12,16,22,15,12,16,22,15,12,16,22,15,12,16,15,9,6,22,5,8,16,8,15,9,6,22,5,8,16,8,15,9,6,22,5,8,16,15,9,7,22,0,5,16,0,15,9,7,22,7,9,16,0,15,6,0,22,7,9,16,15,12,16,22,1,6,16,1,15,12,16,22,15,12,16,1,15,7,1,22,15,12,16,15,12,16,22,15,12,16,22,15,12,16,22,15,12,16,22,15,12,16,22,15,12,16,15,11,13,22,15,12,16,22,15,11,13,22,12,11,16,22,15,12,16,22,12,11,16,15,6,0,22,15,12,16,22,15,6,0,22,0,5,16,22,15,12,16,22,0,5,16,15,6,0,22,0,5,16,0,15,6,0,22,0,5,16,0,15,6,0,22,0,5,16,15,6,0,22,0,5,16,0,15,6,0,22,0,5,16,0,15,6,0,22,0,5,16,0,0,0,22,0,0,0,0,15,6,0,0,0,5,16,0,0,0,0,22,0,0,0,13,11,25,26,9,4,2,13,15,26,14,19,13,26,16,13,2,4,9,25,25,11,14,15,12,20,6,15,12,16,22,3,11,16,22,15,12,3,22,15,12,16,6,19,12,16,15,12,16,0,15,12,16,22,0,5,16,22,15,6,0,22,15,12,16,0,15,12,16,15,12,16,0,9,10,16,13,0,5,16,22,15,6,0,13,15,10,10,0,15,12,16,0,5,16,0,0,5,16,0,0,5,16,0,15,6,0,0,15,6,0,0,15,6,0
7,0,19,0,0,0,22,0,0,0,19,0,2,16,0,0,2,19,0,0,2,16,0,2,19,0,12,9,0,22,0,2,19,0,12,9,0,22,0,2,19,0,12,9,0,22,11,19,22,12,9,0,22,0,2,19,22,12,12,19,22,0,2,19,0,12,12,19,22,11,19,22,12,9,0,22,0,2,19,22,12,12,19,22,0,2,19,0,12,12,19,22,10,7,22,4,3,0,8,0,1,7,22,4,6,19,8,0,1,7,0,4,6,19,8,8,0,22,0,0,0,0,0,0,0,22,0,2,19,0,0,0,0,0,0,2,19,0,9,1,22,0,0,0,0,0,0,1,22,0,3,19,1,0,0,0,0,0,3,19,1,11,19,22,12,9,0,0,0,2,19,22,12,12,19,22,0,0,0,0,12,12,19,22,11,19,22,12,9,0,5,0,2,19,22,12,12,19,22,0,0,4,0,12,12,19,22,11,19,22,12,9,0,22,0,2,19,22,12,12,19,22,0,2,19,0,12,12,19,22,11,19,22,12,9,0,22,0,2,19,22,12,12,19,22,0,2,19,0,12,12,19,22,9,19,17,12,9,0,22,0,2,19,17,12,12,15,22,0,2,19,0,12,12,15,22,2,19,0,12,9,0,22,0,2,19,0,12,9,0,22,0,2,19,0,12,9,0,22,10,19,19,12,12,17,22,11,11,19,19,12,12,17,22,11,11,19,19,12,12,17,22,11,19,22,12,12,19,22,12,12,19,22,12,12,19,22,12,12,19,22,12,12,19,22,11,17,22,11,11,19,19,12,12,17,22,11,11,19,19,12,12,17,22,11,11,19,19,8,0,22,7,10,19,0,12,15,7,24,0,2,22,7,17,9,0,22,7,10,19,0,8,0,22,25,25,19,0,12,26,25,28,0,2,28,25,27,9,0,22,25,25,19,0,8,0,22,0,2,19,0,12,9,0,22,0,2,19,0,12,9,0,22,0,2,19,0,8,0,22,0,2,19,0,12,9,0,22,0,2,19,0,12,9,0,22,0,2,19,0,8,0,22,0,2,19,0,12,9,0,22,0,2,19,0,12,9,0,22,0,2,19,0,8,0,22,0,2,19,0,12,9,0,22,0,2,19,0,12,9,0,22,0,2,19,0,8,0,22,0,2,19,0,12,9,0,22,0,2,19,0,12,9,0,22,0,2,19,0
23,3,0,13,23,1,5,23,9,0,21,17,0,13,23,1,5,23,9,0,21,17,0,29,29,7,16,29,1,0,1,0,0,1,1,0,1,1,0,0,1,0,0,1,1,0,17,17,4,13,22,1,0,0,0,0,0,0,0,0,0,0,0,0,0,0,0,0,0,11,11,11,11,11,11,11,11,11,11,11,11,11,11,11,11,11,11,11,11,11,11,11,4,4,4,4,4,4,4,4,4,4,4,4,4,4,4,4,4,4,4,4,4,4,4,0,0,0,0,1,15,15,4,0,0,12,15,15,15,15,15,10,0,0,0,0,12,15,0,0,0,0,2,29,29,8,0,0,22,29,29,29,29,29,18,0,0,0,0,23,29,0,0,0,0,0,2,15,8,0,0,2,2,2,2,2,6,18,0,0,0,0,23,2,0,0,0,22,0,0,13,20,17,17,17,17,17,11,0,3,18,0,0,0,0,22,0,0,0,0,22,0,0,13,8,0,0,0,0,0,0,0,3,18,0,0,0,0,22,0,0,0,0,22,0,0,13,8,0,0,10,13,13,13,13,16,18,0,0,0,0,23,13,0,0,0,11,1,11,20,8,0,0,22,29,29,29,29,29,18,0,0,0,0,23,29,0,0,0,0,2,29,29,8,0,0,3,4,4,4,4,8,18,0,0,0,0,23,4,0,0,0,0,0,6,6,2,0,0,0,0,0,0,0,3,18,0,0,0,0,22,0,17,17,17,17,17,17,17,17,17,17,17,17,17,17,17,4,18,0,0,0,0,22,2,0,0,0,0,0,0,0,0,0,0,0,0,0,0,0,3,18,0,0,0,0,22,0,25,25,25,25,25,25,6,11,25,25,25,25,25,25,6,3,18,0,0,0,0,22,0,22,22,29,28,22,22,6,9,24,29,25,22,22,22,6,3,18,0,0,0,0,22,0,0,0,26,21,0,0,0,0,6,29,11,0,0,0,0,3,18,0,0,0,0,22,0,27,0,26,21,2,27,27,18,6,29,11,0,14,17,17,18,17,0,0,0,0,21,17,4,0,26,21,0,4,4,3,6,29,11,0,0,0,0,0,0,0,0,0,0,0,0,23,23,29,28,23,23,23,23,25,29,26,23,23,23,6,0,0,0,0,0,0,0,0,25,25,25,25,25,25,25,25,25,25,25,25,25,25,6,0,0,0,0,0,0,0,0
0,0,0,0,0,0,0,2,19,0,12,9,0,15,29,2,0,0,12,9,0,0,0,0,16,17,17,17,17,6,2,19,0,12,9,0,15,29,2,0,0,12,9,0,0,0,0,0,0,0,0,0,0,2,19,0,12,9,0,15,29,2,0,0,12,9,0,0,0,0,16,17,17,17,17,17,17,15,0,12,9,0,15,29,2,0,0,12,9,0,0,0,0,0,0,0,0,8,19,18,17,12,12,9,0,15,29,2,0,0,12,9,0,0,0,0,8,0,0,0,0,12,11,7,0,12,9,0,15,29,2,0,0,12,9,0,0,0,0,8,0,0,0,0,12,12,19,0,12,9,0,15,29,2,0,0,12,9,0,13,0,0,5,0,0,0,0,12,12,19,0,12,9,0,15,29,2,0,0,12,9,0,22,0,0,5,5,5,5,5,16,14,6,4,12,9,0,10,19,1,0,0,12,9,0,22,0,0,10,10,10,14,14,14,14,14,12,15,9,0,0,0,0,0,0,12,9,0,22,0,0,0,0,0,10,12,12,12,12,12,12,4,0,0,0,0,0,0,12,9,0,22,0,0,7,7,7,7,7,7,7,7,7,7,7,7,7,7,5,0,0,12,9,0,22,0,0,8,8,8,8,8,8,8,8,8,8,8,8,8,8,6,0,0,12,9,0,22,0,0,19,19,19,19,19,19,1,0,0,0,0,0,0,0,0,0,0,12,9,0,22,0,0,28,29,29,28,28,28,1,0,0,0,0,0,0,0,0,0,0,12,9,0,22,0,0,15,29,3,6,0,4,3,0,0,0,0,0,15,28,2,0,0,12,9,0,22,0,0,15,29,5,19,0,12,9,16,21,21,13,0,15,29,2,0,0,12,9,0,22,0,0,15,29,5,19,0,12,9,8,28,14,6,0,15,29,2,0,0,12,9,0,22,0,0,20,29,12,10,9,10,0,0,27,4,0,0,15,29,2,0,0,12,9,0,22,0,0,28,29,29,29,29,29,1,0,27,4,0,0,13,25,2,0,0,12,9,0,22,0,0,8,8,8,8,8,8,0,0,27,4,0,0,0,0,0,0,0,12,9,0,22,0,0,0,0,0,0,0,0,0,0,27,4,0,0,0,0,0,0,0,12,9,0,22,0,0,16,17,17,17,17,13,0,0,27,4,13,17,17,17,12,0,0,12,9,0,22,0
0,7,15,25,4,13,8,0,22,6,29,11,0,13,8,26,21,13,8,0,16,29,1,0,17,22,22,10,13,8,0,22,6,29,11,0,13,8,26,21,13,8,0,16,29,1,0,0,0,0,0,5,3,0,8,6,29,11,0,5,3,26,21,5,3,0,16,29,1,0,0,0,0,0,4,27,27,27,28,29,28,16,2,27,29,29,26,0,21,29,29,28,0,0,0,0,0,3,20,20,20,20,20,20,12,2,20,20,20,19,0,16,20,20,20,7,7,7,7,7,7,7,7,7,7,7,7,7,7,7,7,7,7,7,7,7,7,7,8,8,8,8,8,8,8,8,8,8,8,8,8,8,8,8,8,8,8,8,8,8,8,11,11,11,11,11,11,0,0,0,0,0,9,11,11,11,11,11,11,11,11,11,11,11,4,4,4,4,4,4,0,0,0,4,9,14,14,14,14,14,11,4,4,4,4,4,4,0,0,12,0,0,0,0,0,0,13,13,6,6,6,6,6,4,0,0,7,4,0,0,0,0,22,0,0,0,0,0,0,13,8,0,2,12,0,0,0,0,0,13,8,0,0,0,0,22,0,0,0,0,0,0,13,8,0,3,18,0,0,0,0,0,13,8,0,0,0,0,16,0,0,0,0,0,0,13,8,0,2,13,0,0,0,0,0,10,6,0,0,15,15,15,15,15,15,15,10,0,13,8,0,7,15,15,15,15,15,15,15,15,15,15,14,14,14,14,14,14,5,18,0,13,8,11,14,14,14,14,14,14,14,14,14,14,14,2,2,2,2,2,2,4,18,0,13,8,2,23,2,2,2,2,2,2,2,2,2,2,17,17,17,17,17,6,3,18,0,13,8,0,22,0,8,17,17,17,17,17,17,17,11,0,0,0,0,0,0,3,18,0,13,8,0,22,0,0,0,0,0,0,0,0,0,0,13,13,13,13,13,13,4,18,0,13,8,0,23,13,13,13,13,13,13,13,13,13,13,2,2,2,2,2,2,4,18,0,13,8,9,14,14,14,7,2,2,2,2,2,2,2,0,0,16,0,0,0,3,18,0,13,8,4,5,16,12,1,0,0,0,5,3,0,0,0,0,22,0,0,0,3,18,0,13,8,0,22,13,8,0,0,0,0,13,8,0,0,0,0,22,0,0,0,3,18,0,13,8,0,22,13,8,0,0,0,0,13,8,0,0
25,9,0,22,18,0,14,25,1,0,22,0,0,22,18,0,14,25,1,5,25,9,0,29,11,0,26,21,0,16,29,1,0,22,0,0,26,21,0,16,29,1,6,29,11,0,29,11,0,26,21,0,16,29,1,0,22,0,0,26,21,0,16,29,1,6,29,11,0,29,11,0,26,21,0,16,29,1,0,22,0,0,26,21,0,16,29,1,6,29,11,0,29,11,0,26,21,0,16,29,1,0,22,0,0,26,21,0,16,29,1,6,29,11,0,0,0,0,0,0,0,0,0,0,0,22,0,0,0,0,0,0,0,0,0,0,0,0,0,0,0,0,0,0,0,0,0,0,22,0,0,0,0,0,0,0,0,0,0,0,0,0,0,0,0,0,0,0,0,0,0,22,0,0,0,0,0,0,0,0,0,0,0,0,17,17,17,17,17,17,11,0,0,0,22,0,0,0,8,17,17,17,17,17,17,17,17,0,0,0,0,0,0,0,0,0,0,22,0,0,0,0,8,9,9,9,9,9,9,0,0,0,0,0,0,0,0,0,0,0,22,0,0,0,0,26,29,29,29,29,29,29,0,18,7,0,17,13,0,10,18,1,0,6,0,0,0,0,26,24,8,8,27,24,8,0,29,11,0,26,21,0,16,29,1,0,0,0,0,0,0,26,21,11,7,26,21,11,7,29,11,0,26,21,0,16,29,1,6,29,11,0,0,0,26,21,13,8,26,21,13,8,29,11,0,26,21,0,16,29,1,6,29,11,0,0,0,26,21,13,8,26,21,13,8,29,11,0,26,21,0,16,29,1,6,29,11,0,0,0,26,21,2,1,26,21,2,1,5,2,0,5,4,0,3,5,0,1,5,2,0,0,0,26,21,1,27,29,29,26,0,0,0,0,0,0,0,0,0,0,0,0,0,0,0,0,24,19,1,20,20,20,19,0,7,7,7,7,7,7,7,7,7,7,7,7,7,7,7,7,7,7,7,7,7,7,7,8,8,8,8,8,8,8,8,8,8,8,8,8,8,8,8,8,8,8,8,8,8,8,0,0,0,5,11,11,11,11,11,11,0,0,1,11,11,3,0,0,0,0,0,0,0,0,0,0,13,29,29,29,29,29,27,0,0,3,29,29,7,0,0,0,6,29,11,0,0,0,0,13,13,6,6,6,6,6,0,0,3,21,6,1,0,0,0,6,29,11,0
0,0,0,26,21,0,16,29,1,6,29,11,0,0,0,0,1,9,0,6,4,0,11,0,0,0,26,21,0,16,29,1,6,29,11,0,0,0,0,3,18,0,13,8,0,22,28,11,0,26,21,0,16,29,1,6,29,11,0,26,21,0,3,18,0,13,8,0,22,29,11,0,26,21,0,16,29,1,6,29,11,0,26,21,0,3,18,0,13,8,0,22,29,11,0,26,21,0,16,29,1,6,29,11,0,26,21,0,3,18,0,13,8,0,22,29,11,0,26,21,0,16,29,1,6,29,11,0,7,5,0,3,18,0,13,8,0,22,25,10,0,26,21,0,16,29,1,6,29,11,0,0,0,0,3,27,23,26,8,0,23,0,0,0,26,21,0,16,29,1,6,29,11,0,0,0,0,3,22,8,18,8,0,23,0,0,0,26,21,0,16,29,1,6,29,11,0,0,0,11,11,18,19,13,12,15,22,0,0,0,26,21,0,16,29,1,6,29,11,0,0,0,13,12,18,22,13,12,18,22,0,0,0,26,21,0,16,29,1,6,29,11,0,0,0,13,12,17,22,12,12,18,20,10,4,0,26,21,0,16,29,1,6,29,11,0,0,0,13,8,0,22,0,3,18,0,29,11,0,26,21,0,16,29,1,6,29,11,0,0,0,13,8,0,22,10,10,18,16,29,11,0,26,21,0,16,29,1,6,29,11,0,0,0,13,8,0,22,13,12,18,22,29,11,0,26,21,0,16,29,1,6,29,11,0,0,0,13,8,0,22,13,12,18,22,29,11,0,25,20,0,15,27,1,6,27,11,0,0,0,4,2,0,22,13,12,18,22,29,11,0,0,0,0,0,0,0,0,0,0,0,0,0,0,0,0,22,13,12,18,22,29,11,0,13,10,0,8,14,0,3,14,5,0,0,0,0,0,0,3,13,9,2,22,1,0,0,26,21,0,16,29,1,6,29,11,0,0,0,0,0,0,0,13,8,0,22,0,0,0,26,21,0,16,29,1,6,29,11,0,0,0,4,2,0,7,13,10,6,22,0,0,0,26,21,0,16,29,1,6,29,11,0,0,0,13,8,0,22,13,12,18,22,0,0,0,26,21,0,16,29,1,6,29,11,0,0,0,13,8,0,22,13,12,18,22,4,1,0,26,21,0,16,29,1,6,29,11,0,0,0,13,8,0,22,0,4,18,0
18,0,8,11,18,22,0,6,8,24,13,8,3,8,18,12,18,0,8,11,18,22,0,18,0,0,3,18,22,0,0,0,22,13,8,0,0,13,12,18,0,0,3,18,22,0,18,0,13,12,18,22,0,3,18,22,13,8,0,22,13,12,18,0,13,12,18,22,0,18,0,13,9,1,22,0,3,18,2,13,8,0,22,1,4,18,0,13,9,1,22,0,18,0,13,29,29,28,0,3,29,29,29,8,0,23,29,29,18,0,13,29,29,28,0,1,0,1,2,2,2,0,0,2,2,2,0,0,2,2,2,1,0,1,2,2,2,0,17,17,17,17,17,17,17,17,17,17,17,17,17,17,17,17,17,17,17,17,17,17,17,0,0,0,0,0,0,0,0,0,0,0,0,0,0,0,0,0,0,0,0,0,0,0,15,0,11,7,0,19,0,3,15,0,11,7,0,19,0,3,15,0,11,7,0,19,0,18,0,13,8,0,22,0,3,18,0,13,8,0,22,0,3,18,0,13,8,0,22,0,18,0,13,8,0,22,0,3,18,0,13,8,0,22,0,3,18,0,13,8,0,22,0,18,0,13,8,0,22,0,3,18,0,13,8,0,22,0,3,18,0,13,8,0,22,0,18,0,13,8,0,22,0,3,18,0,13,8,0,22,0,3,18,0,13,8,0,22,0,18,0,13,11,3,23,0,3,20,3,16,8,0,23,3,7,18,0,13,11,3,23,0,18,0,13,29,28,28,0,3,29,28,29,8,0,23,28,29,18,0,13,29,28,28,0,18,3,13,9,3,22,2,5,18,3,13,9,3,22,2,5,18,3,13,9,3,22,2,18,22,13,12,18,22,13,12,18,22,13,12,18,22,13,12,18,22,13,12,18,22,13,18,22,13,12,18,22,13,12,18,22,13,12,18,22,13,12,18,22,13,12,18,22,13,10,22,7,9,18,13,13,11,10,22,7,9,18,13,13,11,10,22,7,9,18,13,13,0,22,0,3,18,1,13,9,1,22,0,3,18,0,13,9,1,22,0,4,18,0,13,0,22,0,3,18,22,13,12,18,22,0,3,18,0,13,12,18,22,13,12,18,0,13,0,22,0,3,18,22,13,12,18,22,0,3,18,0,13,12,18,22,13,12,18,0,13,0,22,0,3,18,22,13,12,18,22,0,3,18,0,13,12,18,22,13,12,18,0,13
22,6,9,15,0,16,5,0,22,6,9,15,9,16,5,0,22,0,6,15,9,16,7,22,16,12,15,0,16,5,0,22,16,12,15,22,16,5,0,22,0,6,15,22,16,10,22,16,12,15,0,16,5,0,22,16,12,15,22,16,5,0,22,0,6,15,22,16,10,22,16,12,15,0,10,3,0,22,16,12,15,22,16,5,0,14,0,6,15,22,16,10,22,16,12,15,0,0,0,0,22,16,12,15,22,16,5,0,0,0,6,15,22,16,10,10,16,9,7,0,0,0,0,10,16,9,7,22,7,2,0,0,0,3,7,22,7,7,0,16,5,0,0,0,0,0,0,16,5,0,22,0,0,0,0,0,0,0,22,0,4,0,16,5,0,0,0,0,0,0,16,5,0,22,0,0,0,0,0,0,0,22,0,4,22,16,12,15,0,16,5,0,22,16,12,15,22,16,5,0,22,0,6,15,22,16,10,22,16,12,15,0,16,5,0,22,16,12,15,22,16,5,0,22,0,6,15,22,16,10,22,6,9,15,0,16,5,0,22,6,9,15,8,16,5,0,22,0,6,15,8,16,7,9,7,5,6,0,16,5,0,9,7,5,6,10,7,2,0,22,0,3,6,10,7,4,0,16,5,0,0,16,5,0,0,16,5,0,22,0,0,0,22,0,0,0,22,0,4,13,16,5,0,5,16,7,3,0,16,10,9,22,0,1,3,22,3,1,0,22,10,8,22,16,5,0,22,16,12,15,0,16,12,15,22,0,6,15,22,16,5,0,22,16,10,22,16,5,0,22,16,12,15,0,16,12,15,22,0,6,15,22,16,5,0,22,16,10,22,16,26,13,22,9,9,15,23,28,12,15,26,25,11,15,12,16,11,25,25,16,10,4,3,12,15,0,0,0,0,23,6,2,3,6,20,5,0,0,0,6,19,6,3,2,13,0,6,15,0,9,3,0,22,0,3,9,0,16,5,0,13,0,6,15,0,9,3,22,0,6,15,0,16,5,0,22,0,6,15,0,16,5,0,22,0,6,15,0,16,5,22,0,6,15,14,16,10,10,22,0,6,15,0,16,10,10,22,10,10,15,0,16,5,22,6,9,15,22,16,12,15,22,6,9,15,9,16,12,15,22,16,12,15,9,16,7,22,16,12,15,22,16,12,15,22,16,12,15,22,16,12,15,22,16,12,15,22,16,10
0,0,0,0,0,0,14,18,18,8,0,0,0,0,0,0,0,0,0,0,0,0,0,17,17,17,17,17,17,17,17,17,17,17,17,17,17,17,17,17,17,17,17,17,17,17,0,0,0,0,0,0,0,0,0,0,0,0,0,0,0,0,0,0,0,0,0,0,0,0,0,0,0,0,0,0,0,0,0,0,0,0,0,0,0,0,0,0,0,0,0,0,0,5,8,0,2,8,3,0,8,6,0,5,8,0,2,8,3,0,8,6,0,5,8,0,16,29,1,6,29,11,0,26,21,0,16,29,1,6,29,11,0,26,21,0,16,29,0,16,29,1,6,29,11,0,26,21,0,16,29,1,6,29,11,0,26,21,0,16,29,0,16,29,1,6,29,11,0,26,21,0,16,29,1,6,29,11,0,26,21,0,16,29,0,16,29,1,6,29,11,0,26,21,0,16,29,1,6,29,11,0,26,21,0,16,29,0,9,15,1,3,15,6,0,14,11,0,9,15,1,3,15,6,0,14,11,0,9,15,0,0,0,0,0,0,0,0,0,0,0,0,0,0,0,0,0,0,0,0,0,0,0,0,0,0,0,0,0,0,0,0,0,0,0,0,0,0,0,0,0,0,0,0,0,0,17,17,17,17,17,17,17,17,17,17,17,17,17,17,17,17,17,17,17,17,17,17,17,0,0,0,0,0,0,0,0,1,17,17,17,2,0,0,0,0,0,0,0,0,0,0,0,11,20,1,4,20,8,0,1,14,14,29,3,0,4,20,8,0,18,15,0,11,20,0,16,29,1,6,29,11,0,0,13,0,28,3,0,6,29,11,0,26,21,0,16,29,0,16,29,1,6,29,11,0,0,22,0,28,3,0,6,29,11,0,26,21,0,16,29,0,16,29,1,6,29,11,0,0,22,0,28,3,0,6,29,11,0,26,21,0,16,29,0,16,29,1,6,29,11,0,0,22,0,28,3,0,6,29,11,0,26,21,0,16,29,0,16,29,1,6,29,11,0,0,22,0,28,3,0,6,29,11,0,26,21,0,16,29,0,12,21,1,5,21,8,0,0,3,3,29,3,0,5,21,8,0,19,16,0,12,21,0,0,0,0,0,0,0,0,2,28,28,28,3,0,0,0,0,0,0,0,0,0,0,7,7,7,7,7,7,7,7,7,7,7,7,7,7,7,7,7,7,7,7,7,7,7
18,18,18,18,18,18,18,18,18,18,18,18,18,18,18,18,18,18,18,18,18,18,18,13,13,13,13,18,26,13,13,13,13,13,13,18,26,13,13,13,13,13,13,18,26,13,2,0,0,0,8,23,0,3,2,0,0,0,8,23,0,3,2,0,0,0,8,23,0,8,0,3,1,9,23,10,13,8,0,3,1,9,23,10,13,8,0,3,1,9,23,10,8,0,22,10,14,23,16,13,8,0,22,10,14,23,16,13,8,0,22,10,14,23,16,8,0,22,10,14,23,16,13,8,0,22,10,14,23,16,13,8,0,22,10,14,23,16,8,0,0,10,14,23,6,13,8,0,0,10,14,23,6,13,8,0,0,10,14,23,6,8,0,0,0,12,23,0,13,8,0,0,0,12,23,0,13,8,0,0,0,12,23,0,0,0,0,4,27,22,0,0,0,0,0,4,27,22,0,0,0,0,0,4,27,22,0,8,8,8,8,8,8,8,8,8,8,8,8,8,8,8,8,8,8,8,8,8,8,8,7,7,7,7,7,7,7,7,7,7,7,7,7,7,7,7,7,7,7,7,7,7,7,0,0,0,0,0,0,0,0,0,17,20,20,20,20,20,19,0,16,20,20,20,5,9,11,0,0,0,0,0,0,0,0,23,27,27,27,29,29,26,0,21,29,29,28,7,12,21,0,0,0,0,0,0,0,1,6,0,5,3,26,21,0,1,6,16,29,3,6,0,21,0,0,0,9,22,22,18,3,18,0,13,8,26,21,0,3,18,16,29,5,18,0,21,0,0,0,4,9,29,10,3,18,0,13,8,26,21,0,3,18,16,29,5,18,0,21,0,0,0,0,0,28,3,0,9,10,10,10,28,24,10,10,10,21,29,12,10,10,6,0,0,0,0,0,28,3,0,25,29,29,29,29,29,29,29,29,29,29,29,29,29,0,0,0,0,0,0,28,3,0,6,7,7,7,7,7,7,7,7,7,7,7,7,7,0,0,0,0,0,0,28,3,0,0,0,0,0,0,0,0,0,0,0,0,0,0,0,8,17,17,17,17,0,28,3,0,10,17,17,17,17,17,17,17,17,17,17,17,17,17,0,0,4,8,8,8,29,11,8,3,4,8,8,8,8,8,8,5,0,0,0,0,0,0,0,9,19,19,19,19,19,19,7,9,19,19,19,19,19,19,12,0,0,0,0,0
12,18,22,0,3,18,22,13,12,18,0,13,12,18,22,13,8,0,22,13,12,18,22,12,18,22,0,3,18,22,13,12,18,0,13,12,18,22,13,8,0,22,13,12,18,22,12,18,22,0,3,18,22,13,12,18,0,13,12,18,22,13,8,0,22,13,12,18,22,4,18,22,0,3,18,22,1,4,18,0,13,9,1,22,13,8,0,22,13,9,1,22,3,18,22,0,3,18,22,0,3,18,0,13,8,0,22,13,8,0,22,13,8,0,22,0,1,22,0,3,18,2,0,0,2,0,1,1,0,2,13,8,0,22,1,0,0,3,0,11,25,0,3,24,9,0,0,0,0,0,0,0,6,21,8,0,23,13,0,0,0,0,15,18,0,2,18,13,0,14,25,1,0,0,0,9,18,5,0,15,18,0,5,25,0,0,0,0,0,0,0,0,16,29,1,0,0,0,0,0,0,0,0,0,0,6,29,0,0,0,0,0,0,0,0,16,29,1,0,0,0,0,0,0,0,0,0,0,6,29,0,0,0,0,0,0,0,0,16,29,1,0,0,0,0,0,0,0,0,0,0,6,29,0,0,0,0,0,0,0,0,16,29,1,0,0,0,0,0,0,0,0,0,0,6,29,0,14,17,0,2,17,12,0,0,0,0,0,0,0,8,17,5,0,14,17,0,0,0,0,12,25,0,3,24,10,0,0,0,0,0,0,0,7,21,8,0,23,14,0,0,0,0,1,22,0,3,18,1,0,0,1,0,0,0,0,1,13,8,0,22,0,0,0,1,3,18,22,0,3,18,22,0,3,18,0,13,8,0,22,13,8,0,22,13,8,0,22,4,18,22,0,3,18,22,0,4,18,0,13,9,0,22,13,8,0,22,13,9,0,22,12,18,22,0,3,18,22,13,12,18,0,13,12,18,22,13,8,0,22,13,12,18,22,12,18,22,0,3,18,22,13,12,18,0,13,12,18,22,13,8,0,22,13,12,18,22,12,18,22,0,3,18,22,13,12,18,0,13,12,18,22,13,8,0,22,13,12,18,22,12,18,22,0,3,18,22,13,12,18,0,13,12,18,22,13,8,0,22,13,12,18,22,4,18,0,0,0,0,22,0,2,9,0,6,4,0,22,0,0,0,0,13,9,0,11,10,18,16,11,10,13,22,9,6,0,0,0,2,13,22,9,9,15,16,13,11,13,0
7,14,0,17,4,0,22,7,9,14,9,17,4,0,22,0,7,14,9,17,8,5,22,7,14,0,17,4,0,22,17,12,14,22,17,4,0,22,0,7,14,22,17,12,14,22,7,14,0,17,4,0,22,17,12,14,22,17,4,0,22,0,7,14,22,17,12,14,22,7,14,0,11,3,0,22,17,12,14,22,17,4,0,14,0,7,14,22,17,12,14,22,7,14,0,0,0,0,22,17,12,14,22,17,4,0,0,0,7,14,22,17,12,14,22,3,6,0,0,0,0,10,17,8,6,22,8,2,0,0,0,3,6,22,8,10,14,10,0,0,0,0,0,0,0,17,4,0,22,0,0,0,0,0,0,0,22,0,7,14,0,0,0,0,0,0,0,0,17,4,0,22,0,0,0,0,0,0,0,22,0,7,14,0,7,14,0,17,4,0,22,17,12,14,22,17,4,0,22,0,7,14,22,17,12,14,22,7,14,0,17,4,0,22,17,12,14,22,17,4,0,22,0,7,14,22,17,12,14,22,7,14,0,17,4,0,22,6,9,14,8,17,4,0,22,0,7,14,8,17,7,5,22,3,6,0,17,4,0,9,8,5,6,10,7,2,0,22,0,3,6,10,7,5,6,9,0,0,0,17,4,0,0,17,4,0,22,0,0,0,22,0,0,0,22,0,7,14,0,0,0,5,17,6,3,0,17,9,8,22,0,1,3,22,4,1,0,22,10,10,14,0,0,0,22,17,12,14,0,17,12,14,22,0,7,14,22,17,4,0,22,17,12,14,0,0,0,22,17,12,14,0,17,12,14,22,0,7,14,22,17,4,0,22,17,12,14,0,20,12,22,9,10,14,24,28,12,14,27,25,12,14,12,17,11,25,24,17,12,27,21,11,14,0,0,0,0,24,6,2,2,6,20,4,0,0,0,7,18,5,3,2,6,23,7,14,0,10,2,0,22,0,4,8,0,17,4,0,13,0,7,14,0,10,2,0,22,7,14,0,17,4,0,22,0,7,14,0,17,4,0,22,0,7,14,0,17,4,0,22,7,14,14,17,10,9,22,0,7,14,0,17,10,9,22,11,11,14,0,17,4,0,22,7,14,22,17,12,14,22,7,9,14,9,17,12,14,22,17,12,14,9,17,8,5,22,7,14,22,17,12,14,22,17,12,14,22,17,12,14,22,17,12,14,22,17,12,14,22
22,0,6,8,24,13,8,3,8,18,12,18,0,8,11,18,22,0,6,8,24,13,8,22,0,0,0,22,13,8,0,0,13,12,18,0,0,3,18,22,0,0,0,22,13,8,22,0,3,18,22,13,8,0,22,13,12,18,0,13,12,18,22,0,3,18,22,13,8,22,0,3,18,2,13,8,0,22,1,4,18,0,13,9,1,22,0,3,18,2,13,8,28,0,3,29,29,29,8,0,23,29,29,18,0,13,29,29,28,0,3,29,29,29,8,2,0,0,2,2,2,0,0,2,2,2,1,0,1,2,2,2,0,0,2,2,2,0,17,17,17,17,17,17,17,17,17,17,17,17,17,17,17,17,17,17,17,17,17,17,17,0,0,0,0,0,0,0,0,0,0,0,0,0,0,0,0,0,0,0,0,0,0,0,19,0,3,15,0,11,7,0,19,0,3,15,0,11,7,0,19,0,3,15,0,11,7,22,0,3,18,0,13,8,0,22,0,3,18,0,13,8,0,22,0,3,18,0,13,8,22,0,3,18,0,13,8,0,22,0,3,18,0,13,8,0,22,0,3,18,0,13,8,22,0,3,18,0,13,8,0,22,0,3,18,0,13,8,0,22,0,3,18,0,13,8,22,0,3,18,0,13,8,0,22,0,3,18,0,13,8,0,22,0,3,18,0,13,8,23,0,3,20,3,16,8,0,23,3,7,18,0,13,11,3,23,0,3,20,3,16,8,28,0,3,29,28,29,8,0,23,28,29,18,0,13,29,28,28,0,3,29,28,29,8,22,2,5,18,3,13,9,3,22,2,5,18,3,13,9,3,22,2,5,18,3,13,9,22,13,12,18,22,13,12,18,22,13,12,18,22,13,12,18,22,13,12,18,22,13,12,22,13,12,18,22,13,12,18,22,13,12,18,22,13,12,18,22,13,12,18,22,13,12,13,13,11,10,22,7,9,18,13,13,11,10,22,7,9,18,13,13,11,10,22,7,9,0,13,8,0,22,0,4,18,1,13,8,0,22,0,3,18,1,13,9,1,22,0,3,0,13,8,0,22,13,12,18,22,13,8,0,22,0,3,18,22,13,12,18,22,0,3,0,13,8,0,22,13,12,18,22,13,8,0,22,0,3,18,22,13,12,18,22,0,3,0,13,8,0,22,13,12,18,22,13,8,0,22,0,3,18,22,13,12,18,22,0,3
12,25,25,25,0,3,25,25,25,7,0,20,25,25,16,0,12,25,25,25,0,3,25,13,14,9,24,0,3,21,10,17,8,0,23,8,11,18,0,13,14,9,24,0,3,21,13,12,18,22,0,3,18,22,13,8,0,22,13,12,18,0,13,12,18,22,0,3,18,3,6,18,22,0,1,5,22,13,8,0,6,13,12,18,0,3,6,18,22,0,1,5,1,5,18,22,0,1,1,23,13,8,0,1,15,12,18,0,1,5,18,22,0,1,1,29,29,18,22,0,20,29,28,13,8,10,29,29,12,18,0,29,29,18,22,0,20,29,0,0,0,22,0,0,0,0,13,8,0,0,0,4,18,0,0,0,0,22,0,0,0,13,27,27,28,0,3,27,27,28,8,0,22,27,28,18,0,13,27,27,28,0,3,27,13,12,4,23,0,3,20,4,16,8,0,23,4,8,18,0,13,12,4,23,0,3,20,13,11,11,22,8,9,18,13,13,11,11,22,8,9,18,13,13,11,11,22,8,9,18,13,12,18,22,13,12,18,22,13,12,18,22,13,12,18,22,13,12,18,22,13,12,18,13,12,18,22,13,12,18,22,13,12,18,22,13,12,18,22,13,12,18,22,13,12,18,13,12,18,22,13,12,18,22,13,12,18,22,13,12,18,22,13,12,18,22,13,12,18,13,10,5,22,4,6,18,6,13,10,5,22,4,6,18,6,13,10,5,22,4,6,18,13,8,0,22,0,3,18,0,13,8,0,22,0,3,18,0,13,8,0,22,0,3,18,13,8,0,22,0,3,18,0,13,8,0,22,0,3,18,0,13,8,0,22,0,3,18,13,8,0,22,0,3,18,0,13,8,0,22,0,3,18,0,13,8,0,22,0,3,18,13,8,0,22,0,3,18,0,13,8,0,22,0,3,18,0,13,8,0,22,0,3,18,6,3,0,9,0,1,8,0,6,3,0,9,0,1,8,0,6,3,0,9,0,1,8,11,11,11,11,11,11,11,11,11,11,11,11,11,11,11,11,11,11,11,11,11,11,11,4,4,4,4,4,4,4,4,4,4,4,4,4,4,4,4,4,4,4,4,4,4,4,7,15,15,15,0,2,15,15,15,4,0,12,15,15,10,0,7,15,15,15,0,2,15,12,19,17,24,0,3,23,17,21,8,0,21,17,18,17,0,12,19,17,24,0,3,23
15,15,0,2,15,15,15,4,0,12,15,15,10,0,7,15,15,15,0,2,15,15,15,6,6,0,0,6,6,6,2,0,5,6,6,4,0,3,6,6,6,0,0,6,6,6,13,13,13,13,13,13,13,13,13,13,13,13,13,13,13,13,13,13,13,13,13,13,13,2,2,2,2,2,2,2,2,2,2,2,2,2,2,2,2,2,2,2,2,2,2,2,0,16,0,2,13,0,10,6,0,16,0,2,13,0,9,6,0,16,0,2,13,0,10,0,22,0,3,18,0,13,8,0,22,0,3,18,0,13,8,0,22,0,3,18,0,13,0,22,0,3,18,0,13,8,0,22,0,3,18,0,13,8,0,22,0,3,18,0,13,0,22,0,3,18,0,13,8,0,22,0,3,18,0,13,8,0,22,0,3,18,0,13,0,22,0,3,18,0,13,8,0,22,0,3,18,0,13,8,0,22,0,3,18,0,13,11,22,8,9,18,13,13,11,11,22,8,9,18,13,13,11,11,22,8,9,18,13,13,18,22,13,12,18,22,13,12,18,22,13,12,18,22,13,12,18,22,13,12,18,22,13,18,22,13,12,18,22,13,12,18,22,13,12,18,22,13,12,18,22,13,12,18,22,13,18,22,13,12,18,22,13,12,18,22,13,12,18,22,13,12,18,22,13,12,18,22,13,5,22,4,6,18,6,13,10,5,22,4,6,18,6,13,10,5,22,4,6,18,6,13,13,25,0,3,24,13,21,8,0,23,13,16,18,0,13,18,13,25,0,3,24,13,21,18,18,0,3,25,18,18,5,0,23,18,18,12,0,13,22,18,18,0,3,25,18,18,9,9,5,3,18,7,9,8,0,22,4,9,9,2,13,10,9,9,5,3,18,7,9,27,22,13,3,18,23,22,20,0,22,13,25,22,5,13,12,27,22,13,3,18,23,22,18,0,0,3,18,22,0,0,0,22,13,8,0,0,13,12,18,0,0,3,18,22,0,18,12,0,3,18,22,7,4,0,22,13,11,10,0,13,12,18,12,0,3,18,22,7,10,22,0,3,18,13,13,8,0,22,7,9,18,0,13,11,10,22,0,3,18,13,13,15,26,0,3,24,15,22,8,0,23,15,17,18,0,13,20,15,26,0,3,24,15,22,17,16,0,2,17,17,17,5,0,13,17,17,10,0,7,17,17,16,0,2,17,17,17
0,0,0,0,0,0,0,0,0,0,0,0,0,0,0,0,0,0,0,0,0,0,0,0,0,0,0,0,0,0,0,0,0,0,0,0,0,0,0,0,0,0,0,0,0,0,8,8,8,8,8,8,8,8,8,8,8,8,8,8,8,8,8,8,8,8,8,8,8,7,7,7,7,7,7,7,7,7,7,7,7,7,7,7,7,7,7,7,7,7,7,7,1,0,0,8,20,20,20,12,1,20,20,20,19,0,15,20,20,20,5,14,25,1,0,29,1,0,11,28,29,28,16,1,27,29,29,26,0,20,29,29,28,7,16,29,1,6,29,1,0,3,6,29,11,3,0,0,26,21,2,1,0,16,29,2,3,16,29,1,6,29,1,0,22,6,29,11,22,0,0,26,21,13,8,0,16,29,5,18,16,29,1,6,29,1,0,22,6,29,11,22,0,0,26,21,13,8,0,16,29,5,18,16,29,1,6,29,1,0,18,6,29,11,18,0,0,26,21,11,7,0,16,29,5,15,16,29,1,6,29,1,0,4,13,29,17,8,8,8,27,24,8,8,8,20,29,10,8,20,29,1,6,10,0,0,14,29,29,29,29,29,29,29,29,29,29,29,29,29,29,29,29,29,1,2,0,0,0,4,9,9,9,9,9,9,9,9,9,9,9,9,9,9,9,9,9,0,0,17,17,17,17,17,17,17,17,17,17,17,17,17,17,17,17,17,17,17,17,17,17,17,0,0,0,0,0,0,0,0,0,0,0,0,0,0,0,0,0,0,0,0,0,0,0,0,0,0,2,6,6,6,6,6,6,6,6,6,6,6,6,6,6,6,6,6,0,0,25,1,0,11,29,29,29,29,29,29,29,29,29,29,29,29,29,29,29,29,27,0,6,29,1,0,4,11,11,11,22,29,13,11,11,11,11,11,22,29,13,11,11,11,0,6,29,1,0,0,0,0,0,16,29,1,0,0,0,0,0,16,29,1,0,0,0,0,6,29,1,0,6,14,14,3,16,29,1,11,14,14,14,3,16,29,1,11,14,13,0,6,9,0,0,4,9,9,2,5,9,0,7,9,9,9,2,5,9,0,7,9,9,0,2,0,0,0,0,0,0,0,0,0,0,0,0,0,0,0,0,0,0,0,0,0,0,0,0,0,0,0,0,0,0,0,0,0,0,0,0,0,0,0,0,0,0,0,0,0,0
13,12,18,0,13,12,18,0,4,5,5,5,5,13,25,8,8,8,8,8,8,8,3,13,12,18,0,13,12,18,0,22,29,29,29,29,29,23,0,0,12,27,27,27,27,27,13,12,18,0,13,12,18,0,9,12,12,12,12,12,10,0,0,9,20,20,20,20,20,13,12,18,0,13,12,18,0,1,7,7,7,7,7,7,7,7,7,7,7,7,7,7,13,12,18,0,13,12,18,0,1,8,8,8,8,8,8,8,8,8,8,8,8,8,8,13,12,18,0,13,12,18,0,0,0,14,17,17,17,17,17,18,5,0,0,0,0,0,13,10,6,0,5,7,18,0,0,0,0,4,9,9,6,0,13,8,0,0,0,8,14,13,9,1,0,1,4,18,0,0,0,0,3,6,10,18,0,13,11,10,0,0,16,29,13,12,18,0,13,12,18,0,0,0,0,16,0,3,18,0,13,12,18,0,0,16,29,13,12,18,0,13,12,18,0,0,0,0,22,0,3,18,0,13,12,18,0,0,12,21,27,12,15,0,11,11,28,25,25,25,25,28,0,3,18,0,13,9,1,0,0,0,0,6,2,0,0,0,0,6,6,6,6,6,24,0,3,18,0,13,20,15,15,15,0,0,0,0,0,0,0,0,0,0,0,0,0,22,0,3,21,5,6,6,6,5,0,0,0,0,0,0,0,0,0,0,0,0,0,0,0,0,1,10,10,10,10,10,7,0,0,0,17,17,17,17,17,17,17,17,17,17,17,17,17,17,17,17,17,17,17,17,17,17,17,0,0,0,0,0,0,0,0,0,0,0,0,0,0,1,4,1,0,0,0,0,0,0,0,0,0,0,0,0,0,0,0,0,0,0,0,0,6,29,11,11,29,29,29,17,0,0,5,8,0,2,8,3,0,8,6,0,5,8,0,6,29,11,7,21,29,23,11,0,0,16,29,1,6,29,11,0,26,21,0,16,29,1,6,29,11,10,6,29,11,10,0,0,16,29,1,6,29,11,0,26,21,0,16,29,1,6,29,11,22,6,29,11,22,0,0,16,29,1,6,29,11,0,26,21,0,16,29,1,6,29,11,22,6,29,11,22,0,0,16,29,1,6,29,11,0,26,21,0,16,29,1,6,29,11,11,6,29,11,11,0,0,9,15,1,3,15,6,0,14,11,0,9,15,1,6,29,22,17,20,29,22,12,0
13,12,15,22,11,11,18,19,13,12,15,22,11,11,18,19,13,12,15,22,11,11,18,13,8,0,22,0,3,18,0,13,8,0,22,0,3,18,0,13,8,0,22,0,3,18,28,8,0,23,27,28,18,0,13,28,27,28,0,3,29,27,28,8,0,23,27,28,18,16,8,0,3,4,8,18,0,2,4,4,23,0,0,4,4,16,8,0,3,4,8,18,13,8,8,23,23,11,18,0,23,23,15,22,0,16,23,23,13,8,8,23,23,11,18,13,8,3,8,18,12,18,0,8,11,18,22,0,6,8,24,13,8,3,8,18,12,18,13,8,0,0,13,12,18,0,0,3,18,22,0,0,0,22,13,8,0,0,13,12,18,13,8,0,22,13,12,18,0,13,12,18,22,0,3,18,22,13,8,0,22,13,12,18,13,8,0,22,1,4,18,0,13,9,1,22,0,3,18,2,13,8,0,22,1,4,18,29,8,0,23,29,29,18,0,13,29,29,28,0,3,29,29,29,8,0,23,29,29,18,2,0,0,2,2,2,1,0,1,2,2,2,0,0,2,2,2,0,0,2,2,2,1,17,17,17,17,17,17,17,17,17,17,17,17,17,17,17,17,17,17,17,17,17,17,17,0,0,0,0,0,0,0,0,0,0,0,0,0,0,0,0,0,0,0,0,0,0,0,12,7,0,19,0,3,16,0,12,7,0,19,0,3,16,0,12,7,0,19,0,3,16,13,8,0,22,0,3,18,0,13,8,0,22,0,3,18,0,13,8,0,22,0,3,18,13,8,0,22,0,3,18,0,13,8,0,22,0,3,18,0,13,8,0,22,0,3,18,13,8,0,22,0,3,18,0,13,8,0,22,0,3,18,0,13,8,0,22,0,3,18,13,8,0,22,0,3,18,0,13,8,0,22,0,3,18,0,13,8,0,22,0,3,18,13,11,13,22,10,10,18,16,13,11,13,22,10,10,18,16,13,11,13,22,10,10,18,13,12,18,22,13,12,18,22,13,12,18,22,13,12,18,22,13,12,18,22,13,12,18,13,12,18,22,13,12,18,22,13,12,18,22,13,12,18,22,13,12,18,22,13,12,18,13,12,18,22,13,12,18,22,13,12,18,22,13,12,18,22,13,12,18,22,13,12,18,13,9,3,22,2,5,18,3,13,9,3,22,2,5,18,3,13,9,3,22,2,5,18
13,12,15,22,11,11,18,19,13,12,15,22,11,11,18,19,13,12,15,22,11,11,18,13,8,0,22,0,3,18,0,13,8,0,22,0,3,18,0,13,8,0,22,0,3,18,28,8,0,23,27,28,18,0,13,28,27,28,0,3,29,27,28,8,0,23,27,28,18,16,8,0,3,4,8,18,0,2,4,4,23,0,0,4,4,16,8,0,3,4,8,18,13,8,8,23,23,11,18,0,23,23,15,22,0,16,23,23,13,8,8,23,23,11,18,13,8,3,8,18,12,18,0,8,11,18,22,0,6,8,24,13,8,3,8,18,12,18,13,8,0,0,13,12,18,0,0,3,18,22,0,0,0,22,13,8,0,0,13,12,18,13,8,0,22,13,12,18,0,13,12,18,22,0,3,18,22,13,8,0,22,13,12,18,13,8,0,22,1,4,18,0,13,9,1,22,0,3,18,2,13,8,0,22,1,4,18,29,8,0,23,29,29,18,0,13,29,29,28,0,3,29,29,29,8,0,23,29,29,18,2,0,0,2,2,2,1,0,1,2,2,2,0,0,2,2,2,0,0,2,2,2,1,17,17,17,17,17,17,17,17,17,17,17,17,17,17,17,17,17,17,17,17,17,17,17,0,0,0,0,0,0,0,0,0,0,0,0,0,0,0,0,0,0,0,0,0,0,0,12,7,0,19,0,3,16,0,12,7,0,19,0,3,16,0,12,7,0,19,0,3,16,13,8,0,22,0,3,18,0,13,8,0,22,0,3,18,0,13,8,0,22,0,3,18,13,8,0,22,0,3,18,0,13,8,0,22,0,3,18,0,13,8,0,22,0,3,18,13,8,0,22,0,3,18,0,13,8,0,22,0,3,18,0,13,8,0,22,0,3,18,13,8,0,22,0,3,18,0,13,8,0,22,0,3,18,0,13,8,0,22,0,3,18,13,11,13,22,10,10,18,16,13,11,13,22,10,10,18,16,13,11,13,22,10,10,18,13,12,18,22,13,12,18,22,13,12,18,22,13,12,18,22,13,12,18,22,13,12,18,13,12,18,22,13,12,18,22,13,12,18,22,13,12,18,22,13,12,18,22,13,12,18,13,12,18,22,13,12,18,22,13,12,18,22,13,12,18,22,13,12,18,22,13,12,18,13,9,3,22,2,5,18,3,13,9,3,22,2,5,18,3,13,9,3,22,2,5,18
18,0,13,8,0,22,13,8,0,22,13,8,0,22,0,3,18,22,0,3,18,22,0,8,0,6,4,0,9,13,8,0,22,6,3,0,10,0,1,8,22,0,3,18,9,0,1,0,0,0,0,1,16,8,0,23,3,0,0,0,0,0,3,23,0,3,20,2,0,10,0,0,0,0,14,28,8,0,23,28,0,0,0,0,0,24,28,0,3,28,20,0,0,0,0,0,0,0,0,0,0,0,0,0,0,0,0,0,0,0,0,0,0,0,0,0,0,0,0,0,0,0,0,0,0,0,0,0,0,0,0,0,0,0,0,0,0,0,0,0,0,0,0,0,0,0,0,0,0,0,0,0,0,0,0,0,0,0,0,0,0,0,0,0,0,0,0,0,0,0,0,0,0,0,0,0,0,0,0,0,0,0,0,0,2,0,0,0,0,3,7,2,0,6,7,0,0,0,0,0,6,7,0,1,7,5,0,9,0,0,0,0,12,27,8,0,23,25,0,0,0,0,0,20,27,0,3,28,17,0,0,0,0,0,0,0,13,8,0,22,0,0,0,0,0,0,0,22,0,3,18,0,0,13,0,10,6,0,16,13,8,0,22,10,6,0,16,0,2,13,22,0,3,18,16,0,18,0,13,8,0,22,13,8,0,22,13,8,0,22,0,3,18,22,0,3,18,22,0,18,16,13,11,13,22,13,8,0,22,13,11,13,22,9,10,18,22,0,3,18,22,9,18,22,13,12,18,22,13,8,0,22,13,12,18,22,13,12,18,22,0,3,18,22,13,18,22,13,12,18,22,13,8,0,22,13,12,18,22,13,12,18,22,0,3,18,22,13,18,22,13,12,18,22,13,8,0,22,13,12,18,22,13,12,18,22,0,3,18,22,13,18,8,11,8,6,22,5,3,0,8,13,10,6,19,5,7,18,8,0,1,6,22,5,18,8,0,1,6,22,5,5,9,8,13,10,6,0,5,7,18,8,6,5,6,22,5,18,22,6,8,18,22,13,12,18,22,13,12,18,11,13,12,18,22,13,12,18,22,13,18,22,13,12,18,22,13,12,18,22,13,12,18,22,13,12,18,22,13,12,18,22,13,18,0,13,9,0,22,0,4,18,0,13,9,0,22,0,4,18,0,13,9,0,22,0,18,0,13,8,0,22,11,11,18,18,13,8,0,22,0,3,18,18,13,12,15,22,0
15,8,0,11,29,29,29,29,29,29,3,0,6,29,11,0,26,21,0,16,29,1,6,14,4,0,2,6,6,6,6,6,29,3,0,6,29,11,0,26,21,0,16,29,1,6,0,0,0,0,0,0,0,0,0,28,3,0,6,29,11,0,26,21,0,16,29,1,6,17,17,17,17,17,17,17,17,6,28,3,0,6,29,11,0,26,21,0,16,29,1,6,9,9,9,9,9,9,9,5,0,28,3,0,6,29,11,0,26,21,0,16,29,1,6,29,29,29,29,29,29,29,17,0,28,3,0,6,29,11,0,26,21,0,16,29,1,6,8,8,27,24,8,8,8,5,0,28,3,0,6,29,11,0,26,21,0,16,29,1,6,3,0,26,21,0,2,3,3,3,29,3,0,6,29,11,0,26,21,0,16,29,1,6,25,0,26,21,0,17,28,28,28,28,3,0,6,29,11,0,26,21,0,16,29,1,6,0,0,26,21,0,0,0,0,0,0,0,0,0,1,0,0,1,1,0,1,1,0,6,0,5,27,23,5,5,5,3,0,0,0,0,0,0,0,0,0,0,0,0,0,0,6,1,29,29,29,29,29,29,17,0,0,0,0,0,0,0,0,0,0,0,0,0,0,6,0,12,12,12,12,12,12,7,0,0,0,0,0,0,0,0,0,0,0,0,0,0,6,7,7,7,7,7,7,7,7,7,7,7,0,0,3,7,7,7,7,7,7,2,0,6,8,8,8,8,8,8,8,8,8,8,8,0,0,4,8,8,8,8,8,8,3,0,6,27,27,27,27,27,27,27,27,27,27,22,0,0,0,0,0,0,0,0,0,0,0,0,4,4,4,4,4,4,4,4,4,12,23,0,6,29,11,0,26,21,0,16,29,1,3,15,15,15,9,1,15,15,15,14,8,23,0,6,29,11,0,26,21,0,16,29,1,6,29,29,29,17,2,29,29,29,27,8,23,0,6,29,11,0,26,21,0,16,29,1,6,9,29,13,1,0,2,27,22,2,8,23,0,6,29,11,0,26,21,0,16,29,1,6,14,29,17,9,9,9,27,24,9,8,23,0,6,29,11,0,26,21,0,16,29,1,6,29,29,29,29,29,29,29,29,27,8,23,0,6,29,11,0,26,21,0,16,29,1,6,8,8,8,8,8,8,8,8,8,8,23,0,2,11,4,0,10,8,0,6,11,0,6
0,26,21,0,16,29,1,0,9,22,19,1,22,0,3,18,16,29,1,0,22,6,29,0,26,21,0,16,29,1,2,22,22,22,3,22,0,3,18,16,29,1,0,22,6,29,0,26,21,0,16,29,1,0,0,0,0,0,8,0,1,6,16,29,1,0,8,6,29,0,5,4,0,3,5,0,0,0,0,0,0,13,27,27,27,29,29,28,7,12,28,29,0,0,0,0,0,0,0,0,0,0,0,0,10,20,20,20,20,20,20,5,9,20,20,7,7,7,7,7,7,7,7,7,7,7,7,7,7,7,7,7,7,7,7,7,7,7,8,8,8,8,8,8,8,8,8,8,8,8,8,8,8,8,8,8,8,8,8,8,8,5,11,11,11,11,11,11,11,11,11,11,11,8,0,0,0,0,1,11,11,11,11,11,12,14,14,14,14,14,5,4,4,4,4,4,3,0,0,0,7,10,14,14,14,14,14,6,6,6,6,6,6,0,0,2,10,0,0,0,0,0,0,23,6,6,6,6,6,6,0,0,14,0,0,0,0,0,3,18,0,0,0,0,0,0,22,0,0,8,5,0,0,0,0,22,0,0,0,0,0,3,18,0,0,0,0,0,0,22,0,0,13,8,0,0,0,0,16,0,0,0,0,0,2,13,0,0,0,0,0,0,22,0,0,10,6,0,0,0,2,15,15,15,15,15,15,15,15,15,15,15,15,4,0,22,0,0,13,15,15,15,6,14,14,14,14,14,14,14,14,14,14,14,10,14,8,0,22,2,13,14,14,14,14,1,15,11,2,2,2,2,2,2,2,2,2,2,13,8,0,22,0,6,20,2,2,2,0,13,8,2,17,17,17,17,17,17,17,17,0,13,8,0,22,0,3,18,0,14,17,0,13,8,0,0,0,0,0,0,0,0,0,0,13,8,0,22,0,3,18,0,0,0,0,13,18,13,13,13,13,13,13,13,13,13,9,13,8,0,22,0,3,24,13,13,13,5,13,14,14,11,2,2,2,2,2,2,2,2,13,8,0,22,1,12,14,14,14,3,2,5,8,20,3,0,0,0,2,13,0,0,0,13,8,0,22,0,5,5,24,4,0,0,13,12,18,0,0,0,0,3,18,0,0,0,13,8,0,22,0,3,18,22,0,0,0,13,12,18,0,0,0,0,3,18,0,0,0,13,8,0,22,0,3,18,22,0,0
0,26,21,0,16,29,1,6,29,11,0,0,22,0,3,18,0,6,29,11,0,0,0,0,26,21,0,16,29,1,6,29,11,0,0,22,0,3,18,0,6,29,11,0,0,12,0,26,21,0,16,29,1,6,29,11,0,0,22,0,3,18,0,6,29,11,0,0,0,0,26,21,0,16,29,1,6,29,11,0,0,22,0,3,18,0,6,29,11,0,0,0,0,14,11,0,9,15,1,3,15,6,0,0,22,0,3,18,0,3,15,6,0,0,0,0,0,0,0,0,0,0,0,0,0,0,0,22,0,3,18,0,0,0,0,0,0,0,0,0,0,0,0,0,0,0,0,0,0,0,22,0,3,18,0,0,0,0,0,0,0,17,17,17,17,17,17,17,17,0,0,0,0,22,0,3,18,0,0,8,17,17,17,17,0,0,0,0,0,0,0,0,0,0,0,0,22,0,3,18,0,0,0,0,8,17,17,0,18,15,0,11,20,1,4,20,8,0,0,22,0,3,18,0,0,0,0,7,14,14,0,26,21,0,16,29,1,6,29,11,0,0,22,0,3,18,0,0,0,0,4,0,0,0,26,21,0,16,29,1,6,29,11,0,0,22,0,3,18,0,0,0,0,22,1,0,0,26,21,0,16,29,1,6,29,11,0,0,22,0,3,18,0,0,0,0,22,13,9,0,26,21,0,16,29,1,6,29,11,0,0,22,0,3,18,0,0,0,0,22,13,9,0,26,21,0,16,29,1,6,29,11,0,0,22,0,0,0,0,0,0,0,22,0,1,0,19,16,0,12,21,1,5,21,8,0,0,2,0,0,0,0,0,0,0,22,0,0,0,0,0,0,0,0,0,0,0,0,0,0,0,0,0,0,0,0,0,0,0,0,0,7,7,7,7,7,7,7,7,7,7,7,7,7,7,7,7,7,7,7,7,7,7,7,8,8,8,8,8,8,8,8,8,8,8,8,8,8,8,8,8,8,8,8,8,8,8,1,9,0,6,4,0,11,0,1,9,0,6,4,0,11,0,1,9,0,6,4,0,11,3,18,0,13,8,0,22,0,3,18,0,13,8,0,22,0,3,18,0,13,8,0,22,3,18,0,13,8,0,22,0,3,18,0,13,8,0,22,0,3,18,0,13,8,0,22,3,18,0,13,8,0,22,0,3,18,0,13,8,0,22,0,3,18,0,13,8,0,22
18,0,13,12,18,0,13,12,18,0,13,8,0,22,13,8,0,22,13,8,0,22,0,8,0,6,7,18,0,13,10,8,0,6,4,0,9,13,8,0,22,6,3,0,10,0,0,0,0,7,18,0,13,11,1,0,0,0,0,1,16,8,0,23,3,0,0,0,0,0,0,4,28,18,0,13,28,10,0,0,0,0,14,28,8,0,23,28,0,0,0,0,0,0,0,0,0,0,0,0,0,0,0,0,0,0,0,0,0,0,0,0,0,0,0,0,0,0,0,0,0,0,0,0,0,0,0,0,0,0,0,0,0,0,0,0,0,0,0,0,0,0,0,0,0,0,0,0,0,0,0,0,0,0,0,0,0,0,0,0,0,0,0,0,0,0,0,0,0,0,0,0,0,0,0,0,0,0,0,0,0,0,0,0,0,0,1,7,5,0,3,7,2,0,0,0,0,3,7,2,0,6,7,0,0,0,0,0,0,4,25,18,0,13,26,9,0,0,0,0,12,27,8,0,23,25,0,0,0,0,0,0,0,3,18,0,13,8,0,0,0,0,0,0,13,8,0,22,0,0,0,0,0,13,0,10,10,18,0,13,11,13,0,10,6,0,16,13,8,0,22,10,6,0,16,0,18,0,13,12,18,0,13,12,18,0,13,8,0,22,13,8,0,22,13,8,0,22,0,18,16,13,12,18,0,13,12,18,16,13,11,13,22,13,8,0,22,13,11,13,22,9,18,22,13,12,18,0,13,12,18,22,13,12,18,22,13,8,0,22,13,12,18,22,13,18,22,13,12,18,0,13,12,18,22,13,12,18,22,13,8,0,22,13,12,18,22,13,18,22,13,12,18,0,13,12,18,22,13,12,18,22,13,8,0,22,13,12,18,22,13,15,8,13,10,6,0,5,7,18,8,11,8,6,22,5,3,0,8,13,10,6,19,5,0,8,13,10,6,11,5,7,18,8,0,1,6,22,5,5,9,8,13,10,6,0,5,9,22,13,12,18,22,13,12,18,22,6,8,18,22,13,12,18,22,13,12,18,11,13,18,22,13,12,18,22,13,12,18,22,13,12,18,22,13,12,18,22,13,12,18,22,13,18,0,13,9,0,22,0,4,18,0,13,9,0,22,0,4,18,0,13,9,0,22,0,18,0,13,12,15,22,11,11,18,0,13,8,0,22,11,11,18,18,13,8,0,22,0
12,12,12,12,12,12,12,12,12,4,0,2,12,12,12,12,12,12,12,12,12,12,12,3,3,3,3,3,3,3,3,3,1,0,0,3,3,3,3,3,3,3,3,3,3,3,17,17,16,0,2,17,17,17,5,0,0,0,2,17,17,17,5,0,13,17,17,10,0,20,15,26,0,3,24,15,22,8,0,0,0,3,24,15,22,8,0,23,15,17,18,0,11,10,22,0,3,18,13,13,8,0,0,0,3,18,13,13,8,0,22,7,9,18,0,12,18,13,0,3,18,22,7,5,0,0,0,3,18,22,7,5,0,22,13,11,10,0,12,18,0,0,3,18,22,0,0,0,0,0,3,18,22,0,0,0,22,13,8,0,0,12,27,22,13,3,18,23,22,20,0,0,0,3,18,23,22,20,0,22,13,25,22,5,10,9,9,5,3,18,7,9,8,0,0,0,3,18,7,9,8,0,22,4,9,9,2,22,18,18,0,3,25,18,18,5,0,0,0,3,25,18,18,5,0,23,18,18,12,0,18,13,25,0,3,24,13,21,8,0,0,0,3,24,13,21,8,0,23,13,16,18,0,10,5,22,4,6,18,6,13,10,5,0,4,6,18,6,13,10,5,22,4,6,18,6,12,18,22,13,12,18,22,13,12,18,0,13,12,18,22,13,12,18,22,13,12,18,22,12,18,22,13,12,18,22,13,12,18,0,13,12,18,22,13,12,18,22,13,12,18,22,12,18,22,13,12,18,22,13,12,18,0,13,12,18,22,13,12,18,22,13,12,18,22,11,11,22,8,9,18,13,13,11,11,0,8,9,18,13,13,11,11,22,8,9,18,13,8,0,22,0,3,18,0,13,8,0,0,0,3,18,0,13,8,0,22,0,3,18,0,8,0,22,0,3,18,0,13,8,0,0,0,3,18,0,13,8,0,22,0,3,18,0,8,0,22,0,3,18,0,13,8,0,0,0,3,18,0,13,8,0,22,0,3,18,0,8,0,22,0,3,18,0,13,8,0,0,0,3,18,0,13,8,0,22,0,3,18,0,6,0,16,0,2,13,0,10,6,0,0,0,2,13,0,10,6,0,16,0,2,13,0,2,2,2,2,2,2,2,2,2,1,0,0,2,2,2,2,2,2,2,2,2,2,2,13,13,13,13,13,13,13,13,13,5,0,2,13,13,13,13,13,13,13,13,13,13,13
0,0,3,15,6,0,14,11,0,9,15,1,3,15,6,0,14,11,0,9,15,1,6,0,0,0,0,0,0,0,0,0,0,0,0,0,0,0,0,0,0,0,0,0,0,6,0,0,0,0,0,0,0,0,0,0,0,0,0,0,0,0,0,0,0,0,0,0,6,0,8,17,17,17,17,17,17,17,17,17,17,17,17,17,17,17,17,17,17,6,0,6,0,0,13,10,0,9,9,9,9,0,0,0,0,0,0,0,0,0,0,0,0,0,6,0,0,26,21,1,29,29,29,27,0,0,0,4,20,8,0,18,15,0,11,20,1,6,0,0,26,21,0,8,27,24,8,0,0,0,6,29,11,0,26,21,0,16,29,1,6,0,0,26,21,11,7,26,21,11,7,0,0,6,29,11,0,26,21,0,16,29,1,6,0,0,26,21,13,8,26,21,13,8,0,0,6,29,11,0,26,21,0,16,29,1,6,0,0,26,21,13,8,26,21,13,8,0,0,6,29,11,0,26,21,0,16,29,1,6,0,0,26,21,2,1,26,21,2,1,0,0,6,29,11,0,26,21,0,16,29,1,6,0,0,26,29,27,27,29,29,27,0,0,0,5,21,8,0,19,16,0,12,21,1,6,0,0,18,20,20,20,20,20,20,0,0,0,0,0,0,0,0,0,0,0,0,0,6,0,3,7,7,7,7,7,7,7,7,7,7,7,7,7,7,7,7,7,7,2,0,6,0,4,8,8,8,8,8,8,8,8,8,8,8,8,8,8,8,8,8,8,3,0,6,0,0,0,0,0,0,17,27,27,16,0,0,0,0,0,0,0,0,0,0,0,0,6,14,0,3,14,5,0,18,16,4,2,0,0,3,14,5,0,13,10,0,8,14,0,6,29,1,6,29,11,0,18,13,13,8,0,0,6,29,11,0,26,21,0,16,29,1,6,29,1,6,29,11,0,18,13,13,8,0,0,6,29,11,0,26,21,0,16,29,1,6,29,1,6,29,11,0,18,13,13,8,0,0,6,29,11,0,26,21,0,16,29,1,1,29,1,6,29,11,0,18,13,13,8,0,0,6,29,11,0,26,21,0,16,29,1,1,9,0,2,9,3,0,18,13,8,5,0,0,2,9,3,0,8,7,0,5,9,0,6,0,0,0,0,0,0,18,21,13,8,0,0,0,0,0,0,0,0,0,0,0,0,6
29,11,0,13,8,0,22,0,0,6,29,11,0,0,22,0,1,6,22,0,0,0,0,0,0,0,13,8,0,22,0,0,0,0,0,0,0,22,2,17,17,20,17,17,17,17,0,0,0,13,8,0,22,0,0,0,0,0,0,0,18,17,17,17,17,17,17,6,0,0,0,0,13,8,0,22,0,0,0,0,0,0,0,0,0,0,0,0,0,0,0,0,0,0,0,13,8,0,22,0,0,2,17,17,17,17,17,17,17,17,17,17,17,17,17,0,0,0,13,8,0,22,0,0,0,0,0,0,0,0,0,0,0,4,9,9,9,9,0,0,0,13,8,0,22,0,0,0,0,0,0,0,0,0,0,0,14,29,29,29,29,18,7,0,13,8,0,22,0,0,4,18,7,0,0,0,0,0,0,4,8,8,8,20,29,11,0,13,8,0,22,0,0,6,29,11,0,1,11,11,11,3,22,0,3,18,16,29,11,0,13,8,0,22,0,0,6,29,11,0,2,20,26,25,5,22,0,3,18,16,29,11,0,13,8,0,22,0,0,6,29,11,0,0,0,18,13,0,8,0,1,6,16,29,11,0,13,8,0,22,0,0,6,29,11,0,0,0,18,13,0,14,29,29,29,29,5,2,0,13,8,0,22,0,0,1,5,2,0,0,0,18,13,0,9,18,18,18,18,0,0,0,13,8,0,22,0,0,0,0,0,0,0,0,18,13,0,0,0,0,0,0,0,0,0,13,8,0,22,0,0,1,7,7,7,7,2,18,13,0,2,7,7,7,7,0,0,0,13,8,0,22,0,0,1,8,8,8,8,2,18,13,0,2,8,8,8,8,0,0,0,13,8,0,22,0,0,0,0,4,27,27,27,29,28,27,27,27,27,27,27,29,11,0,13,8,0,22,0,0,0,0,0,4,4,4,20,16,4,4,4,4,4,4,29,11,0,13,8,0,22,0,0,0,0,7,4,0,0,18,13,0,12,0,0,0,0,29,11,0,13,8,0,22,0,0,0,0,13,10,8,6,18,14,14,22,0,1,8,6,29,11,0,13,8,0,22,0,0,0,0,13,12,18,16,18,14,15,22,0,3,18,16,29,11,0,13,8,0,16,0,0,0,0,13,11,13,16,18,14,15,22,0,2,13,16,29,11,0,10,6,0,0,0,0,0,0,13,8,0,10,18,14,1,22,0,0,0,10
18,3,4,4,0,22,2,4,4,1,13,9,4,4,2,3,18,3,4,4,0,22,2,27,23,23,7,0,23,23,23,15,0,13,25,23,23,0,3,27,23,23,7,0,23,23,22,8,18,8,0,23,8,11,18,0,13,15,8,24,0,3,22,8,18,8,0,23,8,18,10,13,10,8,22,6,8,18,10,13,10,8,22,6,8,18,10,13,10,8,22,6,18,22,13,12,18,22,13,12,18,22,13,12,18,22,13,12,18,22,13,12,18,22,13,18,22,13,12,18,22,13,12,18,22,13,12,18,22,13,12,18,22,13,12,18,22,13,18,22,13,12,18,22,13,12,18,22,13,12,18,22,13,12,18,22,13,12,18,22,13,18,9,13,10,8,22,6,7,18,9,13,10,8,22,6,7,18,9,13,10,8,22,6,18,0,13,8,0,22,0,3,18,0,13,8,0,22,0,3,18,0,13,8,0,22,0,18,0,13,8,0,22,0,3,18,0,13,8,0,22,0,3,18,0,13,8,0,22,0,18,0,13,8,0,22,0,3,18,0,13,8,0,22,0,3,18,0,13,8,0,22,0,18,0,13,8,0,22,0,3,18,0,13,8,0,22,0,3,18,0,13,8,0,22,0,10,0,7,5,0,13,0,2,10,0,7,5,0,13,0,2,10,0,7,5,0,13,0,7,7,7,7,7,7,7,7,7,7,7,7,7,7,7,7,7,7,7,7,7,7,7,8,8,8,8,8,8,8,8,8,8,8,8,8,8,8,8,8,8,8,8,8,8,8,11,11,11,3,0,9,11,11,7,0,5,11,11,11,0,1,11,11,11,3,0,9,11,26,20,25,8,0,23,20,22,18,0,13,23,20,27,0,3,26,20,25,8,0,23,20,18,15,13,8,0,22,9,9,18,0,13,11,12,22,0,3,18,15,13,8,0,22,9,13,22,13,8,0,16,13,12,18,0,10,10,18,22,0,2,13,22,13,8,0,16,13,0,22,13,8,0,0,13,12,18,0,0,3,18,22,0,0,0,22,13,8,0,0,13,17,26,13,8,6,17,23,12,18,0,17,19,18,22,0,12,17,26,13,8,6,17,23,14,14,13,8,5,14,14,8,18,0,14,14,9,22,0,10,14,14,13,8,5,14,14,13,13,21,8,0,11,13,16,18,0,6,13,13,25,0,1,13,13,21,8,0,11,13
13,29,4,3,29,14,0,23,25,0,0,1,17,17,17,17,17,17,17,17,17,17,7,13,29,4,3,29,14,0,23,25,0,0,0,0,0,0,0,0,0,0,0,0,0,0,13,29,4,3,29,14,0,23,25,0,0,0,0,19,0,9,10,0,18,1,0,19,0,13,29,4,3,29,14,0,23,25,0,0,0,0,21,0,10,11,0,20,1,0,21,0,13,29,4,3,29,14,0,23,25,0,0,0,0,21,0,10,11,0,20,1,0,21,0,13,29,4,3,29,14,0,23,25,0,0,0,0,21,0,10,11,0,20,1,0,21,0,13,29,4,3,29,14,0,23,25,0,0,0,0,21,0,10,11,0,20,1,0,21,0,13,29,4,3,29,14,0,23,25,0,0,8,9,21,15,12,12,16,20,10,9,21,3,13,29,4,3,29,14,0,23,25,0,0,10,12,21,20,12,12,21,20,12,12,21,4,8,17,2,2,17,8,0,23,25,0,0,10,12,21,20,12,12,21,20,12,12,21,4,0,0,0,0,0,0,0,23,25,0,0,10,12,21,20,12,12,21,20,12,12,21,4,11,25,4,3,25,12,0,23,25,0,0,1,2,21,3,11,12,3,20,3,2,21,0,13,29,4,3,29,14,0,23,25,0,0,0,0,26,17,22,11,0,20,18,18,21,0,13,29,4,3,29,14,0,23,25,0,0,0,0,14,14,20,11,0,10,14,15,21,0,13,29,4,3,29,14,0,23,25,0,0,0,8,13,13,11,11,3,13,13,6,21,0,13,29,4,3,29,14,0,23,25,0,0,0,11,18,26,12,11,5,18,23,12,21,0,13,29,4,3,29,14,0,23,25,0,0,0,0,0,20,12,11,0,0,10,12,21,0,13,29,4,3,29,14,0,23,25,0,0,0,0,14,20,12,11,0,13,12,12,21,0,13,29,4,3,29,14,0,23,25,0,0,0,0,21,9,11,11,0,20,6,6,21,0,13,29,4,3,29,14,0,23,25,0,0,0,0,27,19,23,11,0,20,20,20,21,0,13,29,4,3,29,14,0,23,25,0,0,0,0,12,12,12,5,0,9,12,12,9,0,13,29,4,3,29,14,0,20,21,0,0,0,7,7,7,7,7,7,7,7,7,7,3,13,29,4,3,29,14,0,0,0,0,0,0,8,8,8,8,8,8,8,8,8,8,4
21,0,16,29,1,6,29,11,0,26,21,0,16,29,1,6,29,11,0,26,21,0,16,19,0,14,25,1,6,25,10,0,23,19,0,14,25,1,6,25,10,0,23,19,0,14,0,0,0,0,0,0,0,0,0,0,0,0,0,0,0,0,0,0,0,0,0,0,0,0,0,0,0,0,0,0,0,0,0,0,0,0,0,0,0,0,0,0,0,0,0,0,0,2,17,17,17,17,17,17,17,17,17,17,17,17,17,17,17,17,17,17,17,17,17,0,0,0,0,0,0,0,0,0,0,0,0,0,0,0,0,3,7,7,6,0,0,0,8,0,6,10,0,2,10,4,0,9,8,0,6,10,0,0,10,25,26,23,0,0,6,21,0,16,29,1,6,29,11,0,26,21,0,16,29,1,0,1,5,8,23,0,0,16,21,0,16,29,1,6,29,11,0,26,21,0,16,29,1,0,3,18,8,23,0,0,16,21,0,16,29,1,6,29,11,0,26,21,0,16,29,1,0,3,18,8,23,0,0,16,21,0,16,29,1,6,29,11,0,26,21,0,16,29,1,0,3,18,8,23,0,0,16,21,0,16,29,1,6,29,11,0,26,21,0,16,29,1,0,3,18,8,23,0,0,16,21,0,16,29,1,6,29,11,0,26,21,0,16,29,1,0,1,5,8,23,0,0,16,1,0,1,1,0,0,1,0,0,1,1,0,1,1,0,0,10,23,25,23,0,0,1,0,0,0,0,0,0,0,0,0,0,0,0,0,0,0,0,3,8,8,7,0,0,0,8,17,17,17,17,17,17,17,17,17,17,17,17,17,17,17,17,17,17,17,17,17,17,0,0,0,0,0,16,17,17,17,17,17,17,17,17,17,17,17,17,17,17,17,17,17,0,0,0,0,0,13,29,16,14,14,14,14,14,14,29,16,14,14,14,14,14,14,14,0,0,17,0,0,0,28,3,0,3,0,0,0,0,28,3,0,3,0,0,1,8,2,0,0,22,7,5,12,28,12,8,18,0,7,5,12,28,12,8,18,0,0,3,18,22,0,0,22,13,9,15,28,14,9,18,0,13,9,15,28,14,9,18,0,0,3,18,22,0,0,22,13,9,15,28,14,9,18,0,13,9,15,28,14,9,18,0,0,3,18,22,0,0,1,0,1,6,28,8,3,3,0,0,1,6,28,8,3,3,0,0,3,18,22
0,0,0,0,0,11,29,2,5,26,11,0,25,22,0,2,19,4,0,0,0,0,0,0,0,0,0,0,11,29,2,5,29,12,0,25,22,0,0,3,3,0,0,0,0,0,0,0,0,0,0,11,29,2,5,29,12,0,6,6,0,0,0,0,0,0,0,0,0,0,0,0,0,0,11,29,2,5,29,12,0,4,3,0,2,17,0,0,0,0,0,0,0,0,0,0,0,11,29,2,5,29,12,0,25,22,0,2,19,0,0,0,0,0,0,0,0,0,0,0,11,29,2,5,29,12,0,25,22,0,2,19,4,0,0,0,0,0,0,0,0,0,0,11,29,2,5,29,12,0,25,22,0,2,19,4,0,0,0,0,0,0,0,0,0,0,11,29,2,5,29,12,0,25,22,0,2,19,4,0,0,0,0,0,0,0,0,0,0,11,29,2,5,29,12,0,25,22,0,2,19,0,0,0,0,0,0,0,0,0,0,0,11,29,2,5,29,12,0,25,22,0,2,19,0,0,0,0,0,0,0,0,0,0,0,3,7,0,5,29,12,0,25,22,0,2,19,1,0,0,0,0,0,0,0,0,0,0,1,4,0,5,29,12,0,25,22,0,2,19,4,0,0,0,0,0,0,0,0,0,0,11,29,2,5,29,12,0,25,22,0,0,3,4,0,0,0,0,0,0,0,0,0,0,11,29,2,5,29,12,0,25,22,0,0,2,0,0,0,0,0,0,0,0,0,0,0,11,29,2,5,29,12,0,25,22,0,2,19,3,0,0,0,0,0,0,0,0,0,0,11,29,2,5,29,12,0,25,22,0,2,19,4,0,0,0,0,0,0,0,0,0,0,11,29,2,5,29,12,0,25,22,0,2,19,4,0,0,0,0,0,0,0,0,0,0,11,29,2,5,29,12,0,25,22,0,2,19,4,0,0,0,0,0,0,0,0,0,0,11,29,2,5,29,12,0,25,22,0,2,19,2,0,0,0,0,0,0,0,0,0,0,11,29,2,5,29,12,0,25,22,0,2,19,0,0,0,0,0,0,0,0,0,0,0,11,29,2,5,29,12,0,25,22,0,1,9,0,0,0,0,0,0,0,0,0,0,0,11,29,2,5,29,12,0,25,22,0,0,0,0,0,0,0,0,0,0,0,0,0,0,11,29,2,5,29,12,0,25,22,0,7,14,1,0,0,0,0,0
12,0,2,10,0,7,6,8,12,6,6,10,0,7,4,0,12,6,6,10,9,7,4,22,0,3,18,0,13,8,0,22,0,3,18,0,13,8,0,22,0,3,18,0,13,8,22,10,10,18,16,13,11,13,22,10,10,18,16,13,11,13,22,10,10,18,16,13,11,22,13,12,18,22,13,12,18,22,13,12,18,22,13,12,18,22,13,12,18,22,13,12,22,13,12,18,22,13,12,18,22,13,12,18,22,13,12,18,22,13,12,18,22,13,12,3,16,8,0,23,3,7,18,0,13,11,3,23,0,3,20,3,16,8,0,23,3,7,28,29,8,0,23,28,29,18,0,13,29,28,28,0,3,29,28,29,8,0,23,28,29,0,13,8,0,22,0,3,18,0,13,8,0,22,0,3,18,0,13,8,0,22,0,3,0,13,8,0,22,0,3,18,0,13,8,0,22,0,3,18,0,13,8,0,22,0,3,0,13,8,0,22,0,3,18,0,13,8,0,22,0,3,18,0,13,8,0,22,0,3,0,13,8,0,22,0,3,18,0,13,8,0,22,0,3,18,0,13,8,0,22,0,3,0,13,8,0,22,0,3,18,0,13,8,0,22,0,3,18,0,13,8,0,22,0,3,0,9,5,0,15,0,2,12,0,9,5,0,15,0,2,12,0,9,5,0,15,0,2,3,3,3,3,3,3,3,3,3,3,3,3,3,3,3,3,3,3,3,3,3,3,3,12,12,12,12,12,12,12,12,12,12,12,12,12,12,12,12,12,12,12,12,12,12,12,0,0,0,0,0,0,0,0,0,0,0,0,0,0,0,0,0,0,0,0,0,0,0,15,26,1,6,26,10,0,24,19,0,15,26,1,6,26,10,0,24,19,0,15,26,1,16,29,1,6,29,11,0,26,21,0,16,29,1,6,29,11,0,26,21,0,16,29,1,16,29,1,6,29,11,0,26,21,0,16,29,1,6,29,11,0,26,21,0,16,29,1,16,29,1,6,29,11,0,26,21,0,16,29,1,6,29,11,0,26,21,0,16,29,1,16,29,1,6,29,11,0,26,21,0,16,29,1,6,29,11,0,26,21,0,16,29,1,16,29,1,6,29,11,0,26,21,0,16,29,1,6,29,11,0,26,21,0,16,29,1,9,15,1,3,15,6,0,14,11,0,9,15,1,3,15,6,0,14,11,0,9,15,1
18,11,13,10,9,22,6,8,18,11,13,10,9,22,6,8,18,11,13,10,9,0,6,18,22,13,12,18,22,13,12,18,22,13,12,18,22,13,12,18,22,13,12,18,0,13,18,22,13,12,18,22,13,12,18,22,13,12,18,22,13,12,18,22,13,12,18,0,13,4,22,3,6,18,5,13,9,4,22,3,6,18,5,13,9,4,22,3,6,18,0,13,0,22,5,7,18,9,13,8,0,22,0,3,18,9,13,10,7,22,0,3,18,0,13,0,22,13,12,18,22,13,8,0,22,0,3,18,22,13,12,18,22,0,3,18,0,13,0,22,13,12,18,22,13,8,0,22,0,3,18,22,13,12,18,22,0,3,18,0,13,0,22,13,12,18,22,13,8,0,14,0,3,18,22,13,12,18,22,0,2,12,0,8,0,22,13,12,18,22,13,8,0,0,0,3,18,22,13,12,18,22,0,0,0,0,0,0,10,13,10,8,22,6,4,0,0,0,1,8,22,6,8,18,10,0,0,0,0,0,0,0,13,8,0,22,0,0,0,0,0,0,0,22,0,3,18,0,0,0,0,0,0,0,0,13,8,0,22,0,0,0,0,0,0,0,22,0,3,18,0,0,0,0,0,0,0,22,13,12,18,22,13,8,0,22,0,3,18,22,13,12,18,22,0,3,18,0,13,0,22,13,12,18,22,13,8,0,22,0,3,18,22,13,12,18,22,0,3,18,0,13,0,22,5,7,18,8,13,8,0,22,0,3,18,8,13,10,6,22,0,3,18,0,13,0,9,6,5,8,10,6,3,0,22,0,1,8,10,6,5,8,9,0,3,18,0,13,0,0,13,8,0,22,0,0,0,22,0,0,0,22,0,3,18,0,0,3,18,0,13,4,0,13,11,11,22,0,0,4,22,3,2,0,22,8,9,18,0,3,6,18,0,13,18,0,13,12,18,22,0,3,18,22,13,8,0,22,13,12,18,0,13,12,18,0,13,18,0,13,12,18,22,0,3,18,22,13,8,0,22,13,12,18,0,13,12,18,0,13,18,20,27,12,18,23,25,11,18,12,13,12,25,28,13,12,28,25,13,10,10,0,7,0,23,6,2,3,5,17,8,0,0,0,3,21,6,2,2,6,24,0,0,0,0,0,0,22,0,2,10,0,13,8,0,13,0,3,18,0,7,5,0,22,0,2,10,0,7
18,0,0,0,0,22,13,12,18,22,13,8,0,0,0,3,18,22,13,12,18,22,0,18,0,12,8,0,22,13,12,18,22,13,8,0,20,0,3,18,22,13,12,18,22,0,18,0,13,8,0,22,13,12,18,22,13,8,0,22,0,3,18,22,13,12,18,22,0,18,0,13,8,0,22,13,12,18,22,13,8,0,22,0,3,18,22,13,12,18,22,0,18,0,13,8,0,22,1,4,18,2,13,8,0,22,0,3,18,2,13,9,1,22,0,18,12,13,11,10,22,7,8,18,12,13,11,10,22,7,8,18,12,13,11,10,22,7,18,22,13,12,18,22,13,12,18,22,13,12,18,22,13,12,18,22,13,12,18,22,13,18,22,13,12,18,22,13,12,18,22,13,12,18,22,13,12,18,22,13,12,18,22,13,3,22,2,5,18,4,13,9,3,22,2,5,18,4,13,9,3,22,2,5,18,4,13,27,28,0,3,29,27,28,8,0,23,27,28,18,0,13,28,27,28,0,3,29,27,28,4,23,0,3,20,4,16,8,0,23,4,8,18,0,13,12,4,23,0,3,20,4,16,0,22,0,3,18,0,13,8,0,22,0,3,18,0,13,8,0,22,0,3,18,0,13,0,22,0,3,18,0,13,8,0,22,0,3,18,0,13,8,0,22,0,3,18,0,13,0,22,0,3,18,0,13,8,0,22,0,3,18,0,13,8,0,22,0,3,18,0,13,0,22,0,3,18,0,13,8,0,22,0,3,18,0,13,8,0,22,0,3,18,0,13,0,19,0,3,16,0,12,7,0,19,0,3,16,0,12,7,0,19,0,3,16,0,12,0,0,0,0,0,0,0,0,0,0,0,0,0,0,0,0,0,0,0,0,0,0,0,17,17,17,17,17,17,17,17,17,17,17,17,17,17,17,17,17,17,17,17,17,17,17,1,1,0,0,1,1,1,0,0,1,1,1,1,0,0,1,1,1,0,0,1,1,1,29,28,0,3,29,29,29,8,0,23,29,29,18,0,13,29,29,28,0,3,29,29,29,2,23,0,3,19,2,14,8,0,23,1,5,18,0,13,9,2,23,0,3,19,2,14,18,22,0,3,18,22,13,8,0,22,13,12,18,0,13,12,18,22,0,3,18,22,13,18,22,0,0,1,22,13,8,0,1,13,12,18,0,0,4,18,22,0,0,1,22,13
0,4,29,13,0,25,23,0,14,29,3,4,29,13,0,11,11,4,4,3,1,20,0,0,4,29,13,0,25,23,0,14,29,3,2,17,8,0,11,26,23,23,0,1,22,0,0,4,29,13,0,25,23,0,14,29,3,0,0,0,0,11,16,8,24,0,1,21,0,0,4,29,13,0,25,23,0,14,29,3,0,0,0,10,12,11,9,21,6,7,20,0,0,4,29,13,0,25,23,0,14,29,3,0,0,0,21,12,12,20,21,12,12,20,0,0,4,29,13,0,25,23,0,14,29,3,0,0,0,21,12,12,20,21,12,12,20,0,0,4,29,13,0,25,23,0,14,29,3,0,0,0,21,12,12,20,21,12,12,20,0,0,4,29,13,0,25,23,0,14,29,3,0,0,0,9,12,11,9,21,6,6,20,0,0,4,29,13,0,25,23,0,14,29,3,0,0,0,0,11,10,0,21,0,1,20,0,0,0,1,0,0,1,1,0,14,29,3,0,0,0,0,11,10,0,21,0,1,20,0,0,0,0,0,0,0,0,0,14,29,3,0,0,0,0,11,10,0,21,0,1,20,0,0,0,0,0,0,0,0,0,2,5,0,0,0,0,0,11,10,0,21,0,1,20,0,0,0,0,0,0,0,0,0,0,0,0,0,0,0,0,6,6,0,12,0,1,11,0,0,6,7,7,7,7,7,7,0,0,0,0,0,0,3,7,7,7,7,7,7,6,0,0,6,8,8,8,8,8,8,0,0,0,0,0,0,3,8,8,8,8,8,8,6,0,0,0,0,0,0,0,0,0,0,0,0,0,0,0,0,4,11,11,11,0,0,9,0,0,4,29,13,0,25,23,0,14,29,3,0,0,0,0,11,24,20,27,0,1,22,0,0,4,29,13,0,25,23,0,14,29,3,0,0,0,0,11,12,13,21,0,1,20,0,0,4,29,13,0,25,23,0,14,29,3,0,0,0,0,8,10,20,21,0,1,15,0,0,4,29,13,0,25,23,0,14,29,3,0,0,0,0,0,1,20,21,0,0,0,0,0,4,29,13,0,25,23,0,14,29,3,0,0,0,0,17,18,20,21,0,11,13,0,0,4,29,13,0,25,23,0,14,29,3,0,0,0,0,14,14,10,21,0,9,11,0,0,1,11,5,0,9,9,0,5,11,1,0,0,0,0,5,13,13,25,0,0,10,0
17,17,17,17,17,17,11,0,0,0,22,0,0,14,17,17,17,17,17,17,17,17,17,0,0,0,0,0,0,0,0,0,0,22,0,0,0,0,0,0,0,0,0,0,0,0,29,29,29,29,29,29,1,0,0,0,22,0,0,0,0,0,0,0,0,0,0,0,0,25,29,19,18,25,29,1,0,0,0,14,0,0,2,8,3,0,8,6,0,5,8,0,16,29,3,8,16,29,1,0,0,0,0,0,0,6,29,11,0,26,21,0,16,29,1,16,29,5,18,16,29,1,0,0,0,11,20,1,6,29,11,0,26,21,0,16,29,1,16,29,5,18,16,29,1,0,0,0,16,29,1,6,29,11,0,26,21,0,16,29,1,16,29,3,9,16,29,1,0,0,0,16,29,1,6,29,11,0,26,21,0,16,29,1,24,29,18,4,16,29,1,0,0,0,9,15,1,3,15,6,0,14,11,0,9,15,1,29,29,29,7,16,29,1,0,0,0,0,0,0,0,0,0,0,0,0,0,0,0,0,0,0,0,0,3,6,0,0,0,0,0,0,0,0,0,0,0,0,0,0,0,0,0,17,17,17,17,17,17,17,17,17,17,17,17,17,17,17,17,17,17,17,17,17,17,17,0,0,0,0,0,0,1,1,0,0,0,1,1,1,1,1,1,1,0,0,0,0,1,11,20,1,0,0,2,29,29,8,0,0,22,29,29,29,29,29,18,0,0,0,0,23,16,29,1,0,0,1,17,23,8,0,0,13,17,17,17,17,18,18,0,0,0,0,23,16,29,1,0,12,0,0,13,11,3,3,3,3,3,2,0,3,18,0,0,0,0,22,16,29,1,0,22,0,0,13,18,12,12,12,12,12,9,0,3,18,0,0,0,0,22,16,29,1,0,22,0,0,13,8,0,0,0,0,0,0,0,3,18,0,0,0,0,22,16,29,1,0,22,0,0,13,8,0,0,22,29,29,29,29,29,18,0,0,0,0,23,12,21,1,0,0,2,27,28,8,0,0,14,18,18,18,18,20,18,0,0,0,0,23,0,0,0,0,0,2,20,20,6,0,0,0,0,0,0,0,3,18,0,0,0,0,22,7,7,7,7,7,7,7,7,7,7,7,7,7,7,7,7,4,18,0,0,0,0,22,8,8,8,8,8,8,8,8,8,8,8,8,8,8,8,8,4,18,0,0,0,0,22
0,0,1,18,18,18,2,0,0,0,0,0,0,0,0,0,0,0,0,0,0,0,0,17,17,17,17,17,17,17,17,17,17,17,17,17,17,17,17,17,17,17,17,17,17,17,0,0,0,0,0,0,0,0,0,0,0,0,0,0,0,0,0,0,0,0,0,0,0,0,0,0,0,0,0,0,0,0,0,0,0,0,0,0,0,0,0,0,0,0,0,0,8,0,2,8,3,0,8,6,0,5,8,0,2,8,3,0,8,6,0,5,8,0,2,29,1,6,29,11,0,26,21,0,16,29,1,6,29,11,0,26,21,0,16,29,1,6,29,1,6,29,11,0,26,21,0,16,29,1,6,29,11,0,26,21,0,16,29,1,6,29,1,6,29,11,0,26,21,0,16,29,1,6,29,11,0,26,21,0,16,29,1,6,29,1,6,29,11,0,26,21,0,16,29,1,6,29,11,0,26,21,0,16,29,1,6,15,1,3,15,6,0,14,11,0,9,15,1,3,15,6,0,14,11,0,9,15,1,3,0,0,0,0,0,0,0,0,0,0,0,0,0,0,0,0,0,0,0,0,0,0,0,0,0,0,0,0,0,0,0,0,0,0,0,0,0,0,0,0,0,0,0,0,0,0,17,17,17,17,17,17,17,17,17,17,17,17,17,17,17,17,17,17,17,17,17,17,17,0,0,0,0,0,7,17,17,14,0,0,0,0,0,0,0,0,0,0,0,0,0,0,20,1,0,0,0,6,14,19,23,0,0,0,4,20,8,0,18,15,0,11,20,1,4,29,1,0,0,0,2,11,8,23,0,0,0,6,29,11,0,26,21,0,16,29,1,6,29,1,0,0,0,3,18,8,23,0,0,0,6,29,11,0,26,21,0,16,29,1,6,29,1,0,0,0,3,18,8,23,0,0,0,6,29,11,0,26,21,0,16,29,1,6,29,1,0,0,0,3,18,8,23,0,0,0,6,29,11,0,26,21,0,16,29,1,6,29,1,0,0,0,3,18,8,23,0,0,0,6,29,11,0,26,21,0,16,29,1,6,21,1,0,0,0,1,3,11,23,0,0,0,5,21,8,0,19,16,0,12,21,1,5,0,0,0,0,0,12,28,28,23,0,0,0,0,0,0,0,0,0,0,0,0,0,0,7,7,7,7,7,7,7,7,7,7,7,7,7,7,7,7,7,7,7,7,7,7,7
12,12,12,12,12,12,12,12,12,12,12,12,12,12,12,12,12,12,12,12,12,12,12,3,3,3,3,3,3,3,3,3,3,3,3,3,3,3,3,3,3,3,3,3,3,3,13,17,17,10,0,7,17,17,16,0,2,17,17,17,5,0,13,17,17,10,0,7,17,23,15,17,18,0,13,20,15,26,0,3,24,15,22,8,0,23,15,17,18,0,13,20,22,7,9,18,0,13,11,10,22,0,3,18,13,13,8,0,22,7,9,18,0,13,11,22,13,11,10,0,13,12,18,13,0,3,18,22,7,5,0,22,13,11,10,0,13,12,22,13,8,0,0,13,12,18,0,0,3,18,22,0,0,0,22,13,8,0,0,13,12,22,13,25,22,5,13,12,27,22,13,3,18,23,22,20,0,22,13,25,22,5,13,12,22,4,9,9,2,13,10,9,9,5,3,18,7,9,8,0,22,4,9,9,2,13,10,23,18,18,12,0,13,22,18,18,0,3,25,18,18,5,0,23,18,18,12,0,13,22,23,13,16,18,0,13,18,13,25,0,3,24,13,21,8,0,23,13,16,18,0,13,18,22,4,6,18,6,13,10,5,22,4,6,18,6,13,10,5,22,4,6,18,6,13,10,22,13,12,18,22,13,12,18,22,13,12,18,22,13,12,18,22,13,12,18,22,13,12,22,13,12,18,22,13,12,18,22,13,12,18,22,13,12,18,22,13,12,18,22,13,12,22,13,12,18,22,13,12,18,22,13,12,18,22,13,12,18,22,13,12,18,22,13,12,22,8,9,18,13,13,11,11,22,8,9,18,13,13,11,11,22,8,9,18,13,13,11,22,0,3,18,0,13,8,0,22,0,3,18,0,13,8,0,22,0,3,18,0,13,8,22,0,3,18,0,13,8,0,22,0,3,18,0,13,8,0,22,0,3,18,0,13,8,22,0,3,18,0,13,8,0,22,0,3,18,0,13,8,0,22,0,3,18,0,13,8,22,0,3,18,0,13,8,0,22,0,3,18,0,13,8,0,22,0,3,18,0,13,8,16,0,2,13,0,10,6,0,16,0,2,13,0,10,6,0,16,0,2,13,0,10,6,2,2,2,2,2,2,2,2,2,2,2,2,2,2,2,2,2,2,2,2,2,2,2,13,13,13,13,13,13,13,13,13,13,13,13,13,13,13,13,13,13,13,13,13,13,13
12,12,12,12,12,12,12,12,12,12,12,12,12,12,12,12,12,12,12,12,12,12,12,3,3,3,3,3,3,3,3,3,3,3,3,3,3,3,3,3,3,3,3,3,3,3,13,17,17,10,0,7,17,17,16,0,2,17,17,17,5,0,13,17,17,10,0,7,17,23,15,17,18,0,13,20,15,26,0,3,24,15,22,8,0,23,15,17,18,0,13,20,22,7,9,18,0,13,11,10,22,0,3,18,13,13,8,0,22,7,9,18,0,13,11,22,13,11,10,0,13,12,18,13,0,3,18,22,7,5,0,22,13,11,10,0,13,12,22,13,8,0,0,13,12,18,0,0,3,18,22,0,0,0,22,13,8,0,0,13,12,22,13,25,22,5,13,12,27,22,13,3,18,23,22,20,0,22,13,25,22,5,13,12,22,4,9,9,2,13,10,9,9,5,3,18,7,9,8,0,22,4,9,9,2,13,10,23,18,18,12,0,13,22,18,18,0,3,25,18,18,5,0,23,18,18,12,0,13,22,23,13,16,18,0,13,18,13,25,0,3,24,13,21,8,0,23,13,16,18,0,13,18,22,4,6,18,6,13,10,5,22,4,6,18,6,13,10,5,22,4,6,18,6,13,10,22,13,12,18,22,13,12,18,22,13,12,18,22,13,12,18,22,13,12,18,22,13,12,22,13,12,18,22,13,12,18,22,13,12,18,22,13,12,18,22,13,12,18,22,13,12,22,13,12,18,22,13,12,18,22,13,12,18,22,13,12,18,22,13,12,18,22,13,12,22,8,9,18,13,13,11,11,22,8,9,18,13,13,11,11,22,8,9,18,13,13,11,22,0,3,18,0,13,8,0,22,0,3,18,0,13,8,0,22,0,3,18,0,13,8,22,0,3,18,0,13,8,0,22,0,3,18,0,13,8,0,22,0,3,18,0,13,8,22,0,3,18,0,13,8,0,22,0,3,18,0,13,8,0,22,0,3,18,0,13,8,22,0,3,18,0,13,8,0,22,0,3,18,0,13,8,0,22,0,3,18,0,13,8,16,0,2,13,0,10,6,0,16,0,2,13,0,10,6,0,16,0,2,13,0,10,6,2,2,2,2,2,2,2,2,2,2,2,2,2,2,2,2,2,2,2,2,2,2,2,13,13,13,13,13,13,13,13,13,13,13,13,13,13,13,13,13,13,13,13,13,13,13
0,0,0,0,0,0,0,0,0,0,0,0,0,0,0,0,0,0,0,0,0,0,0,0,0,0,0,0,0,0,0,0,0,0,0,0,0,0,0,0,0,0,0,0,0,0,0,0,0,0,0,0,0,0,0,0,0,0,0,0,21,17,0,0,0,0,0,0,0,17,17,17,17,17,17,17,17,17,17,17,0,0,0,26,21,0,8,17,17,17,17,17,0,2,0,0,1,0,1,0,0,2,0,0,0,0,26,21,0,0,0,0,0,0,0,0,22,0,3,18,0,13,8,0,22,0,0,0,0,26,21,0,10,17,1,4,17,7,0,22,0,3,18,0,13,8,0,22,0,0,0,0,26,21,0,16,29,1,6,29,11,0,22,0,3,18,0,13,8,0,22,0,0,0,0,26,21,0,16,29,1,6,29,11,0,22,0,3,18,0,13,8,0,22,0,0,0,0,26,21,0,16,29,1,6,29,11,0,22,0,3,18,0,13,8,0,22,0,0,0,0,26,21,0,16,29,1,6,29,11,18,22,13,12,18,22,13,12,18,22,13,8,0,0,26,21,0,16,29,1,6,29,11,18,22,13,12,18,22,13,12,18,22,13,8,0,0,26,21,0,14,25,1,5,25,9,18,22,13,12,18,22,13,12,18,22,13,8,0,0,26,21,0,0,0,0,0,0,0,17,22,13,12,18,21,13,12,17,22,13,8,0,0,26,21,0,2,4,4,4,4,4,0,22,0,3,18,0,13,8,0,22,0,0,0,0,26,21,0,5,11,11,11,11,11,0,23,25,25,18,0,13,26,25,27,0,0,0,0,26,21,0,0,0,0,0,0,0,0,6,7,10,18,0,3,7,7,24,0,0,0,0,26,21,0,6,11,0,2,11,4,7,20,20,10,18,0,20,20,13,22,0,0,0,0,26,21,0,16,29,1,6,29,11,4,11,20,12,18,0,11,14,18,22,0,0,0,0,26,21,0,16,29,1,6,29,11,0,0,13,12,18,0,0,3,18,22,0,0,0,0,26,21,0,16,29,1,6,29,11,0,16,11,10,15,0,9,9,15,18,0,0,0,0,21,17,0,13,23,1,5,23,9,0,0,0,0,0,0,0,0,0,0,0,0,0,0,0,0,0,0,0,0,0,0,0,0,0,0,0,0,0,0,0,0,0,0,0,0,0,0,0,0,0,0,0,0,0,0
21,5,6,20,0,11,10,0,21,5,6,20,8,12,10,0,21,0,1,20,0,11,10,21,12,12,20,0,11,10,0,21,12,12,20,21,12,10,0,21,0,1,20,0,11,10,21,12,12,20,0,11,10,0,21,12,12,20,21,12,10,0,21,0,1,20,0,11,10,21,12,12,20,0,7,6,0,21,12,12,20,21,12,10,0,13,0,1,13,0,11,10,21,12,12,20,0,0,0,0,21,12,12,20,21,12,10,0,0,0,0,0,0,11,10,10,12,11,9,0,0,0,0,10,12,11,9,21,6,5,0,0,0,0,0,0,5,5,0,11,10,0,0,0,0,0,0,11,10,0,21,0,0,0,0,0,0,0,0,0,0,0,11,10,0,0,0,0,0,0,11,10,0,21,0,0,0,0,0,0,0,0,0,0,21,12,12,20,0,11,10,0,21,12,12,20,21,12,10,0,21,0,1,20,0,11,10,21,12,12,20,0,11,10,0,21,12,12,20,21,12,10,0,21,0,1,20,0,11,10,21,5,6,20,0,11,10,0,21,5,6,20,8,12,10,0,21,0,1,20,0,11,10,9,6,5,9,0,11,10,0,9,6,5,9,10,5,4,0,21,0,1,20,0,5,4,0,11,10,0,0,11,10,0,0,11,10,0,21,0,0,0,21,0,1,20,0,0,0,13,12,10,0,5,12,11,4,0,11,12,12,21,0,0,4,21,0,1,20,5,0,0,21,12,10,0,21,12,12,20,0,11,12,20,21,0,1,20,21,0,1,20,21,0,0,21,12,10,0,21,12,12,20,0,11,12,20,21,0,1,20,21,0,1,20,21,0,0,21,12,27,18,21,7,7,20,19,27,12,20,21,26,11,20,11,0,1,11,21,11,19,4,2,8,20,0,0,0,0,21,7,2,4,5,16,10,0,0,0,0,0,0,11,13,12,0,1,20,0,6,6,0,21,0,1,11,0,11,10,0,12,0,1,11,0,11,10,21,0,1,20,0,11,10,0,21,0,1,20,0,11,10,0,21,0,1,20,0,11,10,21,0,1,20,13,12,12,13,21,0,1,20,0,11,12,13,21,0,1,20,13,12,10,21,5,6,20,21,12,12,20,21,5,6,20,8,12,12,20,21,0,1,20,21,12,10,21,12,12,20,21,12,12,20,21,12,12,20,21,12,12,20,21,0,1,20,21,12,10
1,0,22,19,0,13,25,2,5,25,11,0,22,19,0,13,25,2,0,0,0,0,0,1,0,25,22,0,15,29,2,5,29,12,0,25,22,0,15,29,2,0,0,0,0,0,1,0,25,22,0,15,29,2,5,29,12,0,25,22,0,15,29,2,0,0,0,0,0,1,0,25,22,0,15,29,2,5,29,12,0,25,22,0,15,29,2,0,0,0,2,15,1,0,25,22,0,15,29,2,5,29,12,0,25,22,0,15,29,2,0,0,0,2,19,1,0,25,22,0,15,29,2,5,29,12,0,25,22,0,15,29,2,0,0,0,2,19,1,0,14,13,0,9,17,1,3,17,7,0,14,13,0,9,17,1,0,0,0,2,19,0,0,0,0,0,0,0,0,0,0,0,0,0,0,0,0,0,0,0,0,0,2,19,8,12,12,12,12,12,12,12,12,12,12,12,12,12,12,0,0,0,0,0,0,2,19,2,3,3,3,3,3,3,3,3,3,3,3,3,3,3,0,0,0,0,0,0,2,19,0,0,0,0,0,0,0,0,0,0,0,0,0,0,0,0,0,0,0,0,0,2,19,1,0,17,15,0,10,19,1,3,19,8,0,17,15,0,10,19,1,0,0,0,2,19,1,0,25,22,0,15,29,2,5,29,12,0,25,22,0,15,29,2,0,0,0,2,19,1,0,25,22,0,15,29,2,5,29,12,0,25,22,0,15,29,2,0,2,0,2,19,1,0,25,22,0,15,29,2,5,29,12,0,25,22,0,15,29,2,0,22,0,2,19,1,0,25,22,0,15,29,2,5,29,12,0,25,22,0,15,29,2,0,22,0,2,19,0,0,4,3,0,2,4,0,0,4,2,0,4,3,0,2,4,0,0,22,0,2,19,0,0,0,0,0,0,0,0,0,0,0,0,0,0,0,0,0,0,0,22,0,2,19,0,0,0,0,0,0,0,0,0,0,0,0,0,0,0,0,0,0,0,22,0,2,19,10,17,17,17,17,17,17,17,17,17,17,17,17,17,17,1,0,0,0,22,0,2,19,0,0,0,0,0,0,0,0,0,0,0,0,0,0,0,0,0,0,0,22,0,2,19,0,0,0,0,0,0,0,0,0,0,0,0,0,0,0,0,0,0,0,22,0,2,19,0,0,8,7,0,5,9,0,1,9,4,0,8,7,0,5,9,0,0,19,0,2,17
21,0,16,29,1,6,29,11,0,0,22,2,4,4,1,13,9,4,4,2,3,18,3,21,0,16,29,1,4,17,7,0,0,23,23,23,15,0,13,25,23,23,0,3,27,23,21,0,16,29,1,0,0,0,0,0,23,8,11,18,0,13,15,8,24,0,3,22,8,21,0,16,29,1,0,0,0,1,8,22,6,8,18,10,13,10,8,22,6,8,18,10,21,0,16,29,1,0,0,0,3,18,22,13,12,18,22,13,12,18,22,13,12,18,22,21,0,16,29,1,0,0,0,3,18,22,13,12,18,22,13,12,18,22,13,12,18,22,21,0,16,29,1,0,0,0,3,18,22,13,12,18,22,13,12,18,22,13,12,18,22,21,0,16,29,1,0,0,0,1,8,22,6,7,18,9,13,10,8,22,6,7,18,9,21,0,16,29,1,0,0,0,0,0,22,0,3,18,0,13,8,0,22,0,3,18,0,1,0,1,1,0,3,12,5,0,0,22,0,3,18,0,13,8,0,22,0,3,18,0,0,0,0,0,0,6,29,11,0,0,22,0,3,18,0,13,8,0,22,0,3,18,0,0,0,0,0,0,6,29,11,0,0,22,0,3,18,0,13,8,0,22,0,3,18,0,0,0,0,0,0,6,29,11,0,0,13,0,2,10,0,7,5,0,13,0,2,10,0,7,7,5,0,0,6,29,11,0,6,7,7,7,7,7,7,7,7,7,7,7,7,7,8,8,6,0,0,6,29,11,0,7,8,8,8,8,8,8,8,8,8,8,8,8,8,0,0,0,0,0,6,29,11,0,0,9,11,11,7,0,5,11,11,11,0,1,11,11,21,0,16,29,1,6,29,11,0,0,23,20,22,18,0,13,23,20,27,0,3,26,20,21,0,16,29,1,6,29,11,0,0,22,9,9,18,0,13,11,12,22,0,3,18,15,21,0,16,29,1,6,29,11,0,0,16,13,12,18,0,10,10,18,22,0,2,13,22,21,0,16,29,1,6,29,11,0,0,0,13,12,18,0,0,3,18,22,0,0,0,22,21,0,16,29,1,6,29,11,0,6,17,23,12,18,0,17,19,18,22,0,12,17,26,21,0,16,29,1,6,29,11,0,5,14,14,8,18,0,14,14,9,22,0,10,14,14,8,0,6,11,0,2,11,4,0,0,11,13,16,18,0,6,13,13,25,0,1,13,13
0,0,7,14,0,17,4,0,0,0,0,0,0,0,0,0,0,17,4,0,0,17,4,0,0,7,14,0,17,4,5,17,17,17,17,17,17,17,15,0,17,4,0,0,17,4,0,0,7,14,0,17,4,0,0,0,0,0,0,0,0,0,0,17,4,0,0,17,4,0,0,7,14,0,13,17,17,17,17,17,17,17,17,17,17,9,17,4,0,0,17,4,0,0,7,14,10,17,18,19,9,0,0,0,0,0,0,0,0,17,4,0,0,14,4,0,0,7,14,0,6,9,14,0,0,0,0,5,10,0,0,0,17,4,0,0,0,0,0,0,7,14,0,17,12,14,0,0,0,0,7,14,0,0,0,17,4,0,0,0,0,0,0,7,14,0,17,12,14,0,0,0,0,7,14,0,0,0,17,4,0,0,9,2,0,0,7,14,3,6,12,17,5,5,5,5,6,6,5,5,5,20,4,0,0,17,4,0,0,7,17,10,14,14,14,14,14,10,10,10,10,10,10,10,10,1,0,0,17,4,0,0,3,12,12,12,12,12,12,11,0,0,0,0,0,0,0,0,0,0,0,17,4,1,7,7,7,7,7,7,7,7,7,7,7,7,7,7,7,7,7,7,7,0,17,4,1,8,8,8,8,8,8,8,8,8,8,8,8,8,8,8,8,8,8,8,0,17,4,2,15,0,17,19,19,19,2,11,19,19,19,9,0,0,0,0,0,0,0,0,17,4,3,23,0,26,29,29,28,3,16,29,29,29,13,0,0,0,0,0,0,0,0,17,4,0,5,1,0,20,27,2,4,0,10,29,7,7,0,0,0,0,28,17,0,0,17,4,0,17,4,0,20,27,7,14,0,10,29,7,22,0,0,0,0,29,17,0,0,17,4,0,17,4,0,20,27,7,14,0,10,29,7,22,0,0,0,0,29,17,0,0,17,4,1,10,10,9,23,28,10,10,9,17,29,15,5,0,0,0,0,29,17,0,0,17,4,3,29,29,29,29,29,29,29,29,29,29,29,13,0,0,0,0,25,15,0,0,17,4,1,8,8,8,8,8,8,8,8,8,8,8,4,0,0,0,0,0,0,0,0,17,4,0,0,0,0,0,0,0,0,0,0,0,0,0,0,0,0,0,0,0,0,0,17,4,2,17,17,17,17,17,17,17,17,17,17,17,17,17,17,17,17,17,17,15,0,17,4
17,17,17,17,17,17,17,17,17,17,17,17,17,17,17,17,17,17,17,17,17,17,17,0,0,0,0,0,0,0,0,0,0,0,0,0,0,0,0,0,0,0,0,0,0,0,0,0,0,0,0,0,0,0,0,0,0,0,0,0,0,0,0,0,0,0,0,0,0,0,11,19,1,0,0,0,0,0,0,0,11,19,1,4,19,7,0,17,14,0,0,0,0,16,29,1,0,0,0,0,0,0,0,16,29,1,6,29,11,0,26,21,0,0,0,0,16,29,1,0,0,0,0,0,0,0,16,29,1,6,29,11,0,26,21,0,0,0,0,16,29,1,0,0,0,0,0,0,0,16,29,1,6,29,11,0,26,21,0,0,0,0,16,29,1,0,13,22,1,0,0,0,16,29,1,6,29,11,0,26,21,0,0,0,0,2,4,0,0,16,29,1,0,0,0,16,29,1,6,29,11,0,26,21,0,0,0,0,0,0,0,0,16,29,1,0,0,0,16,29,1,6,29,11,0,26,21,0,0,0,8,8,3,0,0,16,29,1,0,0,0,16,29,1,6,29,11,0,26,21,0,0,0,7,7,2,0,0,16,29,1,0,0,0,16,29,1,6,29,11,0,26,21,0,0,0,23,19,0,0,0,16,29,1,0,0,0,16,29,1,6,29,11,0,26,21,0,0,0,26,21,0,0,0,16,29,1,0,0,0,16,29,1,6,29,11,0,26,21,0,0,0,26,21,0,0,0,16,29,1,0,0,0,16,29,1,6,29,11,0,26,21,0,0,0,26,21,0,0,0,16,29,1,0,0,0,16,29,1,6,29,11,0,26,21,0,0,0,26,21,0,0,0,16,29,1,0,0,0,16,29,1,6,29,11,0,26,21,0,0,0,26,21,0,0,0,16,29,1,0,0,0,16,29,1,6,29,11,0,26,21,0,0,0,27,21,0,0,0,16,29,1,0,0,0,16,29,1,6,29,11,0,26,21,0,0,0,29,21,0,0,0,16,29,1,0,0,0,6,10,0,2,10,4,0,9,8,0,0,0,9,7,0,0,0,10,17,1,0,0,0,0,0,0,0,0,0,0,0,0,0,0,0,17,17,6,0,0,0,0,0,2,17,17,17,17,17,17,17,17,17,17,17,17,0,0,0,0,0,0,3,13,5,0,0,0,0,0,0,0,0,0,0,0,0,0,0,0,0
3,0,0,0,6,29,11,0,26,21,0,16,29,1,6,29,11,0,26,21,0,16,29,3,0,0,0,6,29,11,0,26,21,0,16,29,1,6,29,11,0,26,21,0,16,29,3,0,0,0,6,29,11,0,26,21,0,16,29,1,6,29,11,0,26,21,0,16,29,3,0,0,0,6,29,11,0,26,21,0,16,29,1,6,29,11,0,26,21,0,16,29,3,0,0,0,6,29,11,0,26,21,0,16,29,1,6,29,11,0,26,21,0,16,29,3,0,0,0,2,11,4,0,10,8,0,6,11,0,2,11,4,0,10,8,0,6,11,2,0,0,0,0,0,0,0,0,0,0,0,0,0,0,0,0,0,0,0,0,0,0,17,17,17,17,17,17,17,17,17,17,17,17,17,17,17,17,17,17,17,17,17,17,17,7,7,7,7,7,7,1,0,0,0,0,0,0,0,0,0,0,0,0,0,0,0,0,25,25,25,25,25,25,3,0,0,0,0,0,0,0,0,0,0,0,0,0,0,0,0,0,3,0,0,0,0,0,1,7,0,0,0,0,0,5,25,9,0,0,0,0,0,5,0,22,10,7,6,0,8,8,18,0,0,3,16,0,6,29,11,0,12,7,0,0,13,0,22,13,9,15,0,10,9,18,0,0,3,18,0,6,29,11,0,13,8,0,0,13,0,22,13,9,15,0,10,9,18,0,0,3,18,0,6,29,11,0,13,8,0,0,13,0,22,13,9,15,0,10,9,18,0,0,3,18,0,6,29,11,0,13,8,0,0,13,0,20,12,9,14,0,10,9,17,0,0,3,18,0,6,29,11,0,13,8,0,0,12,0,0,0,0,0,0,0,0,0,0,0,3,18,0,6,29,11,0,13,8,0,0,0,0,0,0,0,0,0,0,0,0,0,0,3,18,0,6,29,11,0,13,8,0,0,0,17,17,17,17,17,17,17,17,17,17,6,3,18,0,6,29,11,0,13,8,2,17,17,0,0,0,0,0,0,0,0,0,0,0,3,18,0,6,29,11,0,13,8,0,0,0,7,7,7,7,7,7,7,0,0,0,0,3,18,0,6,29,11,0,13,8,0,0,0,29,29,29,29,29,29,27,0,0,0,0,3,18,0,6,29,11,0,13,8,0,0,0,18,10,10,10,28,24,10,0,0,0,0,3,18,0,6,29,11,0,13,8,0,0,0
12,18,22,0,3,18,22,13,12,18,22,13,12,18,0,13,12,18,22,13,12,18,22,12,18,22,0,3,18,22,13,12,18,22,13,12,18,0,13,12,18,22,13,12,18,22,4,18,0,0,0,0,22,0,2,9,0,13,9,0,0,0,4,18,0,6,4,0,22,10,18,16,11,10,13,22,9,6,0,16,13,11,13,19,9,10,18,16,0,2,13,22,12,18,22,13,12,18,22,13,12,15,22,13,12,18,22,13,12,18,22,11,11,18,22,10,18,16,13,11,13,22,9,10,18,16,13,11,13,22,9,10,18,16,13,11,13,22,3,18,3,13,9,2,22,0,3,18,0,13,9,2,22,1,5,18,0,13,8,0,22,3,18,22,13,12,18,22,0,3,18,0,13,12,18,22,13,12,18,0,13,8,0,22,10,18,22,13,12,18,22,10,10,18,16,13,12,18,22,13,12,18,16,13,11,13,22,12,18,22,13,12,18,22,13,12,18,22,13,12,18,22,13,12,18,22,13,12,18,22,12,18,2,13,9,1,22,13,12,18,22,13,9,1,22,1,4,18,22,13,12,18,22,6,18,0,13,8,0,22,4,6,18,7,13,8,0,22,0,3,18,7,13,10,6,22,3,18,0,13,8,0,22,0,3,18,0,13,8,0,22,0,3,18,0,13,8,0,22,3,18,0,4,2,0,22,0,1,5,0,13,8,0,6,0,3,18,0,4,2,0,22,6,24,15,6,6,15,26,3,2,0,5,13,20,10,11,7,17,18,5,0,0,4,23,11,17,26,13,12,25,16,13,12,15,22,7,18,18,22,13,20,10,22,11,11,18,13,8,0,22,13,12,18,0,13,12,18,22,0,3,18,22,13,8,0,22,13,12,18,0,8,0,22,13,12,18,0,13,12,18,21,0,3,18,22,13,8,0,21,13,12,17,0,0,0,22,4,6,18,0,0,3,18,0,0,3,18,6,13,8,0,0,13,8,0,0,0,0,22,0,3,18,0,0,3,18,0,0,3,18,0,13,8,0,0,13,8,0,0,2,13,3,9,6,3,16,0,3,18,0,9,6,3,16,2,4,13,0,13,8,0,16,3,18,15,13,11,12,22,0,3,18,0,13,11,12,22,9,9,18,0,13,8,0,22,3,18,22,13,12,18,22,0,3,18,0,13,12,18,22,13,12,18,0,13,8,0,22
8,2,7,12,0,6,8,8,0,0,0,0,0,0,3,8,8,2,7,12,0,6,8,10,10,21,29,12,10,10,10,0,0,0,0,0,0,4,10,10,10,21,29,12,10,10,29,29,29,29,29,29,29,27,0,0,0,0,0,0,11,29,29,29,29,29,29,29,29,7,7,7,7,7,7,7,7,0,0,0,0,0,0,3,7,7,7,7,7,7,7,7,17,17,17,17,17,17,17,17,17,17,17,17,17,17,17,17,17,17,17,17,17,17,17,2,2,2,2,2,2,2,2,2,0,0,0,0,2,2,2,2,2,2,2,2,2,2,29,29,29,29,29,29,29,29,29,7,0,0,0,22,29,29,29,29,29,29,29,29,29,0,0,0,0,1,0,0,0,0,0,0,0,0,0,0,0,0,0,0,0,0,0,0,0,0,0,0,22,0,0,0,0,0,0,0,0,0,0,0,0,13,8,0,0,0,0,0,0,0,0,22,0,0,0,0,0,0,0,0,0,0,0,0,13,8,0,0,0,0,0,0,0,0,8,0,0,0,0,0,0,0,0,0,0,0,0,5,3,0,0,0,0,29,29,29,29,29,29,29,29,29,5,0,0,0,20,29,29,29,29,29,29,29,29,29,14,14,8,1,1,1,1,1,1,0,0,0,0,1,1,1,1,1,1,2,14,14,14,19,19,10,0,0,0,0,0,0,0,0,0,0,0,0,0,0,0,0,0,19,19,19,0,0,0,0,0,0,0,0,0,0,0,0,0,0,0,0,0,0,0,0,0,0,0,15,15,15,15,15,15,15,15,15,15,15,15,15,15,15,15,15,15,15,15,15,15,15,0,0,0,0,0,0,0,0,0,0,0,0,0,0,0,0,0,0,0,0,0,0,0,10,10,10,10,10,10,10,10,10,10,6,1,10,10,10,10,10,10,10,10,10,10,10,29,29,29,29,29,29,29,29,29,29,17,2,29,29,29,29,29,29,29,29,29,29,29,7,7,20,29,9,7,7,13,29,16,4,0,7,27,24,7,7,7,20,29,9,7,7,0,3,19,29,6,1,2,10,29,14,2,0,4,27,23,4,0,3,19,29,6,1,2,0,22,29,29,29,7,12,29,29,29,17,2,29,29,29,27,0,22,29,29,29,7,12,0,10,13,13,13,3,6,13,13,13,8,1,13,13,13,13,0,10,13,13,13,3,6
0,0,0,0,0,0,0,0,0,0,0,0,0,0,0,0,0,0,0,0,0,0,0,0,0,0,0,0,0,0,0,0,0,0,0,0,0,0,0,0,0,0,0,0,0,0,0,0,0,0,0,0,0,0,0,0,0,0,0,0,0,0,0,0,0,0,0,0,0,0,0,0,0,0,0,0,0,0,0,0,0,0,0,0,0,0,0,0,0,0,0,0,0,0,0,0,0,0,0,0,0,0,0,0,0,0,0,0,0,0,0,0,0,0,0,11,9,8,9,0,0,11,20,1,1,8,8,8,8,8,8,8,8,8,8,8,8,8,22,13,12,18,0,0,16,29,1,0,0,0,0,0,0,0,0,0,0,0,0,9,10,22,13,12,18,0,0,16,29,1,5,21,8,0,19,16,0,12,21,1,0,0,25,29,22,13,12,18,0,0,16,29,1,6,29,11,0,26,21,0,16,29,1,0,0,6,20,9,13,10,7,0,0,16,29,1,6,29,11,0,26,21,0,16,29,1,0,3,15,16,0,13,8,0,0,0,16,29,1,6,29,11,0,26,21,0,16,29,1,0,3,18,16,0,13,8,0,0,0,16,29,1,6,29,11,0,26,21,0,16,29,1,0,3,18,16,0,13,8,0,0,0,16,29,1,6,29,11,0,26,21,0,16,29,1,0,0,2,16,0,13,8,0,0,0,16,29,1,4,20,8,0,18,15,0,11,20,1,0,0,21,29,0,7,4,0,0,0,16,29,1,0,0,0,0,0,0,0,0,0,0,0,0,14,19,8,8,8,3,0,0,16,29,1,1,8,8,8,8,8,8,8,8,8,8,8,8,8,7,7,7,2,0,0,16,29,1,1,7,7,7,7,7,7,7,7,7,7,7,7,7,0,0,0,0,0,0,12,21,1,0,0,0,0,0,0,0,0,0,0,0,0,0,0,0,0,0,0,0,0,0,0,0,0,0,0,0,0,0,0,0,0,0,0,0,0,0,0,0,0,0,0,0,0,0,0,0,0,0,0,0,0,0,0,0,0,0,0,0,0,0,0,0,0,0,0,0,0,0,0,0,0,0,0,0,0,0,0,0,0,0,0,0,0,0,0,0,0,0,0,0,0,0,0,0,0,0,0,0,0,0,0,0,0,0,0,0,0,0,0,0,0,0,0,0,0,0,0,0,0,0,0,0,0,0,0,0,0,0
0,0,0,0,16,29,1,6,29,11,0,26,21,0,0,0,0,0,0,0,0,0,0,0,0,0,0,16,29,1,6,29,11,0,26,21,0,0,0,0,0,0,13,17,17,17,0,26,21,0,16,29,1,6,29,11,0,26,21,0,16,28,1,0,0,22,29,29,29,0,26,21,0,16,29,1,6,29,11,0,26,21,0,16,29,1,0,0,0,0,7,29,0,26,21,0,16,29,1,6,29,11,0,26,21,0,16,29,1,0,27,27,18,6,29,0,7,5,0,16,29,1,6,29,11,0,26,21,0,16,29,1,0,4,4,3,6,29,0,0,0,0,16,29,1,6,29,11,0,26,21,0,14,25,1,0,0,12,15,19,29,0,0,0,0,16,29,1,6,29,11,0,26,21,0,0,0,0,0,0,22,29,29,29,7,0,0,0,16,29,1,6,29,11,0,26,21,0,0,0,0,0,0,2,2,2,2,8,0,0,0,16,29,1,6,29,11,0,26,21,0,0,2,17,17,17,17,17,17,17,8,0,0,0,16,29,1,6,29,11,0,26,21,0,0,0,0,0,0,0,0,0,0,8,0,0,0,16,29,1,6,29,11,0,26,21,0,6,10,0,2,10,4,0,0,0,8,0,0,0,16,29,1,6,29,11,0,26,21,0,16,29,1,6,29,11,0,0,1,8,0,0,0,16,29,1,6,29,11,0,26,21,0,16,29,1,6,29,11,0,0,3,8,0,0,0,16,29,1,6,29,11,0,26,21,0,16,29,1,6,29,11,0,0,3,2,0,0,0,15,27,1,6,27,11,0,25,20,0,16,29,1,6,29,11,0,0,3,0,0,0,0,0,0,0,0,0,0,0,0,0,0,16,29,1,6,29,11,0,0,0,0,0,0,0,8,14,0,3,14,5,0,13,10,0,16,29,1,6,29,11,0,0,0,0,0,0,0,16,29,1,6,29,11,0,26,21,0,1,1,0,0,1,0,0,0,0,2,0,0,0,16,29,1,6,29,11,0,26,21,0,0,0,0,0,0,0,0,0,0,8,0,0,0,16,29,1,6,29,11,0,26,21,0,0,2,17,17,17,17,17,17,17,8,0,0,0,16,29,1,6,29,11,0,26,21,0,0,0,0,0,0,0,3,9,9,8,0,0,0,16,29,1,6,29,11,0,26,21,0,2,4,0,0,0,0,11,29,29
0,0,0,11,19,1,4,19,7,0,17,14,0,16,29,1,0,3,18,9,13,8,0,0,0,0,0,0,0,0,0,0,0,0,0,0,16,29,1,0,3,26,19,24,8,0,0,0,0,0,0,0,0,0,0,0,0,0,0,16,29,1,0,1,12,12,12,3,0,7,0,0,3,7,7,7,7,7,7,2,0,0,16,29,1,1,7,7,7,7,7,7,8,0,0,4,8,8,8,8,8,8,3,0,0,16,29,1,1,8,8,8,8,8,8,15,0,0,0,0,0,0,0,0,0,0,0,0,16,29,1,0,2,10,0,7,4,0,23,0,0,0,0,0,0,0,0,0,0,0,0,16,29,1,0,3,18,0,13,8,0,23,0,0,16,28,1,6,28,11,0,26,21,0,16,29,1,0,3,18,0,13,8,0,23,0,0,16,29,1,6,29,11,0,26,21,0,11,19,1,0,3,18,0,13,8,0,23,0,0,16,29,1,6,29,11,0,26,21,0,0,0,0,0,3,18,0,13,8,0,23,0,0,16,29,1,6,29,11,0,26,21,0,0,0,0,5,7,18,9,13,10,7,23,0,0,14,25,1,6,25,10,0,23,19,0,0,0,0,13,12,18,22,13,12,18,23,0,0,0,0,0,0,0,0,0,0,0,0,0,0,0,13,12,18,22,13,12,18,23,0,0,0,0,0,0,0,0,0,0,0,0,0,0,0,13,12,18,22,13,12,18,23,0,0,8,17,17,17,17,17,17,6,0,0,0,0,0,6,8,18,11,13,10,9,23,0,0,0,0,0,0,0,0,0,0,0,0,0,0,0,0,3,21,7,18,8,0,23,0,0,6,10,0,2,10,4,0,9,8,0,6,10,0,0,3,25,25,27,8,0,23,0,0,16,29,1,6,29,11,0,26,21,0,16,29,1,0,2,3,3,13,8,1,23,0,0,16,29,1,6,29,11,0,26,21,0,16,29,1,0,20,28,28,13,8,10,23,0,0,16,29,1,6,29,11,0,26,21,0,16,29,1,0,0,0,22,13,8,0,23,0,0,16,29,1,6,29,11,0,26,21,0,16,29,1,0,1,6,22,13,8,0,23,0,0,16,29,1,6,29,11,0,26,21,0,16,29,1,0,3,18,22,13,8,0,23,0,0,16,29,1,6,29,11,0,26,21,0,16,29,1,0,3,22,10,19,8,0
0,0,0,0,0,11,29,2,5,29,12,0,24,21,0,2,19,0,0,0,0,0,0,0,0,0,0,0,11,29,2,5,29,12,0,0,0,0,2,19,1,0,0,0,0,0,0,0,0,0,0,11,29,2,5,29,12,0,12,11,0,2,19,4,0,0,0,0,0,0,0,0,0,0,11,29,2,5,29,12,0,25,22,0,2,19,4,0,0,0,0,0,0,0,0,0,0,11,29,2,5,29,12,0,25,22,0,2,19,4,0,0,0,0,0,0,0,0,0,0,11,29,2,5,29,12,0,25,22,0,2,19,3,0,0,0,0,0,0,0,0,0,0,11,29,2,5,29,12,0,25,22,0,0,3,0,0,0,0,0,0,0,0,0,0,0,11,29,2,5,29,12,0,25,22,0,0,3,4,0,0,0,0,0,0,0,0,0,0,11,27,2,5,29,12,0,25,22,0,2,19,4,0,0,0,0,0,0,0,0,0,0,0,0,0,5,29,12,0,25,22,0,2,19,1,0,0,0,0,0,0,0,0,0,0,5,14,1,5,29,12,0,25,22,0,2,19,0,0,0,0,0,0,0,0,0,0,0,11,29,2,5,29,12,0,25,22,0,2,19,0,0,0,0,0,0,0,0,0,0,0,11,29,2,5,29,12,0,25,22,0,2,19,4,0,0,0,0,0,0,0,0,0,0,11,29,2,5,29,12,0,25,22,0,2,19,4,0,0,0,0,0,0,0,0,0,0,11,29,2,5,29,12,0,25,22,0,2,19,4,0,0,0,0,0,0,0,0,0,0,11,29,2,5,29,12,0,25,22,0,2,19,0,0,0,0,0,0,0,0,0,0,0,11,29,2,5,29,12,0,25,22,0,2,19,0,0,0,0,0,0,0,0,0,0,0,11,29,2,5,29,12,0,25,22,0,0,0,0,0,0,0,0,0,0,0,0,0,0,11,29,2,5,29,12,0,25,22,0,0,3,2,0,0,0,0,0,0,0,0,0,0,11,29,2,5,29,12,0,25,22,0,2,19,4,0,0,0,0,0,0,0,0,0,0,11,29,2,5,29,12,0,25,22,0,2,19,4,0,0,0,0,0,0,0,0,0,0,11,29,2,5,29,12,0,25,22,0,2,19,2,0,0,0,0,0,0,0,0,0,0,11,29,2,5,29,12,0,25,22,0,2,19,0,0,0,0,0,0
18,24,8,0,0,0,16,29,1,0,0,0,0,0,0,0,0,0,0,18,13,0,0,3,13,9,2,0,0,16,29,1,2,17,17,17,17,17,17,11,0,0,18,13,2,17,22,13,12,18,0,0,16,29,1,0,0,0,0,0,0,0,0,0,0,18,13,0,0,22,13,12,18,0,0,16,29,1,0,0,0,0,0,0,0,0,0,0,18,13,15,21,22,13,12,18,0,0,16,29,1,5,25,9,0,22,18,0,0,0,0,18,16,11,14,17,13,12,14,0,0,16,29,1,6,29,11,0,26,21,0,0,0,0,18,29,28,28,0,13,8,0,0,0,16,29,1,6,29,11,0,26,21,0,0,0,0,18,13,5,3,0,13,8,0,0,0,16,29,1,6,29,11,0,26,21,0,0,0,0,18,13,13,8,0,13,8,0,0,0,16,29,1,6,29,11,0,26,21,0,0,0,0,18,13,13,8,0,13,8,0,0,0,16,29,1,0,0,0,0,0,0,0,0,0,0,18,15,2,2,0,12,8,0,0,0,16,29,1,0,0,0,0,0,0,0,0,0,0,18,29,29,29,0,0,0,0,0,0,16,29,1,0,0,0,0,0,0,0,0,0,0,0,0,0,0,17,17,17,6,0,0,16,29,1,2,17,17,17,17,17,17,11,0,0,14,17,17,17,1,1,0,0,0,0,16,29,1,0,0,0,0,0,0,0,0,0,0,0,0,7,9,29,29,8,0,0,0,16,29,1,0,0,0,0,0,0,0,0,0,0,0,0,21,29,2,14,8,0,0,0,16,29,1,4,18,7,0,17,13,0,10,18,1,0,0,6,8,22,13,8,0,0,0,16,29,1,6,29,11,0,26,21,0,16,29,1,0,0,21,27,22,13,8,0,0,0,16,29,1,6,29,11,0,26,21,0,16,29,1,0,0,3,4,24,13,8,0,0,0,16,29,1,6,29,11,0,26,21,0,16,29,1,0,0,0,0,24,13,8,0,0,0,16,29,1,6,29,11,0,26,21,0,16,29,1,0,0,16,21,3,16,8,0,0,0,16,29,1,1,5,2,0,5,4,0,3,5,0,0,0,19,26,28,29,8,0,0,0,4,7,0,0,0,0,0,0,0,0,0,0,0,0,0,0,0,0,13,8,0,0,0,2,4,0,1,7,7,7,7,7,7,7,7,7,7,7,7,7
0,0,0,0,0,0,21,20,0,12,25,3,4,25,12,0,21,20,0,12,25,3,0,0,0,0,0,0,0,25,23,0,14,29,3,4,29,13,0,25,23,0,14,29,3,0,0,0,0,0,0,0,25,23,0,14,29,3,4,29,13,0,25,23,0,14,29,3,0,9,8,0,0,0,0,25,23,0,14,29,3,4,29,13,0,25,23,0,14,29,3,0,11,10,0,0,0,0,25,23,0,14,29,3,4,29,13,0,25,23,0,14,29,3,0,11,10,0,0,0,0,25,23,0,14,29,3,4,29,13,0,25,23,0,14,29,3,0,11,10,0,0,0,0,14,13,0,8,17,2,2,17,7,0,14,13,0,8,17,2,0,11,10,0,0,0,0,0,0,0,0,0,0,0,0,0,0,0,0,0,0,0,0,0,11,10,0,0,0,0,0,0,9,12,12,12,12,12,12,12,12,12,12,12,12,12,5,11,10,0,0,0,0,0,0,3,3,3,3,3,3,3,3,3,3,3,3,3,3,1,11,10,0,0,0,0,0,0,0,0,0,0,0,0,0,0,0,0,0,0,0,0,0,11,10,0,0,0,0,16,15,0,9,19,2,3,19,9,0,16,15,0,9,19,2,0,11,10,0,0,0,0,25,23,0,14,29,3,4,29,13,0,25,23,0,14,29,3,0,11,10,0,2,0,0,25,23,0,14,29,3,4,29,13,0,25,23,0,14,29,3,0,11,10,0,21,0,0,25,23,0,14,29,3,4,29,13,0,25,23,0,14,29,3,0,11,10,0,21,0,0,25,23,0,14,29,3,4,29,13,0,25,23,0,14,29,3,0,11,10,0,21,0,0,4,3,0,2,4,0,0,4,2,0,4,3,0,2,4,0,0,11,10,0,21,0,0,0,0,0,0,0,0,0,0,0,0,0,0,0,0,0,0,0,11,10,0,21,0,0,0,0,0,0,0,0,0,0,0,0,0,0,0,0,0,0,0,11,10,0,21,0,0,0,0,13,17,17,17,17,17,17,17,17,17,17,17,17,17,7,11,10,0,21,0,0,0,0,0,0,0,0,0,0,0,0,0,0,0,0,0,0,0,11,10,0,21,0,0,0,0,0,0,0,0,0,0,0,0,0,0,0,0,0,0,0,10,9,0,19,0,0,8,7,0,4,9,1,1,9,4,0,8,7,0,4,9,1,0
18,22,3,10,18,22,13,13,4,22,13,12,18,5,17,12,18,23,6,6,18,22,13,18,22,0,3,18,22,13,8,0,22,13,12,18,0,13,12,18,22,0,3,18,22,13,18,13,0,3,18,22,13,8,0,13,13,11,11,0,13,12,18,22,0,2,11,22,8,18,0,0,3,18,0,13,8,0,0,13,8,0,0,13,8,0,22,0,0,0,22,0,18,0,0,3,15,0,11,7,0,0,13,8,0,0,11,7,0,19,0,0,0,22,0,18,0,13,8,0,22,0,3,18,0,13,8,0,22,0,3,18,0,13,8,0,22,0,18,0,13,12,18,22,13,12,18,0,13,8,0,22,13,12,18,22,13,8,0,22,0,18,0,13,12,18,22,13,12,18,0,13,8,0,22,13,12,18,22,13,8,0,22,0,6,0,5,7,18,8,13,10,6,0,5,3,0,8,13,10,6,22,5,3,0,8,0,0,0,0,3,18,0,13,8,0,0,0,0,0,0,13,8,0,22,0,0,0,0,0,0,0,0,4,18,1,13,9,1,0,0,0,0,1,13,9,1,22,0,0,0,0,0,0,0,13,12,18,22,13,12,18,0,0,0,0,22,13,12,18,22,13,8,0,0,0,4,0,13,12,18,22,13,12,18,0,3,2,0,22,13,12,18,22,13,8,0,5,0,18,0,13,12,18,22,13,12,18,0,13,8,0,22,13,12,18,22,13,8,0,22,0,18,0,13,12,18,22,13,12,18,0,13,8,0,22,13,12,18,22,13,8,0,22,0,18,0,13,12,14,22,10,10,18,0,13,8,0,22,10,10,18,17,13,8,0,22,0,18,0,13,8,0,22,0,3,18,0,13,8,0,22,0,3,18,0,13,8,0,22,0,18,19,13,12,16,22,12,11,18,19,13,12,16,22,12,11,18,19,13,12,16,22,12,18,22,13,12,18,22,13,12,18,22,13,12,18,22,13,12,18,22,13,12,18,22,13,16,22,12,11,18,19,13,12,16,22,12,11,18,19,13,12,16,22,12,11,18,19,13,0,23,7,10,18,0,13,14,7,24,0,3,21,7,18,8,0,23,7,10,18,0,13,0,23,25,25,18,0,13,26,25,27,0,3,28,25,27,8,0,23,25,25,18,0,13,0,22,0,3,18,0,13,8,0,22,0,3,18,0,13,8,0,22,0,3,18,0,13
5,2,0,5,4,0,3,5,0,1,5,2,0,5,4,0,3,5,0,1,5,2,0,29,11,0,26,21,0,16,29,1,6,29,11,0,26,21,0,16,29,1,6,29,11,0,29,11,0,26,21,0,16,29,1,6,29,11,0,26,21,0,16,29,1,6,29,11,0,29,11,0,26,21,0,16,29,1,6,29,11,0,26,21,0,16,29,1,6,29,11,0,29,11,0,26,21,0,16,29,1,6,29,11,0,26,21,0,16,29,1,6,29,11,0,29,11,0,26,21,0,16,29,1,6,29,11,0,26,21,0,16,29,1,6,29,11,0,29,11,0,26,21,0,16,29,1,6,29,11,0,26,21,0,16,29,1,6,29,11,0,6,2,0,6,5,0,3,6,0,1,6,2,0,6,5,0,3,6,0,1,6,2,0,0,0,0,0,0,0,0,0,0,0,0,0,0,0,0,0,0,0,0,0,0,0,0,17,17,17,17,17,17,17,17,17,17,17,17,17,17,17,17,17,17,17,17,17,17,17,0,0,0,0,0,0,0,0,0,0,0,0,0,0,0,0,0,0,0,0,0,0,0,22,0,3,18,0,13,8,0,22,0,3,18,0,13,8,0,22,0,3,18,0,13,8,22,0,3,18,0,13,8,0,22,0,3,18,0,13,8,0,22,0,3,18,0,13,8,22,0,3,18,0,13,8,0,22,0,3,18,0,13,8,0,22,0,3,18,0,13,8,22,0,3,18,0,13,8,0,22,0,3,18,0,13,8,0,22,0,3,18,0,13,8,22,0,3,18,0,13,8,0,22,0,3,18,0,13,8,0,22,0,3,18,0,13,8,24,0,3,22,8,18,8,0,23,8,11,18,0,13,15,8,24,0,3,22,8,18,8,27,0,3,27,23,26,8,0,23,23,24,18,0,13,25,23,27,0,3,27,23,26,8,22,4,6,18,7,13,10,6,22,4,6,18,7,13,10,6,22,4,6,18,7,13,10,22,13,12,18,22,13,12,18,22,13,12,18,22,13,12,18,22,13,12,18,22,13,12,22,13,12,18,22,13,12,18,22,13,12,18,22,13,12,18,22,13,12,18,22,13,12,9,13,10,7,22,5,7,18,9,13,10,7,22,5,7,18,9,13,10,7,22,5,7,0,2,1,0,4,0,0,3,0,2,1,0,4,0,0,3,0,2,1,0,4,0,0
21,0,14,25,1,6,25,10,0,23,19,0,0,0,3,13,29,16,4,6,29,11,0,21,0,0,0,0,0,0,0,0,0,0,0,0,0,11,29,29,29,17,6,29,11,0,21,0,0,0,0,0,0,0,0,0,0,0,0,0,4,10,10,10,6,3,17,6,0,21,0,0,0,8,17,17,17,17,17,17,17,17,17,17,17,17,17,17,17,17,17,17,21,0,0,0,0,0,0,0,0,0,0,0,0,0,0,0,0,0,0,0,0,0,0,21,0,6,10,0,2,10,4,0,9,8,0,6,10,0,2,10,4,0,0,0,16,21,21,0,16,29,1,6,29,11,0,26,21,0,16,29,1,6,29,11,0,0,0,20,27,21,0,16,29,1,6,29,11,0,26,21,0,16,29,1,6,29,11,0,2,1,0,3,21,0,16,29,1,6,29,11,0,26,21,0,16,29,1,6,29,11,0,13,8,0,3,20,0,16,29,1,6,29,11,0,26,21,0,16,29,1,6,29,11,0,13,8,0,3,0,0,16,29,1,6,29,11,0,26,21,0,16,29,1,6,29,11,0,13,8,0,3,10,0,16,29,1,6,29,11,0,26,21,0,16,29,1,6,29,11,0,4,2,13,19,21,0,16,29,1,6,29,11,0,26,21,0,1,1,0,0,1,0,0,0,0,22,29,21,0,16,29,1,6,29,11,0,26,21,0,0,0,0,0,0,0,0,0,0,0,0,21,0,16,29,1,6,29,11,0,26,21,0,8,17,17,17,17,17,17,17,17,17,17,21,0,16,29,1,6,29,11,0,26,21,0,0,0,0,0,1,1,1,1,1,1,1,21,0,16,29,1,6,29,11,0,26,21,0,0,0,0,2,29,29,29,29,29,29,17,21,0,16,29,1,6,29,11,0,26,21,0,0,0,0,1,17,17,24,29,17,17,10,21,0,16,29,1,6,29,11,0,26,21,0,0,0,1,3,3,1,16,29,1,3,3,21,0,16,29,1,6,29,11,0,26,21,0,0,0,10,28,28,9,16,29,1,22,28,21,0,16,29,1,6,29,11,0,26,21,0,0,0,0,0,0,0,16,29,1,0,0,21,0,16,29,1,6,29,11,0,26,21,0,0,0,0,2,29,29,29,29,29,29,29,21,0,16,29,1,6,29,11,0,26,21,0,0,0,0,1,18,18,18,18,18,18,18
0,4,17,0,14,7,0,22,0,0,0,0,0,17,29,0,7,29,10,0,27,20,0,0,4,17,16,14,11,13,22,10,5,0,0,0,17,29,0,7,29,10,0,27,20,0,0,4,17,22,14,12,17,22,14,7,0,0,0,17,29,0,7,29,10,0,27,20,0,0,4,17,22,14,12,17,22,14,7,0,0,0,17,29,0,7,29,10,0,27,20,0,0,4,17,22,14,12,17,22,14,7,0,0,0,17,29,0,7,29,10,0,27,20,0,0,4,17,3,14,8,2,22,2,1,0,0,0,17,29,0,7,29,10,0,27,20,0,0,14,17,0,14,21,17,25,0,0,0,0,0,17,29,0,7,29,10,0,27,20,0,0,10,8,0,14,18,14,13,0,0,0,0,0,17,29,0,7,29,10,0,27,20,0,0,9,13,2,14,10,13,13,7,0,0,0,0,17,29,0,7,29,10,0,27,20,0,0,13,18,3,14,12,25,18,10,0,0,0,0,17,29,0,7,29,10,0,27,20,0,0,0,0,0,14,12,17,0,0,0,0,0,0,17,29,0,7,29,10,0,27,20,0,0,3,11,0,14,12,17,15,0,0,0,0,0,17,29,0,7,29,10,0,27,20,0,0,4,17,0,14,10,7,22,0,0,0,0,0,17,29,0,7,29,10,0,27,20,0,0,15,17,0,14,22,19,26,0,0,0,0,0,17,29,0,7,29,10,0,27,20,0,0,9,7,0,6,12,12,12,0,0,0,0,0,17,29,0,7,29,10,0,27,20,0,0,5,7,7,7,7,7,7,7,0,0,0,0,17,29,0,7,29,10,0,27,20,0,0,6,8,8,8,8,8,8,8,0,0,0,0,17,29,0,7,29,10,0,27,20,0,0,2,9,0,7,4,0,12,0,0,0,0,0,17,29,0,7,29,10,0,27,20,0,0,4,17,0,14,7,0,22,0,0,0,0,0,17,29,0,7,29,10,0,27,20,0,0,4,17,0,14,7,0,22,0,0,0,0,0,17,29,0,7,29,10,0,27,20,0,0,4,17,0,14,7,0,22,0,0,0,0,0,17,29,0,7,29,10,0,27,20,0,0,4,17,0,14,7,0,22,0,0,0,0,0,17,29,0,7,29,10,0,27,20,0,0,4,17,9,14,9,7,22,5,3,0,0,0,17,29,0,7,29,10,0,27,20,0
22,16,12,15,22,16,12,15,22,0,6,15,22,16,12,15,22,16,12,15,0,16,10,22,16,12,15,22,16,12,15,22,0,6,15,22,16,12,15,22,16,12,15,0,16,10,0,16,6,0,11,0,7,15,0,0,0,0,22,0,3,7,0,16,6,0,0,0,5,16,16,10,11,0,11,11,15,16,14,9,11,22,11,4,0,16,16,10,11,19,11,9,22,16,12,15,19,16,12,15,22,16,12,15,22,16,11,13,22,16,12,15,22,16,10,16,16,10,11,22,11,11,15,16,16,10,11,22,11,11,15,16,16,10,11,22,11,9,3,16,5,0,22,0,6,15,3,16,6,2,22,0,6,15,0,16,6,2,22,2,5,22,16,5,0,22,0,6,15,22,16,12,15,22,0,6,15,0,16,12,15,22,16,10,22,16,11,11,22,12,11,15,22,16,12,15,22,12,11,15,16,16,12,15,22,16,10,22,16,12,15,22,16,12,15,22,16,12,15,22,16,12,15,22,16,12,15,22,16,10,2,16,12,15,22,16,12,15,2,16,6,1,22,16,12,15,22,16,6,1,22,1,5,0,16,8,5,22,5,8,15,0,16,5,0,22,5,8,15,7,16,5,0,22,0,4,0,16,5,0,22,0,6,15,0,16,5,0,22,0,6,15,0,16,5,0,22,0,4,0,16,5,0,6,0,6,15,0,5,1,0,22,0,2,4,0,16,5,0,6,0,4,14,23,7,3,0,3,8,23,13,8,6,15,24,3,1,0,5,16,18,8,11,9,17,25,17,10,15,19,16,9,17,24,16,12,23,14,16,11,13,22,9,20,15,22,16,18,22,0,6,15,22,16,5,0,22,16,12,15,0,16,12,15,22,0,6,15,22,16,5,22,0,6,14,22,15,5,0,22,16,12,15,0,15,12,15,21,0,6,15,22,16,5,22,0,0,0,22,0,0,0,22,5,8,15,0,0,6,15,0,0,6,15,6,16,5,22,0,0,0,22,0,0,0,22,0,6,15,0,0,6,15,0,0,6,15,0,16,5,3,11,4,0,22,0,4,11,3,11,5,2,16,0,6,15,0,11,5,2,16,2,4,15,16,5,0,22,0,6,15,15,16,10,10,22,0,6,15,0,16,10,10,22,11,8,22,16,5,0,22,0,6,15,22,16,12,15,22,0,6,15,0,16,12,15,22,16,10
18,0,0,0,0,0,13,8,0,0,6,5,8,0,5,5,9,11,0,0,0,3,4,18,0,0,0,0,0,13,8,0,0,13,9,15,0,10,9,18,22,0,0,0,3,4,18,0,0,0,0,0,13,8,0,0,13,9,15,0,10,9,18,22,0,0,0,22,10,18,0,0,0,0,0,13,8,0,0,13,9,15,0,10,9,18,22,0,0,0,22,10,18,0,0,0,0,0,13,8,0,0,13,9,15,0,9,8,18,22,0,0,0,22,9,4,0,0,0,0,0,3,2,0,0,10,7,2,0,0,0,2,11,0,0,0,4,0,0,0,0,0,0,0,0,0,0,0,0,0,0,13,13,13,13,13,13,13,13,13,13,0,0,0,0,0,0,0,0,0,0,0,0,0,18,18,18,18,18,18,18,18,18,18,17,17,17,17,17,17,17,17,17,17,17,17,17,17,17,17,17,17,17,17,17,17,17,0,0,0,0,0,0,0,0,0,0,0,0,0,0,0,0,0,0,0,0,0,0,0,0,0,0,0,0,0,0,0,0,0,0,0,0,0,0,0,0,0,0,0,0,0,0,9,5,0,0,0,2,12,0,21,27,27,27,27,27,22,0,0,12,27,27,27,27,27,13,8,0,0,0,3,18,0,16,20,20,20,20,23,23,0,0,9,20,20,20,20,20,18,8,0,0,0,3,21,7,7,7,7,7,5,8,23,0,0,0,0,0,0,0,0,18,8,0,0,0,3,22,8,8,8,8,8,6,8,26,13,13,13,13,13,13,13,5,13,11,12,0,9,9,18,0,0,0,0,0,0,8,27,18,18,18,18,18,18,18,6,13,12,18,0,13,12,18,0,19,25,25,25,25,27,23,0,0,7,17,17,17,17,17,13,12,18,0,13,12,18,0,17,22,22,22,22,22,18,0,0,12,29,29,29,29,29,13,12,18,0,13,12,18,0,0,0,0,0,0,0,0,0,0,0,0,0,0,0,0,13,12,18,0,13,12,18,0,2,17,17,17,17,17,17,17,17,17,17,17,17,17,17,13,12,18,0,13,12,18,0,0,0,8,9,9,9,9,9,9,2,0,0,0,0,0,13,11,13,0,9,10,18,0,0,0,5,6,6,6,6,6,17,8,0,0,0,2,4,13,8,0,0,0,3,18,0,0,0,0,8,17,18,18,0,13,9,3,0,0,16,29
6,29,11,3,8,8,8,5,6,29,11,3,8,8,2,0,0,0,4,19,7,0,17,28,29,28,27,27,27,7,11,28,29,28,27,27,27,7,0,0,0,0,0,0,0,0,20,20,20,20,20,20,5,8,20,20,20,20,20,20,5,0,0,0,0,0,0,0,0,7,7,7,7,7,7,7,7,7,7,7,7,7,7,7,7,2,0,1,7,7,7,7,8,8,8,8,8,8,8,8,8,8,8,8,8,8,8,8,3,0,1,8,8,8,8,19,19,19,19,19,19,19,19,19,19,19,19,19,19,19,19,2,0,0,0,0,0,0,12,12,12,12,12,12,12,12,12,12,12,12,12,12,12,29,3,0,0,0,0,0,0,12,0,0,0,0,0,8,5,0,0,0,0,0,14,0,28,3,0,6,28,11,0,26,18,0,0,0,0,0,13,8,0,0,0,0,0,22,0,28,3,0,6,29,11,0,26,14,0,0,0,0,0,10,6,0,0,0,0,0,17,0,28,3,0,6,29,11,0,26,17,17,17,17,17,17,17,9,0,17,17,17,17,17,17,29,3,0,6,29,11,0,26,14,14,14,14,14,14,14,7,0,14,14,14,14,14,14,29,3,0,6,25,10,0,23,0,0,20,29,29,29,29,29,29,29,29,29,29,29,5,28,3,0,0,0,0,0,0,0,0,2,2,2,2,2,2,2,2,2,2,2,2,0,28,3,0,0,0,0,0,0,17,17,17,17,17,17,17,17,17,17,17,17,17,11,0,28,3,0,2,17,17,17,17,0,0,0,0,0,0,0,0,0,0,0,0,0,0,0,28,3,0,0,0,0,0,0,0,0,0,0,0,0,0,0,0,0,0,0,0,0,0,28,3,0,2,10,4,0,9,27,27,27,27,27,27,27,27,27,27,27,27,27,27,7,28,3,0,6,29,11,0,26,23,29,24,20,20,20,29,27,20,20,20,26,29,21,5,28,3,0,6,29,11,0,26,6,29,11,0,0,0,26,21,0,0,0,16,29,1,0,28,3,0,6,29,11,0,26,23,29,25,13,2,21,29,27,20,0,16,26,29,22,5,28,3,0,6,29,11,0,26,26,26,26,16,2,26,26,26,25,0,20,26,26,26,7,28,3,0,6,29,11,0,26,0,0,0,0,0,0,0,0,0,0,0,0,0,0,0,28,3,0,6,29,11,0,26
7,7,7,7,7,7,0,6,29,11,0,0,19,13,12,15,22,11,11,18,19,13,12,8,8,8,8,8,8,0,6,29,11,0,0,0,13,8,0,22,0,3,18,0,13,8,0,0,0,0,0,0,0,6,29,11,0,0,0,13,28,27,28,0,3,29,27,28,8,0,13,10,0,8,14,0,6,29,11,0,0,0,2,4,4,23,0,0,4,4,16,8,0,26,21,0,16,29,1,6,29,11,0,0,0,23,23,15,22,0,16,23,23,13,8,0,26,21,0,16,29,1,6,29,11,0,0,0,8,11,18,22,0,6,8,24,13,8,0,26,21,0,16,29,1,6,29,11,0,0,0,0,3,18,22,0,0,0,22,13,8,0,26,21,0,16,29,1,6,29,11,0,0,0,13,12,18,22,0,3,18,22,13,8,0,8,7,0,5,9,0,6,29,11,0,0,0,13,9,1,22,0,3,18,2,13,8,0,0,0,0,0,0,0,6,29,11,0,0,0,13,29,29,28,0,3,29,29,29,8,0,0,0,0,0,0,0,6,29,11,0,0,0,1,2,2,2,0,0,2,2,2,0,17,17,17,17,17,17,0,6,29,11,0,0,8,17,17,17,17,17,17,17,17,17,17,0,0,0,0,0,0,0,6,29,11,0,0,0,0,0,0,0,0,0,0,0,0,0,0,0,0,0,0,0,0,6,29,11,0,0,0,12,7,0,19,0,3,16,0,12,7,0,8,6,0,5,8,0,6,29,11,0,0,0,13,8,0,22,0,3,18,0,13,8,0,26,21,0,16,29,1,6,29,11,0,0,0,13,8,0,22,0,3,18,0,13,8,0,26,21,0,16,29,1,6,25,10,0,0,0,13,8,0,22,0,3,18,0,13,8,0,26,21,0,16,29,1,0,0,0,0,0,0,13,8,0,22,0,3,18,0,13,8,0,26,21,0,16,29,1,3,17,6,0,0,16,13,11,13,22,10,10,18,16,13,11,0,14,11,0,9,15,1,6,29,11,0,0,22,13,12,18,22,13,12,18,22,13,12,0,0,0,0,0,0,0,6,29,11,0,0,22,13,12,18,22,13,12,18,22,13,12,0,0,0,0,0,0,0,6,29,11,0,0,22,13,12,18,22,13,12,18,22,13,12,17,17,17,17,17,17,0,6,29,11,0,0,3,13,9,3,22,2,5,18,3,13,9
0,0,0,0,0,0,0,0,0,0,0,0,0,0,0,6,29,29,29,29,29,29,20,0,0,0,0,0,0,0,0,0,0,0,0,0,0,0,0,0,0,0,0,0,0,0,17,17,17,17,17,17,17,17,17,17,17,17,17,17,17,17,17,17,17,17,17,17,17,0,0,0,0,0,0,0,0,0,0,0,0,0,0,0,0,0,0,5,9,9,9,9,1,4,20,8,0,18,15,0,11,20,1,0,0,0,0,0,0,0,16,29,29,29,29,1,6,29,11,0,26,21,0,16,29,1,0,0,0,0,0,0,0,16,29,10,8,20,1,6,29,11,0,26,21,0,16,29,1,0,0,0,0,0,0,0,16,29,5,15,16,1,6,29,11,0,26,21,0,16,29,1,0,0,8,5,0,0,0,16,29,5,18,16,1,6,29,11,0,26,21,0,16,29,1,0,0,13,8,0,0,0,16,29,5,18,16,1,6,29,11,0,26,21,0,16,29,1,0,0,13,8,0,0,0,16,29,2,3,16,1,5,21,8,0,19,16,0,12,21,1,0,0,13,8,0,0,0,16,29,1,20,29,0,0,0,0,0,0,0,0,0,0,0,0,0,13,8,0,0,0,15,26,1,15,20,7,7,7,7,7,7,7,7,7,7,0,0,0,13,8,0,3,7,7,7,7,7,7,8,8,8,8,8,8,8,8,8,8,0,0,0,13,8,0,4,8,8,8,8,8,8,0,0,0,0,0,0,0,0,0,0,0,0,0,13,8,0,0,0,0,0,0,0,0,0,3,14,5,0,13,10,0,8,14,0,0,0,13,8,0,0,0,8,14,0,3,14,1,6,29,11,0,26,21,0,16,29,1,0,0,13,8,0,0,0,16,29,1,6,29,1,6,29,11,0,26,21,0,16,29,1,0,0,13,8,0,0,0,16,29,1,6,29,1,6,29,11,0,26,21,0,16,29,1,0,0,13,8,0,0,0,16,29,1,6,29,1,6,29,11,0,26,21,0,16,29,1,0,0,13,8,0,0,0,16,29,1,6,29,0,2,9,3,0,8,7,0,5,9,0,0,0,13,8,0,0,0,5,9,0,2,9,0,0,0,0,0,0,0,0,0,0,0,0,0,13,8,0,0,0,0,0,0,0,0,0,0,0,0,0,0,0,0,0,0,0,0,0,13,8,0,0,0,0,0,0,0,0
22,16,12,15,0,16,12,15,22,16,12,15,22,16,5,0,22,16,12,15,22,16,10,22,16,12,15,0,16,12,15,22,16,12,15,22,16,5,0,22,16,12,15,22,16,10,0,16,6,0,0,0,7,15,0,8,3,0,22,0,0,0,0,16,6,0,11,0,5,16,16,10,11,19,11,11,15,16,0,4,11,22,11,10,13,16,16,10,11,0,11,9,22,16,12,15,22,16,12,15,22,14,11,15,22,16,12,15,22,16,12,15,19,16,10,16,16,10,11,22,11,11,15,16,16,10,11,22,11,11,15,16,16,10,11,22,11,9,0,16,6,2,22,2,7,15,0,16,5,0,22,2,7,15,3,16,5,0,22,0,4,0,16,12,15,22,16,12,15,0,16,5,0,22,16,12,15,22,16,5,0,22,0,4,16,16,12,15,22,16,12,15,16,16,11,11,22,16,12,15,22,16,11,11,22,12,9,22,16,12,15,22,16,12,15,22,16,12,15,22,16,12,15,22,16,12,15,22,16,10,22,16,6,1,22,1,7,15,22,16,12,15,22,1,7,15,2,16,12,15,22,16,10,7,16,5,0,22,0,6,15,7,16,8,5,22,0,6,15,0,16,8,5,22,5,6,0,16,5,0,22,0,6,15,0,16,5,0,22,0,6,15,0,16,5,0,22,0,4,0,16,5,0,6,0,6,15,0,5,1,0,22,0,2,4,0,16,5,0,6,0,4,5,16,18,8,11,9,19,15,5,0,1,3,25,15,6,7,14,23,7,3,0,3,6,22,9,20,15,22,16,19,9,22,14,11,15,15,24,12,15,25,17,10,15,19,16,8,22,0,6,15,22,16,5,0,22,16,12,15,0,16,12,15,22,0,6,15,22,16,5,21,0,6,15,22,16,5,0,21,16,12,14,0,16,12,15,22,0,6,14,22,15,5,0,0,6,15,6,16,5,0,0,16,5,0,0,16,8,4,22,0,0,0,22,0,0,0,0,6,15,0,16,5,0,0,16,5,0,0,16,5,0,22,0,0,0,22,0,0,0,11,5,2,16,2,5,11,0,16,5,0,16,2,5,11,3,11,4,0,22,0,3,0,16,10,10,22,11,10,15,0,16,5,0,22,11,10,15,15,16,5,0,22,0,4,0,16,12,15,22,16,12,15,0,16,5,0,22,16,12,15,22,16,5,0,22,0,4
13,29,4,3,29,14,0,0,0,0,18,1,0,10,20,13,13,13,13,13,11,0,0,13,29,4,3,29,14,0,0,0,0,20,1,0,10,13,2,2,2,2,2,2,0,0,13,29,4,3,29,14,0,0,0,0,20,1,0,10,11,0,0,6,9,9,9,9,4,13,29,4,3,29,14,0,0,0,0,13,1,7,16,11,0,0,19,29,29,29,29,13,5,11,1,1,11,5,0,0,0,0,0,0,29,29,11,0,0,5,8,8,8,8,4,0,0,0,0,0,0,0,0,0,0,0,0,10,10,4,0,0,0,0,0,0,0,0,0,0,0,12,17,17,17,17,17,17,17,17,17,17,17,17,17,17,17,17,17,17,2,0,0,0,0,0,0,0,0,0,0,0,0,0,0,0,0,0,0,0,0,0,0,0,0,0,0,0,0,0,7,21,21,21,21,21,21,8,7,21,21,21,21,21,21,8,0,11,25,4,0,0,0,8,26,26,29,29,26,26,9,8,27,29,28,26,26,26,9,0,13,29,4,0,0,0,0,0,0,23,25,0,0,0,0,3,29,14,0,0,0,0,0,13,29,4,0,0,14,23,23,2,23,25,0,23,23,18,3,29,14,0,11,15,15,7,13,29,4,0,0,5,8,8,0,23,25,0,8,8,6,3,29,14,0,0,0,0,0,13,29,4,0,0,0,6,19,19,27,28,19,19,19,19,21,29,24,19,19,19,7,0,0,0,0,0,0,0,9,28,28,28,28,28,28,28,28,28,28,28,28,28,28,10,0,0,0,0,0,0,0,0,0,0,0,0,0,0,0,0,0,0,0,0,0,0,0,0,0,0,0,0,0,0,0,0,0,0,0,0,0,0,0,0,0,0,0,0,0,0,0,0,0,0,12,17,17,17,17,17,17,17,17,17,17,17,17,17,17,17,17,17,17,7,0,0,0,0,8,9,9,9,9,9,6,0,0,0,0,0,0,0,0,0,0,0,0,0,0,0,0,25,29,29,29,29,29,20,0,0,0,0,0,0,0,0,0,16,1,0,8,18,3,0,25,13,8,8,8,8,6,0,0,26,17,17,17,17,13,0,20,1,0,13,29,4,0,25,8,11,11,11,11,11,11,12,21,0,0,0,0,0,0,20,1,0,13,29,4,0,25,7,4,4,4,4,4,4,5,21,0,13,17,17,17,17,19,1,0
29,29,29,29,29,11,0,0,0,0,0,0,0,0,0,0,0,0,0,0,0,0,0,0,0,0,0,0,0,0,0,0,0,0,0,0,0,0,0,0,0,0,0,0,0,0,17,17,17,17,17,17,0,14,17,17,17,17,17,17,17,17,17,17,17,17,17,17,17,9,9,7,0,0,0,0,0,0,0,0,0,0,0,0,0,0,0,0,0,0,0,0,29,29,21,0,0,0,0,0,0,0,0,4,20,8,0,18,15,0,11,20,1,4,20,8,27,21,0,0,0,0,0,0,0,0,6,29,11,0,26,21,0,16,29,1,6,29,7,26,21,0,0,0,0,0,0,0,0,6,29,11,0,26,21,0,16,29,1,6,29,8,26,21,0,0,0,2,11,0,0,0,6,29,11,0,26,21,0,16,29,1,6,29,8,26,21,0,0,0,3,18,0,0,0,6,29,11,0,26,21,0,16,29,1,6,29,1,26,21,0,0,0,3,18,0,0,0,6,29,11,0,26,21,0,16,29,1,6,29,0,26,21,0,0,0,3,18,0,0,0,5,21,8,0,19,16,0,12,21,1,5,21,0,24,19,0,0,0,3,18,0,0,0,0,0,0,0,0,0,0,0,0,0,0,0,7,7,7,7,5,0,3,18,0,1,7,7,7,7,7,7,7,7,7,7,7,7,0,8,8,8,8,6,0,3,18,0,1,8,8,8,8,8,8,8,8,8,8,8,8,0,0,0,0,0,0,0,3,18,0,0,0,0,0,0,0,0,0,0,0,0,0,0,0,0,3,14,5,0,0,3,18,0,0,0,3,14,5,0,13,10,0,8,14,0,3,14,1,6,29,11,0,0,3,18,0,0,0,6,29,11,0,26,21,0,16,29,1,6,29,1,6,29,11,0,0,3,18,0,0,0,6,29,11,0,26,21,0,16,29,1,6,29,1,6,29,11,0,0,3,18,0,0,0,6,29,11,0,26,21,0,16,29,1,6,29,1,6,29,11,0,0,3,18,0,0,0,6,29,11,0,26,21,0,16,29,1,6,29,0,2,9,3,0,0,3,18,0,0,0,2,9,3,0,8,7,0,5,9,0,2,9,0,0,0,0,0,0,3,18,0,0,0,0,0,0,0,0,0,0,0,0,0,0,0,0,0,0,0,0,0,3,18,0,0,0,0,0,0,0,0,0,0,0,0,0,0,0
0,0,0,21,12,12,20,21,12,10,0,0,0,1,20,21,12,12,20,21,0,0,0,10,9,0,21,12,12,20,21,12,10,0,19,0,1,20,21,12,12,20,21,0,1,11,11,10,0,21,12,12,20,21,12,10,0,21,0,1,20,21,12,12,20,21,0,1,12,11,10,0,21,12,12,20,21,12,10,0,21,0,1,20,21,12,12,20,21,0,1,12,11,10,0,21,2,3,20,2,12,10,0,21,0,1,20,2,12,11,2,21,0,1,12,11,12,11,21,7,7,20,11,12,12,11,21,7,7,20,11,12,12,11,21,7,7,12,11,12,20,21,12,12,20,21,12,12,20,21,12,12,20,21,12,12,20,21,12,12,12,11,12,20,21,12,12,20,21,12,12,20,21,12,12,20,21,12,12,20,21,12,12,12,2,4,20,4,12,11,4,21,3,4,20,4,12,11,4,21,3,4,20,4,12,11,2,0,1,29,27,28,10,0,21,28,28,20,0,11,28,27,29,0,1,29,27,28,10,0,0,1,22,4,14,10,0,21,5,6,20,0,11,14,4,23,0,1,22,4,14,10,0,0,1,20,0,11,10,0,21,0,1,20,0,11,10,0,21,0,1,20,0,11,10,0,0,1,20,0,11,10,0,21,0,1,20,0,11,10,0,21,0,1,20,0,11,10,0,0,1,20,0,11,10,0,21,0,1,20,0,11,10,0,21,0,1,20,0,11,10,0,0,1,20,0,11,10,0,21,0,1,20,0,11,10,0,21,0,1,20,0,11,10,0,0,1,18,0,10,9,0,19,0,1,18,0,10,9,0,19,0,1,18,0,10,9,0,0,0,0,0,0,0,0,0,0,0,0,0,0,0,0,0,0,0,0,0,0,0,0,1,17,17,17,17,17,17,17,17,17,17,17,17,17,17,17,17,17,17,17,17,17,7,0,0,1,1,1,0,0,1,1,1,1,0,0,1,1,1,0,0,1,1,1,0,0,0,1,29,29,29,10,0,21,29,29,20,0,11,29,29,29,0,1,29,29,29,10,0,0,1,21,2,12,10,0,21,2,3,20,0,11,11,2,22,0,1,21,2,12,10,0,0,1,20,21,12,10,0,21,12,12,20,0,11,12,20,21,0,1,20,21,12,10,0,0,0,1,21,12,10,0,1,12,12,20,0,0,2,20,21,0,0,1,21,12,10,0
6,0,18,22,22,14,0,10,22,22,22,0,0,0,16,29,1,0,1,0,0,1,1,0,0,0,0,0,0,0,0,0,0,0,0,0,0,16,29,1,0,0,0,0,0,0,17,17,17,17,17,17,17,17,17,17,17,17,0,0,16,29,1,0,8,17,17,17,17,1,0,3,0,0,3,0,2,1,0,4,0,0,0,16,29,1,0,0,0,0,0,0,8,0,22,0,3,18,0,13,8,0,22,0,0,0,16,29,1,1,4,1,0,4,3,8,0,22,0,3,18,0,13,8,0,22,0,0,0,16,29,1,6,29,11,0,26,21,8,0,22,0,3,18,0,13,8,0,22,0,0,0,16,29,1,6,29,11,0,26,21,8,0,22,0,3,18,0,13,8,0,22,0,0,0,16,29,1,6,29,11,0,26,21,9,1,22,0,4,18,1,13,9,1,22,0,0,0,16,29,1,6,29,11,0,26,21,12,18,22,13,12,18,22,13,12,18,22,13,8,0,16,29,1,6,29,11,0,26,21,12,18,22,13,12,18,22,13,12,18,22,13,8,0,16,29,1,6,29,11,0,26,21,12,18,22,13,12,18,22,13,12,18,22,13,8,0,16,29,1,6,29,11,0,26,21,12,15,22,11,11,18,19,13,12,15,22,11,7,0,16,29,1,6,29,11,0,26,21,8,0,22,0,3,18,0,13,8,0,22,0,0,0,16,29,1,6,29,11,0,26,21,8,0,23,27,28,18,0,13,28,27,28,0,0,0,16,29,1,6,29,11,0,26,21,1,0,23,4,4,3,0,13,12,4,4,0,0,0,9,15,1,6,29,11,0,26,21,21,0,22,11,23,23,5,13,12,23,23,13,0,0,0,0,0,6,29,11,0,26,21,8,0,22,13,15,8,2,13,12,22,8,5,0,0,15,26,1,6,29,11,0,26,21,0,0,22,13,8,0,0,13,12,18,0,0,0,0,16,29,1,6,29,11,0,26,21,8,0,22,13,12,18,0,13,12,18,22,0,0,0,16,29,1,6,29,11,0,26,21,8,0,22,1,4,18,0,13,9,1,22,0,0,0,16,29,1,6,29,11,0,26,21,8,0,23,29,29,18,0,13,29,29,28,0,0,0,16,29,1,6,29,11,0,26,21,0,0,2,2,2,1,0,1,2,2,2,0,0,0,16,29,1,6,29,11,0,26,21
0,0,0,0,0,0,0,0,16,29,1,0,0,0,0,0,0,0,0,0,0,6,29,0,23,27,0,3,27,19,0,3,5,0,0,0,0,13,27,8,0,22,27,0,1,5,0,4,23,0,3,20,3,0,0,0,0,0,0,0,2,16,8,0,23,4,0,0,0,1,7,22,0,3,18,9,0,1,7,0,5,3,0,9,13,8,0,22,5,3,0,9,3,18,22,0,3,18,22,0,3,18,0,13,8,0,22,13,8,0,22,13,8,0,22,7,18,22,0,3,18,22,5,7,18,0,13,10,6,22,13,8,0,22,13,10,6,22,12,18,22,0,3,18,22,13,12,18,0,13,12,18,22,13,8,0,22,13,12,18,22,12,18,22,0,3,18,22,13,12,18,0,13,12,18,22,13,8,0,22,13,12,18,22,12,18,22,0,3,18,22,13,12,18,0,13,12,18,22,13,8,0,22,13,12,18,22,10,18,16,0,2,13,22,9,10,18,0,13,11,13,22,9,6,0,16,13,11,13,22,4,18,0,2,1,0,22,0,0,3,0,2,1,0,22,0,0,3,0,13,9,0,3,12,18,22,13,12,18,22,13,9,3,0,2,5,18,22,13,12,18,22,13,12,18,3,12,18,22,13,12,18,22,13,12,18,0,13,12,18,22,13,12,18,22,13,12,18,22,7,18,8,13,10,6,22,5,7,18,0,13,10,6,22,5,7,18,8,13,10,6,22,3,18,10,13,10,8,22,0,3,18,0,13,8,0,22,6,8,18,10,13,8,0,22,4,18,22,13,12,18,22,0,4,18,0,13,9,1,22,13,12,18,22,13,9,1,22,12,18,22,13,12,18,22,13,12,18,0,13,12,18,22,13,12,18,22,13,12,18,22,12,18,17,13,12,14,22,13,12,18,0,13,12,18,22,10,10,18,17,13,12,18,22,12,18,0,13,8,0,22,13,12,18,0,13,12,18,22,0,3,18,0,13,12,18,22,3,18,0,13,8,0,22,0,3,18,0,13,8,0,22,0,3,18,0,13,8,0,22,3,18,0,13,8,0,22,0,3,18,0,13,8,0,22,0,3,18,0,13,8,0,22,3,18,0,0,0,0,22,0,0,0,0,0,0,0,22,0,0,0,0,13,8,0,0,9,28,25,11,10,25,28,7,5,3,0,2,3,10,23,25,11,15,20,27,11,10,3
9,18,22,13,13,3,22,13,12,18,4,17,12,18,23,5,5,18,22,0,0,6,29,27,17,19,12,27,18,14,2,4,12,23,26,11,16,21,28,11,12,4,0,0,5,21,8,0,0,0,3,18,0,0,0,0,22,0,0,0,0,13,8,0,0,0,0,0,0,8,0,20,0,3,18,0,12,8,0,22,0,3,17,0,13,8,0,20,0,0,0,0,8,0,22,0,3,18,0,13,8,0,22,0,3,18,0,13,8,0,22,0,0,0,0,8,0,22,0,3,18,22,13,12,18,22,0,3,18,0,13,12,18,22,0,0,0,0,11,13,22,10,10,18,22,13,12,18,22,10,10,18,16,13,12,18,22,0,0,3,14,12,18,22,13,12,18,22,13,12,18,22,13,12,18,22,13,12,18,22,0,0,6,29,12,18,22,13,12,18,3,13,9,2,22,13,12,18,22,13,9,2,22,0,0,6,29,10,9,22,6,8,18,0,13,8,0,22,6,8,18,11,13,8,0,22,0,0,6,29,10,6,22,4,6,18,7,13,10,6,22,4,6,18,7,13,10,6,22,0,0,6,29,12,18,22,13,12,18,22,13,12,18,22,13,12,18,22,13,12,18,22,0,0,6,29,12,18,22,13,12,18,22,2,5,18,22,13,12,18,22,13,12,18,4,0,0,6,29,9,1,4,0,4,18,1,1,1,1,22,0,1,3,1,13,9,1,3,0,0,6,29,11,12,0,9,9,18,15,13,11,12,22,9,5,0,15,13,11,12,22,0,0,6,29,12,18,0,13,12,18,22,13,12,18,22,13,8,0,22,13,12,18,22,0,0,6,29,12,18,0,13,12,18,22,13,12,18,22,13,8,0,22,13,12,18,22,0,0,6,29,12,18,0,13,12,18,22,13,12,18,22,13,8,0,22,13,12,18,22,0,0,6,29,12,18,0,13,12,18,9,13,10,8,22,13,8,0,22,13,10,8,22,0,0,6,29,12,18,0,13,12,18,0,13,8,0,22,13,8,0,22,13,8,0,22,0,0,6,29,7,18,0,13,10,8,0,6,4,0,9,13,8,0,22,6,3,0,10,0,0,6,29,7,18,0,13,11,1,0,0,0,0,1,16,8,0,23,3,0,0,0,0,0,6,29,28,18,0,13,28,10,0,0,0,0,14,28,8,0,23,28,0,0,8,14,0,6,29
1,5,2,0,5,4,0,3,5,0,1,5,2,0,5,4,0,3,5,0,0,0,0,6,29,11,0,26,21,0,16,29,1,6,29,11,0,26,21,0,16,29,1,0,0,0,6,29,11,0,26,21,0,16,29,1,6,29,11,0,26,21,0,16,29,1,0,0,0,6,29,11,0,26,21,0,16,29,1,6,29,11,0,26,21,0,16,29,1,0,0,0,6,29,11,0,26,21,0,16,29,1,6,29,11,0,26,21,0,16,29,1,0,0,0,6,29,11,0,26,21,0,16,29,1,6,29,11,0,26,21,0,16,29,1,0,0,0,6,29,11,0,26,21,0,16,29,1,6,29,11,0,26,21,0,16,29,1,0,0,0,1,6,2,0,6,5,0,3,6,0,1,6,2,0,6,5,0,3,6,0,0,0,0,0,0,0,0,0,0,0,0,0,0,0,0,0,0,0,0,0,0,0,0,0,0,0,17,17,17,17,17,17,17,17,17,17,17,17,17,17,17,17,17,17,17,17,17,17,17,0,0,0,0,0,0,0,0,0,0,0,0,0,0,0,0,0,0,0,0,0,0,0,0,22,0,3,18,0,13,8,0,22,0,3,18,0,13,8,0,22,0,3,18,0,13,0,22,0,3,18,0,13,8,0,22,0,3,18,0,13,8,0,22,0,3,18,0,13,0,22,0,3,18,0,13,8,0,22,0,3,18,0,13,8,0,22,0,3,18,0,13,0,22,0,3,18,0,13,8,0,22,0,3,18,0,13,8,0,22,0,3,18,0,13,0,22,0,3,18,0,13,8,0,22,0,3,18,0,13,8,0,22,0,3,18,0,13,8,24,0,3,22,8,18,8,0,23,8,11,18,0,13,15,8,24,0,3,22,8,18,23,27,0,3,27,23,26,8,0,23,23,24,18,0,13,25,23,27,0,3,27,23,26,6,22,4,6,18,7,13,10,6,22,4,6,18,7,13,10,6,22,4,6,18,7,13,18,22,13,12,18,22,13,12,18,22,13,12,18,22,13,12,18,22,13,12,18,22,13,18,22,13,12,18,22,13,12,18,22,13,12,18,22,13,12,18,22,13,12,18,22,13,18,9,13,10,7,22,5,7,18,9,13,10,7,22,5,7,18,9,13,10,7,22,5,3,0,2,1,0,4,0,0,3,0,2,1,0,4,0,0,3,0,2,1,0,4,0
2,19,11,12,11,9,22,6,7,19,11,12,11,9,22,6,4,0,0,0,15,29,2,2,19,22,12,12,19,22,12,12,19,22,12,12,19,22,12,9,0,0,0,15,29,2,2,19,22,12,12,19,22,12,12,19,22,12,12,19,22,12,9,0,0,0,15,29,2,0,4,22,3,5,19,5,12,10,4,22,3,5,19,5,12,9,0,0,0,15,29,2,1,7,22,0,2,19,0,12,11,7,22,5,6,19,0,12,9,0,0,0,15,29,2,2,19,22,0,2,19,0,12,12,19,22,12,12,19,0,12,9,0,0,0,15,29,2,2,19,22,0,2,19,0,12,12,19,22,12,12,19,0,12,9,0,0,0,15,29,2,2,19,22,0,1,12,0,12,12,19,22,12,12,19,0,8,6,0,0,0,15,29,2,2,19,22,0,0,0,0,12,12,19,22,12,12,19,0,0,0,0,0,0,4,7,0,2,19,10,0,0,0,0,6,7,19,10,12,11,9,0,0,0,0,0,0,2,4,0,2,19,0,0,0,0,0,0,2,19,0,12,9,0,0,0,0,0,0,0,15,29,2,2,19,0,0,0,0,0,0,2,19,0,12,9,0,0,0,0,0,0,0,15,29,2,2,19,22,0,2,19,0,12,12,19,22,12,12,19,0,12,9,0,0,0,15,29,2,2,19,22,0,2,19,0,12,12,19,22,12,12,19,0,12,9,0,0,0,15,29,2,1,7,22,0,2,19,0,12,11,7,22,4,6,19,0,12,9,0,0,0,15,29,2,1,9,9,0,2,19,0,5,5,9,9,6,5,8,0,12,9,0,0,0,15,29,2,2,19,0,0,2,19,0,0,2,19,0,12,9,0,0,12,9,0,0,0,15,29,2,2,19,0,3,5,19,5,0,2,19,13,12,9,0,5,12,9,0,0,0,15,29,2,2,19,0,12,12,19,22,0,2,19,22,12,9,0,22,12,9,0,0,0,15,29,2,2,19,0,12,12,19,22,0,2,19,22,12,9,0,22,12,9,0,0,0,15,29,2,2,28,25,12,11,10,22,11,26,19,22,12,27,17,22,6,5,0,0,0,0,0,0,0,6,24,0,0,0,0,12,14,4,4,3,9,19,0,0,0,0,0,0,0,0,0,0,0,22,0,1,11,0,12,9,0,13,0,2,19,0,7,5,0,0,0,0,0,0
0,0,11,7,0,19,0,0,0,22,0,0,0,19,0,3,15,0,0,3,18,0,13,0,22,0,3,18,0,13,8,0,22,0,3,18,0,13,8,0,22,0,3,18,0,13,0,22,13,12,18,22,13,8,0,22,0,3,18,22,13,12,18,22,0,3,18,0,13,0,22,13,12,18,22,13,8,0,22,0,3,18,22,13,12,18,22,0,3,18,0,13,0,8,13,10,6,22,5,3,0,8,0,1,6,22,5,7,18,8,0,1,6,0,5,0,0,13,8,0,22,0,0,0,0,0,0,0,22,0,3,18,0,0,0,0,0,0,0,1,13,9,1,22,0,0,0,0,0,0,1,22,0,4,18,1,0,0,0,0,0,0,22,13,12,18,22,13,8,0,0,0,3,18,22,13,12,18,22,0,0,0,0,0,0,22,13,12,18,22,13,8,0,5,0,3,18,22,13,12,18,22,0,0,4,0,3,0,22,13,12,18,22,13,8,0,22,0,3,18,22,13,12,18,22,0,3,18,0,13,0,22,13,12,18,22,13,8,0,22,0,3,18,22,13,12,18,22,0,3,18,0,13,0,22,10,10,18,17,13,8,0,22,0,3,18,17,13,12,14,22,0,3,18,0,13,0,22,0,3,18,0,13,8,0,22,0,3,18,0,13,8,0,22,0,3,18,0,13,16,22,12,11,18,19,13,12,16,22,12,11,18,19,13,12,16,22,12,11,18,0,13,18,22,13,12,18,22,13,12,18,22,13,12,18,22,13,12,18,22,13,12,18,0,13,18,19,13,12,16,22,12,11,18,19,13,12,16,22,12,11,18,19,13,12,16,0,12,21,7,18,8,0,23,7,10,18,0,13,14,7,24,0,3,21,7,18,8,0,0,0,28,25,27,8,0,23,25,25,18,0,13,26,25,27,0,3,28,25,27,8,0,0,0,18,0,13,8,0,22,0,3,18,0,13,8,0,22,0,3,18,0,13,8,0,0,0,18,0,13,8,0,22,0,3,18,0,13,8,0,22,0,3,18,0,13,8,0,0,0,18,0,13,8,0,22,0,3,18,0,13,8,0,22,0,3,18,0,13,8,0,0,0,18,0,13,8,0,22,0,3,18,0,13,8,0,22,0,3,18,0,13,8,0,0,0,18,0,13,8,0,22,0,3,18,0,13,8,0,22,0,3,18,0,13,8,0,0,0
0,0,0,0,0,0,12,11,7,0,12,9,0,15,29,2,0,0,12,9,0,22,0,0,16,17,17,17,17,18,18,17,12,12,9,0,0,0,0,0,0,12,9,0,22,0,0,0,0,0,13,17,17,17,17,17,19,7,0,0,0,0,0,0,12,9,0,22,0,0,0,0,0,0,0,0,0,0,0,0,0,0,0,0,0,0,0,12,9,0,22,0,0,16,17,17,17,17,17,17,17,17,17,17,17,17,17,12,0,0,12,9,0,22,0,0,9,9,9,9,9,9,0,0,0,0,0,0,0,0,0,0,0,12,9,0,22,0,0,28,29,29,29,29,29,1,0,0,0,0,0,0,0,0,0,0,12,9,0,22,0,0,19,29,11,8,8,8,0,0,0,0,0,0,10,18,1,0,0,12,9,0,22,0,0,15,29,5,19,0,12,9,8,11,11,7,0,15,29,2,0,0,12,9,0,22,0,0,15,29,5,19,0,12,9,15,29,22,13,0,15,29,2,0,0,12,9,0,22,0,0,15,29,4,7,0,4,3,0,27,4,0,0,15,29,2,0,0,12,9,0,22,0,0,28,29,29,29,29,29,1,0,27,4,0,0,15,29,2,0,0,12,9,0,22,0,0,18,18,18,18,18,18,1,0,27,4,0,0,3,5,0,0,0,12,9,0,22,0,0,0,0,0,0,0,0,0,0,27,4,0,0,0,0,0,0,0,12,9,0,22,0,0,7,7,7,7,7,6,0,0,27,4,6,7,7,7,5,0,0,12,9,0,22,0,0,8,8,8,8,8,7,0,0,27,4,7,8,8,8,6,0,0,12,9,0,22,0,0,27,27,27,27,27,27,27,27,29,28,27,27,20,0,0,0,0,12,9,0,22,0,0,28,9,4,4,4,4,4,4,28,9,4,4,3,0,0,0,0,12,9,0,22,0,0,27,4,0,0,0,6,5,0,27,4,0,0,12,0,0,0,0,12,9,0,22,0,0,27,8,4,8,0,12,9,15,27,8,4,8,22,0,0,0,0,12,9,0,22,0,0,27,14,9,19,0,12,9,16,27,14,9,19,22,0,0,0,0,12,9,0,22,0,0,27,14,9,14,0,12,9,16,27,14,9,14,22,0,0,0,0,9,6,0,22,0,0,27,11,4,0,0,12,9,1,27,11,4,0,22,0,0,0,0,0,0,0,17,0
7,7,7,7,7,7,7,7,7,7,2,0,0,0,0,0,11,11,18,19,13,12,15,8,8,8,8,8,8,8,8,8,8,3,0,0,0,0,0,0,3,18,0,13,8,0,0,0,0,0,0,0,0,0,0,0,0,0,0,0,0,0,0,3,29,27,28,8,0,0,0,0,8,14,0,3,14,5,0,13,10,0,8,14,0,0,0,4,4,16,8,0,0,0,0,16,29,1,6,29,11,0,26,21,0,16,29,1,0,16,23,23,13,8,8,0,0,0,16,29,1,6,29,11,0,26,21,0,16,29,1,0,6,8,24,13,8,3,0,0,0,16,29,1,6,29,11,0,26,21,0,16,29,1,0,0,0,22,13,8,0,0,0,0,16,29,1,6,29,11,0,26,21,0,16,29,1,0,3,18,22,13,8,0,0,0,0,5,9,0,2,9,3,0,8,7,0,16,29,1,0,3,18,2,13,8,0,0,0,0,0,0,0,0,0,0,0,0,0,0,16,29,1,0,3,29,29,29,8,0,0,0,0,0,0,0,0,0,0,0,0,0,0,16,29,1,0,0,2,2,2,0,0,17,0,0,8,17,17,17,17,17,17,6,0,0,16,29,1,2,17,17,17,17,17,17,0,0,0,0,0,0,0,0,0,0,0,0,0,16,29,1,0,0,0,0,0,0,0,23,0,0,0,0,0,0,0,0,0,0,0,0,16,29,1,0,3,16,0,12,7,0,23,0,0,5,8,0,2,8,3,0,8,6,0,16,29,1,0,3,18,0,13,8,0,23,0,0,16,29,1,6,29,11,0,26,21,0,16,29,1,0,3,18,0,13,8,0,23,0,0,16,29,1,6,29,11,0,26,21,0,5,9,0,0,3,18,0,13,8,0,23,0,0,16,29,1,6,29,11,0,26,21,0,0,0,0,0,3,18,0,13,8,0,23,0,0,16,29,1,6,29,11,0,26,21,0,0,0,0,10,10,18,16,13,11,13,23,0,0,9,15,1,3,15,6,0,14,11,0,0,0,0,13,12,18,22,13,12,18,23,0,0,0,0,0,0,0,0,0,0,0,0,0,0,0,13,12,18,22,13,12,18,23,0,0,0,0,0,0,0,0,0,0,0,0,0,0,0,13,12,18,22,13,12,18,23,0,0,8,17,17,17,17,17,17,6,0,0,0,0,0,2,5,18,3,13,9,3
0,0,0,0,0,0,0,0,0,0,0,0,0,10,29,7,0,0,0,0,0,0,0,0,0,0,0,0,0,0,0,0,0,0,0,0,10,29,7,0,0,0,0,0,0,0,13,3,0,0,0,0,10,17,17,17,9,0,0,10,29,7,0,0,0,0,0,0,0,0,0,0,0,0,0,0,0,0,0,0,0,0,10,29,7,0,0,0,0,0,0,0,0,0,0,7,20,5,0,20,12,0,14,19,0,3,9,2,0,0,0,2,7,3,0,0,0,0,10,29,7,0,29,17,0,20,27,0,0,0,0,0,0,0,7,26,14,0,0,0,0,10,29,7,0,29,17,0,20,27,0,0,0,0,0,0,0,0,7,14,0,0,0,0,10,29,7,0,29,17,0,20,27,0,0,0,0,5,10,0,13,11,14,0,0,0,0,10,29,7,0,29,17,0,20,27,0,0,0,0,7,14,0,17,12,14,0,0,0,0,10,29,7,0,29,17,0,20,27,0,0,0,0,7,14,16,17,12,14,0,0,0,0,8,21,5,0,21,13,0,15,20,0,0,0,0,7,14,22,17,12,14,0,0,0,0,0,0,0,0,0,0,0,0,0,0,0,0,0,7,14,22,17,12,14,0,6,7,7,7,7,7,7,7,7,7,4,0,0,0,0,0,7,14,22,17,12,14,0,7,8,8,8,8,8,8,8,8,8,5,0,0,0,0,0,6,12,8,17,7,5,0,0,0,0,0,0,0,0,0,0,0,0,0,0,0,0,0,0,0,8,17,7,5,11,10,13,0,5,14,3,0,14,8,0,10,13,0,0,0,0,3,7,22,17,12,14,22,20,27,0,10,29,7,0,29,17,0,20,27,0,0,0,0,7,14,22,17,12,14,22,20,27,0,10,29,7,0,29,17,0,20,27,0,0,0,0,7,14,0,17,5,0,22,20,27,0,10,29,7,0,29,17,0,20,27,0,0,0,0,7,14,0,17,11,11,22,20,27,0,10,29,7,0,29,17,0,20,27,0,0,0,0,7,14,9,17,12,14,22,6,9,0,3,9,2,0,9,5,0,6,9,0,0,0,0,7,14,22,17,12,14,22,0,0,0,0,0,0,0,0,0,0,0,0,0,0,0,0,7,14,22,17,8,6,22,0,0,0,0,0,0,0,0,0,0,0,0,0,0,0,0,7,14,15,17,4,0,22
13,29,4,3,29,14,0,23,25,0,0,0,5,8,23,12,11,2,8,16,12,21,0,13,29,4,3,29,14,0,23,25,0,0,0,0,0,20,12,11,0,0,10,12,21,0,13,29,4,3,29,14,0,23,25,0,0,0,0,21,20,12,11,0,20,12,12,21,0,13,29,4,3,29,14,0,23,25,0,0,0,0,21,2,11,11,0,20,3,2,21,0,13,29,4,3,29,14,0,23,25,0,0,0,0,29,29,29,11,0,20,29,29,21,0,13,29,4,3,29,14,0,23,25,0,0,0,0,2,2,2,1,0,2,2,2,2,0,13,29,4,3,29,14,0,12,13,0,0,1,17,17,17,17,17,17,17,17,17,17,7,13,29,4,3,29,14,0,0,0,0,0,0,0,0,0,0,0,0,0,0,0,0,0,13,29,4,3,29,14,0,21,22,0,0,0,0,18,0,9,9,0,17,1,0,18,0,13,29,4,3,29,14,0,23,25,0,0,0,0,21,0,10,11,0,20,1,0,21,0,13,29,4,3,29,14,0,23,25,0,0,0,0,21,0,10,11,0,20,1,0,21,0,13,29,4,3,29,14,0,23,25,0,0,0,0,21,0,10,11,0,20,1,0,21,0,13,29,4,3,29,14,0,23,25,0,0,0,0,21,0,10,11,0,20,1,0,21,0,13,29,4,3,29,14,0,23,25,0,0,0,0,23,3,13,11,0,20,5,4,21,0,13,29,4,3,29,14,0,23,25,0,0,0,0,29,28,29,11,0,20,29,29,21,0,13,29,4,3,29,14,0,23,25,0,0,1,2,21,3,11,12,3,20,3,2,21,0,13,29,4,3,29,14,0,23,25,0,0,10,12,21,20,12,12,21,20,12,12,21,4,13,29,4,3,29,14,0,23,25,0,0,10,12,21,20,12,12,21,20,12,12,21,4,13,29,4,3,29,14,0,23,25,0,0,10,12,12,20,8,7,21,11,12,12,12,4,13,29,4,3,29,14,0,23,25,0,0,10,11,0,20,2,1,21,1,11,11,0,4,13,29,4,3,29,14,0,23,25,0,0,10,11,0,20,12,12,21,20,12,11,0,4,13,29,4,3,29,14,0,23,25,0,0,10,11,0,20,12,12,21,20,12,11,0,4,13,29,4,3,29,14,0,23,25,0,0,10,11,0,20,12,12,21,20,12,11,0,4
22,0,6,15,0,16,8,6,22,6,9,15,0,16,5,0,22,6,9,15,9,16,5,22,0,6,15,0,16,12,15,22,16,12,15,0,16,5,0,22,16,12,15,22,16,5,22,0,6,15,0,16,12,15,22,16,12,15,0,16,5,0,22,16,12,15,22,16,5,14,0,4,10,0,16,12,15,22,16,12,15,0,10,3,0,22,16,12,15,22,16,5,0,0,0,0,0,16,12,15,22,16,12,15,0,0,0,0,22,16,12,15,22,16,5,0,0,0,0,0,7,9,15,10,16,9,7,0,0,0,0,10,16,9,7,22,7,2,0,0,0,0,0,0,6,15,0,16,5,0,0,0,0,0,0,16,5,0,22,0,0,0,0,0,0,0,0,6,15,0,16,5,0,0,0,0,0,0,16,5,0,22,0,0,22,0,6,15,0,16,12,15,22,16,12,15,0,16,5,0,22,16,12,15,22,16,5,22,0,6,15,0,16,12,15,22,16,12,15,0,16,5,0,22,16,12,15,22,16,5,22,0,6,15,0,16,8,5,22,6,9,15,0,16,5,0,22,6,9,15,8,16,5,22,0,6,15,0,7,5,7,9,7,5,6,0,16,5,0,9,7,5,6,10,7,2,22,0,6,15,0,0,6,15,0,16,5,0,0,16,5,0,0,16,5,0,22,0,0,22,0,6,15,5,0,6,15,13,16,5,0,5,16,7,3,0,16,10,9,22,0,1,22,0,6,15,22,0,6,15,22,16,5,0,22,16,12,15,0,16,12,15,22,0,4,22,0,6,15,22,0,6,15,22,16,5,0,22,16,12,15,0,16,12,15,22,0,4,12,0,3,8,22,14,26,15,22,16,26,13,22,9,9,15,23,28,12,15,26,25,10,0,0,0,0,0,16,11,3,4,3,12,15,0,0,0,0,23,6,2,3,6,20,5,13,0,3,9,0,16,5,0,13,0,6,15,0,9,3,0,22,0,3,9,0,16,5,22,0,6,15,0,16,5,0,22,0,6,15,0,16,5,0,22,0,6,15,0,16,5,22,0,6,15,14,16,5,0,22,0,6,15,14,16,10,10,22,0,6,15,0,16,9,22,0,6,15,22,16,8,6,22,6,9,15,22,16,12,15,22,6,9,15,9,16,10,22,0,6,15,22,16,12,15,22,16,12,15,22,16,12,15,22,16,12,15,22,16,10
0,12,21,17,27,0,2,25,17,23,9,0,22,17,19,19,0,12,21,17,27,0,0,0,6,14,14,26,0,1,14,14,21,9,0,11,14,16,19,0,6,14,14,26,0,0,0,13,13,9,22,0,9,13,13,12,9,4,13,13,7,19,0,13,13,9,22,0,0,0,18,20,19,22,0,12,18,27,12,9,6,18,23,12,19,0,18,20,19,22,0,0,0,0,2,19,22,0,0,0,22,12,9,0,0,12,12,19,0,0,2,19,22,0,0,0,8,9,19,22,0,1,13,22,12,9,0,15,12,12,19,0,8,9,19,22,0,0,0,12,12,13,22,0,2,19,16,12,9,0,22,9,9,19,0,12,12,13,22,0,0,0,12,23,19,27,0,2,26,19,24,9,0,22,19,20,19,0,12,23,19,27,0,0,0,5,12,12,12,0,1,12,12,12,4,0,9,12,12,8,0,5,12,12,12,0,0,2,7,7,7,7,7,7,7,7,7,7,7,7,7,7,7,7,7,7,7,7,7,0,2,8,8,8,8,8,8,8,8,8,8,8,8,8,8,8,8,8,8,8,8,8,0,0,6,4,0,12,0,1,9,0,6,5,0,11,0,1,10,0,6,4,0,12,0,0,0,12,9,0,22,0,2,19,0,12,9,0,22,0,2,19,0,12,9,0,22,0,0,0,12,9,0,22,0,2,19,0,12,9,0,22,0,2,19,0,12,9,0,22,0,0,0,12,9,0,22,0,2,19,0,12,9,0,22,0,2,19,0,12,9,0,22,0,0,0,12,9,0,22,0,2,19,0,12,9,0,22,0,2,19,0,12,9,0,22,0,0,3,12,11,7,22,5,6,19,9,12,11,7,22,5,6,19,9,12,11,7,22,5,3,8,12,12,19,22,12,12,19,22,12,12,19,22,12,12,19,22,12,12,19,22,12,9,8,12,12,19,22,12,12,19,22,12,12,19,22,12,12,19,22,12,12,19,22,12,9,8,12,12,19,22,12,12,19,22,12,12,19,22,12,12,19,22,12,12,19,22,12,9,4,12,11,9,22,6,7,19,11,12,11,9,22,6,7,19,11,12,11,9,22,6,4,0,12,15,7,24,0,2,22,7,17,9,0,22,7,10,19,0,12,15,7,24,0,0,0,12,26,25,25,0,2,28,25,25,8,0,22,25,25,16,0,12,26,25,25,0,0
8,0,16,29,1,0,0,13,8,0,22,0,0,0,0,0,0,0,0,0,0,0,22,8,0,16,29,1,0,0,13,8,0,22,0,8,17,17,17,17,17,17,17,11,0,22,8,0,16,29,1,0,0,13,8,0,22,0,0,0,0,0,0,0,0,0,0,0,22,8,0,16,29,1,0,0,13,8,0,18,17,17,17,17,17,17,17,17,17,17,6,22,8,0,16,29,1,0,0,13,8,14,17,19,18,6,0,0,0,0,0,0,0,0,22,8,0,16,29,1,0,0,13,8,0,8,13,8,0,0,0,0,13,8,0,0,0,22,8,0,16,29,1,0,0,13,8,0,22,13,8,0,0,0,0,13,8,0,0,0,22,8,0,16,29,1,0,0,13,8,0,22,13,8,0,0,0,0,8,5,0,0,0,22,8,0,11,19,1,0,0,13,8,4,6,17,13,5,5,5,5,5,5,5,5,5,24,8,0,0,0,0,0,0,13,11,13,14,14,14,14,13,10,10,10,10,10,10,10,10,8,0,0,0,0,0,0,6,12,12,12,12,12,12,9,0,0,0,0,0,0,0,0,8,0,0,6,7,7,7,7,7,7,7,7,7,7,7,7,7,7,7,7,7,7,7,8,0,0,7,8,8,8,8,8,8,8,8,8,8,8,8,8,8,8,8,8,8,8,8,0,0,0,0,0,0,0,0,0,0,3,19,19,19,19,19,19,11,1,19,19,19,8,0,0,0,0,0,0,0,0,0,0,4,28,28,28,29,29,29,17,2,28,29,29,8,0,16,28,1,0,0,0,0,0,0,4,2,0,7,6,29,11,0,4,2,26,21,8,0,16,29,1,0,0,16,21,21,13,13,8,0,22,6,29,11,0,13,8,26,21,8,0,16,29,1,0,0,8,16,26,6,13,8,0,22,6,29,11,0,13,8,26,21,8,0,16,29,1,0,0,0,8,23,0,2,10,9,10,14,29,17,9,10,10,27,24,8,0,14,25,1,0,0,0,8,23,0,4,29,29,29,29,29,29,29,29,29,29,29,8,0,0,0,0,0,0,0,8,23,0,1,8,8,8,8,8,8,8,8,8,8,8,8,0,0,0,0,0,0,0,8,23,0,0,0,0,0,0,0,0,0,0,0,0,0,8,0,0,14,17,17,17,11,8,23,0,0,15,17,17,17,17,17,17,17,17,17,17
2,16,0,10,8,0,0,12,9,0,0,10,8,0,19,0,0,0,22,0,0,0,19,8,0,22,0,2,19,0,12,9,0,22,0,2,19,0,12,9,0,22,0,2,19,0,11,19,22,12,12,19,0,12,9,0,22,12,12,19,22,12,9,0,22,0,2,19,22,11,19,22,12,12,19,0,12,9,0,22,12,12,19,22,12,9,0,22,0,2,19,22,6,19,8,12,11,7,0,4,3,0,8,12,11,7,22,4,3,0,8,0,1,7,22,2,19,0,12,9,0,0,0,0,0,0,12,9,0,22,0,0,0,0,0,0,0,22,3,19,1,12,10,1,0,0,0,0,1,12,10,1,22,0,0,0,0,0,0,1,22,11,19,22,12,12,19,0,0,0,0,22,12,12,19,22,12,9,0,0,0,2,19,22,11,19,22,12,12,19,0,3,2,0,22,12,12,19,22,12,9,0,5,0,2,19,22,11,19,22,12,12,19,0,12,9,0,22,12,12,19,22,12,9,0,22,0,2,19,22,11,19,22,12,12,19,0,12,9,0,22,12,12,19,22,12,9,0,22,0,2,19,22,11,15,22,9,10,19,0,12,9,0,22,9,10,19,17,12,9,0,22,0,2,19,17,8,0,22,0,2,19,0,12,9,0,22,0,2,19,0,12,9,0,22,0,2,19,0,11,17,22,11,11,19,19,12,12,17,22,11,11,19,19,12,12,17,22,11,11,19,19,11,19,22,12,12,19,22,12,12,19,22,12,12,19,22,12,12,19,22,12,12,19,22,10,19,19,12,12,17,22,11,11,19,19,12,12,17,22,11,11,19,19,12,12,17,22,9,19,0,12,15,7,24,0,2,22,7,17,9,0,22,7,10,19,0,12,15,7,24,24,19,0,12,26,25,28,0,2,28,25,27,9,0,22,25,25,19,0,12,26,25,28,2,19,0,12,9,0,22,0,2,19,0,12,9,0,22,0,2,19,0,12,9,0,22,2,19,0,12,9,0,22,0,2,19,0,12,9,0,22,0,2,19,0,12,9,0,22,2,19,0,12,9,0,22,0,2,19,0,12,9,0,22,0,2,19,0,12,9,0,22,2,19,0,12,9,0,22,0,2,19,0,12,9,0,22,0,2,19,0,12,9,0,22,2,19,0,12,9,0,22,0,2,19,0,12,9,0,22,0,2,19,0,12,9,0,22
7,14,22,17,4,0,22,17,12,14,22,17,12,14,22,0,7,14,22,17,12,14,22,7,14,22,17,4,0,22,17,12,14,22,17,12,14,22,0,7,14,22,17,12,14,22,7,14,22,17,4,0,22,17,12,14,22,17,12,14,22,0,7,14,22,17,12,14,22,0,1,22,17,4,0,22,17,5,1,22,1,8,14,22,0,7,14,22,1,8,14,2,0,0,22,17,4,0,22,17,4,0,22,0,7,14,22,0,7,14,22,0,7,14,0,0,0,2,17,4,0,22,1,0,0,3,0,0,1,22,0,7,14,2,0,1,1,0,0,0,8,23,4,0,25,12,0,0,0,0,0,13,23,0,7,21,7,0,0,0,0,9,0,12,18,3,0,17,17,0,0,0,0,0,18,15,0,5,18,10,0,0,0,0,11,0,0,0,0,0,0,0,0,0,0,0,0,0,0,0,0,0,0,0,0,0,0,11,0,0,0,0,0,0,0,0,0,0,0,0,0,0,0,0,0,0,0,0,0,0,11,0,0,0,0,0,0,0,0,0,0,0,0,0,0,0,0,0,0,0,0,0,0,11,0,0,0,0,0,0,0,0,0,0,0,0,0,0,0,0,0,0,0,0,0,0,0,0,11,17,2,0,16,16,0,0,0,0,0,17,14,0,4,17,10,0,0,0,0,0,0,9,23,4,0,25,13,0,0,0,0,0,14,23,0,7,22,8,0,0,0,0,0,0,1,17,4,0,22,1,0,0,1,0,0,0,22,0,7,14,1,0,0,0,0,0,0,22,17,4,0,22,17,4,0,22,0,7,14,22,0,7,14,22,0,7,14,0,0,0,22,17,4,0,22,17,5,0,22,0,8,14,22,0,7,14,22,0,8,14,0,7,14,22,17,4,0,22,17,12,14,22,17,12,14,22,0,7,14,22,17,12,14,22,7,14,22,17,4,0,22,17,12,14,22,17,12,14,22,0,7,14,22,17,12,14,22,7,14,22,17,4,0,22,17,12,14,22,17,12,14,22,0,7,14,22,17,12,14,22,7,14,22,17,4,0,22,17,12,14,22,17,12,14,22,0,7,14,22,17,12,14,22,0,0,22,0,0,0,0,17,5,0,11,0,8,14,0,0,0,0,22,0,4,7,0,5,10,22,12,10,12,16,17,10,10,0,12,11,14,16,14,9,10,22,12,3,0,16
21,0,0,0,0,0,0,0,3,18,22,13,12,18,22,0,0,0,0,13,12,18,22,21,0,14,25,1,0,20,0,3,18,22,13,12,18,22,0,3,17,0,13,12,18,22,21,0,16,29,1,0,22,0,3,18,22,13,12,18,22,0,3,18,0,13,12,18,22,21,0,16,29,1,0,22,0,3,18,22,13,12,18,22,0,3,18,0,13,12,18,22,21,0,16,29,1,0,22,0,3,18,2,13,9,1,22,0,3,18,0,13,9,1,22,21,0,16,29,1,0,22,7,8,18,12,13,11,10,22,7,8,18,12,13,11,10,22,21,0,16,29,1,0,22,13,12,18,22,13,12,18,22,13,12,18,22,13,12,18,22,21,0,16,29,1,0,22,13,12,18,22,13,12,18,22,13,12,18,22,13,12,18,22,21,0,16,29,1,0,4,13,9,3,22,2,5,18,4,13,9,3,22,2,5,18,4,21,0,16,29,1,0,0,13,28,27,28,0,3,29,27,28,8,0,23,27,28,18,0,21,0,16,29,1,0,0,13,12,4,23,0,3,20,4,16,8,0,23,4,8,18,0,21,0,16,29,1,0,0,13,8,0,22,0,3,18,0,13,8,0,22,0,3,18,0,21,0,16,29,1,0,0,13,8,0,22,0,3,18,0,13,8,0,22,0,3,18,0,21,0,16,29,1,0,0,13,8,0,22,0,3,18,0,13,8,0,22,0,3,18,0,21,0,16,29,1,0,0,13,8,0,22,0,3,18,0,13,8,0,22,0,3,18,0,21,0,16,29,1,0,0,12,7,0,19,0,3,16,0,12,7,0,19,0,3,16,0,21,0,16,29,1,0,0,0,0,0,0,0,0,0,0,0,0,0,0,0,0,0,0,21,0,16,29,1,0,8,17,17,17,17,17,17,17,17,17,17,17,17,17,17,17,17,21,0,16,29,1,0,0,0,1,1,1,0,0,1,1,1,0,0,1,1,1,1,0,21,0,16,29,1,0,0,13,29,29,28,0,3,29,29,29,8,0,23,29,29,18,0,21,0,16,29,1,0,0,13,9,2,23,0,3,19,2,14,8,0,23,1,5,18,0,21,0,16,29,1,0,0,13,12,18,22,0,3,18,22,13,8,0,22,13,12,18,0,21,0,16,29,1,0,0,0,4,18,22,0,0,1,22,13,8,0,1,13,12,18,0
28,3,0,0,0,26,21,0,16,29,1,6,29,11,0,26,21,0,16,29,1,6,29,28,3,0,0,0,26,21,0,16,29,1,6,29,11,0,26,21,0,16,29,1,6,29,28,3,0,0,0,26,21,0,16,29,1,6,29,11,0,26,21,0,16,29,1,6,29,28,3,0,0,0,26,21,0,16,29,1,6,29,11,0,26,21,0,16,29,1,6,29,28,3,0,0,0,26,21,0,16,29,1,6,29,11,0,26,21,0,16,29,1,6,29,29,3,0,0,0,10,8,0,6,11,0,2,11,4,0,10,8,0,6,11,0,2,11,18,2,0,0,0,0,0,0,0,0,0,0,0,0,0,0,0,0,0,0,0,0,0,17,17,17,17,17,17,17,17,17,17,17,17,17,17,17,17,17,17,17,17,17,17,17,7,7,7,7,7,7,7,1,0,0,0,0,0,0,0,0,0,0,0,0,0,0,0,25,25,25,25,25,25,25,3,0,0,0,0,0,0,0,0,0,0,0,0,0,0,0,0,0,3,0,0,0,0,0,1,7,0,0,0,0,0,0,0,0,0,0,0,0,0,0,0,22,10,7,6,0,8,8,18,0,0,3,16,0,0,0,0,0,12,7,0,0,0,0,22,13,9,15,0,10,9,18,0,0,3,18,0,0,0,0,0,13,8,0,0,0,0,22,13,9,15,0,10,9,18,0,0,3,18,0,0,0,0,0,13,8,0,0,0,0,22,13,9,15,0,10,9,18,0,0,3,18,0,0,0,0,0,13,8,0,0,0,0,20,12,9,14,0,10,9,17,0,0,3,18,0,0,0,0,0,13,8,0,0,0,0,0,0,0,0,0,0,0,0,0,0,3,18,0,0,0,0,0,13,8,0,0,0,0,0,0,0,0,0,0,0,0,0,0,3,18,0,0,0,0,0,13,8,0,0,17,17,17,17,17,17,17,17,17,17,17,6,3,18,0,0,0,0,0,13,8,2,17,0,0,0,0,0,0,0,0,0,0,0,0,3,18,0,0,0,0,0,13,8,0,0,7,7,7,7,7,7,7,7,0,0,0,0,3,18,0,0,0,0,0,13,8,0,0,29,29,29,29,29,29,29,27,0,0,0,0,3,18,0,0,0,0,0,13,8,0,0,29,18,10,10,10,28,24,10,0,0,0,0,3,18,0,0,0,0,0,13,8,0,0
21,0,15,29,2,5,29,12,0,0,0,0,0,0,0,0,0,0,0,0,0,0,0,21,0,15,29,2,1,5,2,0,22,27,0,2,27,20,0,0,0,0,3,27,18,0,21,0,15,29,2,0,0,0,0,3,24,0,2,21,3,0,0,0,0,0,7,19,0,19,0,13,25,2,0,9,0,1,7,22,0,2,19,9,0,1,7,0,5,6,19,0,0,0,0,0,0,0,22,0,2,19,22,0,2,19,22,0,2,19,0,12,12,19,0,12,0,9,17,1,0,22,4,6,19,22,0,2,19,22,4,6,19,8,12,12,19,0,21,0,15,29,2,0,22,12,12,19,22,0,2,19,22,12,12,19,22,12,12,19,0,21,0,15,29,2,0,22,12,12,19,22,0,2,19,22,12,12,19,22,12,12,19,0,21,0,15,29,2,0,22,12,12,19,22,0,2,19,22,12,12,19,22,12,12,19,0,21,0,15,29,2,0,22,9,9,19,16,0,2,13,22,9,9,19,16,12,12,13,0,21,0,15,29,2,0,3,0,3,19,0,2,1,0,22,0,0,3,0,12,10,0,3,21,0,15,29,2,0,3,12,12,19,22,12,12,19,22,12,10,3,22,12,12,19,22,21,0,15,29,2,0,22,12,12,19,22,12,12,19,22,12,12,19,22,12,12,19,22,21,0,15,29,2,0,22,4,6,19,8,12,11,7,22,4,6,19,8,12,11,7,22,21,0,15,29,2,0,22,0,2,19,10,12,11,9,22,0,2,19,0,12,11,9,22,21,0,15,29,2,0,22,0,3,19,22,12,12,19,22,0,3,19,1,12,12,19,22,21,0,15,29,2,0,22,12,12,19,22,12,12,19,22,12,12,19,22,12,12,19,22,21,0,15,29,2,0,22,12,12,19,17,12,12,15,22,12,12,19,22,12,12,15,22,21,0,15,29,2,0,22,12,12,19,0,12,9,0,22,12,12,19,22,12,9,0,22,21,0,15,29,2,0,22,0,2,19,0,12,9,0,22,0,2,19,0,12,9,0,22,21,0,15,29,2,0,22,0,2,19,0,12,9,0,22,0,2,19,0,12,9,0,22,21,0,15,29,2,0,0,0,2,19,0,0,0,0,22,0,0,0,0,12,9,0,0,21,0,15,29,2,0,3,7,8,28,25,10,10,25,29,7,6,3,13,12,27,17,19
12,12,12,12,12,12,12,12,12,12,12,12,12,12,12,12,12,0,0,6,12,12,12,3,3,3,3,3,3,3,3,3,3,3,3,3,3,3,3,3,0,0,1,3,3,3,0,2,13,0,9,6,0,16,0,2,13,0,9,6,0,16,0,0,0,0,9,6,0,0,3,18,0,13,8,0,22,0,3,18,0,13,8,0,22,0,0,0,0,13,8,0,0,3,18,0,13,8,0,22,0,3,18,0,13,8,0,22,0,0,0,0,13,8,0,0,3,18,0,13,8,0,22,0,3,18,0,13,8,0,22,0,0,0,0,13,8,0,0,3,18,0,13,8,0,22,0,3,18,0,13,8,0,22,0,0,0,0,13,8,0,7,9,18,13,13,11,10,22,7,9,18,13,13,11,10,22,7,5,0,13,13,11,10,13,12,18,22,13,12,18,22,13,12,18,22,13,12,18,22,13,8,0,22,13,12,18,13,12,18,22,13,12,18,22,13,12,18,22,13,12,18,22,13,8,0,22,13,12,18,13,12,18,22,13,12,18,22,13,12,18,22,13,12,18,22,13,8,0,22,13,12,18,4,6,18,7,13,10,6,22,4,6,18,7,13,10,6,22,4,2,0,7,13,10,6,0,3,23,12,20,8,0,23,12,15,18,0,13,18,12,25,0,0,0,0,13,18,12,0,2,19,19,24,8,0,15,19,21,18,0,9,19,19,26,0,0,0,0,9,19,19,0,6,8,8,13,8,3,8,8,6,18,0,8,8,5,22,0,0,0,0,8,8,5,0,16,23,27,13,8,8,23,26,12,18,0,23,24,18,22,0,0,0,0,23,24,18,0,0,0,22,13,8,0,0,13,12,18,0,0,3,18,22,0,0,0,0,0,3,18,0,1,9,22,13,8,0,11,13,12,18,0,6,8,18,22,0,0,0,0,6,8,18,0,3,18,13,13,8,0,22,8,9,18,0,13,11,11,22,0,0,0,0,13,11,11,0,3,24,14,21,8,0,23,14,16,18,0,13,19,14,25,0,0,0,0,13,19,14,0,2,17,17,17,5,0,14,17,17,11,0,8,17,17,17,0,0,0,0,8,17,17,2,2,2,2,2,2,2,2,2,2,2,2,2,2,2,2,2,0,0,1,2,2,2,13,13,13,13,13,13,13,13,13,13,13,13,13,13,13,13,13,0,0,6,13,13,13
0,0,0,2,4,0,0,4,2,0,3,4,0,0,0,0,3,4,0,0,3,4,0,0,0,0,13,29,4,3,29,14,0,23,25,0,0,0,0,23,25,0,0,8,9,0,0,0,0,13,29,4,3,29,14,0,23,25,0,0,0,0,23,25,0,0,0,0,0,0,0,0,13,29,4,3,29,14,0,23,25,0,0,0,0,23,25,0,0,0,2,2,0,0,0,13,29,4,3,29,14,0,23,25,0,0,0,0,23,25,0,0,0,13,11,0,0,0,13,29,4,3,29,14,0,23,25,0,0,0,0,23,25,0,0,0,9,15,0,0,0,13,29,4,3,29,14,0,23,25,0,0,0,0,23,25,0,0,0,13,23,0,0,0,13,29,4,3,29,14,0,23,25,0,0,0,0,23,25,0,0,0,13,23,0,0,0,13,29,4,3,29,14,0,23,25,0,0,0,0,23,25,0,0,0,13,23,0,0,0,13,29,4,3,29,14,0,23,25,0,0,0,0,23,25,0,0,0,13,23,0,0,0,13,29,4,3,29,14,0,23,25,0,0,0,0,23,25,0,0,0,13,23,0,0,0,13,29,4,3,29,14,0,23,25,0,0,0,0,23,25,0,0,0,13,23,0,0,0,7,17,2,2,17,8,0,13,14,0,0,0,0,23,25,0,0,0,13,23,0,0,0,0,0,0,0,0,0,0,0,0,0,0,0,0,19,19,0,0,0,7,12,0,12,12,12,12,12,12,12,12,12,12,12,12,1,0,0,0,0,0,0,0,12,10,0,3,3,3,3,3,3,3,3,3,3,3,3,0,0,0,1,7,3,0,0,3,3,0,0,0,0,0,0,0,0,0,0,0,0,0,0,0,0,3,29,14,0,0,0,0,15,16,0,9,19,3,2,19,9,0,15,16,0,9,19,3,3,29,14,0,15,16,0,23,25,0,13,29,4,3,29,14,0,23,25,0,13,29,4,3,29,14,0,23,25,0,23,25,0,13,29,4,3,29,14,0,23,25,0,13,29,4,3,29,14,0,23,25,0,23,25,0,13,29,4,3,29,14,0,23,25,0,13,29,4,3,29,14,0,23,25,0,23,25,0,13,29,4,3,29,14,0,23,25,0,13,29,4,3,29,14,0,23,25,0,3,4,0,2,4,0,0,4,2,0,3,4,0,2,4,0,0,4,2,0,3,4,0
11,4,0,10,8,0,6,11,0,2,11,4,0,0,0,0,0,0,0,0,0,0,0,0,0,0,0,0,0,0,0,0,0,0,0,0,0,0,0,0,0,0,0,0,0,0,17,17,17,17,17,17,17,17,17,17,17,17,17,17,17,17,17,17,17,17,17,17,17,0,0,0,0,0,0,0,0,0,0,0,0,0,0,0,0,0,0,0,0,0,0,0,0,11,7,0,19,0,3,15,0,11,7,0,19,0,3,15,0,11,7,0,19,0,3,0,13,8,0,22,0,3,18,0,13,8,0,22,0,3,18,0,13,8,0,22,0,3,0,13,8,0,22,0,3,18,0,13,8,0,22,0,3,18,0,13,8,0,22,0,3,0,13,8,0,22,0,3,18,0,13,8,0,22,0,3,18,0,13,8,0,22,0,3,0,13,8,0,22,0,3,18,0,13,8,0,22,0,3,18,0,13,8,0,22,0,3,0,13,11,3,23,0,3,20,3,16,8,0,23,3,7,18,0,13,11,3,23,0,3,0,13,29,28,28,0,3,29,28,29,8,0,23,28,29,18,0,13,29,28,28,0,3,3,13,9,3,22,2,5,18,3,13,9,3,22,2,5,18,3,13,9,3,22,2,5,22,13,12,18,22,13,12,18,22,13,12,18,22,13,12,18,22,13,12,18,22,13,12,22,13,12,18,22,13,12,18,22,13,12,18,22,13,12,18,22,13,12,18,22,13,12,22,7,9,18,13,13,11,10,22,7,9,18,13,13,11,10,22,7,9,18,13,13,11,22,0,4,18,0,13,8,0,22,0,4,18,1,13,8,0,22,0,3,18,1,13,9,22,13,12,18,0,13,8,0,22,13,12,18,22,13,8,0,22,0,3,18,22,13,12,22,13,12,18,0,13,8,0,22,13,12,18,22,13,8,0,22,0,3,18,22,13,12,22,13,12,18,0,13,8,0,22,13,12,18,22,13,8,0,22,0,3,18,22,13,12,22,13,12,18,0,0,0,0,22,13,12,18,22,13,8,0,0,0,3,18,22,13,12,18,13,12,15,0,0,0,0,18,13,12,15,22,11,7,0,0,0,3,15,22,11,11,0,13,8,0,0,0,0,0,0,13,8,0,22,0,0,0,0,0,0,0,22,0,3,0,13,8,0,0,0,0,0,0,13,8,0,22,0,0,0,0,0,0,0,22,0,3
0,6,8,24,13,8,3,8,18,12,18,0,8,11,18,22,0,0,0,0,8,11,18,0,0,0,22,13,8,0,0,13,12,18,0,0,3,18,22,0,0,0,0,0,3,18,0,3,18,22,13,8,0,22,13,12,18,0,13,12,18,22,0,0,0,0,13,12,18,0,3,18,2,13,8,0,22,1,4,18,0,13,9,1,22,0,0,0,0,13,9,1,0,3,29,29,29,8,0,23,29,29,18,0,13,29,29,28,0,0,0,0,13,29,29,0,0,2,2,2,0,0,2,2,2,1,0,1,2,2,2,0,0,0,0,1,2,2,17,17,17,17,17,17,17,17,17,17,17,17,17,17,17,17,17,0,0,8,17,17,17,0,0,0,0,0,0,0,0,0,0,0,0,0,0,0,0,0,0,0,0,0,0,0,0,3,15,0,11,7,0,19,0,3,15,0,11,7,0,19,0,0,0,0,11,7,0,0,3,18,0,13,8,0,22,0,3,18,0,13,8,0,22,0,0,0,0,13,8,0,0,3,18,0,13,8,0,22,0,3,18,0,13,8,0,22,0,0,0,0,13,8,0,0,3,18,0,13,8,0,22,0,3,18,0,13,8,0,22,0,0,0,0,13,8,0,0,3,18,0,13,8,0,22,0,3,18,0,13,8,0,22,0,0,0,0,13,8,0,0,3,20,3,16,8,0,23,3,7,18,0,13,11,3,23,0,0,0,0,13,11,3,0,3,29,28,29,8,0,23,28,29,18,0,13,29,28,28,0,0,0,0,13,29,28,2,5,18,3,13,9,3,22,2,5,18,3,13,9,3,22,2,1,0,3,13,9,3,13,12,18,22,13,12,18,22,13,12,18,22,13,12,18,22,13,8,0,22,13,12,18,13,12,18,22,13,12,18,22,13,12,18,22,13,12,18,22,13,8,0,22,13,12,18,13,11,10,22,7,9,18,13,13,11,10,22,7,9,18,13,13,8,0,22,7,9,18,13,9,1,22,0,3,18,0,13,9,1,22,0,4,18,0,13,8,0,22,0,3,18,13,12,18,22,0,3,18,0,13,12,18,22,13,12,18,0,13,8,0,22,0,3,18,13,12,18,22,0,3,18,0,13,12,18,22,13,12,18,0,13,8,0,22,0,3,18,13,12,18,22,0,3,18,0,13,12,18,22,13,12,18,0,13,8,0,22,0,3,18
6,29,11,0,26,21,0,16,29,1,6,29,11,0,26,21,0,16,29,1,6,29,11,0,0,0,0,0,0,0,0,0,0,0,0,0,0,0,0,0,0,0,0,0,0,0,0,0,0,0,0,0,0,0,0,0,0,0,0,0,0,0,0,0,0,0,0,0,0,0,0,0,0,0,0,0,0,0,0,0,0,0,0,0,0,0,0,0,0,0,0,0,17,17,17,17,17,17,17,17,17,17,17,17,17,17,17,17,17,17,17,17,17,17,17,0,0,0,0,0,0,0,0,0,0,0,0,0,0,0,0,0,0,0,0,0,0,0,0,0,0,0,0,0,0,0,0,0,0,0,0,0,0,0,0,0,0,0,0,0,0,4,18,7,0,17,13,0,10,18,1,4,18,7,0,17,13,0,10,18,1,4,18,7,6,29,11,0,26,21,0,16,29,1,6,29,11,0,26,21,0,16,29,1,6,29,11,6,29,11,0,26,21,0,16,29,1,6,29,11,0,26,21,0,16,29,1,6,29,11,6,29,11,0,26,21,0,16,29,1,6,29,11,0,26,21,0,16,29,1,6,29,11,6,29,11,0,26,21,0,16,29,1,6,29,11,0,26,21,0,16,29,1,6,29,11,1,5,2,0,5,4,0,3,5,0,1,5,2,0,5,4,0,3,5,0,1,5,2,0,0,0,0,0,0,0,0,0,0,0,0,0,0,0,0,0,0,0,0,0,0,0,7,7,7,7,7,7,7,7,7,7,7,7,7,7,7,7,7,7,7,7,7,7,7,8,8,8,8,8,8,8,8,8,8,8,8,8,8,8,8,8,8,8,8,8,8,8,0,0,0,0,0,0,0,0,0,0,0,0,0,0,0,0,0,0,0,0,0,0,0,6,29,11,0,26,21,0,16,29,1,6,29,11,0,26,21,0,16,29,1,6,29,11,6,29,11,0,26,21,0,16,29,1,6,29,11,0,26,21,0,16,29,1,6,29,11,6,29,11,0,26,21,0,16,29,1,6,29,11,0,26,21,0,16,29,1,6,29,11,6,29,11,0,26,21,0,16,29,1,6,29,11,0,26,21,0,16,29,1,6,29,11,6,29,11,0,26,21,0,16,29,1,6,29,11,0,26,21,0,16,29,1,6,29,11,6,29,11,0,26,21,0,16,29,1,6,29,11,0,26,21,0,16,29,1,6,29,11
29,11,0,26,21,0,16,29,1,6,29,11,0,0,0,26,21,13,8,26,21,13,8,29,11,0,26,21,0,16,29,1,6,29,11,0,0,0,26,21,13,8,26,21,13,8,29,11,0,26,21,0,16,29,1,6,29,11,0,0,0,26,21,6,4,26,21,6,4,29,11,0,26,21,0,16,29,1,6,29,11,0,0,0,26,26,17,17,28,26,17,0,1,0,0,1,1,0,1,1,0,6,29,11,0,0,0,26,29,29,29,29,29,29,0,0,0,0,0,0,0,0,0,0,2,8,3,0,0,0,0,0,0,0,0,0,0,0,17,17,17,17,17,17,11,0,0,0,0,0,0,0,8,17,17,17,17,17,17,17,17,0,0,0,0,0,0,0,0,0,5,22,9,0,0,0,0,0,0,0,11,17,17,10,4,1,0,4,3,0,2,4,0,6,29,11,0,4,3,0,0,0,0,18,21,14,8,29,11,0,26,21,0,16,29,1,6,29,11,0,26,21,0,0,0,0,18,13,8,5,29,11,0,26,21,0,16,29,1,6,29,11,0,26,21,0,0,0,0,18,13,13,8,29,11,0,26,21,0,16,29,1,6,29,11,0,26,21,0,0,0,0,18,13,13,8,29,11,0,26,21,0,16,29,1,6,29,11,0,26,21,0,0,0,0,18,13,13,8,19,7,0,17,14,0,11,19,1,4,19,7,0,17,14,0,0,0,0,18,13,13,8,0,0,0,0,0,0,0,0,0,0,0,0,0,0,0,0,0,0,0,18,16,3,2,0,0,0,0,0,0,0,0,0,0,0,0,0,0,0,0,0,0,0,18,28,28,17,7,7,7,7,7,7,7,7,7,7,7,7,7,7,7,7,7,7,7,7,7,7,7,8,8,8,8,8,8,8,8,8,8,8,8,8,8,8,8,8,8,8,8,8,8,8,0,0,0,0,0,0,0,0,0,0,0,0,0,0,0,0,0,0,0,0,0,0,0,0,0,0,0,0,0,0,0,0,0,0,0,0,0,0,0,0,0,0,0,0,0,0,28,11,0,26,21,0,16,28,1,6,28,11,0,26,21,0,16,28,1,6,28,11,0,29,11,0,26,21,0,16,29,1,6,29,11,0,26,21,0,16,29,1,6,29,11,0,29,11,0,26,21,0,16,29,1,6,29,11,0,26,21,0,16,29,1,6,29,11,0
18,0,0,0,5,12,12,12,12,12,12,12,12,12,12,12,12,12,12,12,12,12,9,21,0,0,0,1,3,3,3,3,3,3,3,3,3,3,3,3,3,3,3,3,3,3,21,0,0,0,2,5,0,0,5,2,0,4,4,0,2,5,0,0,0,0,0,0,0,21,0,0,0,14,29,3,4,29,13,0,25,23,0,14,29,3,3,22,22,22,22,17,21,0,0,0,14,29,3,4,29,13,0,25,23,0,14,29,3,4,29,27,25,25,19,21,0,0,0,14,29,3,4,29,13,0,25,23,0,14,29,3,4,29,13,0,0,0,21,0,0,0,14,29,3,4,29,13,0,25,23,0,14,29,3,4,29,13,3,8,6,21,0,0,0,14,29,3,4,29,13,0,25,23,0,14,29,3,4,29,13,10,23,18,15,0,0,0,14,29,3,4,29,13,0,25,23,0,14,29,3,4,29,20,12,12,9,0,0,0,0,3,6,0,1,6,3,0,5,5,0,3,6,0,4,29,29,29,29,22,8,0,0,0,0,0,0,0,0,0,0,0,0,0,0,0,0,0,5,5,5,5,4,21,0,0,0,0,1,17,17,17,17,17,7,0,0,0,0,7,17,17,17,17,17,13,21,0,0,0,0,0,0,0,0,0,0,0,0,0,0,0,0,0,0,0,0,0,0,21,0,0,0,0,0,0,0,0,0,0,0,0,0,0,0,0,0,0,0,0,0,0,21,0,0,0,14,29,3,4,29,13,0,25,23,0,14,29,3,4,29,13,0,0,0,21,0,0,0,14,29,3,4,29,13,0,25,23,0,14,29,3,4,29,13,0,0,0,21,0,0,0,14,29,3,4,29,13,0,25,23,0,14,29,3,4,29,13,0,0,0,21,0,0,0,14,29,3,4,29,13,0,25,23,0,14,29,3,4,29,13,0,0,0,21,0,0,0,12,25,3,4,25,11,0,20,20,0,12,25,3,4,25,11,0,0,0,15,0,0,0,0,0,0,0,0,0,0,0,0,0,0,0,0,0,0,0,0,1,12,0,0,0,0,0,0,0,0,0,0,0,0,0,0,0,0,0,0,0,0,0,0,0,13,0,0,0,0,0,0,2,2,2,2,1,0,0,0,0,1,2,2,2,2,2,2,19,0,0,0,0,0,0,10,13,13,13,6,0,0,0,0,6,13,13,13,13,13,10
0,6,0,1,5,0,4,3,5,6,4,3,5,0,4,2,0,6,4,3,5,6,4,0,9,0,1,7,0,5,7,18,9,13,10,7,0,5,3,0,9,13,10,7,22,5,0,0,0,0,0,0,0,3,18,0,13,8,0,0,0,0,0,0,13,8,0,22,0,0,0,0,0,0,0,0,4,18,0,13,9,0,0,0,0,0,0,13,9,0,22,0,0,0,0,0,0,0,13,12,18,22,13,12,18,0,0,0,0,22,13,12,18,22,13,0,4,0,0,3,0,13,12,18,22,13,12,18,0,2,1,0,22,13,12,18,22,13,0,22,0,3,18,0,13,12,18,22,13,12,18,0,13,8,0,22,13,12,18,22,13,0,22,0,3,18,0,13,12,18,22,13,12,18,0,13,8,0,22,13,12,18,22,13,0,22,0,3,18,0,13,12,15,22,11,11,18,0,13,8,0,22,11,11,18,18,13,0,22,0,3,18,0,13,8,0,22,0,3,18,0,13,8,0,22,0,3,18,0,13,15,22,0,3,18,19,13,12,15,22,11,11,18,19,13,12,15,22,11,11,18,19,13,18,22,0,3,18,22,13,12,18,22,13,12,18,22,13,12,18,22,13,12,18,22,13,18,20,0,3,17,22,12,12,18,20,13,12,17,22,12,12,18,20,13,12,17,22,12,18,0,0,0,0,23,6,10,18,0,13,13,6,24,0,3,21,6,17,8,0,23,6,18,0,0,0,0,23,25,26,18,0,13,27,25,28,0,3,28,25,27,8,0,23,25,18,0,0,0,0,22,0,3,18,0,13,8,0,22,0,3,18,0,13,8,0,22,0,18,0,0,0,0,22,0,3,18,0,13,8,0,22,0,3,18,0,13,8,0,22,0,18,0,0,0,0,22,0,3,18,0,13,8,0,22,0,3,18,0,13,8,0,22,0,18,0,0,0,0,22,0,3,18,0,13,8,0,22,0,3,18,0,13,8,0,22,0,18,0,0,0,0,22,0,3,18,0,13,8,0,22,0,3,18,0,13,8,0,22,0,10,0,0,0,0,13,0,2,10,0,7,5,0,13,0,2,10,0,7,5,0,13,0,6,6,6,6,6,6,6,6,6,6,6,6,6,6,6,6,6,6,6,6,6,6,6,9,9,9,9,9,9,9,9,9,9,9,9,9,9,9,9,9,9,9,9,9,9,9
0,0,0,0,0,11,29,2,5,29,12,0,25,22,0,15,29,2,0,0,0,0,0,0,0,0,0,0,11,29,2,5,29,12,0,25,22,0,3,5,0,0,0,0,0,0,0,0,0,0,0,11,29,2,5,29,12,0,25,22,0,0,0,0,0,0,0,0,0,0,0,0,0,0,11,29,2,5,25,11,0,22,19,0,1,7,0,0,0,0,0,0,0,0,0,0,0,11,29,2,0,0,0,0,0,0,0,2,19,0,0,0,0,0,0,0,0,0,0,0,11,29,2,3,17,7,0,14,13,0,2,19,1,0,0,0,0,0,0,0,0,0,0,11,29,2,5,29,12,0,25,22,0,2,19,4,0,0,0,0,0,0,0,0,0,0,11,29,2,5,29,12,0,25,22,0,2,19,4,0,0,0,0,0,0,0,0,0,0,11,29,2,5,29,12,0,25,22,0,2,19,4,0,0,0,0,0,0,0,0,0,0,11,29,2,5,29,12,0,25,22,0,2,19,3,0,0,0,0,0,0,0,0,0,0,11,29,2,5,29,12,0,25,22,0,0,3,0,0,0,0,0,0,0,0,0,0,0,11,29,2,5,29,12,0,25,22,0,0,3,4,0,0,0,0,0,0,0,0,0,0,11,29,2,5,29,12,0,25,22,0,2,19,4,0,0,0,0,0,0,0,0,0,0,11,29,2,5,29,12,0,25,22,0,2,19,1,0,0,0,0,0,0,0,0,0,0,11,29,2,5,29,12,0,25,22,0,2,19,0,0,0,0,0,0,0,0,0,0,0,7,17,1,5,29,12,0,25,22,0,2,19,0,0,0,0,0,0,0,0,0,0,0,0,0,0,5,29,12,0,25,22,0,2,19,4,0,0,0,0,0,0,0,0,0,0,9,25,2,5,29,12,0,25,22,0,2,19,4,0,0,0,0,0,0,0,0,0,0,11,29,2,5,29,12,0,25,22,0,2,19,4,0,0,0,0,0,0,0,0,0,0,11,29,2,5,29,12,0,25,22,0,2,19,0,0,0,0,0,0,0,0,0,0,0,11,29,2,5,29,12,0,25,22,0,2,19,0,0,0,0,0,0,0,0,0,0,0,11,29,2,5,29,12,0,25,22,0,0,0,0,0,0,0,0,0,0,0,0,0,0,11,29,2,5,29,12,0,25,22,0,0,3,2,0,0,0,0,0
0,0,0,0,0,11,29,2,5,29,12,0,25,22,0,0,0,3,0,0,0,0,0,0,0,0,0,0,11,29,2,5,29,12,0,25,22,0,0,0,0,0,0,0,0,0,0,0,0,0,0,11,29,2,5,29,12,0,25,22,0,0,13,6,0,0,0,0,0,0,0,0,0,0,11,29,2,5,29,12,0,25,22,0,0,0,0,0,0,0,0,0,0,0,0,0,0,11,29,2,5,29,12,0,25,22,0,0,0,4,0,0,0,0,0,0,0,0,0,0,11,29,2,5,29,12,0,25,22,0,0,0,4,0,0,0,0,0,0,0,0,0,0,11,29,2,5,29,12,0,25,22,0,0,0,4,0,0,0,0,0,0,0,0,0,0,11,29,2,5,29,12,0,25,22,0,0,0,4,0,0,0,0,0,0,0,0,0,0,11,29,2,5,29,12,0,25,22,0,0,1,4,0,0,0,0,0,0,0,0,0,0,11,29,2,5,29,12,0,25,22,0,2,19,4,0,0,0,0,0,0,0,0,0,0,11,29,2,5,29,12,0,25,22,0,2,19,4,0,0,0,0,0,0,0,0,0,0,11,29,2,5,29,12,0,25,22,0,2,19,4,0,0,0,0,0,0,0,0,0,0,11,29,2,5,29,12,0,25,22,0,2,16,4,0,0,0,0,0,0,0,0,0,0,11,29,2,5,29,12,0,25,22,0,0,0,4,0,0,0,0,0,0,0,0,0,0,11,29,2,5,29,12,0,25,22,0,0,0,4,0,0,0,0,0,0,0,0,0,0,11,29,2,3,15,6,0,13,12,0,0,0,4,0,0,0,0,0,0,0,0,0,0,11,29,2,0,0,0,0,0,0,0,0,0,4,0,0,0,0,0,0,0,0,0,0,11,29,2,5,26,11,0,23,20,0,0,0,4,0,0,0,0,0,0,0,0,0,0,11,29,2,5,29,12,0,25,22,0,0,0,4,0,0,0,0,0,0,0,0,0,0,11,29,2,5,29,12,0,25,22,0,0,0,4,0,0,0,0,0,0,0,0,0,0,11,29,2,5,29,12,0,25,22,0,0,0,4,0,0,0,0,0,0,0,0,0,0,11,29,2,5,29,12,0,25,22,0,0,0,4,0,0,0,0,0,0,0,0,0,0,11,29,2,5,29,12,0,25,22,0,0,0,0,0,0,0,0,0
0,0,0,0,0,0,0,0,0,0,0,0,0,0,0,0,0,0,0,0,0,0,0,0,0,0,0,0,0,0,0,0,0,0,0,0,0,0,0,0,0,0,0,0,0,0,15,4,11,7,0,18,2,4,15,0,11,7,3,18,0,3,15,4,11,7,0,18,2,17,22,13,8,0,21,13,12,18,0,13,12,18,22,0,3,17,22,13,8,0,21,13,0,22,13,8,0,0,13,12,18,0,0,3,18,22,0,0,0,22,13,8,0,0,13,11,25,13,8,4,11,20,12,18,0,11,14,18,22,0,8,11,25,13,8,4,11,20,20,20,13,8,7,20,20,10,18,0,20,20,13,22,0,14,20,20,13,8,7,20,20,7,7,18,8,0,6,7,10,18,0,3,7,7,24,0,1,7,7,18,8,0,6,7,28,25,27,8,0,23,25,25,18,0,13,26,25,27,0,3,28,25,27,8,0,23,25,18,0,13,8,0,22,0,3,18,0,13,8,0,22,0,3,18,0,13,8,0,22,0,18,21,13,12,17,22,13,12,18,21,13,12,17,22,13,12,18,21,13,12,17,22,13,18,22,13,12,18,22,13,12,18,22,13,12,18,22,13,12,18,22,13,12,18,22,13,18,22,13,12,18,22,13,12,18,22,13,12,18,22,13,12,18,22,13,12,18,22,13,18,22,13,12,18,22,13,12,18,22,13,12,18,22,13,12,18,22,13,12,18,22,13,18,0,13,8,0,22,0,3,18,0,13,8,0,22,0,3,18,0,13,8,0,22,0,18,0,13,8,0,22,0,3,18,0,13,8,0,22,0,3,18,0,13,8,0,22,0,18,0,13,8,0,22,0,3,18,0,13,8,0,22,0,3,18,0,13,8,0,22,0,18,0,13,8,0,22,0,3,18,0,13,8,0,22,0,3,18,0,13,8,0,22,0,18,0,13,8,0,22,0,3,18,0,13,8,0,22,0,3,18,0,13,8,0,22,0,1,0,1,0,0,2,0,0,1,0,1,0,0,2,0,0,1,0,1,0,0,2,0,17,17,17,17,17,17,17,17,17,17,17,17,17,17,17,17,17,17,17,17,17,17,17,0,0,0,0,0,0,0,0,0,0,0,0,0,0,0,0,0,0,0,0,0,0,0,0,0,0,0,0,0,0,0,0,0,0,0,0,0,0,0,0,0,0,0,0,0,0
0,0,0,0,0,11,29,2,5,29,12,0,25,22,0,2,19,4,0,0,0,0,0,0,0,0,0,0,11,29,2,5,29,12,0,25,22,0,2,19,4,0,0,0,0,0,0,0,0,0,0,11,29,2,5,29,12,0,25,22,0,2,19,2,0,0,0,0,0,0,0,0,0,0,11,29,2,5,29,12,0,25,22,0,2,19,0,0,0,0,0,0,0,0,0,0,0,11,29,2,5,29,12,0,25,22,0,2,19,0,0,0,0,0,0,0,0,0,0,0,11,29,2,5,29,12,0,25,22,0,2,19,0,0,0,0,0,0,0,0,0,0,0,11,29,2,5,29,12,0,25,22,0,2,19,0,0,0,0,0,0,0,0,0,0,0,11,29,2,5,29,12,0,25,22,0,2,19,0,0,0,0,0,0,0,0,0,0,0,11,29,2,5,29,12,0,25,22,0,1,7,0,0,0,0,0,0,0,0,0,0,0,11,29,2,5,29,12,0,25,22,0,0,0,0,0,0,0,0,0,0,0,0,0,0,11,29,2,1,5,2,0,5,4,0,0,0,0,0,0,0,0,0,0,0,0,0,0,11,29,2,1,6,3,0,6,5,0,0,0,0,0,0,0,0,0,0,0,0,0,0,11,29,2,5,29,12,0,25,22,0,0,4,0,0,0,0,0,0,0,0,0,0,0,11,29,2,5,29,12,0,25,22,0,2,19,0,0,0,0,0,0,0,0,0,0,0,11,29,2,5,29,12,0,25,22,0,2,19,0,0,0,0,0,0,0,0,0,0,0,11,29,2,5,29,12,0,25,22,0,2,19,0,0,0,0,0,0,0,0,0,0,0,11,29,2,5,29,12,0,25,22,0,2,19,0,0,0,0,0,0,0,0,0,0,0,11,29,2,5,29,12,0,25,22,0,2,19,4,0,0,0,0,0,0,0,0,0,0,11,29,2,5,29,12,0,25,22,0,2,19,4,0,0,0,0,0,0,0,0,0,0,11,29,2,5,29,12,0,25,22,0,2,17,4,0,0,0,0,0,0,0,0,0,0,11,29,2,5,29,12,0,25,22,0,0,0,4,0,0,0,0,0,0,0,0,0,0,11,27,2,5,29,12,0,25,22,0,0,0,4,0,0,0,0,0,0,0,0,0,0,0,0,0,5,29,12,0,25,22,0,0,0,4,0,0,0,0,0
1,0,0,0,0,0,0,0,0,0,0,0,0,0,0,0,0,0,0,0,0,0,16,0,0,0,0,0,0,0,0,0,0,0,0,0,0,0,0,0,0,0,0,0,0,0,11,2,17,17,17,17,17,17,17,17,17,17,17,17,17,17,17,17,17,17,17,17,17,0,0,0,0,0,0,0,0,0,0,0,0,0,0,0,0,0,0,0,0,0,0,0,0,0,0,0,0,4,20,8,0,18,15,0,11,20,1,4,20,8,0,0,0,0,0,0,0,0,0,0,6,29,11,0,26,21,0,16,29,1,6,29,11,0,0,0,0,0,0,0,0,0,0,6,29,11,0,26,21,0,16,29,1,6,29,11,0,0,0,0,0,0,8,5,0,0,6,29,11,0,26,21,0,16,29,1,6,29,11,0,0,13,0,0,0,13,8,0,0,6,29,11,0,26,21,0,16,29,1,6,29,11,0,0,22,0,0,0,13,8,0,0,6,29,11,0,26,21,0,16,29,1,6,29,11,0,0,22,0,0,0,13,8,0,0,5,21,8,0,19,16,0,12,21,1,5,21,8,0,0,22,0,0,0,13,8,0,0,0,0,0,0,0,0,0,0,0,0,0,0,0,0,0,22,0,0,0,13,8,0,3,7,7,7,7,7,7,7,7,7,7,7,5,0,0,0,22,0,0,0,13,8,0,4,8,8,8,8,8,8,8,8,8,8,8,6,0,0,0,22,0,0,0,13,8,0,0,0,0,0,0,0,0,0,0,0,0,0,0,0,0,0,22,0,0,0,13,8,0,0,3,14,5,0,13,10,0,8,14,0,3,14,5,0,0,22,0,0,0,13,8,0,0,6,29,11,0,26,21,0,16,29,1,6,29,11,0,0,22,0,0,0,13,8,0,0,6,29,11,0,26,21,0,16,29,1,6,29,11,0,0,22,0,0,0,13,8,0,0,6,29,11,0,26,21,0,16,29,1,6,29,11,0,0,22,0,0,0,13,8,0,0,6,29,11,0,26,21,0,16,29,1,6,29,11,0,0,22,0,0,0,13,8,0,0,2,9,3,0,8,7,0,5,9,0,2,9,3,0,0,22,0,0,0,13,8,0,0,0,0,0,0,0,0,0,0,0,0,0,0,0,0,0,22,0,0,0,13,8,0,0,0,0,0,0,0,0,0,0,0,0,0,0,0,0,0,22,0,0
0,22,0,3,18,0,13,8,0,22,0,3,18,0,13,8,0,0,0,0,26,21,0,0,22,0,3,18,0,13,8,0,22,0,3,18,0,13,8,0,0,0,0,26,21,0,0,22,0,3,18,0,13,8,0,22,0,3,18,0,13,8,0,0,0,0,26,21,0,0,22,0,3,18,0,13,8,0,22,0,3,18,0,13,8,0,0,0,0,5,4,0,0,12,0,2,10,0,7,4,0,12,0,2,10,0,7,4,0,0,0,0,0,0,0,7,7,7,7,7,7,7,7,7,7,7,7,7,7,7,7,7,7,7,7,7,7,7,8,8,8,8,8,8,8,8,8,8,8,8,8,8,8,8,8,8,8,8,8,8,8,0,0,0,0,0,0,0,0,0,0,0,0,0,0,0,0,1,11,11,11,11,11,11,26,21,0,16,29,1,0,0,0,0,26,21,0,0,0,7,10,14,14,14,14,14,8,26,21,0,16,29,1,0,0,0,0,26,21,0,0,0,23,6,6,6,6,6,6,2,26,21,0,16,29,1,0,0,0,0,26,21,0,0,0,22,0,0,8,5,0,0,0,26,21,0,16,29,1,0,21,0,0,26,21,0,0,0,22,0,0,13,8,0,0,0,26,21,0,16,29,1,0,22,0,0,26,21,0,0,0,22,0,0,10,6,0,0,0,26,21,0,16,29,1,0,22,0,0,26,21,0,0,0,22,0,0,13,15,15,15,15,10,8,0,16,29,1,0,22,0,0,26,21,0,0,0,22,2,13,14,14,14,14,14,0,0,0,16,29,1,0,22,0,0,26,21,0,0,0,22,0,6,20,2,2,2,2,6,0,0,16,29,1,0,22,0,0,26,21,0,0,0,22,0,3,18,0,14,17,17,0,0,0,16,29,1,0,22,0,0,26,21,0,0,0,22,0,3,18,0,0,0,0,0,0,0,16,29,1,0,22,0,0,26,21,0,0,0,22,0,3,24,13,13,13,13,22,18,0,3,5,0,0,22,0,0,26,21,0,0,0,22,1,12,14,14,14,3,2,26,21,0,0,0,0,0,22,0,0,26,21,0,0,0,22,0,5,5,24,4,0,0,26,21,0,0,3,2,0,22,0,0,26,21,0,0,0,22,0,3,18,22,0,0,0,26,21,0,0,13,8,0,22,0,0,26,21,0,0,0,22,0,3,18,22,0,0,0
7,0,0,0,0,0,3,7,7,7,7,7,7,7,7,7,7,7,7,7,7,7,7,0,0,0,0,0,0,4,8,8,8,8,8,8,8,8,8,8,8,8,8,8,8,8,0,0,0,0,0,0,0,0,0,0,0,0,0,0,0,0,0,0,0,0,0,0,0,0,13,10,0,8,14,0,3,14,5,0,13,10,0,8,14,0,1,25,25,25,25,25,0,26,21,0,16,29,1,6,29,11,0,26,21,0,16,29,1,1,22,22,22,24,29,0,26,21,0,16,29,1,6,29,11,0,26,21,0,16,29,1,0,0,0,0,6,29,0,26,21,0,16,29,1,6,29,11,0,26,21,0,16,29,1,0,3,3,2,6,29,0,26,21,0,16,29,1,6,29,11,0,26,21,0,16,29,1,2,28,28,17,6,29,0,8,7,0,5,9,0,2,9,3,0,8,7,0,5,9,0,0,7,7,7,13,29,0,0,0,0,0,0,0,0,0,0,0,0,0,0,0,0,0,1,29,29,29,29,29,0,0,0,0,0,0,0,0,0,0,0,0,0,0,0,0,0,0,10,10,10,10,10,0,0,0,0,0,0,8,17,17,17,17,17,17,6,0,2,17,17,17,17,17,17,17,0,0,0,0,0,0,0,0,0,0,0,0,0,0,0,0,0,0,0,0,0,0,0,0,0,0,0,0,0,0,0,0,0,0,0,0,0,0,0,28,29,29,29,29,29,29,0,0,0,0,5,8,0,2,8,3,0,8,6,0,0,0,28,6,2,2,2,2,2,0,0,0,0,16,29,1,6,29,11,0,26,21,0,0,0,28,3,22,0,0,0,0,0,0,0,0,16,29,1,6,29,11,0,26,21,0,0,0,28,3,22,0,0,0,0,0,0,0,0,16,29,1,6,29,11,0,26,21,0,0,0,28,3,9,0,0,0,0,6,0,0,0,16,29,1,6,29,11,0,26,21,0,0,0,28,28,27,27,27,27,27,8,0,0,0,9,15,1,3,15,6,0,14,11,0,0,0,28,8,14,14,14,14,14,8,0,0,0,0,0,0,0,0,0,0,0,0,0,0,0,28,4,22,22,22,22,22,8,0,0,0,0,0,0,0,0,0,0,0,0,0,0,0,28,3,0,0,0,0,0,1,0,0,0,0,0,8,17,17,17,17,17,17,6,0,0,28,3,8,17,17,17,17
2,11,4,0,10,8,0,6,11,0,2,11,4,0,10,8,0,6,11,0,2,11,4,0,0,0,0,0,0,0,0,0,0,0,0,0,0,0,0,0,0,0,0,0,0,0,17,17,17,17,17,17,17,17,17,17,17,17,17,17,17,17,17,17,17,17,17,17,17,0,0,0,0,0,0,0,0,0,0,0,0,0,0,0,0,0,0,0,0,0,0,0,15,0,0,0,0,19,0,3,15,0,11,7,0,19,0,3,15,0,11,7,0,19,0,18,0,0,0,0,22,0,3,18,0,13,8,0,22,0,3,18,0,13,8,0,22,0,18,0,0,0,0,22,0,3,18,0,13,8,0,22,0,3,18,0,13,8,0,22,0,18,0,0,0,0,22,0,3,18,0,13,8,0,22,0,3,18,0,13,8,0,22,0,18,0,0,0,0,22,0,3,18,0,13,8,0,22,0,3,18,0,13,8,0,22,0,18,0,0,0,0,23,3,7,18,0,13,11,3,23,0,3,20,3,16,8,0,23,3,18,0,0,0,0,23,28,29,18,0,13,29,28,28,0,3,29,28,29,8,0,23,28,18,3,0,0,3,22,2,5,18,3,13,9,3,22,2,5,18,3,13,9,3,22,2,18,22,0,3,18,22,13,12,18,22,13,12,18,22,13,12,18,22,13,12,18,22,13,18,22,0,3,18,22,13,12,18,22,13,12,18,22,13,12,18,22,13,12,18,22,13,10,22,0,3,18,13,13,11,10,22,7,9,18,13,13,11,10,22,7,9,18,13,13,0,22,0,3,18,0,13,9,1,22,0,4,18,0,13,8,0,22,0,4,18,1,13,0,22,0,3,18,0,13,12,18,22,13,12,18,0,13,8,0,22,13,12,18,22,13,0,22,0,3,18,0,13,12,18,22,13,12,18,0,13,8,0,22,13,12,18,22,13,0,22,0,3,18,0,13,12,18,22,13,12,18,0,13,8,0,22,13,12,18,22,13,0,0,0,0,0,0,13,12,18,22,13,12,18,0,0,0,0,22,13,12,18,22,13,0,0,0,0,0,0,11,11,18,18,13,12,15,0,0,0,0,18,13,12,15,22,11,0,0,0,0,0,0,0,3,18,0,13,8,0,0,0,0,0,0,13,8,0,22,0,0,0,0,0,0,0,0,3,18,0,13,8,0,0,0,0,0,0,13,8,0,22,0
1,6,29,11,0,26,21,0,16,29,1,6,29,11,0,26,21,0,0,0,0,13,12,1,6,29,11,0,26,21,0,16,29,1,6,29,11,0,26,21,0,3,17,0,13,12,1,6,29,11,0,26,21,0,16,29,1,6,29,11,0,7,5,0,3,18,0,13,12,1,6,29,11,0,26,21,0,16,29,1,6,29,11,0,4,3,0,3,18,0,13,12,0,2,11,4,0,26,21,0,16,29,1,6,29,11,0,26,21,0,3,18,0,13,9,0,0,0,0,0,26,21,0,16,29,1,6,29,11,0,26,21,0,3,18,12,13,11,17,17,17,6,0,26,21,0,16,29,1,6,29,11,0,26,21,0,3,18,22,13,12,0,0,0,0,0,26,21,0,16,29,1,6,29,11,0,26,21,0,3,18,22,13,12,0,0,0,0,0,26,21,0,16,29,1,6,29,11,0,26,21,0,0,3,22,2,5,0,0,0,0,0,26,21,0,16,29,1,6,29,11,0,26,21,0,0,0,23,27,28,0,0,0,0,0,26,21,0,16,29,1,6,29,11,0,26,21,0,0,0,23,4,8,23,4,0,0,0,26,21,0,16,29,1,6,29,11,0,26,21,0,0,0,22,0,3,8,1,0,0,0,26,21,0,16,29,1,6,29,11,0,26,21,0,0,0,22,0,3,0,0,0,0,0,26,21,0,16,29,1,6,29,11,0,26,21,0,0,0,22,0,3,0,0,0,0,0,26,21,0,16,29,1,6,29,11,0,26,21,0,0,0,22,0,3,0,0,0,0,0,26,21,0,16,29,1,6,29,11,0,26,21,0,0,0,19,0,3,0,0,0,0,0,26,21,0,16,29,1,6,29,11,0,26,21,0,0,0,0,0,0,17,17,17,6,0,26,21,0,16,29,1,6,29,11,0,26,21,0,0,14,17,17,17,9,9,4,0,0,26,21,0,16,29,1,6,29,11,0,26,21,0,0,0,1,1,1,29,29,13,0,0,26,21,0,16,29,1,6,29,11,0,26,21,0,0,0,23,29,29,8,22,13,0,0,26,21,0,16,29,1,6,29,11,0,26,21,0,0,0,23,1,5,8,18,13,0,0,26,21,0,16,29,1,6,29,11,0,26,21,0,0,0,22,13,12,3,18,13,0,0,26,21,0,16,29,1,6,29,11,0,26,21,0,0,0,1,13,12
0,1,20,3,4,4,0,21,2,4,4,1,11,11,4,4,3,1,20,3,4,4,0,0,1,28,23,23,8,0,21,24,23,16,0,11,26,23,23,0,1,28,23,23,8,0,0,1,23,8,17,10,0,21,9,10,20,0,11,16,8,24,0,1,23,8,17,10,0,5,7,20,10,12,11,9,21,6,7,20,10,12,11,9,21,6,7,20,10,12,11,6,11,12,20,21,12,12,20,21,12,12,20,21,12,12,20,21,12,12,20,21,12,12,12,11,12,20,21,12,12,20,21,12,12,20,21,12,12,20,21,12,12,20,21,12,12,12,11,12,20,21,12,12,20,21,12,12,20,21,12,12,20,21,12,12,20,21,12,12,12,5,6,20,9,12,11,9,21,6,6,20,9,12,11,9,21,6,6,20,9,12,11,5,0,1,20,0,11,10,0,21,0,1,20,0,11,10,0,21,0,1,20,0,11,10,0,0,1,20,0,11,10,0,21,0,1,20,0,11,10,0,21,0,1,20,0,11,10,0,0,1,20,0,11,10,0,21,0,1,20,0,11,10,0,21,0,1,20,0,11,10,0,0,1,20,0,11,10,0,21,0,1,20,0,11,10,0,21,0,1,20,0,11,10,0,0,1,11,0,6,6,0,12,0,1,11,0,6,6,0,12,0,1,11,0,6,6,0,0,7,7,7,7,7,7,7,7,7,7,7,7,7,7,7,7,7,7,7,7,7,3,0,8,8,8,8,8,8,8,8,8,8,8,8,8,8,8,8,8,8,8,8,8,3,0,0,11,11,11,4,0,8,11,11,8,0,4,11,11,11,0,0,11,11,11,4,0,0,1,27,20,24,10,0,21,21,21,20,0,11,24,20,27,0,1,27,20,24,10,0,0,1,20,14,12,10,0,21,8,9,20,0,11,12,13,21,0,1,20,14,12,10,0,0,1,15,21,12,10,0,16,12,12,20,0,8,10,20,21,0,1,15,21,12,10,0,0,0,0,21,12,10,0,0,11,12,20,0,0,1,20,21,0,0,0,21,12,10,0,0,11,17,26,12,10,5,17,22,12,20,0,17,18,20,21,0,11,17,26,12,10,0,0,9,14,14,12,10,4,14,14,7,20,0,14,14,10,21,0,9,14,14,12,10,0,0,0,13,13,20,10,0,10,13,15,20,0,5,13,13,25,0,0,13,13,20,10,0
18,12,13,11,10,0,6,29,11,0,26,21,0,16,29,1,6,29,11,0,0,0,0,25,17,23,8,0,0,6,29,11,0,26,21,0,16,29,1,6,29,11,0,0,0,0,24,14,21,8,0,0,6,29,11,0,26,21,0,16,29,1,6,29,11,0,0,0,0,18,0,13,8,0,0,6,29,11,0,26,21,0,16,29,1,6,29,11,0,0,0,9,18,0,13,8,0,0,6,29,11,0,26,21,0,16,29,1,6,29,11,0,0,0,13,18,0,13,8,0,0,6,29,11,0,26,21,0,16,29,1,6,29,11,0,0,0,0,18,0,13,8,0,0,6,29,11,0,26,21,0,16,29,1,6,29,11,0,0,0,0,18,0,13,8,0,0,6,29,11,0,26,21,0,16,29,1,6,29,11,0,0,0,0,3,0,2,1,0,0,6,29,11,0,26,21,0,16,29,1,6,29,11,0,0,0,0,17,17,17,17,6,0,6,29,11,0,26,21,0,16,29,1,6,29,11,0,14,17,17,0,0,0,0,0,0,6,29,11,0,26,21,0,16,29,1,6,29,11,0,0,0,0,21,21,21,6,0,0,6,29,11,0,26,21,0,16,29,1,6,29,11,0,0,28,29,23,10,19,8,0,0,6,29,11,0,26,21,0,16,29,1,6,29,11,0,0,28,20,18,16,13,8,0,0,6,29,11,0,26,21,0,16,29,1,6,29,11,0,0,28,4,7,22,13,8,0,0,6,29,11,0,26,21,0,16,29,1,6,29,11,0,0,28,7,0,22,13,8,0,0,6,29,11,0,26,21,0,16,29,1,6,29,11,0,0,28,3,27,28,13,8,0,0,6,29,11,0,26,21,0,16,29,1,6,29,11,0,0,28,14,4,4,13,8,0,0,6,29,11,0,26,21,0,16,29,1,6,29,11,0,0,28,29,23,23,26,8,0,0,6,29,11,0,1,1,0,1,1,0,0,1,0,0,0,28,10,22,8,18,8,0,0,6,29,11,0,9,8,0,6,10,0,2,10,4,0,0,28,3,18,10,13,10,8,0,6,29,11,0,26,21,0,16,29,1,6,29,11,0,0,28,6,18,22,13,12,18,0,6,29,11,0,26,21,0,16,29,1,6,29,11,0,0,28,3,18,22,13,12,18,0,6,29,11,0,26,21,0,16,29,1,6,29,11,0,0,28,3
0,0,0,0,0,0,0,0,0,0,0,0,0,0,0,0,0,0,0,0,0,0,0,0,0,0,0,0,0,0,0,0,0,0,0,0,0,0,0,0,0,0,0,0,0,0,0,0,0,0,0,0,0,0,0,0,0,0,0,0,0,0,0,0,0,0,0,0,0,0,0,0,0,0,0,0,0,0,0,0,0,0,0,0,0,0,0,0,0,0,0,0,0,0,0,0,0,0,0,0,0,0,0,0,0,0,0,0,0,0,0,0,0,0,0,0,0,0,0,0,0,0,0,0,0,0,0,0,0,0,0,0,0,0,0,0,0,0,0,0,0,0,0,0,0,0,0,0,0,0,0,0,0,16,28,1,0,0,0,0,0,17,17,17,17,17,17,17,17,17,17,17,17,17,11,0,16,29,1,0,0,14,17,17,11,11,3,0,0,0,0,0,0,0,0,0,0,0,0,16,29,1,0,0,0,6,0,29,29,7,0,0,13,22,1,5,22,9,0,20,16,0,16,29,1,0,0,0,22,0,29,8,1,0,0,16,29,1,6,29,11,0,26,21,0,16,29,1,0,0,0,22,0,29,5,16,0,0,16,29,1,6,29,11,0,26,21,0,16,29,1,0,0,0,22,0,29,5,18,0,0,16,29,1,6,29,11,0,26,21,0,16,29,1,0,0,0,22,0,29,5,18,0,0,16,29,1,6,29,11,0,26,21,0,16,29,1,0,0,2,22,1,29,2,1,0,0,16,29,1,6,29,11,0,26,21,0,16,29,1,0,3,18,22,13,29,29,10,0,0,11,19,1,4,19,7,0,17,14,0,16,29,1,0,3,18,22,13,18,18,6,0,0,0,0,0,0,0,0,0,0,0,0,16,28,1,0,3,18,22,13,0,0,0,0,0,0,0,0,0,0,0,0,0,0,0,0,0,0,0,0,0,0,0,0,0,0,0,0,0,0,0,0,0,0,0,0,0,0,0,0,0,0,0,0,0,0,0,0,0,0,0,0,0,0,0,0,0,0,0,0,0,0,0,0,0,0,0,0,0,0,0,0,0,0,0,0,0,0,0,0,0,0,0,0,0,0,0,0,0,0,0,0,0,0,0,0,0,0,0,0,0,0,0,0,0,0,0,0,0,0,0,0,0,0,0,0,0,0,0,0,0,0,0,0,0,0,0,0,0,0,0,0,0,0,0,0,0,0
29,29,13,0,0,26,21,0,16,29,1,6,29,11,0,26,21,0,0,0,22,2,4,6,21,13,0,0,26,21,0,16,29,1,6,29,11,0,26,21,0,0,0,23,23,23,0,18,13,0,0,26,21,0,16,29,1,6,29,11,0,26,21,0,0,0,23,8,11,11,18,13,0,0,26,21,0,16,29,1,6,29,11,0,26,21,0,1,8,22,6,8,0,18,13,0,0,26,21,0,16,29,1,6,29,11,0,26,21,0,3,18,22,13,12,0,18,13,0,0,26,21,0,16,29,1,6,29,11,0,26,21,0,3,18,22,13,12,0,18,13,0,0,26,21,0,16,29,1,6,29,11,0,26,21,0,3,18,22,13,12,3,20,13,0,0,26,21,0,16,29,1,6,29,11,0,26,21,0,1,8,22,6,7,28,28,13,0,0,26,21,0,16,29,1,6,29,11,0,26,21,0,0,0,22,0,3,0,0,0,0,0,1,1,0,1,1,0,0,1,0,0,26,21,0,0,0,22,0,3,0,0,0,0,0,0,0,0,0,0,0,0,0,0,0,26,21,0,0,0,22,0,3,0,0,0,0,0,0,0,0,0,0,0,0,0,0,0,26,21,0,0,0,22,0,3,0,0,0,0,0,0,0,0,0,0,0,0,0,0,0,26,21,0,0,0,13,0,2,7,7,7,2,0,1,7,7,7,7,7,7,5,0,0,26,21,0,0,6,7,7,7,8,8,8,3,0,1,8,8,8,8,8,8,6,0,0,25,20,0,0,7,8,8,8,27,27,27,3,0,0,0,0,0,0,0,0,0,0,0,0,0,0,0,0,9,11,11,4,4,29,3,0,26,21,0,16,29,1,6,29,11,0,13,10,0,0,0,23,20,22,15,4,28,3,0,26,21,0,16,29,1,6,29,11,0,26,21,0,0,0,22,9,9,29,7,28,3,0,26,21,0,16,29,1,6,29,11,0,26,21,0,0,0,16,13,12,4,0,28,3,0,26,21,0,16,29,1,6,29,11,0,26,21,0,0,0,0,13,12,11,2,28,3,0,26,21,0,16,29,1,6,29,11,0,26,21,0,0,6,17,23,12,29,7,28,3,0,26,21,0,16,29,1,6,29,11,0,26,21,0,0,5,14,14,8,8,2,28,3,0,10,8,0,6,11,0,2,11,4,0,26,21,0,0,0,11,13,16
0,0,0,0,6,29,11,0,26,21,0,16,29,1,0,0,0,8,23,0,0,0,0,0,0,0,0,6,29,11,0,26,21,0,16,29,1,0,0,0,8,23,2,3,3,3,0,0,0,0,6,29,11,0,26,21,0,16,29,1,0,0,0,8,23,7,12,12,12,0,0,0,0,6,29,11,0,26,21,0,16,29,1,0,0,0,8,25,7,7,7,7,0,0,0,0,6,29,11,0,26,21,0,16,29,1,0,0,0,8,29,29,29,29,29,0,0,0,0,6,29,11,0,26,21,0,16,29,1,0,0,0,3,10,10,10,10,10,17,0,0,0,6,29,11,0,26,21,0,16,29,1,0,0,2,17,17,17,17,17,17,0,0,0,0,6,29,11,0,26,21,0,16,29,1,0,0,0,0,0,0,0,0,0,0,0,0,0,6,29,11,0,26,21,0,16,29,1,0,0,0,0,0,0,0,0,0,0,0,0,0,6,29,11,0,26,21,0,16,29,1,2,8,3,0,0,0,21,27,27,0,0,0,0,6,29,11,0,26,21,0,16,29,1,6,29,11,0,0,0,16,20,23,0,0,0,0,6,29,11,0,26,21,0,16,29,1,6,29,11,0,0,7,7,5,6,0,0,0,0,6,29,11,0,26,21,0,16,29,1,6,29,11,0,0,25,25,16,6,0,0,0,0,6,29,11,0,26,21,0,16,29,1,6,29,11,0,0,0,0,0,6,0,0,0,0,6,29,11,0,26,21,0,16,29,1,3,15,6,0,0,0,19,25,26,2,1,0,0,6,29,11,0,26,21,0,16,29,1,0,0,0,0,0,0,17,22,22,13,8,0,0,6,29,11,0,26,21,0,16,29,1,0,0,0,0,0,0,0,0,0,13,8,0,0,6,29,11,0,26,21,0,16,29,1,0,0,2,17,17,17,17,17,17,13,8,0,0,6,29,11,0,26,21,0,16,29,1,0,0,0,0,0,0,0,0,0,13,8,0,0,6,29,11,0,26,21,0,16,29,1,4,20,8,0,18,15,0,0,0,13,8,0,0,6,29,11,0,26,21,0,16,29,1,6,29,11,0,26,21,0,0,0,13,8,0,0,6,29,11,0,26,21,0,16,29,1,6,29,11,0,26,21,0,0,0,13,8,0,0,6,29,11,0,26,21,0,16,29,1,6,29,11,0,26,21,0,0,0
17,17,17,17,6,0,6,29,11,0,26,21,0,16,29,1,6,29,11,0,14,17,17,1,1,1,0,0,0,6,29,11,0,26,21,0,16,29,1,6,29,11,0,0,9,9,29,29,29,8,0,0,6,29,11,0,26,21,0,16,29,1,6,29,11,0,0,28,29,19,2,14,8,0,0,6,29,11,0,26,21,0,16,29,1,6,29,11,0,0,28,11,18,22,13,8,0,0,6,29,11,0,26,21,0,16,29,1,6,29,11,0,0,28,6,18,22,0,0,0,0,6,29,11,0,26,21,0,16,29,1,6,29,11,0,0,28,5,18,23,7,7,0,0,6,29,11,0,26,21,0,16,29,1,6,29,11,0,0,28,3,18,20,25,22,0,0,6,29,11,0,26,21,0,16,29,1,6,29,11,0,0,28,23,20,3,3,1,0,0,6,29,11,0,26,21,0,16,29,1,6,29,11,0,0,28,27,29,28,29,8,0,0,6,29,11,0,26,21,0,16,29,1,6,29,11,0,0,28,3,18,0,13,8,0,0,6,29,11,0,26,21,0,16,29,1,6,29,11,0,0,28,5,18,18,13,12,15,0,6,29,11,0,26,21,0,16,29,1,6,29,11,0,0,28,5,18,22,13,12,18,0,6,29,11,0,26,21,0,16,29,1,6,29,11,0,0,28,3,18,22,13,12,18,0,6,29,11,0,26,21,0,16,29,1,6,29,11,0,0,28,3,18,22,13,12,18,0,6,29,11,0,26,21,0,16,29,1,6,29,11,0,0,28,3,18,2,13,9,1,0,6,29,11,0,26,21,0,16,29,1,6,29,11,0,0,28,16,18,0,13,8,0,0,6,29,11,0,19,16,0,12,21,1,5,21,8,0,0,18,18,18,0,13,8,0,0,6,29,11,0,0,0,0,0,0,0,0,0,0,0,0,0,0,18,0,13,8,0,0,6,29,11,0,0,0,0,0,0,0,0,0,0,0,0,0,0,18,0,13,8,0,0,6,29,11,0,0,0,0,0,0,0,0,0,0,0,0,0,0,4,0,3,2,0,0,6,29,11,0,0,0,0,0,0,0,0,0,0,0,0,0,0,17,17,17,17,6,0,6,29,11,0,2,17,17,17,17,17,17,11,0,0,14,17,17,0,0,0,0,0,0,4,17,7,0,0,0,0,0,0,0,0,0,0,0,5,7,7
0,0,0,0,0,0,0,0,0,0,0,0,0,0,0,0,0,0,0,0,0,0,0,0,0,0,0,0,0,0,0,0,0,0,0,0,0,0,0,0,0,0,0,0,0,0,18,2,4,15,0,11,7,3,18,0,3,15,4,11,7,0,13,22,1,5,22,9,0,21,13,12,18,0,13,12,18,22,0,3,17,22,13,8,0,16,29,1,6,29,11,0,0,13,12,18,0,0,3,18,22,0,0,0,22,13,8,0,16,29,1,6,29,11,0,11,20,12,18,0,11,14,18,22,0,8,11,25,13,8,0,16,29,1,6,29,11,0,20,20,10,18,0,20,20,13,22,0,14,20,20,13,8,0,16,29,1,6,29,11,0,6,7,10,18,0,3,7,7,24,0,1,7,7,18,8,0,1,1,0,0,1,0,0,23,25,25,18,0,13,26,25,27,0,3,28,25,27,8,0,0,0,0,0,0,0,0,22,0,3,18,0,13,8,0,22,0,3,18,0,13,8,0,0,0,0,0,0,1,11,22,13,12,18,21,13,12,17,22,13,12,18,21,13,12,17,0,0,0,0,0,0,4,22,13,12,18,22,13,12,18,22,13,12,18,22,13,12,18,0,0,0,1,4,1,0,22,13,12,18,22,13,12,18,22,13,12,18,22,13,12,18,0,0,0,6,29,11,0,22,13,12,18,22,13,12,18,22,13,12,18,22,13,12,18,0,0,0,6,29,11,0,22,0,3,18,0,13,8,0,22,0,3,18,0,13,8,0,0,0,0,6,29,11,0,22,0,3,18,0,13,8,0,22,0,3,18,0,13,8,0,0,0,0,6,29,11,0,22,0,3,18,0,13,8,0,22,0,3,18,0,13,8,0,0,0,0,6,29,11,0,22,0,3,18,0,13,8,0,22,0,3,18,0,13,8,0,0,0,0,6,29,11,0,22,0,3,18,0,13,8,0,22,0,3,18,0,13,8,0,0,0,0,1,7,3,0,2,0,0,1,0,1,0,0,2,0,0,1,0,1,0,0,0,0,0,0,0,0,0,17,17,17,17,17,17,17,17,17,17,17,17,17,17,17,6,0,0,0,0,0,2,17,0,0,0,0,0,0,0,0,0,0,0,0,0,0,0,0,0,0,0,0,0,0,0,0,0,0,0,0,0,0,0,0,0,0,0,0,0,0,0,0,0,0,0,0,0,0
7,4,0,0,6,29,11,0,26,21,0,16,29,1,0,0,0,0,0,0,9,11,11,0,0,0,0,6,29,11,0,26,21,0,16,29,1,3,14,5,0,0,0,22,29,29,0,0,0,0,6,29,11,0,26,21,0,16,29,1,6,29,11,0,0,0,5,6,12,0,0,0,0,6,29,11,0,26,21,0,16,29,1,6,29,11,0,0,13,13,9,6,0,0,0,0,6,29,11,0,26,21,0,16,29,1,6,29,11,0,0,18,18,12,6,0,0,0,0,6,29,11,0,26,21,0,16,29,1,6,29,11,0,0,0,7,9,14,0,0,0,0,6,29,11,0,26,21,0,16,29,1,2,9,3,0,0,0,22,29,29,0,0,0,0,6,29,11,0,26,21,0,16,29,1,0,0,0,0,0,0,6,8,8,0,0,0,0,6,29,11,0,26,21,0,16,29,1,0,0,0,0,0,0,0,0,0,17,0,0,0,6,29,11,0,26,21,0,16,29,1,0,0,2,17,17,17,17,17,17,0,0,0,0,6,29,11,0,26,21,0,16,29,1,0,0,0,0,0,0,0,0,0,0,0,0,0,6,29,11,0,26,21,0,16,29,1,0,0,0,8,29,29,29,29,29,0,0,0,0,6,29,11,0,26,21,0,16,29,1,0,0,0,8,27,18,18,18,18,0,0,0,0,6,29,11,0,26,21,0,16,29,1,0,0,0,8,23,1,1,1,1,0,0,0,0,6,29,11,0,26,21,0,16,29,1,0,0,0,8,23,8,14,14,14,0,0,0,0,6,29,11,0,26,21,0,16,29,1,0,0,0,8,23,0,0,0,0,0,0,0,0,6,29,11,0,26,21,0,16,29,1,0,0,0,8,26,11,11,11,11,0,0,0,0,6,29,11,0,26,21,0,16,29,1,0,0,0,8,29,29,29,29,29,0,0,0,0,6,29,11,0,1,1,0,1,1,0,0,0,0,8,25,6,6,6,6,0,0,0,0,6,29,11,0,9,8,0,6,10,0,0,0,0,8,23,0,0,0,0,6,4,0,0,6,29,11,0,26,21,0,16,29,1,0,0,0,8,23,8,17,17,17,13,8,0,0,6,29,11,0,26,21,0,16,29,1,0,0,0,8,23,0,7,9,9,13,8,0,0,6,29,11,0,26,21,0,16,29,1,0,0,0,8,23,0,21,29,29
0,0,0,0,0,11,29,2,5,29,12,0,25,22,0,0,0,4,0,0,0,0,0,0,0,0,0,0,11,29,2,5,29,12,0,25,22,0,0,0,4,0,0,0,0,0,0,0,0,0,0,11,29,2,5,29,12,0,25,22,0,0,0,4,0,0,0,0,0,0,0,0,0,0,11,29,2,5,29,12,0,25,22,0,0,0,1,0,0,0,0,0,0,0,0,0,0,11,29,2,5,29,12,0,25,22,0,0,13,6,0,0,0,0,0,0,0,0,0,0,11,29,2,5,29,12,0,25,22,0,0,0,0,0,0,0,0,0,0,0,0,0,0,11,29,2,5,29,12,0,25,22,0,0,0,3,0,0,0,0,0,0,0,0,0,0,11,29,2,1,5,2,0,25,22,0,0,0,4,0,0,0,0,0,0,0,0,0,0,11,29,2,1,6,3,0,25,22,0,0,0,4,0,0,0,0,0,0,0,0,0,0,11,29,2,5,29,12,0,25,22,0,0,0,1,0,0,0,0,0,0,0,0,0,0,11,29,2,5,29,12,0,24,21,0,0,0,0,0,0,0,0,0,0,0,0,0,0,11,29,2,5,29,12,0,0,0,0,0,9,11,0,0,0,0,0,0,0,0,0,0,11,29,2,5,29,12,0,12,11,0,0,1,1,0,0,0,0,0,0,0,0,0,0,11,29,2,5,29,12,0,25,22,0,0,0,3,0,0,0,0,0,0,0,0,0,0,11,29,2,5,29,12,0,25,22,0,0,0,4,0,0,0,0,0,0,0,0,0,0,11,29,2,5,29,12,0,25,22,0,1,9,4,0,0,0,0,0,0,0,0,0,0,11,29,2,5,29,12,0,25,22,0,2,19,4,0,0,0,0,0,0,0,0,0,0,11,29,2,5,29,12,0,25,22,0,2,19,4,0,0,0,0,0,0,0,0,0,0,11,27,2,5,29,12,0,25,22,0,2,19,4,0,0,0,0,0,0,0,0,0,0,0,0,0,5,29,12,0,25,22,0,1,8,4,0,0,0,0,0,0,0,0,0,0,5,14,1,5,29,12,0,25,22,0,0,0,4,0,0,0,0,0,0,0,0,0,0,11,29,2,5,29,12,0,25,22,0,0,0,4,0,0,0,0,0,0,0,0,0,0,11,29,2,5,29,12,0,25,22,0,0,0,4,0,0,0,0,0
6,4,3,5,0,4,2,0,6,4,3,5,6,4,2,0,6,0,1,5,6,4,3,9,13,10,7,0,5,3,0,9,13,10,7,22,5,3,0,9,0,1,7,22,5,7,0,13,8,0,0,0,0,0,0,13,8,0,22,0,0,0,0,0,0,0,22,0,3,0,13,9,0,0,0,0,0,0,13,9,0,22,0,0,0,0,0,0,0,22,0,4,22,13,12,18,0,0,0,0,22,13,12,18,22,13,8,0,0,0,3,18,22,13,12,22,13,12,18,0,2,1,0,22,13,12,18,22,13,8,0,4,0,3,18,22,13,12,22,13,12,18,0,13,8,0,22,13,12,18,22,13,8,0,22,0,3,18,22,13,12,22,13,12,18,0,13,8,0,22,13,12,18,22,13,8,0,22,0,3,18,22,13,12,22,11,11,18,0,13,8,0,22,11,11,18,18,13,8,0,22,0,3,18,18,13,12,22,0,3,18,0,13,8,0,22,0,3,18,0,13,8,0,22,0,3,18,0,13,8,22,11,11,18,19,13,12,15,22,11,11,18,19,13,12,15,22,11,11,18,19,13,12,22,13,12,18,22,13,12,18,22,13,12,18,22,13,12,18,22,13,12,18,22,13,12,20,13,12,17,22,12,12,18,20,13,12,17,22,12,12,18,20,13,12,17,22,12,12,0,13,13,6,24,0,3,21,6,17,8,0,23,6,10,18,0,13,13,6,24,0,3,0,13,27,25,28,0,3,28,25,27,8,0,23,25,26,18,0,13,27,25,28,0,3,0,13,8,0,22,0,3,18,0,13,8,0,22,0,3,18,0,13,8,0,22,0,3,0,13,8,0,22,0,3,18,0,13,8,0,22,0,3,18,0,13,8,0,22,0,3,0,13,8,0,22,0,3,18,0,13,8,0,22,0,3,18,0,13,8,0,22,0,3,0,13,8,0,22,0,3,18,0,13,8,0,22,0,3,18,0,13,8,0,22,0,3,0,13,8,0,22,0,3,18,0,13,8,0,22,0,3,18,0,13,8,0,22,0,3,0,7,5,0,13,0,2,10,0,7,5,0,13,0,2,10,0,7,5,0,13,0,2,6,6,6,6,6,6,6,6,6,6,6,6,6,6,6,6,6,6,6,6,6,6,6,9,9,9,9,9,9,9,9,9,9,9,9,9,9,9,9,9,9,9,9,9,9,9
0,0,0,0,0,11,29,2,5,29,12,0,25,22,0,15,29,2,0,0,0,0,0,0,0,0,0,0,11,29,2,5,29,12,0,25,22,0,15,29,2,0,0,0,0,0,0,0,0,0,0,11,29,2,5,29,12,0,25,22,0,15,29,2,0,0,0,0,0,0,0,0,0,0,11,29,2,5,29,12,0,25,22,0,15,29,2,0,0,0,0,0,0,0,0,0,0,11,29,2,5,29,12,0,13,12,0,8,15,1,0,0,0,0,0,0,0,0,0,0,11,29,2,5,29,12,0,0,0,0,0,0,0,0,0,0,0,0,0,0,0,0,0,11,29,2,5,29,12,0,0,0,0,0,0,0,0,0,0,0,0,0,0,0,0,0,11,29,2,5,29,12,0,0,0,2,17,17,6,0,0,0,0,0,0,0,0,0,0,11,29,2,5,29,12,0,0,0,0,0,0,0,0,0,0,0,0,0,0,0,0,0,11,29,2,5,29,12,0,18,16,0,11,20,2,0,0,0,0,0,0,0,0,0,0,11,29,2,5,29,12,0,25,22,0,15,29,2,0,0,0,0,0,0,0,0,0,0,11,29,2,5,29,12,0,25,22,0,15,29,2,0,0,0,0,0,0,0,0,0,0,11,29,2,5,29,12,0,25,22,0,15,29,2,0,0,0,0,0,0,0,0,0,0,11,29,2,5,29,12,0,25,22,0,15,29,2,0,0,0,0,0,0,0,0,0,0,11,29,2,5,29,12,0,25,22,0,15,29,2,0,0,0,0,0,0,0,0,0,0,11,29,2,1,5,2,0,19,16,0,11,21,2,0,0,0,0,0,0,0,0,0,0,11,29,2,1,6,3,0,0,0,0,0,0,0,0,0,0,0,0,0,0,0,0,0,11,29,2,5,29,12,0,0,0,1,7,7,3,0,0,0,0,0,0,0,0,0,0,11,29,2,5,29,12,0,0,0,1,8,8,3,0,0,0,0,0,0,0,0,0,0,11,29,2,5,29,12,0,0,0,0,0,0,2,0,0,0,0,0,0,0,0,0,0,11,29,2,5,29,12,0,12,11,0,0,0,4,0,0,0,0,0,0,0,0,0,0,11,29,2,5,29,12,0,25,22,0,0,0,4,0,0,0,0,0,0,0,0,0,0,11,29,2,5,29,12,0,25,22,0,0,0,4,0,0,0,0,0
0,0,0,0,0,0,0,0,0,0,0,0,0,0,0,0,0,0,0,0,0,0,0,0,0,0,0,0,0,0,0,0,0,0,0,0,0,0,0,0,0,0,0,0,0,0,0,0,0,0,0,0,0,0,0,0,0,0,0,0,0,0,0,0,0,0,0,0,0,0,0,0,0,0,0,0,0,0,0,0,0,0,0,0,0,0,0,0,0,0,0,0,0,0,0,0,0,0,0,0,0,0,0,0,0,0,0,0,0,0,0,0,0,0,0,0,0,0,0,0,0,0,0,0,0,0,0,0,0,0,0,0,0,0,0,0,0,0,13,13,13,13,13,13,13,13,13,13,13,13,13,13,13,5,0,0,0,0,0,2,13,2,2,2,2,2,2,2,2,2,2,2,2,2,2,2,1,0,0,0,0,0,0,2,16,0,2,13,0,10,6,0,16,0,2,13,0,10,6,0,0,0,0,1,6,2,0,22,0,3,18,0,13,8,0,22,0,3,18,0,13,8,0,0,0,0,6,29,11,0,22,0,3,18,0,13,8,0,22,0,3,18,0,13,8,0,0,0,0,6,29,11,0,22,0,3,18,0,13,8,0,22,0,3,18,0,13,8,0,0,0,0,6,29,11,0,22,0,3,18,0,13,8,0,22,0,3,18,0,13,8,0,0,0,0,6,29,11,0,22,8,9,18,13,13,11,11,22,8,9,18,13,13,11,11,0,0,0,6,29,11,0,22,13,12,18,22,13,12,18,22,13,12,18,22,13,12,18,0,0,0,6,29,11,0,22,13,12,18,22,13,12,18,22,13,12,18,22,13,12,18,0,0,0,1,5,2,0,11,6,6,9,11,6,6,9,11,6,6,9,11,6,6,9,0,0,0,0,0,0,0,0,0,0,0,0,0,0,0,0,0,0,0,0,0,0,0,0,0,0,0,0,0,0,0,0,0,0,0,0,0,0,0,0,0,0,0,0,0,0,0,0,0,0,0,0,0,0,0,0,0,0,0,0,0,0,0,0,0,0,0,0,0,0,0,0,0,0,0,0,0,0,0,0,0,0,0,0,0,0,0,0,0,0,0,0,0,0,0,0,0,0,0,0,0,0,0,0,0,0,0,0,0,0,0,0,0,0,0,0,0,0,0,0,0,0,0,0,0,0,0,0,0,0,0,0,0,0,0,0,0,0,0,0,0,0,0,0,0
0,2,4,0,0,2,4,0,0,0,0,2,4,0,1,4,1,0,4,3,0,0,0,0,6,10,0,0,16,29,1,0,0,0,16,29,1,6,29,11,0,26,21,0,0,0,0,0,0,0,0,16,29,1,0,0,0,16,29,1,6,29,11,0,26,21,0,0,0,2,2,1,0,0,16,29,1,0,0,0,16,29,1,6,29,11,0,26,21,0,0,0,13,13,5,0,0,16,29,1,0,0,0,16,29,1,6,29,11,0,26,21,0,0,0,17,14,0,0,0,16,29,1,0,0,0,16,29,1,6,29,11,0,26,21,0,0,0,26,21,0,0,0,16,29,1,0,0,0,16,29,1,6,29,11,0,26,21,0,0,0,26,21,0,0,0,16,29,1,0,0,0,16,29,1,6,29,11,0,26,21,0,0,0,26,21,0,0,0,16,29,1,0,0,0,16,29,1,6,29,11,0,26,21,0,0,0,26,21,0,0,0,16,29,1,0,0,0,16,29,1,6,29,11,0,26,21,0,0,0,26,21,0,0,0,16,29,1,0,0,0,16,29,1,6,29,11,0,26,21,0,0,0,27,21,0,0,0,16,29,1,0,0,0,16,29,1,6,29,11,0,26,21,0,0,0,29,21,0,0,0,16,29,1,0,0,0,9,17,1,3,17,6,0,15,12,0,0,0,15,11,0,0,0,13,23,1,0,0,0,0,0,0,0,0,0,0,0,0,0,0,0,12,12,4,0,0,0,0,0,2,12,12,12,12,12,12,12,12,12,12,12,12,0,0,3,3,1,0,1,7,3,0,0,3,3,3,3,3,3,3,3,3,3,3,3,0,0,0,0,0,0,6,29,11,0,0,0,0,0,0,0,0,0,0,0,0,0,0,0,0,0,11,19,1,6,29,11,0,17,14,0,11,19,1,4,19,7,0,17,14,0,11,19,0,16,29,1,6,29,11,0,26,21,0,16,29,1,6,29,11,0,26,21,0,16,29,0,16,29,1,6,29,11,0,26,21,0,16,29,1,6,29,11,0,26,21,0,16,29,0,16,29,1,6,29,11,0,26,21,0,16,29,1,6,29,11,0,26,21,0,16,29,0,16,29,1,6,29,11,0,26,21,0,16,29,1,6,29,11,0,26,21,0,16,29,0,2,4,0,1,4,1,0,4,3,0,2,4,0,1,4,1,0,4,3,0,2,4
12,12,12,12,12,12,12,12,12,12,12,12,12,12,12,12,12,12,12,12,12,12,12,3,3,3,3,3,3,3,3,3,3,3,3,3,3,3,3,3,3,3,3,3,3,3,5,0,13,17,17,10,0,7,17,17,16,0,2,17,17,17,5,0,13,17,17,10,0,8,0,23,15,17,18,0,13,20,15,26,0,3,24,15,22,8,0,23,15,17,18,0,8,0,22,7,9,18,0,13,11,10,22,0,3,18,13,13,8,0,22,7,9,18,0,5,0,22,13,11,10,0,13,12,18,13,0,3,18,22,7,5,0,22,13,11,10,0,0,0,22,13,8,0,0,13,12,18,0,0,3,18,22,0,0,0,22,13,8,0,0,20,0,22,13,25,22,5,13,12,27,22,13,3,18,23,22,20,0,22,13,25,22,5,8,0,22,4,9,9,2,13,10,9,9,5,3,18,7,9,8,0,22,4,9,9,2,5,0,23,18,18,12,0,13,22,18,18,0,3,25,18,18,5,0,23,18,18,12,0,8,0,23,13,16,18,0,13,18,13,25,0,3,24,13,21,8,0,23,13,16,18,0,10,5,22,4,6,18,6,13,10,5,22,4,6,18,6,13,10,5,22,4,6,18,6,12,18,22,13,12,18,22,13,12,18,22,13,12,18,22,13,12,18,22,13,12,18,22,12,18,22,13,12,18,22,13,12,18,22,13,12,18,22,13,12,18,22,13,12,18,22,12,18,22,13,12,18,22,13,12,18,22,13,12,18,22,13,12,18,22,13,12,18,22,11,11,22,8,9,18,13,13,11,11,22,8,9,18,13,13,11,11,22,8,9,18,13,8,0,22,0,3,18,0,13,8,0,22,0,3,18,0,13,8,0,22,0,3,18,0,8,0,22,0,3,18,0,13,8,0,22,0,3,18,0,13,8,0,22,0,3,18,0,8,0,22,0,3,18,0,13,8,0,22,0,3,18,0,13,8,0,22,0,3,18,0,8,0,22,0,3,18,0,13,8,0,22,0,3,18,0,13,8,0,22,0,3,18,0,6,0,16,0,2,13,0,10,6,0,16,0,2,13,0,10,6,0,16,0,2,13,0,2,2,2,2,2,2,2,2,2,2,2,2,2,2,2,2,2,2,2,2,2,2,2,13,13,13,13,13,13,13,13,13,13,13,13,13,13,13,13,13,13,13,13,13,13,13
0,0,0,0,0,3,18,0,13,8,0,0,26,21,0,0,13,8,0,0,0,0,0,17,17,17,17,6,3,18,0,13,8,0,0,26,21,0,0,13,8,0,0,0,0,0,0,0,0,0,0,3,18,0,13,8,0,0,26,21,0,0,13,8,0,0,0,0,0,17,17,17,17,17,17,14,0,13,8,0,0,26,21,0,0,13,8,0,0,0,0,4,0,0,0,9,19,18,17,11,13,8,0,0,26,21,0,0,13,8,0,0,0,0,26,0,0,0,0,13,10,6,0,13,8,0,0,26,21,0,0,13,8,0,0,0,0,26,0,0,0,0,13,12,18,0,13,8,0,0,26,21,0,0,13,8,0,13,0,0,26,0,0,0,0,13,12,18,0,13,8,0,0,26,21,0,0,13,8,0,22,0,0,26,5,5,5,5,17,13,6,4,13,8,0,0,17,14,0,0,13,8,0,22,0,0,17,10,10,14,14,14,14,14,11,16,8,0,0,0,0,0,0,13,8,0,22,0,0,0,0,0,10,12,12,12,12,12,12,3,0,0,0,0,0,0,13,8,0,22,0,0,0,7,7,7,7,7,7,7,7,7,7,7,7,7,5,0,0,13,8,0,22,0,0,0,8,8,8,8,8,8,8,8,8,8,8,8,8,6,0,0,13,8,0,22,0,0,0,19,19,19,19,19,0,0,0,0,0,0,0,0,0,0,0,13,8,0,22,0,0,0,29,29,28,28,28,0,0,0,0,0,0,0,0,0,0,0,13,8,0,22,0,0,0,29,3,6,0,4,2,0,0,0,0,0,0,26,21,0,0,13,8,0,22,0,0,26,29,5,18,0,13,8,16,21,21,13,0,0,26,21,0,0,13,8,0,22,0,0,26,29,5,18,0,13,8,8,29,13,6,0,0,26,21,0,0,13,8,0,22,0,0,26,29,11,10,9,10,0,0,28,3,0,0,0,26,21,0,0,13,8,0,22,0,0,26,29,29,29,29,29,0,0,28,3,0,0,0,23,19,0,0,13,8,0,22,0,0,23,8,8,8,8,8,0,0,28,3,0,0,0,0,0,0,0,13,8,0,22,0,0,0,0,0,0,0,0,0,0,28,3,0,0,0,0,0,0,0,13,8,0,22,0,0,0,17,17,17,17,13,0,0,28,3,14,17,17,17,11,0,0,13,8,0,22,0,0,0
16,0,1,16,0,9,8,0,16,0,1,16,0,9,8,0,16,0,1,16,0,9,8,21,0,1,20,0,11,10,0,21,0,1,20,0,11,10,0,21,0,1,20,0,11,10,21,0,1,20,0,11,10,0,21,0,1,20,0,11,10,0,21,0,1,20,0,11,10,21,0,1,20,0,11,10,0,21,0,1,20,0,11,10,0,21,0,1,20,0,11,10,21,0,1,20,0,11,10,0,21,0,1,20,0,11,10,0,21,0,1,20,0,11,10,21,2,3,20,0,11,12,1,22,0,1,21,1,13,10,0,21,2,3,20,0,11,11,21,29,29,20,0,11,29,29,29,0,1,29,29,29,10,0,21,29,29,20,0,11,22,21,3,4,20,2,12,11,3,22,2,3,21,3,12,11,2,21,3,4,20,2,12,11,21,12,12,20,21,12,12,20,21,12,12,20,21,12,12,20,21,12,12,20,21,12,10,21,12,12,20,21,12,12,20,21,12,12,20,21,12,12,20,21,12,12,20,21,12,10,13,12,12,13,21,8,8,20,13,12,12,13,21,8,8,20,13,12,12,13,21,8,6,0,11,10,0,21,0,1,20,0,11,10,0,21,0,1,20,0,11,10,0,21,0,0,21,12,10,0,21,0,1,20,21,12,12,20,21,0,1,20,0,11,12,20,21,12,10,21,12,10,0,21,0,1,20,21,12,12,20,21,0,1,20,0,11,12,20,21,12,10,21,12,10,0,21,0,1,20,21,12,12,20,21,0,1,20,0,11,12,20,21,12,10,21,12,10,0,0,0,1,20,21,12,12,20,21,0,0,0,0,11,12,20,21,12,10,21,11,9,0,0,0,1,18,21,11,11,20,19,0,0,0,0,10,11,20,19,12,10,21,0,0,0,0,0,0,0,21,0,1,20,0,0,0,0,0,0,1,20,0,11,10,21,0,0,0,0,0,0,0,21,0,1,20,0,0,0,0,0,0,1,20,0,11,10,21,8,6,0,13,0,1,12,21,8,8,20,13,0,1,12,0,7,8,20,13,12,10,21,12,10,0,21,0,1,20,21,12,12,20,21,0,1,20,0,11,12,20,21,12,10,16,12,10,0,21,0,1,20,16,12,12,16,21,0,1,20,0,11,12,16,21,10,8,0,9,8,0,16,0,1,16,0,9,8,0,16,0,1,16,0,9,8,0,16,0,0
11,12,20,4,15,12,20,21,6,4,20,21,12,11,5,23,12,12,22,5,12,12,12,2,3,13,21,27,11,18,19,28,12,13,4,7,8,29,26,11,11,26,29,8,7,2,0,0,0,21,0,0,0,0,11,10,0,0,0,1,20,0,0,0,0,21,0,0,0,10,9,0,21,0,1,18,0,11,10,0,19,0,1,20,0,10,9,0,21,0,1,11,11,10,0,21,0,1,20,0,11,10,0,21,0,1,20,0,11,10,0,21,0,1,12,11,12,20,21,0,1,20,0,11,12,20,21,12,12,20,0,11,10,0,21,12,12,12,11,12,20,21,9,10,20,16,12,12,20,21,12,12,20,16,12,12,15,21,12,12,12,11,12,20,21,12,12,20,21,12,12,20,21,12,12,20,21,12,12,20,21,12,12,12,11,11,2,21,12,12,20,21,12,11,2,21,2,3,20,21,12,12,20,21,2,3,12,11,10,0,21,6,7,20,10,12,10,0,21,0,1,20,10,12,11,10,21,0,1,12,11,11,6,21,4,5,20,7,12,11,6,21,4,5,20,7,12,11,6,21,4,5,12,11,12,20,21,12,12,20,21,12,12,20,21,12,12,20,21,12,12,20,21,12,12,12,2,4,20,21,12,12,20,21,12,12,20,4,12,12,20,21,12,12,20,21,12,11,2,1,1,1,21,1,1,4,1,12,11,1,2,0,2,20,1,2,2,1,21,1,0,1,11,12,13,21,8,7,0,14,12,12,13,21,8,9,20,14,0,1,13,21,8,9,12,11,12,20,21,12,10,0,21,12,12,20,21,12,12,20,21,0,1,20,21,12,12,12,11,12,20,21,12,10,0,21,12,12,20,21,12,12,20,21,0,1,20,21,12,12,12,11,12,20,21,12,10,0,21,12,12,20,21,12,12,20,21,0,1,20,21,12,12,12,11,11,9,21,12,10,0,21,12,11,9,21,6,6,20,21,0,1,20,21,6,6,12,11,10,0,21,12,10,0,21,12,10,0,21,0,1,20,21,0,1,20,21,0,1,12,5,5,0,9,12,10,0,21,6,4,0,10,0,0,9,21,0,1,20,9,0,0,6,0,0,0,1,14,10,0,21,4,0,0,0,0,0,3,23,0,1,22,3,0,0,0,0,0,0,12,28,10,0,21,28,2,2,14,6,0,22,28,0,1,28,22,0,0,0
0,0,0,0,0,0,0,0,0,0,0,0,0,0,0,0,0,0,0,0,0,0,0,0,0,0,0,0,0,0,0,0,0,0,0,0,0,0,0,0,0,0,0,0,0,0,0,0,0,0,0,0,0,0,0,0,0,0,0,0,0,0,0,0,0,0,0,0,0,0,0,0,0,0,0,0,0,0,0,0,0,0,0,0,0,0,0,0,0,0,0,0,0,0,0,0,0,0,0,0,0,0,0,0,0,0,0,0,0,0,0,0,0,0,0,0,0,0,0,0,0,0,0,0,0,0,0,0,0,0,0,0,0,0,0,0,0,0,8,8,8,8,8,8,8,8,8,8,8,8,8,8,8,8,8,8,8,8,8,8,8,7,7,7,7,7,7,7,7,7,7,7,7,7,7,7,7,7,7,7,7,7,7,7,20,20,5,8,20,20,20,12,1,20,20,20,19,0,23,19,0,0,0,0,0,0,23,29,28,7,11,28,29,28,16,1,27,29,29,26,0,26,21,0,0,0,0,0,0,26,29,2,3,0,6,29,11,3,0,0,26,21,2,1,26,21,0,0,0,0,0,0,26,29,5,18,0,6,29,11,22,0,0,26,21,13,8,26,21,0,0,0,0,0,0,26,29,5,18,0,6,29,11,22,0,0,26,21,13,8,26,21,0,0,0,0,0,0,26,29,5,15,0,6,29,11,18,0,0,26,21,11,7,26,21,0,0,0,0,0,0,26,29,10,8,8,13,29,17,8,8,8,27,24,8,8,27,21,0,0,0,0,0,0,26,29,29,29,29,29,29,29,29,29,29,29,29,29,29,29,21,0,0,0,0,0,0,26,9,9,9,9,9,9,9,9,9,9,9,9,9,9,9,7,0,0,0,0,0,0,8,0,0,0,0,0,0,0,0,0,0,0,0,0,0,0,0,0,0,0,0,0,0,0,0,0,0,0,0,0,0,0,0,0,0,0,0,0,0,0,0,0,0,0,0,0,0,0,0,0,0,0,0,0,0,0,0,0,0,0,0,0,0,0,0,0,0,0,0,0,0,0,0,0,0,0,0,0,0,0,0,0,0,0,0,0,0,0,0,0,0,0,0,0,0,0,0,0,0,0,0,0,0,0,0,0,0,0,0,0,0,0,0,0,0,0,0,0,0,0,0,0,0,0,0,0,0,0,0,0,0,0,0,0,0,0,0,0,0
24,13,8,3,8,18,12,18,0,8,11,18,22,0,6,8,24,13,8,3,8,18,12,22,13,8,0,0,13,12,18,0,0,3,18,22,0,0,0,22,13,8,0,0,13,12,22,13,8,0,22,13,12,18,0,13,12,18,22,0,3,18,22,13,8,0,22,13,12,2,13,8,0,22,1,4,18,0,13,9,1,22,0,3,18,2,13,8,0,22,1,4,29,29,8,0,23,29,29,18,0,13,29,29,28,0,3,29,29,29,8,0,23,29,29,2,2,0,0,2,2,2,1,0,1,2,2,2,0,0,2,2,2,0,0,2,2,2,17,17,17,17,17,17,17,17,17,17,17,17,17,17,17,17,17,17,17,17,17,17,17,0,0,0,0,0,0,0,0,0,0,0,0,0,0,0,0,0,0,0,0,0,0,0,0,11,7,0,19,0,3,15,0,11,7,0,19,0,3,15,0,11,7,0,19,0,3,0,13,8,0,22,0,3,18,0,13,8,0,22,0,3,18,0,13,8,0,22,0,3,0,13,8,0,22,0,3,18,0,13,8,0,22,0,3,18,0,13,8,0,22,0,3,0,13,8,0,22,0,3,18,0,13,8,0,22,0,3,18,0,13,8,0,22,0,3,0,13,8,0,22,0,3,18,0,13,8,0,22,0,3,18,0,13,8,0,22,0,3,3,16,8,0,23,3,7,18,0,13,11,3,23,0,3,20,3,16,8,0,23,3,7,28,29,8,0,23,28,29,18,0,13,29,28,28,0,3,29,28,29,8,0,23,28,29,3,13,9,3,22,2,5,18,3,13,9,3,22,2,5,18,3,13,9,3,22,2,5,22,13,12,18,22,13,12,18,22,13,12,18,22,13,12,18,22,13,12,18,22,13,12,22,13,12,18,22,13,12,18,22,13,12,18,22,13,12,18,22,13,12,18,22,13,12,22,7,9,18,13,13,11,10,22,7,9,18,13,13,11,10,22,7,9,18,13,13,11,22,0,3,18,0,13,9,1,22,0,4,18,0,13,8,0,22,0,4,18,1,13,8,22,0,3,18,0,13,12,18,22,13,12,18,0,13,8,0,22,13,12,18,22,13,8,22,0,3,18,0,13,12,18,22,13,12,18,0,13,8,0,22,13,12,18,22,13,8,22,0,3,18,0,13,12,18,22,13,12,18,0,13,8,0,22,13,12,18,22,13,8
0,0,0,0,0,0,0,0,0,0,0,0,0,0,0,13,12,18,22,13,8,0,22,0,0,0,0,0,0,0,0,0,0,0,0,0,0,0,13,12,18,22,13,8,0,22,18,7,0,17,13,0,10,18,1,4,18,7,0,0,0,13,12,18,22,13,8,0,22,29,11,0,26,21,0,16,29,1,6,29,11,0,0,0,13,9,1,22,13,8,0,22,29,11,0,26,21,0,16,29,1,6,29,11,0,0,0,13,8,0,22,13,8,0,22,29,11,0,26,21,0,16,29,1,6,29,11,0,0,0,1,1,0,2,13,8,0,22,29,11,0,26,21,0,16,29,1,6,29,11,0,0,0,0,0,0,6,21,8,0,23,5,2,0,5,4,0,3,5,0,1,5,2,0,22,18,0,0,0,9,18,5,0,15,0,0,0,0,0,0,0,0,0,0,0,0,0,26,21,0,0,0,0,0,0,0,0,0,0,0,0,0,6,7,7,7,2,0,0,0,26,21,0,0,0,0,0,0,0,0,0,0,0,0,0,7,8,8,8,3,0,0,0,26,21,0,0,0,0,0,0,0,0,0,0,0,0,0,0,0,0,0,0,0,0,0,26,21,0,0,0,0,0,0,0,0,0,0,0,26,21,0,16,29,1,6,29,11,0,0,0,0,0,0,8,17,5,0,14,0,0,0,26,21,0,16,29,1,6,29,11,0,0,0,0,0,0,7,21,8,0,23,0,0,0,26,21,0,16,29,1,6,29,11,0,0,0,0,0,0,1,13,8,0,22,0,0,0,26,21,0,16,29,1,6,29,11,0,0,0,13,8,0,22,13,8,0,22,0,0,0,26,21,0,16,29,1,6,29,11,0,0,0,13,9,0,22,13,8,0,22,0,0,0,26,21,0,16,29,1,6,29,11,0,0,0,13,12,18,22,13,8,0,22,0,0,0,10,8,0,6,11,0,2,11,4,0,0,0,13,12,18,22,13,8,0,22,0,0,0,0,0,0,0,0,0,0,0,0,0,0,0,13,12,18,22,13,8,0,22,17,17,17,17,17,17,17,17,17,6,0,0,0,0,0,13,12,18,22,13,8,0,22,0,0,0,0,0,0,0,0,0,0,0,0,0,0,0,6,4,0,22,0,0,0,0,0,0,0,0,0,0,0,0,0,0,0,0,0,0,0,0,2,13,22,9,9,15,16
4,1,0,0,6,6,9,9,0,0,8,11,0,0,0,22,0,0,0,0,0,3,18,1,1,0,0,13,12,18,16,0,0,15,22,0,0,0,22,0,0,0,0,0,3,18,13,8,0,0,13,12,18,16,0,0,15,22,0,0,0,22,0,0,0,0,0,3,18,13,8,0,0,13,12,18,16,0,0,15,22,0,0,0,22,0,0,0,0,0,3,18,13,8,0,0,13,12,18,14,0,0,15,22,0,0,0,22,0,0,0,0,0,3,18,2,1,0,0,6,5,2,0,0,0,2,17,0,0,0,5,0,0,0,0,0,0,4,13,13,13,13,13,13,13,13,13,6,0,0,0,0,0,0,0,0,0,0,0,0,0,18,18,18,18,18,18,18,18,18,8,0,0,0,0,0,0,0,0,0,0,0,0,0,17,17,17,17,17,17,17,17,17,17,17,17,17,17,17,17,17,17,17,17,17,17,17,0,0,0,0,0,0,0,0,0,0,0,0,0,0,0,0,0,0,0,0,0,0,0,0,0,0,0,0,0,0,0,0,0,0,0,0,0,0,0,0,0,0,0,0,0,0,27,27,27,27,26,0,0,8,27,27,27,27,27,27,7,2,12,0,0,0,0,15,0,20,20,20,20,19,0,0,8,28,20,20,20,20,20,5,3,18,0,0,0,0,22,0,0,0,0,0,0,0,0,8,23,1,7,7,7,7,7,10,18,0,0,0,0,23,7,11,13,13,13,13,13,13,18,23,1,8,8,8,8,8,11,18,0,0,0,0,23,8,15,18,18,18,18,18,18,22,23,0,0,0,0,0,0,3,18,15,0,2,12,22,0,17,17,17,17,16,0,0,8,29,25,25,25,25,25,6,3,18,22,0,3,18,22,0,29,29,29,29,27,0,0,6,22,22,22,22,22,22,6,3,18,22,0,3,18,22,0,0,0,0,0,0,0,0,0,0,0,0,0,0,0,0,3,18,22,0,3,18,22,0,17,17,17,17,17,17,17,17,17,17,17,17,17,11,0,3,18,22,0,3,18,22,0,0,0,0,0,0,7,9,9,9,9,9,9,3,0,0,3,18,22,0,3,18,22,0,4,3,0,0,0,23,6,6,6,6,6,6,2,0,0,3,18,16,0,2,13,22,0,26,21,0,0,3,22,0,3,25,17,17,0,0,0,0,3,18,0,0,0,0,22,0
3,17,17,17,17,17,17,17,17,17,17,17,17,17,17,17,17,17,17,17,17,17,2,0,0,0,0,0,0,0,0,0,0,0,0,0,0,0,0,0,0,0,0,0,0,0,0,0,0,0,0,0,0,0,0,0,0,0,0,0,0,0,0,0,0,0,0,0,0,0,0,0,1,19,10,0,15,17,0,8,19,3,1,19,10,0,15,17,0,8,19,3,0,0,0,2,29,15,0,22,25,0,12,29,5,2,29,15,0,22,25,0,12,29,5,0,0,0,2,29,15,0,22,25,0,12,29,5,2,29,15,0,22,25,0,12,29,5,0,0,0,2,29,15,0,22,25,0,12,29,5,2,29,15,0,22,25,0,12,29,5,0,0,0,2,29,15,0,22,25,0,12,29,5,2,29,15,0,22,25,0,12,29,5,0,0,0,0,4,2,0,3,4,0,2,4,0,0,4,2,0,3,4,0,2,4,0,0,0,0,0,0,0,0,0,0,0,0,0,0,0,0,0,0,0,0,0,0,0,0,0,0,0,6,8,8,8,8,8,8,8,8,8,8,8,8,8,8,8,8,8,8,1,0,0,0,5,7,7,7,7,7,7,7,7,7,7,7,7,7,7,7,7,7,7,1,0,0,0,2,25,13,5,20,20,20,15,0,0,0,1,1,0,1,1,0,0,1,0,0,0,0,2,29,15,7,28,29,29,20,0,0,2,29,15,0,22,25,0,12,29,5,0,0,0,2,29,15,3,3,29,15,3,0,0,2,29,15,0,22,25,0,12,29,5,0,0,0,2,29,15,19,5,29,15,19,2,0,2,29,15,0,22,25,0,12,29,5,0,0,0,2,29,15,19,5,29,15,19,2,0,2,29,15,0,22,25,0,12,29,5,0,0,0,2,29,15,15,5,29,15,15,2,0,2,29,15,0,22,25,0,12,29,5,0,0,0,2,29,20,8,11,29,20,7,0,0,2,29,15,0,22,25,0,12,29,5,0,0,0,2,29,29,29,29,29,29,25,0,0,1,10,5,0,8,9,0,4,10,2,0,0,0,0,9,9,9,9,9,9,8,0,0,0,0,0,0,0,0,0,0,0,0,0,0,0,11,17,17,17,17,17,17,17,17,17,17,17,17,17,17,17,17,17,17,2,0,0,0,0,0,0,0,0,7,8,8,3,0,0,0,0,0,0,0,0,0,0,0
0,0,0,0,0,0,0,0,0,0,0,0,0,0,0,0,0,0,0,0,26,29,29,0,0,0,0,0,0,0,0,0,0,0,0,0,0,0,0,0,0,0,0,0,0,0,17,17,17,17,17,17,17,17,17,17,17,17,17,17,17,17,17,17,17,17,17,17,17,0,0,0,0,0,0,0,0,0,0,0,0,0,0,0,0,0,0,0,0,0,0,2,0,0,0,0,18,15,0,11,20,1,4,20,8,0,18,15,0,0,0,0,0,0,6,0,0,0,0,26,21,0,16,29,1,6,29,11,0,26,21,0,0,0,0,0,0,6,0,0,0,0,26,21,0,16,29,1,6,29,11,0,26,21,0,0,0,0,0,0,6,0,0,0,0,26,21,0,16,29,1,6,29,11,0,26,21,0,2,11,0,0,0,6,0,0,0,0,26,21,0,16,29,1,6,29,11,0,26,21,0,3,18,0,0,0,6,0,0,0,0,26,21,0,16,29,1,6,29,11,0,26,21,0,3,18,0,0,0,6,0,0,0,0,19,16,0,12,21,1,5,21,8,0,19,16,0,3,18,0,0,0,6,0,0,0,0,0,0,0,0,0,0,0,0,0,0,0,0,0,3,18,0,0,0,6,0,0,6,7,7,7,7,7,7,7,7,7,7,7,2,0,0,3,18,0,1,7,7,0,0,7,8,8,8,8,8,8,8,8,8,8,8,3,0,0,3,18,0,1,8,8,0,0,0,0,0,0,0,0,0,0,0,0,0,0,0,0,0,3,18,0,0,0,0,0,0,0,0,13,10,0,8,14,0,3,14,5,0,13,10,0,3,18,0,3,14,5,0,0,0,0,26,21,0,16,29,1,6,29,11,0,26,21,0,3,18,0,6,29,11,0,0,0,0,26,21,0,16,29,1,6,29,11,0,26,21,0,3,18,0,6,29,11,0,0,0,0,26,21,0,16,29,1,6,29,11,0,26,21,0,3,18,0,6,29,11,0,0,0,0,26,21,0,16,29,1,6,29,11,0,26,21,0,3,18,0,6,29,11,0,0,0,0,8,7,0,5,9,0,2,9,3,0,8,7,0,3,18,0,2,9,3,0,0,0,0,0,0,0,0,0,0,0,0,0,0,0,0,0,3,18,0,0,0,0,0,0,0,0,0,0,0,0,0,0,0,0,0,0,0,0,0,3,18,0,0,0,0
17,17,17,6,0,26,21,0,16,29,1,6,29,11,0,26,21,0,0,14,17,17,17,9,9,4,0,0,26,21,0,16,29,1,6,29,11,0,26,21,0,0,0,1,1,1,29,29,13,0,0,26,21,0,16,29,1,6,29,11,0,26,21,0,0,0,23,29,29,8,22,13,0,0,26,21,0,16,29,1,6,29,11,0,26,21,0,0,0,23,1,5,8,18,13,0,0,26,21,0,16,29,1,6,29,11,0,26,21,0,0,0,22,13,12,3,18,13,0,0,26,21,0,16,29,1,6,29,11,0,26,21,0,0,0,22,13,9,0,18,13,0,0,26,21,0,16,29,1,6,29,11,0,26,21,0,0,0,22,13,14,21,27,13,0,0,26,21,0,16,29,1,6,29,11,0,26,21,0,0,0,22,11,25,26,28,13,0,0,26,21,0,16,29,1,6,29,11,0,26,21,0,0,0,23,3,3,0,18,13,0,0,26,21,0,16,29,1,6,29,11,0,26,21,0,0,0,23,28,29,5,18,13,0,0,26,21,0,16,29,1,6,29,11,0,26,21,0,0,0,22,0,3,6,18,13,0,0,26,21,0,16,29,1,6,29,11,0,26,21,0,3,15,22,11,11,0,18,13,0,0,26,21,0,16,29,1,6,29,11,0,26,21,0,3,18,22,13,12,0,18,13,0,0,26,21,0,16,29,1,6,29,11,0,26,21,0,3,18,22,13,12,0,18,13,0,0,26,21,0,16,29,1,6,29,11,0,26,21,0,3,18,22,13,12,13,24,13,0,0,26,21,0,16,29,1,6,29,11,0,26,21,0,0,1,22,1,4,18,18,8,0,0,19,16,0,12,21,1,5,21,8,0,26,21,0,0,0,22,0,3,0,0,0,0,0,0,0,0,0,0,0,0,0,0,0,26,21,0,0,0,22,0,3,0,0,0,0,0,0,0,0,0,0,0,0,0,0,0,26,21,0,0,0,22,0,3,0,0,0,0,0,0,0,0,0,0,0,0,0,0,0,26,21,0,0,0,22,0,3,0,0,0,0,0,0,0,0,0,0,0,0,0,0,0,26,21,0,0,0,5,0,0,17,17,17,6,0,2,17,17,17,17,17,17,11,0,0,26,21,0,0,14,17,17,17,7,7,7,1,0,0,0,0,0,0,0,0,0,0,0,16,13,0,0,0,0,0,0
0,0,0,0,0,0,0,0,0,0,0,0,0,0,0,0,0,0,0,0,0,0,0,0,0,0,0,0,0,0,0,0,0,0,0,0,0,0,0,0,0,0,0,0,0,0,8,8,8,8,8,8,8,8,8,8,8,8,6,0,0,7,8,8,8,8,8,8,8,7,7,7,7,7,7,7,7,7,7,7,7,5,0,0,6,7,7,7,7,7,7,7,13,0,2,10,0,7,5,0,13,0,2,10,0,0,0,0,13,0,2,10,0,7,5,22,0,3,18,0,13,8,0,22,0,3,18,0,0,0,0,22,0,3,18,0,13,8,22,0,3,18,0,13,8,0,22,0,3,18,0,0,0,0,22,0,3,18,0,13,8,22,0,3,18,0,13,8,0,22,0,3,18,0,0,0,0,22,0,3,18,0,13,8,22,0,3,18,0,13,8,0,22,0,3,18,0,0,0,0,22,0,3,18,0,13,8,22,6,7,18,9,13,10,8,22,6,7,18,9,0,1,8,22,6,7,18,9,13,10,22,13,12,18,22,13,12,18,22,13,12,18,22,0,3,18,22,13,12,18,22,13,12,22,13,12,18,22,13,12,18,22,13,12,18,22,0,3,18,22,13,12,18,22,13,12,22,13,12,18,22,13,12,18,22,13,12,18,22,0,3,18,22,13,12,18,22,13,12,22,6,8,18,10,13,10,8,22,6,8,18,10,0,1,8,22,6,8,18,10,13,10,24,0,3,22,8,18,8,0,23,8,11,18,0,0,0,0,23,8,11,18,0,13,15,27,0,3,23,23,26,8,0,19,23,24,18,0,0,0,0,19,23,24,18,0,11,23,22,0,3,4,4,13,8,1,4,4,5,18,0,0,0,1,4,4,5,18,0,4,4,22,0,19,27,28,13,8,10,27,28,12,18,0,0,0,10,27,28,12,18,0,27,28,22,0,0,0,22,13,8,0,0,13,12,18,0,0,0,0,0,13,12,18,0,0,3,22,0,1,6,22,13,8,0,8,13,12,18,0,0,0,0,8,13,12,18,0,5,7,7,0,1,6,7,4,2,0,7,4,4,6,0,0,0,0,7,4,4,6,0,4,4,0,0,0,0,0,0,0,0,0,0,0,0,0,0,0,0,0,0,0,0,0,0,0,0,0,0,0,0,0,0,0,0,0,0,0,0,0,0,0,0,0,0,0,0,0,0
3,18,0,13,8,0,22,0,3,18,0,13,8,0,22,0,3,18,0,0,0,6,29,3,18,0,13,8,0,22,0,3,18,0,13,8,0,22,0,3,18,0,0,0,6,29,3,18,0,13,8,0,22,0,3,18,0,13,8,0,22,0,3,18,0,0,0,6,29,3,18,0,13,8,0,22,0,3,18,0,13,8,0,22,0,3,18,0,0,0,1,5,2,10,0,7,4,0,12,0,2,10,0,7,4,0,12,0,2,10,0,0,0,0,0,7,7,7,7,7,7,7,7,7,7,7,7,7,7,7,7,7,7,7,7,7,7,7,8,8,8,8,8,8,8,8,8,8,8,8,8,8,8,8,8,8,8,8,8,8,8,0,0,0,0,0,0,0,0,0,0,0,0,0,0,0,0,0,0,0,9,11,11,11,1,6,29,11,0,26,21,0,0,0,0,0,0,0,0,0,0,4,9,14,14,14,14,1,6,29,11,0,26,21,0,0,0,0,0,0,0,0,0,0,13,13,6,6,6,6,1,6,29,11,0,26,21,0,0,0,0,0,0,0,0,0,0,13,8,0,2,12,0,1,6,29,11,0,26,21,0,0,13,8,0,0,0,0,0,0,13,8,0,3,18,0,1,6,29,11,0,26,21,0,0,13,8,0,0,0,0,0,0,13,8,0,2,13,0,1,6,29,11,0,26,21,0,0,13,8,0,0,0,0,0,0,13,8,0,7,15,15,0,2,11,4,0,26,21,0,0,13,8,0,0,0,0,0,0,13,8,11,14,14,14,0,0,0,0,0,26,21,0,0,13,8,0,0,0,0,0,0,13,8,2,23,2,2,17,17,11,0,0,26,21,0,0,13,8,0,0,0,0,0,0,13,8,0,22,0,8,0,0,0,0,0,26,21,0,0,13,8,0,0,0,0,0,0,13,8,0,22,0,0,0,0,0,0,0,26,21,0,0,13,8,0,0,0,0,0,0,13,8,0,23,13,13,1,5,25,9,0,5,4,0,0,13,8,0,0,0,0,0,0,13,8,9,14,14,14,1,6,29,11,0,0,0,0,0,13,8,0,0,0,0,0,0,13,8,4,5,16,12,1,6,29,11,0,0,1,5,0,13,8,0,0,0,0,0,0,13,8,0,22,13,8,1,6,29,11,0,0,3,18,0,13,8,0,0,0,0,0,0,13,8,0,22,13,8
0,0,0,0,0,0,0,0,0,0,0,0,0,0,0,0,0,0,0,0,0,0,5,17,17,17,17,17,17,17,17,17,17,17,17,17,17,17,17,17,17,17,17,17,17,17,0,0,0,0,0,0,0,0,0,0,0,0,0,0,0,0,0,0,0,0,0,0,0,0,0,0,0,0,0,0,0,0,0,0,0,0,0,0,0,0,0,0,0,0,0,0,0,2,8,3,0,8,6,0,5,8,0,2,8,3,0,8,6,0,5,8,0,2,8,1,6,29,11,0,26,21,0,16,29,1,6,29,11,0,26,21,0,16,29,1,6,29,1,6,29,11,0,26,21,0,16,29,1,6,29,11,0,26,21,0,16,29,1,6,29,1,6,29,11,0,26,21,0,16,29,1,6,29,11,0,26,21,0,16,29,1,6,29,1,6,29,11,0,26,21,0,16,29,1,6,29,11,0,26,21,0,16,29,1,6,29,1,3,15,6,0,14,11,0,9,15,1,3,15,6,0,14,11,0,9,15,1,3,15,0,0,0,0,0,0,0,0,0,0,0,0,0,0,0,0,0,0,0,0,0,0,0,0,0,0,0,0,0,0,0,0,0,0,0,0,0,0,0,0,0,0,0,0,0,0,17,17,17,17,17,17,17,17,17,17,17,17,17,17,17,17,17,17,17,17,17,17,17,0,0,0,0,0,0,0,0,0,0,0,0,0,0,0,0,0,0,0,0,17,17,17,1,4,20,8,0,18,15,0,11,20,1,4,20,8,0,18,15,0,0,0,28,16,14,1,6,29,11,0,26,21,0,16,29,1,6,29,11,0,26,21,0,0,0,28,3,13,1,6,29,11,0,26,21,0,16,29,1,6,29,11,0,26,21,0,0,0,28,3,22,1,6,29,11,0,26,21,0,16,29,1,6,29,11,0,26,21,0,0,0,28,3,22,1,6,29,11,0,26,21,0,16,29,1,6,29,11,0,26,21,0,0,0,28,3,22,1,6,29,11,0,26,21,0,16,29,1,6,29,11,0,26,21,0,0,0,28,3,22,1,5,21,8,0,19,16,0,12,21,1,5,21,8,0,19,16,0,0,0,28,7,3,0,0,0,0,0,0,0,0,0,0,0,0,0,0,0,0,0,0,0,0,28,28,28,7,7,7,7,7,7,7,7,7,7,7,7,7,7,7,7,7,7,7,7,7,7,7
0,0,0,0,0,0,0,0,0,0,0,0,0,0,13,8,0,22,0,0,0,0,1,10,0,2,10,4,0,9,8,0,6,10,0,0,0,13,8,0,22,0,0,0,0,4,29,1,6,29,11,0,26,21,0,16,29,1,0,0,13,8,0,22,0,0,0,0,0,29,1,6,29,11,0,26,21,0,16,29,1,0,0,13,8,0,22,0,0,0,0,12,29,1,6,29,11,0,26,21,0,16,29,1,0,0,13,8,0,22,0,0,0,0,13,29,1,6,29,11,0,26,21,0,16,29,1,0,0,13,8,0,22,0,0,0,0,13,29,1,6,29,11,0,26,21,0,16,29,1,0,0,13,8,0,8,0,0,0,0,13,29,1,6,29,11,0,26,21,0,16,29,1,0,0,6,3,0,0,0,0,0,0,13,1,0,0,1,0,0,1,1,0,1,1,0,0,0,0,0,0,0,0,0,0,0,5,0,0,0,0,0,0,0,0,0,0,0,0,0,0,0,0,0,0,0,0,0,0,0,17,17,17,17,17,17,17,17,17,17,17,17,17,17,17,17,17,17,17,17,17,17,17,2,1,0,3,0,0,3,0,2,1,0,3,0,0,3,0,2,1,0,3,0,0,3,13,8,0,22,0,3,18,0,13,8,0,22,0,3,18,0,13,8,0,22,0,3,18,13,8,0,22,0,3,18,0,13,8,0,22,0,3,18,0,13,8,0,22,0,3,18,13,8,0,22,0,3,18,0,13,8,0,22,0,3,18,0,13,8,0,22,0,3,18,13,8,0,22,0,3,18,0,13,8,0,22,0,3,18,0,13,8,0,22,0,3,18,13,8,0,22,0,3,18,0,13,8,0,22,0,3,18,0,13,8,0,22,0,3,18,13,18,13,25,0,3,24,13,21,8,0,23,13,16,18,0,13,18,13,25,0,3,24,13,22,18,26,0,3,25,18,24,8,0,23,18,20,18,0,13,22,18,26,0,3,25,13,10,9,22,6,8,18,11,13,10,9,22,6,8,18,11,13,10,9,22,6,8,18,13,12,18,22,13,12,18,22,13,12,18,22,13,12,18,22,13,12,18,22,13,12,18,13,12,18,22,13,12,18,22,13,12,18,22,13,12,18,22,13,12,18,22,13,12,18,3,6,18,5,13,9,4,22,3,6,18,5,13,9,4,22,3,6,18,5,13,9,4
25,1,6,25,10,0,23,19,0,14,25,1,6,25,10,0,23,19,0,14,25,1,6,29,1,6,29,11,0,26,21,0,16,29,1,6,29,11,0,26,21,0,16,29,1,6,29,1,6,29,11,0,26,21,0,16,29,1,6,29,11,0,26,21,0,16,29,1,6,29,1,6,29,11,0,26,21,0,16,29,1,6,29,11,0,26,21,0,16,29,1,6,29,1,6,29,11,0,26,21,0,16,29,1,6,29,11,0,26,21,0,16,29,1,6,29,1,6,29,11,0,26,21,0,16,29,1,6,29,11,0,26,21,0,16,29,1,6,17,1,3,17,6,0,15,12,0,9,17,1,3,17,6,0,15,12,0,9,17,1,3,0,0,0,0,0,0,0,0,0,0,0,0,0,0,0,0,0,0,0,0,0,0,0,12,12,12,12,12,12,12,12,12,12,12,12,12,12,12,12,12,12,12,12,12,12,12,3,3,3,3,3,3,3,3,3,3,3,3,3,3,3,3,3,3,3,3,3,3,3,0,0,0,0,0,0,0,0,0,0,0,0,0,0,0,0,0,0,0,0,0,0,0,19,1,4,19,7,0,17,14,0,11,19,1,4,19,7,0,17,14,0,11,19,1,4,29,1,6,29,11,0,26,21,0,16,29,1,6,29,11,0,26,21,0,16,29,1,6,29,1,6,29,11,0,26,21,0,16,29,1,6,29,11,0,26,21,0,16,29,1,6,29,1,6,29,11,0,26,21,0,16,29,1,6,29,11,0,26,21,0,16,29,1,6,29,1,6,29,11,0,26,21,0,16,29,1,6,29,11,0,26,21,0,16,29,1,6,4,0,1,4,1,0,4,3,0,2,4,0,1,4,1,0,4,3,0,2,4,0,1,0,0,0,0,0,0,0,0,0,0,0,0,0,0,0,0,0,0,0,0,0,0,0,0,0,0,0,0,0,0,0,0,0,0,0,0,0,0,0,0,0,0,0,0,0,0,17,17,17,17,17,17,17,17,17,17,17,17,17,17,17,17,17,17,17,17,17,17,17,0,0,0,0,0,0,0,0,0,0,0,0,0,0,0,0,0,0,0,0,0,0,0,0,0,0,0,0,0,0,0,0,0,0,0,0,0,0,0,0,0,0,0,0,0,0,9,0,2,9,3,0,8,7,0,5,9,0,2,9,3,0,8,7,0,5,9,0,2
25,1,6,25,10,0,23,19,0,14,25,1,6,25,10,0,23,19,0,14,25,1,6,29,1,6,29,11,0,26,21,0,16,29,1,6,29,11,0,26,21,0,16,29,1,6,29,1,6,29,11,0,26,21,0,16,29,1,6,29,11,0,26,21,0,16,29,1,6,29,1,6,29,11,0,26,21,0,16,29,1,6,29,11,0,26,21,0,16,29,1,6,29,1,6,29,11,0,26,21,0,16,29,1,6,29,11,0,26,21,0,16,29,1,6,29,1,6,29,11,0,26,21,0,16,29,1,6,29,11,0,26,21,0,16,29,1,6,17,1,3,17,6,0,15,12,0,9,17,1,3,17,6,0,15,12,0,9,17,1,3,0,0,0,0,0,0,0,0,0,0,0,0,0,0,0,0,0,0,0,0,0,0,0,12,12,12,12,12,12,12,12,12,12,12,12,12,12,12,12,12,12,12,12,12,12,12,3,3,3,3,3,3,3,3,3,3,3,3,3,3,3,3,3,3,3,3,3,3,3,0,0,0,0,0,0,0,0,0,0,0,0,0,0,0,0,0,0,0,0,0,0,0,19,1,4,19,7,0,17,14,0,11,19,1,4,19,7,0,17,14,0,11,19,1,4,29,1,6,29,11,0,26,21,0,16,29,1,6,29,11,0,26,21,0,16,29,1,6,29,1,6,29,11,0,26,21,0,16,29,1,6,29,11,0,26,21,0,16,29,1,6,29,1,6,29,11,0,26,21,0,16,29,1,6,29,11,0,26,21,0,16,29,1,6,29,1,6,29,11,0,26,21,0,16,29,1,6,29,11,0,26,21,0,16,29,1,6,4,0,1,4,1,0,4,3,0,2,4,0,1,4,1,0,4,3,0,2,4,0,1,0,0,0,0,0,0,0,0,0,0,0,0,0,0,0,0,0,0,0,0,0,0,0,0,0,0,0,0,0,0,0,0,0,0,0,0,0,0,0,0,0,0,0,0,0,0,17,17,17,17,17,17,17,17,17,17,17,17,17,17,17,17,17,17,17,17,17,17,17,0,0,0,0,0,0,0,0,0,0,0,0,0,0,0,0,0,0,0,0,0,0,0,0,0,0,0,0,0,0,0,0,0,0,0,0,0,0,0,0,0,0,0,0,0,0,9,0,2,9,3,0,8,7,0,5,9,0,2,9,3,0,8,7,0,5,9,0,2
0,0,28,3,0,0,0,0,0,0,0,0,0,0,0,26,21,0,0,0,23,17,19,7,2,28,3,0,18,15,0,11,20,1,4,20,8,0,26,21,0,0,0,11,14,16,29,7,28,3,0,26,21,0,16,29,1,6,29,11,0,26,21,0,0,5,13,13,8,12,2,28,3,0,26,21,0,16,29,1,6,29,11,0,26,21,0,0,6,18,24,12,3,0,28,3,0,26,21,0,16,29,1,6,29,11,0,26,21,0,0,0,0,13,12,29,7,28,3,0,26,21,0,16,29,1,6,29,11,0,26,21,0,0,0,15,13,12,17,4,28,3,0,26,21,0,16,29,1,6,29,11,0,26,21,0,0,0,22,9,10,3,3,29,3,0,19,16,0,12,21,1,5,21,8,0,26,21,0,0,0,23,19,21,28,28,28,3,0,0,0,0,0,0,0,0,0,0,0,26,21,0,0,0,10,12,12,7,7,7,2,0,1,7,7,7,7,7,7,5,0,0,26,21,0,0,6,7,7,7,8,8,8,3,0,1,8,8,8,8,8,8,6,0,0,26,21,0,0,7,8,8,8,0,0,0,0,0,0,0,0,0,0,0,0,0,0,0,26,21,0,0,0,11,0,2,0,0,0,0,0,13,10,0,8,14,0,3,14,5,0,26,21,0,0,0,22,0,3,0,0,0,0,0,26,21,0,16,29,1,6,29,11,0,26,21,0,0,0,22,0,3,0,0,0,0,0,26,21,0,16,29,1,6,29,11,0,26,21,0,0,0,22,0,3,27,27,13,0,0,26,21,0,16,29,1,6,29,11,0,26,21,0,0,0,22,0,3,4,20,13,0,0,26,21,0,16,29,1,6,29,11,0,26,21,0,1,7,22,5,7,0,18,13,0,0,26,21,0,16,29,1,6,29,11,0,26,21,0,3,18,22,13,12,0,18,13,0,0,26,21,0,16,29,1,6,29,11,0,26,21,0,3,18,22,13,12,0,18,13,0,0,26,21,0,16,29,1,6,29,11,0,26,21,0,3,18,22,13,12,11,18,13,0,0,26,21,0,16,29,1,6,29,11,0,26,21,0,1,9,22,6,8,0,18,13,0,0,26,21,0,16,29,1,6,29,11,0,26,21,0,0,0,23,7,10,5,21,13,0,0,26,21,0,16,29,1,6,29,11,0,26,21,0,0,0,23,25,25
0,26,21,13,8,0,22,0,15,25,9,2,0,0,0,26,21,0,0,0,22,0,3,0,26,21,13,8,0,22,0,22,22,22,6,0,0,0,26,21,0,0,0,22,0,3,0,26,21,5,3,0,8,0,0,0,0,0,0,0,0,26,21,0,0,0,22,0,3,27,29,29,27,27,27,19,0,0,0,0,0,0,0,0,5,4,0,0,0,22,0,3,20,20,20,20,20,20,14,0,0,0,0,0,0,0,0,0,0,0,0,0,12,0,2,7,7,7,7,7,7,7,7,7,7,7,7,7,7,7,7,7,7,7,7,7,7,7,8,8,8,8,8,8,8,8,8,8,8,8,8,8,8,8,8,8,8,8,8,8,8,11,4,0,0,0,0,5,11,11,11,11,11,11,11,11,11,11,11,8,0,0,0,0,14,11,9,0,0,0,2,4,4,4,4,4,4,13,14,14,14,14,13,9,2,0,0,6,6,24,0,0,0,0,0,0,7,4,0,0,5,6,6,6,6,6,17,8,0,0,0,0,22,0,0,0,0,0,0,13,8,0,0,0,0,0,14,0,0,13,8,0,0,0,0,22,0,0,0,0,0,0,13,8,0,0,0,0,0,22,0,0,13,8,0,0,0,0,22,0,0,0,0,0,0,10,6,0,0,0,0,0,16,0,0,13,8,0,0,0,0,22,0,2,15,15,15,15,15,15,15,15,15,15,15,15,5,0,13,8,0,0,13,5,22,0,3,19,7,14,14,14,14,14,14,14,14,14,14,14,9,13,8,0,0,11,1,22,0,3,18,1,2,2,2,2,2,2,2,2,2,6,20,2,13,8,0,0,8,0,22,0,3,18,0,14,17,17,17,17,17,17,17,6,3,18,0,13,8,0,0,8,0,22,0,3,18,0,0,0,0,0,0,0,0,0,0,3,18,0,13,8,0,0,8,0,22,0,3,18,6,13,13,13,13,13,13,13,13,13,16,18,0,13,8,0,0,12,4,22,0,3,18,1,2,2,2,2,2,2,2,9,14,14,13,8,13,8,0,0,5,1,22,0,3,18,0,0,0,10,6,0,0,0,2,16,12,5,3,13,8,0,0,8,0,22,0,3,18,0,0,0,13,8,0,0,0,0,13,12,18,0,13,8,0,0,8,0,22,0,3,18,0,0,0,13,8,0,0,0,0,13,12,18,0,13,8,0,0
29,1,6,29,11,0,26,21,0,0,0,16,29,1,6,20,29,10,2,0,0,0,6,29,1,6,29,11,0,26,21,0,0,0,16,29,5,15,16,29,5,15,0,0,0,6,29,1,6,29,11,0,26,21,0,0,0,16,29,5,18,16,29,5,18,0,0,0,6,29,1,6,29,11,0,26,21,0,0,0,16,29,5,18,16,29,5,18,0,0,0,6,19,1,4,19,7,0,17,14,0,0,0,16,29,2,3,16,29,2,3,0,0,0,4,0,0,0,0,0,0,0,0,0,0,0,16,29,28,27,29,29,28,10,0,0,0,0,0,0,0,0,0,0,0,0,0,0,0,11,20,20,20,20,20,20,7,0,0,0,0,7,7,7,7,7,7,7,7,7,7,7,7,7,7,7,7,7,7,7,7,7,7,7,8,8,8,8,8,8,8,8,8,8,8,8,8,8,8,8,8,8,8,8,8,8,8,0,0,0,0,0,0,0,0,0,0,0,0,0,0,0,0,0,0,0,0,0,0,0,0,0,0,0,0,0,0,0,0,0,0,0,0,0,0,0,0,0,0,0,0,0,0,28,1,6,28,11,0,0,0,0,0,0,0,6,28,11,0,26,21,0,16,28,1,6,29,1,6,29,11,0,0,0,0,0,0,0,6,29,11,0,26,21,0,16,29,1,6,29,1,6,29,11,0,0,0,0,0,0,0,6,29,11,0,26,21,0,16,29,1,6,29,1,6,29,11,0,0,0,0,1,0,0,6,29,11,0,26,21,0,16,29,1,6,29,1,6,29,11,0,0,0,6,29,11,0,6,25,10,0,23,19,0,14,25,1,6,29,1,6,29,11,0,0,0,6,29,11,0,0,0,0,0,0,0,0,0,0,0,0,29,1,6,29,11,0,0,0,6,29,11,0,0,0,0,0,0,0,0,0,0,0,0,29,1,6,29,11,0,0,0,6,29,11,0,0,8,17,17,17,17,17,17,17,17,17,29,1,6,29,11,0,0,0,6,29,11,0,0,0,4,3,0,0,0,0,0,0,0,29,1,6,29,11,0,0,0,6,29,11,0,0,0,26,21,1,29,29,29,27,0,0,29,1,6,29,11,0,0,0,6,29,11,0,0,0,26,21,1,18,28,27,17,0,0,29,1,6,29,11,0,0,0,6,29,11,0,0,0,26,21,6,4,26,21,6,4,0
12,29,29,29,29,29,29,2,0,0,0,27,20,0,17,29,0,7,29,10,0,27,20,3,6,6,6,6,6,29,2,0,0,0,27,20,0,17,29,0,7,29,10,0,16,12,0,0,0,0,0,0,29,2,0,0,0,27,20,0,17,29,0,7,29,10,0,0,0,11,17,17,17,17,5,29,2,0,0,0,27,20,0,17,29,0,7,29,10,0,0,0,6,9,9,9,5,0,29,2,0,0,0,27,20,0,17,29,0,7,29,10,0,0,0,20,29,29,29,16,0,29,2,0,0,0,27,20,0,17,29,0,7,29,10,0,0,0,14,8,8,8,5,0,29,2,0,0,0,27,20,0,17,29,0,7,29,10,0,0,0,11,0,2,3,3,3,29,2,0,0,0,27,20,0,17,29,0,7,29,10,0,0,0,11,0,18,28,28,28,28,2,0,0,0,27,20,0,17,29,0,7,29,10,0,0,0,11,0,0,0,0,0,0,0,0,0,0,1,1,0,1,1,0,7,29,10,0,0,0,13,5,5,5,3,0,0,0,0,0,0,0,0,0,0,0,0,7,29,10,0,0,0,20,29,29,29,16,0,0,0,0,0,0,0,0,0,0,0,0,1,5,2,0,0,0,9,12,12,12,7,0,0,0,0,0,0,0,0,0,0,0,0,0,0,0,0,0,0,5,7,7,7,7,7,7,7,0,0,4,7,7,7,7,7,7,2,0,0,0,0,0,6,8,8,8,8,8,8,8,0,0,4,8,8,8,8,8,8,2,0,0,0,0,0,19,27,27,27,27,27,27,21,0,0,0,0,0,0,0,0,0,0,0,0,0,0,0,3,4,4,4,4,4,13,22,0,0,0,27,20,0,17,29,0,7,29,10,0,0,0,4,2,15,15,15,14,9,22,0,0,0,27,20,0,17,29,0,7,29,10,0,0,0,7,3,29,29,29,26,9,22,0,0,0,27,20,0,17,29,0,7,29,10,0,0,0,0,0,2,28,21,2,9,22,0,0,0,27,20,0,17,29,0,7,29,10,0,0,0,6,9,9,28,23,8,9,22,0,0,0,27,20,0,17,29,0,7,29,10,0,0,0,20,29,29,29,29,26,9,22,0,0,0,27,20,0,17,29,0,7,29,10,0,0,0,6,8,8,8,8,8,9,22,0,0,0,11,8,0,7,11,0,3,11,4,0,0,0
1,6,29,11,0,26,21,0,16,29,1,6,29,11,0,26,21,0,3,18,0,13,8,1,6,29,11,0,26,21,0,16,29,1,6,29,11,0,26,21,0,3,18,0,13,8,1,6,29,11,0,26,21,0,16,29,1,6,29,11,0,26,21,0,3,18,0,13,8,1,6,29,11,0,26,21,0,16,29,1,6,29,11,0,26,21,0,3,18,0,13,8,1,3,15,6,0,14,11,0,9,15,1,3,15,6,0,14,11,0,3,18,0,13,8,0,0,0,0,0,0,0,0,0,0,0,0,0,0,0,0,0,0,3,18,0,13,8,0,0,0,0,0,0,0,0,0,0,0,0,0,0,0,0,0,0,3,18,0,13,8,17,17,17,17,17,17,17,17,17,17,17,17,17,17,11,0,0,0,3,18,0,13,8,0,0,0,0,0,0,0,0,0,0,0,0,0,0,0,0,0,0,3,18,0,13,8,1,4,20,8,0,18,15,0,11,20,1,4,20,8,0,18,15,0,3,18,0,13,8,1,6,29,11,0,26,21,0,16,29,1,6,29,11,0,26,21,0,3,18,0,13,8,1,6,29,11,0,26,21,0,16,29,1,6,29,11,0,26,21,0,3,18,0,13,8,1,6,29,11,0,26,21,0,16,29,1,6,29,11,0,26,21,0,3,18,0,13,8,1,6,29,11,0,26,21,0,16,29,1,6,29,11,0,26,21,0,3,18,0,13,8,1,6,29,11,0,26,21,0,16,29,1,6,29,11,0,26,21,0,3,18,0,0,0,1,5,21,8,0,19,16,0,12,21,1,5,21,8,0,19,16,0,0,1,0,0,0,0,0,0,0,0,0,0,0,0,0,0,0,0,0,0,0,0,0,0,0,0,0,0,7,7,7,7,7,7,7,7,7,7,7,7,7,7,7,7,7,7,7,7,7,7,7,8,8,8,8,8,8,8,8,8,8,8,8,8,8,8,8,8,8,8,8,8,8,8,4,0,11,0,1,9,0,6,4,0,11,0,1,9,0,6,4,0,11,0,1,9,0,8,0,22,0,3,18,0,13,8,0,22,0,3,18,0,13,8,0,22,0,3,18,0,8,0,22,0,3,18,0,13,8,0,22,0,3,18,0,13,8,0,22,0,3,18,0,8,0,22,0,3,18,0,13,8,0,22,0,3,18,0,13,8,0,22,0,3,18,0
13,6,0,0,15,6,0,22,0,0,0,19,0,5,14,0,0,5,16,0,0,5,14,0,5,16,0,15,6,0,22,0,5,16,0,15,6,0,22,0,5,16,0,15,6,0,15,12,16,0,15,6,0,22,0,5,16,22,15,12,16,22,0,5,16,0,15,12,16,15,12,16,0,15,6,0,22,0,5,16,22,15,12,16,22,0,5,16,0,15,12,16,15,9,6,0,5,2,0,8,0,2,6,22,5,8,16,8,0,2,6,0,5,8,16,15,6,0,0,0,0,0,0,0,0,0,22,0,5,16,0,0,0,0,0,0,5,16,15,7,1,0,0,0,0,0,0,0,1,22,1,6,16,1,0,0,0,0,1,6,16,15,12,16,0,0,0,0,0,0,5,16,22,15,12,16,22,0,0,0,0,15,12,16,15,12,16,0,3,1,0,5,0,5,16,22,15,12,16,22,0,1,3,0,15,12,16,15,12,16,0,15,6,0,22,0,5,16,22,15,12,16,22,0,5,16,0,15,12,16,15,12,16,0,15,6,0,22,0,5,16,22,15,12,16,22,0,5,16,0,15,12,16,12,11,16,0,15,6,0,22,0,5,16,17,15,11,13,22,0,5,16,0,15,11,13,0,5,16,0,15,6,0,22,0,5,16,0,15,6,0,22,0,5,16,0,15,6,0,13,12,16,19,15,6,0,22,13,12,16,19,15,12,14,22,13,12,16,19,15,12,14,15,12,16,22,15,6,0,22,15,12,16,22,15,12,16,22,15,12,16,22,15,12,16,15,12,14,22,13,6,0,19,15,12,14,22,13,12,16,19,15,12,14,22,13,12,16,15,13,7,24,0,0,0,0,15,13,7,24,0,5,20,7,19,6,0,23,7,12,16,15,26,25,26,0,0,0,0,15,26,25,26,0,5,27,25,27,6,0,25,25,25,16,15,6,0,22,0,0,0,0,15,6,0,22,0,5,16,0,15,6,0,22,0,5,16,15,6,0,22,0,0,0,0,15,6,0,22,0,5,16,0,15,6,0,22,0,5,16,15,6,0,22,0,0,0,0,15,6,0,22,0,5,16,0,15,6,0,22,0,5,16,15,6,0,22,0,0,0,0,15,6,0,22,0,5,16,0,15,6,0,22,0,5,16,15,6,0,22,0,0,0,0,15,6,0,22,0,5,16,0,15,6,0,22,0,5,16
13,29,4,3,29,14,0,23,25,0,0,0,0,0,20,12,12,21,20,12,11,0,0,13,29,4,3,29,14,0,23,25,0,0,9,10,0,20,12,12,21,20,12,11,0,4,13,29,4,3,29,14,0,6,6,0,0,10,11,0,20,12,12,21,20,12,11,0,4,13,29,4,3,29,14,0,3,4,0,0,10,11,0,20,12,12,21,20,12,11,0,4,13,29,4,3,29,14,0,23,25,0,0,10,11,0,20,3,2,21,2,11,11,0,4,13,29,4,3,29,14,0,23,25,0,0,10,12,11,20,7,7,21,11,12,12,11,4,13,29,4,3,29,14,0,23,25,0,0,10,12,21,20,12,12,21,20,12,12,21,4,13,29,4,3,29,14,0,23,25,0,0,10,12,21,20,12,12,21,20,12,12,21,4,13,29,4,3,29,14,0,23,25,0,0,2,3,21,4,11,12,4,20,4,3,21,0,13,29,4,3,29,14,0,23,25,0,0,0,0,29,27,28,11,0,20,28,28,21,0,13,29,4,3,29,14,0,23,25,0,0,0,0,23,4,14,11,0,20,6,5,21,0,13,29,4,3,29,14,0,23,25,0,0,0,0,21,0,10,11,0,20,1,0,21,0,13,29,4,3,29,14,0,23,25,0,0,0,0,21,0,10,11,0,20,1,0,21,0,13,29,4,3,29,14,0,23,25,0,0,0,0,21,0,10,11,0,20,1,0,21,0,13,29,4,3,29,14,0,23,25,0,0,0,0,21,0,10,11,0,20,1,0,21,0,13,29,4,3,29,14,0,23,25,0,0,0,0,19,0,9,10,0,18,1,0,19,0,13,29,4,3,29,14,0,23,25,0,0,0,0,0,0,0,0,0,0,0,0,0,0,13,29,4,3,29,14,0,23,25,0,0,1,17,17,17,17,17,17,17,17,17,17,7,13,29,4,3,29,14,0,23,25,0,0,0,0,1,1,1,0,0,1,1,1,1,0,13,29,4,3,29,14,0,23,25,0,0,0,0,29,29,29,11,0,20,29,29,21,0,13,29,4,3,29,14,0,23,25,0,0,0,0,22,2,11,11,0,20,3,2,21,0,13,29,4,3,29,14,0,23,25,0,0,0,0,21,20,12,11,0,20,12,12,21,0,13,29,4,3,29,14,0,23,25,0,0,0,0,1,20,12,11,0,1,11,12,21,0
0,6,8,24,13,8,3,8,18,12,18,0,8,11,18,22,0,6,8,24,13,8,3,0,0,0,22,13,8,0,0,13,12,18,0,0,3,18,22,0,0,0,22,13,8,0,0,3,18,22,13,8,0,22,13,12,18,0,13,12,18,22,0,3,18,22,13,8,0,0,3,18,2,13,8,0,22,1,4,18,0,13,9,1,22,0,3,18,2,13,8,0,0,3,29,29,29,8,0,23,29,29,18,0,13,29,29,28,0,3,29,29,29,8,0,0,0,2,2,2,0,0,2,2,2,1,0,1,2,2,2,0,0,2,2,2,0,0,17,17,17,17,17,17,17,17,17,17,17,17,17,17,17,17,17,17,17,17,17,17,17,0,0,0,0,0,0,0,0,0,0,0,0,0,0,0,0,0,0,0,0,0,0,0,0,3,15,0,11,7,0,19,0,3,15,0,11,7,0,19,0,3,15,0,11,7,0,0,3,18,0,13,8,0,22,0,3,18,0,13,8,0,22,0,3,18,0,13,8,0,0,3,18,0,13,8,0,22,0,3,18,0,13,8,0,22,0,3,18,0,13,8,0,0,3,18,0,13,8,0,22,0,3,18,0,13,8,0,22,0,3,18,0,13,8,0,0,3,18,0,13,8,0,22,0,3,18,0,13,8,0,22,0,3,18,0,13,8,0,0,3,20,3,16,8,0,23,3,7,18,0,13,11,3,23,0,3,20,3,16,8,0,0,3,29,28,29,8,0,23,28,29,18,0,13,29,28,28,0,3,29,28,29,8,0,2,5,18,3,13,9,3,22,2,5,18,3,13,9,3,22,2,5,18,3,13,9,3,13,12,18,22,13,12,18,22,13,12,18,22,13,12,18,22,13,12,18,22,13,12,18,13,12,18,22,13,12,18,22,13,12,18,22,13,12,18,22,13,12,18,22,13,12,18,13,11,10,22,7,9,18,13,13,11,10,22,7,9,18,13,13,11,10,22,7,9,18,13,9,1,22,0,3,18,0,13,9,1,22,0,4,18,0,13,8,0,22,0,4,18,13,12,18,22,0,3,18,0,13,12,18,22,13,12,18,0,13,8,0,22,13,12,18,13,12,18,22,0,3,18,0,13,12,18,22,13,12,18,0,13,8,0,22,13,12,18,13,12,18,22,0,3,18,0,13,12,18,22,13,12,18,0,13,8,0,22,13,12,18
3,2,3,18,3,3,3,0,22,1,3,3,0,0,0,0,22,1,3,3,0,13,9,28,16,3,18,23,28,26,0,22,13,29,28,6,0,0,0,22,13,29,28,6,13,12,0,0,3,18,22,0,0,0,22,13,8,0,0,0,0,0,22,13,8,0,0,13,12,7,0,3,18,22,4,2,0,22,13,10,6,0,0,0,0,22,13,10,6,0,13,12,22,0,3,18,17,13,8,0,22,10,10,18,0,0,0,0,22,10,10,18,0,13,12,25,0,3,22,9,19,8,0,23,9,12,18,0,0,0,0,23,9,12,18,0,13,15,22,0,3,22,22,22,6,0,18,22,22,14,0,0,0,0,18,22,22,14,0,10,22,0,0,0,0,0,0,0,0,0,0,0,0,0,0,0,0,0,0,0,0,0,0,0,17,17,17,17,17,17,17,17,17,17,17,17,11,0,0,14,17,17,17,17,17,17,17,4,0,0,3,0,2,1,0,4,0,0,3,0,0,0,0,4,0,0,3,0,2,1,22,0,3,18,0,13,8,0,22,0,3,18,0,0,0,0,22,0,3,18,0,13,8,22,0,3,18,0,13,8,0,22,0,3,18,0,0,0,0,22,0,3,18,0,13,8,22,0,3,18,0,13,8,0,22,0,3,18,0,0,0,0,22,0,3,18,0,13,8,22,0,3,18,0,13,8,0,22,0,3,18,0,0,0,0,22,0,3,18,0,13,8,22,0,4,18,1,13,9,1,22,0,4,18,1,0,0,1,22,0,4,18,1,13,9,22,13,12,18,22,13,12,18,22,13,12,18,22,0,3,18,22,13,12,18,22,13,12,22,13,12,18,22,13,12,18,22,13,12,18,22,0,3,18,22,13,12,18,22,13,12,22,13,12,18,22,13,12,18,22,13,12,18,22,0,3,18,22,13,12,18,22,13,12,22,11,11,18,19,13,12,15,22,11,11,18,19,0,3,15,22,11,11,18,19,13,12,22,0,3,18,0,13,8,0,22,0,3,18,0,0,0,0,22,0,3,18,0,13,8,28,0,3,29,27,28,8,0,23,27,28,18,0,0,0,0,23,27,28,18,0,13,28,23,0,0,4,4,16,8,0,3,4,8,18,0,0,0,0,3,4,8,18,0,2,4,22,0,16,23,23,13,8,8,23,23,11,18,0,0,0,8,23,23,11,18,0,23,23
16,29,1,6,29,11,0,26,21,0,16,29,1,6,29,11,0,26,21,0,0,0,22,16,29,1,6,29,11,0,26,21,0,16,29,1,6,29,11,0,26,21,0,0,0,22,16,29,1,6,29,11,0,26,21,0,16,29,1,6,29,11,0,26,21,0,0,0,22,16,29,1,6,29,11,0,26,21,0,16,29,1,6,29,11,0,26,21,0,0,0,22,9,15,1,3,15,6,0,14,11,0,9,15,1,3,15,6,0,14,11,0,0,0,22,0,0,0,0,0,0,0,0,0,0,0,0,0,0,0,0,0,0,0,0,0,0,22,0,0,0,0,0,0,0,0,0,0,0,0,0,0,0,0,0,0,0,0,0,0,22,17,17,17,17,17,17,17,17,17,17,17,17,17,17,17,17,17,17,0,0,0,0,22,0,0,0,0,0,0,0,0,0,0,0,0,0,0,0,0,0,0,0,0,0,0,22,11,20,1,4,20,8,0,18,15,0,11,20,1,4,20,8,0,18,15,0,0,0,22,16,29,1,6,29,11,0,26,21,0,16,29,1,6,29,11,0,26,21,0,0,0,22,16,29,1,6,29,11,0,26,21,0,16,29,1,6,29,11,0,26,21,0,0,0,22,16,29,1,6,29,11,0,26,21,0,16,29,1,6,29,11,0,26,21,0,0,0,22,16,29,1,6,29,11,0,26,21,0,16,29,1,6,29,11,0,26,21,0,0,0,22,16,29,1,6,29,11,0,26,21,0,16,29,1,6,29,11,0,26,21,0,0,0,22,12,21,1,5,21,8,0,19,16,0,12,21,1,5,21,8,0,19,16,0,0,0,2,0,0,0,0,0,0,0,0,0,0,0,0,0,0,0,0,0,0,0,0,0,0,0,7,7,7,7,7,7,7,7,7,7,7,7,7,7,7,7,7,7,7,7,7,7,7,8,8,8,8,8,8,8,8,8,8,8,8,8,8,8,8,8,8,8,8,8,8,8,11,0,1,9,0,6,4,0,11,0,1,9,0,6,4,0,11,0,1,9,0,6,4,22,0,3,18,0,13,8,0,22,0,3,18,0,13,8,0,22,0,3,18,0,13,8,22,0,3,18,0,13,8,0,22,0,3,18,0,13,8,0,22,0,3,18,0,13,8,22,0,3,18,0,13,8,0,22,0,3,18,0,13,8,0,22,0,3,18,0,13,8
17,17,17,17,17,17,17,17,17,17,17,17,17,17,17,17,17,17,17,17,17,17,17,0,0,0,0,0,0,0,0,0,0,0,0,0,0,0,0,0,0,0,0,0,0,0,0,0,0,0,2,6,6,6,6,6,6,6,6,6,6,6,6,6,6,6,6,6,0,25,10,0,0,11,29,29,29,29,29,29,29,29,29,29,29,29,29,29,29,29,27,0,29,11,0,0,4,11,11,11,22,29,13,11,11,11,11,11,22,29,13,11,11,11,0,29,11,0,0,0,0,0,0,16,29,1,0,0,0,0,0,16,29,1,0,0,0,0,29,11,0,0,6,14,14,3,16,29,1,11,14,14,14,3,16,29,1,11,14,13,0,28,11,0,0,7,17,17,4,16,29,1,13,17,17,17,4,16,29,1,13,17,16,0,0,0,0,0,7,18,18,18,25,29,19,18,18,17,0,13,25,29,19,18,18,17,0,0,0,0,0,11,29,29,29,29,29,29,29,29,27,0,21,29,29,29,29,29,27,0,0,0,0,0,0,0,0,0,0,0,0,0,0,0,0,0,0,0,0,0,0,0,0,17,17,17,17,17,17,17,17,17,17,17,17,17,17,17,17,17,17,17,17,17,17,17,0,0,0,8,10,10,10,10,10,10,10,10,10,10,10,10,10,10,10,10,10,10,10,0,0,0,16,21,21,21,21,21,21,21,21,21,21,21,21,21,21,21,21,21,21,24,0,0,0,0,0,0,0,4,2,0,0,0,0,0,7,0,0,0,0,0,1,6,8,0,0,0,0,0,0,0,13,8,0,0,0,0,0,22,0,0,0,0,0,3,18,8,0,0,0,0,0,0,0,13,8,0,0,0,0,0,22,0,0,0,0,0,3,18,8,0,0,0,6,8,8,8,9,9,8,8,8,8,8,10,1,3,8,8,8,9,10,15,0,0,0,16,23,23,23,23,23,23,23,23,23,23,23,4,8,23,23,23,23,23,25,0,0,0,0,0,0,0,0,0,0,20,20,20,20,20,20,20,20,20,20,20,18,8,0,0,0,0,0,0,0,0,0,0,11,11,11,11,11,11,11,11,11,11,11,10,8,8,8,8,8,8,8,8,8,8,8,8,8,8,8,8,8,8,8,8,8,8,3,8,7,7,7,7,7,7,7,7,7,7,7,7,7,7,7,7,7,7,7,7,7,2,5
0,13,8,0,22,0,3,18,0,0,0,0,0,26,21,0,16,29,1,6,29,11,0,0,13,8,0,22,0,3,18,0,0,0,0,0,26,21,0,16,29,1,6,29,11,0,0,13,9,1,22,0,4,18,1,0,0,0,0,26,21,0,16,29,1,6,29,11,0,0,13,12,18,22,13,12,18,22,0,0,0,0,26,21,0,16,29,1,6,29,11,0,0,13,12,18,22,13,12,18,22,0,0,0,0,5,4,0,3,5,0,1,5,2,0,0,13,12,18,22,13,12,18,22,0,0,0,0,0,0,0,0,0,0,0,0,0,0,0,13,12,15,22,11,11,18,19,0,0,0,0,0,0,6,7,7,7,7,7,7,0,0,13,8,0,22,0,3,18,0,0,0,0,0,0,0,7,8,8,8,8,8,8,0,0,28,8,0,23,27,28,18,0,0,0,0,0,0,0,0,0,0,0,0,0,0,0,0,16,8,0,3,4,8,18,0,6,29,11,0,26,21,0,16,29,1,6,29,11,0,0,13,8,8,23,23,11,18,0,6,29,11,0,26,21,0,16,29,1,6,29,11,0,0,13,8,3,8,18,12,18,0,6,29,11,0,26,21,0,16,29,1,6,29,11,0,0,13,8,0,0,13,12,18,0,6,29,11,0,26,21,0,16,29,1,6,29,11,0,0,13,8,0,22,13,12,18,0,6,29,11,0,26,21,0,16,29,1,6,29,11,0,0,13,8,0,22,5,7,18,0,6,29,11,0,26,21,0,16,29,1,6,29,11,0,0,29,8,0,23,29,29,18,0,2,11,4,0,10,8,0,6,11,0,2,11,4,0,0,2,0,0,2,2,2,1,0,0,0,0,0,0,0,0,0,0,0,0,0,0,0,0,17,17,17,17,17,17,17,11,0,0,0,0,0,0,14,17,17,17,17,17,17,0,0,0,0,0,0,0,0,0,0,0,0,0,0,0,0,0,0,0,0,0,0,0,0,0,12,7,0,19,0,3,16,0,0,0,0,0,0,0,0,0,0,0,0,0,0,0,0,13,8,0,22,0,3,18,0,0,0,0,0,22,18,0,14,25,1,5,25,9,0,0,13,8,0,22,0,3,18,0,0,0,0,0,26,21,0,16,29,1,6,29,11,0,0,13,8,0,22,0,3,18,0,0,0,0,0,26,21,0,16,29,1,6,29,11,0
0,11,12,20,0,11,10,0,21,12,10,0,21,12,10,0,21,0,1,20,0,11,10,0,11,12,20,8,12,11,7,21,12,10,0,21,12,11,7,21,0,1,20,8,12,10,0,11,12,20,21,12,12,20,21,12,10,0,21,12,12,20,21,0,1,20,21,12,10,0,11,12,20,21,12,12,20,21,12,10,0,21,12,12,20,21,0,1,20,21,12,10,0,11,12,20,21,12,12,20,21,12,10,0,21,12,12,20,21,0,1,20,21,12,10,0,8,9,20,15,12,12,14,21,9,7,0,15,12,12,14,21,0,1,20,15,12,10,3,0,2,20,0,2,1,0,21,1,0,3,0,12,11,0,3,0,0,3,0,12,10,21,12,12,20,21,2,3,20,21,12,12,20,21,12,12,20,3,0,0,3,21,12,10,21,12,12,20,21,12,12,20,21,12,12,20,21,12,12,20,21,0,1,20,21,12,10,21,5,6,20,8,12,11,7,21,5,6,20,8,12,11,7,21,0,1,20,8,12,10,21,6,7,20,0,11,10,0,21,6,7,20,10,12,10,0,21,0,1,20,0,11,10,21,12,12,20,1,12,11,1,21,12,12,20,21,12,11,1,21,0,1,20,1,12,10,21,12,12,20,21,12,12,20,21,12,12,20,21,12,12,20,21,0,1,20,21,12,10,21,10,10,20,21,12,12,20,21,10,10,20,16,12,12,20,21,0,1,20,21,12,10,21,0,1,20,21,12,12,20,21,0,1,20,0,11,12,20,21,0,1,20,21,12,10,21,0,1,20,0,11,10,0,21,0,1,20,0,11,10,0,21,0,1,20,0,11,10,21,0,1,20,0,11,10,0,21,0,1,20,0,11,10,0,21,0,1,20,0,11,10,0,0,1,20,0,0,0,0,21,0,0,0,0,11,10,0,0,0,0,0,0,11,10,18,11,26,20,12,2,2,11,21,26,11,17,19,27,12,11,3,0,0,3,12,12,21,21,12,15,4,21,12,12,20,5,16,12,20,21,7,4,20,21,0,1,20,21,3,5,21,12,10,0,21,12,12,20,0,11,12,20,21,0,1,20,21,0,1,20,21,0,0,21,12,10,0,13,12,12,12,0,11,12,20,21,0,1,12,21,0,1,20,13,0,0,0,11,10,0,0,11,10,0,0,11,10,0,21,0,0,0,21,0,1,20,0,0,0
0,3,15,0,11,7,0,0,13,8,0,0,11,7,0,19,0,0,0,22,0,0,26,13,8,0,22,0,3,18,0,13,8,0,22,0,3,18,0,13,8,0,22,0,0,26,13,12,18,22,13,12,18,0,13,8,0,22,13,12,18,22,13,8,0,22,0,0,26,13,12,18,22,13,12,18,0,13,8,0,22,13,12,18,22,13,8,0,22,0,0,26,5,7,18,8,13,10,6,0,5,3,0,8,13,10,6,22,5,3,0,8,0,0,26,0,3,18,0,13,8,0,0,0,0,0,0,13,8,0,22,0,0,0,0,0,0,26,0,4,18,1,13,9,1,0,0,0,0,1,13,9,1,22,0,0,0,0,0,0,26,13,12,18,22,13,12,18,0,0,0,0,22,13,12,18,22,13,8,0,0,0,0,26,13,12,18,22,13,12,18,0,3,2,0,22,13,12,18,22,13,8,0,5,0,0,26,13,12,18,22,13,12,18,0,13,8,0,22,13,12,18,22,13,8,0,22,0,0,25,13,12,18,22,13,12,18,0,13,8,0,22,13,12,18,22,13,8,0,22,0,0,0,13,12,14,22,10,10,18,0,13,8,0,22,10,10,18,17,13,8,0,22,0,0,13,13,8,0,22,0,3,18,0,13,8,0,22,0,3,18,0,13,8,0,22,0,0,26,13,12,16,22,12,11,18,19,13,12,16,22,12,11,18,19,13,12,16,22,0,0,26,13,12,18,22,13,12,18,22,13,12,18,22,13,12,18,22,13,12,18,22,0,0,26,12,11,18,19,13,12,16,22,12,11,18,19,13,12,16,22,12,11,18,19,0,0,26,7,10,18,0,13,14,7,24,0,3,21,7,18,8,0,23,7,10,18,0,0,0,26,25,25,18,0,13,26,25,27,0,3,28,25,27,8,0,23,25,25,18,0,0,0,26,0,3,18,0,13,8,0,22,0,3,18,0,13,8,0,22,0,3,18,0,0,0,26,0,3,18,0,13,8,0,22,0,3,18,0,13,8,0,22,0,3,18,0,0,0,26,0,3,18,0,13,8,0,22,0,3,18,0,13,8,0,22,0,3,18,0,0,0,26,0,3,18,0,13,8,0,22,0,3,18,0,13,8,0,22,0,3,18,0,0,0,26,0,3,18,0,13,8,0,22,0,3,18,0,13,8,0,22,0,3,18,0,0,0,26
26,1,0,22,0,0,0,22,0,0,0,1,6,0,0,0,0,3,18,8,0,3,18,0,0,0,22,0,0,0,16,17,17,17,17,17,17,17,17,17,17,19,17,17,4,18,12,0,0,22,0,0,0,0,0,0,0,0,0,0,0,8,17,17,17,17,17,17,14,29,1,0,22,0,0,0,0,0,0,0,0,0,0,0,0,0,0,0,0,0,0,0,29,1,0,22,0,8,17,17,17,17,17,17,17,17,17,17,17,17,17,17,17,17,17,29,1,0,22,0,0,0,0,0,0,0,0,0,9,9,9,9,0,7,9,9,9,2,29,1,0,22,0,0,0,0,0,0,0,0,2,29,29,29,27,0,22,29,29,29,7,29,1,0,22,0,0,17,13,0,0,0,0,0,8,27,24,8,0,6,20,29,10,2,29,1,0,22,0,0,26,21,0,0,0,0,13,8,26,21,0,3,18,16,29,1,0,29,1,0,22,0,0,26,21,0,0,0,0,13,8,26,21,0,3,18,16,29,1,0,29,1,0,22,0,0,26,21,0,0,0,0,5,3,26,21,0,1,6,16,29,1,0,29,1,0,22,0,0,26,21,0,0,0,0,2,29,29,29,29,29,29,29,29,29,29,29,1,0,22,0,0,5,4,0,0,0,0,1,18,18,18,18,18,18,18,18,18,18,29,1,0,22,0,0,0,0,0,0,0,0,0,0,0,0,0,0,0,0,0,0,0,29,1,0,22,0,3,7,7,7,7,7,7,7,7,7,7,7,7,7,7,7,7,7,29,1,0,22,0,4,8,8,8,8,8,8,8,8,8,8,8,8,8,8,8,8,8,29,1,0,22,0,3,27,27,27,27,27,27,27,27,27,27,27,27,27,27,27,27,27,29,1,0,22,0,3,20,4,4,4,4,4,4,12,24,4,4,4,4,4,4,12,24,29,1,0,22,0,3,18,0,0,0,0,12,0,8,23,0,0,0,0,12,0,8,23,29,1,0,22,0,3,18,6,6,3,0,22,9,14,23,6,6,3,0,22,9,14,23,29,1,0,22,0,3,18,16,13,8,0,22,10,14,23,16,13,8,0,22,10,14,23,29,1,0,22,0,3,18,16,10,6,0,22,10,14,23,16,10,6,0,22,10,14,23,29,1,0,22,0,3,18,10,0,0,0,22,0,9,23,10,0,0,0,22,0,9,23
0,14,5,0,0,16,5,0,0,14,5,0,19,0,0,0,22,0,0,0,19,0,4,22,0,6,15,0,16,5,0,22,0,6,15,0,16,5,0,22,0,6,15,0,16,5,22,16,12,15,0,16,5,0,22,16,12,15,22,16,5,0,22,0,6,15,22,16,10,22,16,12,15,0,16,5,0,22,16,12,15,22,16,5,0,22,0,6,15,22,16,10,8,16,8,5,0,6,2,0,8,16,8,5,22,6,2,0,8,0,2,5,22,6,7,0,16,5,0,0,0,0,0,0,16,5,0,22,0,0,0,0,0,0,0,22,0,4,1,16,6,1,0,0,0,0,1,16,6,1,22,1,0,0,0,0,0,1,22,1,5,22,16,12,15,0,0,0,0,22,16,12,15,22,16,5,0,0,0,6,15,22,16,10,22,16,12,15,0,3,1,0,22,16,12,15,22,16,5,0,5,0,6,15,22,16,10,22,16,12,15,0,16,5,0,22,16,12,15,22,16,5,0,22,0,6,15,22,16,10,22,16,12,15,0,16,5,0,22,16,12,15,22,16,5,0,22,0,6,15,22,16,10,22,13,11,15,0,16,5,0,22,13,11,15,17,16,5,0,22,0,6,15,17,16,9,22,0,6,15,0,16,5,0,22,0,6,15,0,16,5,0,22,0,6,15,0,16,5,22,14,12,15,19,16,12,13,22,14,12,15,19,16,12,13,22,14,12,15,19,16,10,22,16,12,15,22,16,12,15,22,16,12,15,22,16,12,15,22,16,12,15,22,16,10,19,16,12,13,22,14,12,15,19,16,12,13,22,14,12,15,19,16,12,13,22,14,10,0,16,12,7,23,0,6,19,7,20,5,0,24,7,13,15,0,16,12,7,23,0,4,0,16,25,25,25,0,6,27,25,27,5,0,26,25,26,15,0,16,25,25,25,0,4,0,16,5,0,22,0,6,15,0,16,5,0,22,0,6,15,0,16,5,0,22,0,4,0,16,5,0,22,0,6,15,0,16,5,0,22,0,6,15,0,16,5,0,22,0,4,0,16,5,0,22,0,6,15,0,16,5,0,22,0,6,15,0,16,5,0,22,0,4,0,16,5,0,22,0,6,15,0,16,5,0,22,0,6,15,0,16,5,0,22,0,4,0,16,5,0,22,0,6,15,0,16,5,0,22,0,6,15,0,16,5,0,22,0,4
18,0,13,8,0,22,0,3,18,0,13,8,0,22,0,3,18,0,13,8,0,22,0,18,0,13,8,0,22,0,3,18,0,13,8,0,22,0,3,18,0,13,8,0,22,0,18,0,13,25,23,27,0,3,27,23,26,8,0,23,23,24,18,0,13,25,23,27,0,18,0,13,15,8,24,0,3,22,8,18,8,0,23,8,11,18,0,13,15,8,24,0,18,19,13,12,15,22,11,11,18,19,13,12,15,22,11,11,18,19,13,12,15,22,11,18,22,13,12,18,22,13,12,18,22,13,12,18,22,13,12,18,22,13,12,18,22,13,17,22,12,12,18,20,13,12,17,22,12,12,18,20,13,12,17,22,12,12,18,20,13,0,22,0,3,18,0,13,8,0,22,0,3,18,0,13,8,0,22,0,3,18,0,13,0,22,0,3,18,16,13,11,13,22,0,3,18,0,13,11,13,22,10,10,18,0,13,0,22,0,3,18,22,13,12,18,22,0,3,18,0,13,12,18,22,13,12,18,0,13,0,22,0,3,18,22,13,12,18,22,0,3,18,0,13,12,18,22,13,12,18,0,13,0,6,0,3,18,22,13,12,18,22,0,1,5,0,13,12,18,22,13,12,18,0,4,0,0,0,3,18,22,13,12,18,22,0,0,0,0,13,12,18,22,13,12,18,0,0,0,0,0,0,2,22,1,5,18,3,0,0,0,0,1,5,18,3,13,9,2,0,0,0,0,0,0,0,22,0,3,18,0,0,0,0,0,0,3,18,0,13,8,0,0,0,0,7,0,1,6,22,4,6,18,7,0,1,6,0,4,6,18,7,13,10,6,0,4,0,22,0,3,18,22,13,12,18,22,0,3,18,0,13,12,18,22,13,12,18,0,13,0,22,0,3,18,22,13,12,18,22,0,3,18,0,13,12,18,22,13,12,18,0,13,0,22,0,3,18,0,13,9,0,22,0,3,18,0,13,9,0,22,0,4,18,0,13,0,22,0,0,1,18,1,4,15,2,0,3,18,0,1,4,15,2,11,7,1,0,13,0,22,0,0,0,22,0,3,18,0,0,3,18,0,0,3,18,0,13,8,0,0,13,10,22,7,5,0,22,13,12,18,0,7,9,18,13,0,3,18,21,13,8,0,13,13,18,22,13,8,0,22,13,12,18,0,13,12,18,22,0,3,18,22,13,8,0,22,13
8,0,22,13,8,0,22,13,8,0,22,0,3,18,22,0,3,18,22,0,3,18,0,4,0,9,13,8,0,22,6,3,0,10,0,1,8,22,0,3,18,9,0,1,8,0,0,0,1,16,8,0,23,3,0,0,0,0,0,3,23,0,3,20,2,0,0,0,0,0,0,14,28,8,0,23,28,0,0,0,0,0,24,28,0,3,28,20,0,0,0,0,0,0,0,0,0,0,0,0,0,0,0,0,0,0,0,0,0,0,0,0,0,6,28,0,0,0,0,0,0,0,0,0,0,0,0,0,0,0,0,0,0,0,0,0,6,29,0,0,0,0,0,0,0,0,0,0,0,0,0,0,0,0,0,0,0,0,0,6,29,0,0,0,0,0,0,0,0,0,0,0,0,0,0,0,0,0,0,0,0,0,6,29,0,0,3,7,2,0,6,7,0,0,0,0,0,6,7,0,1,7,5,0,0,6,25,0,0,12,27,8,0,23,25,0,0,0,0,0,20,27,0,3,28,17,0,0,0,0,0,0,0,13,8,0,22,0,0,0,0,0,0,0,22,0,3,18,0,0,0,0,0,6,0,16,13,8,0,22,10,6,0,16,0,2,13,22,0,3,18,16,0,2,13,0,8,0,22,13,8,0,22,13,8,0,22,0,3,18,22,0,3,18,22,0,3,18,0,11,13,22,13,8,0,22,13,11,13,22,9,10,18,22,0,3,18,22,9,10,18,0,12,18,22,13,8,0,22,13,12,18,22,13,12,18,22,0,3,18,22,13,12,18,0,12,18,22,13,8,0,22,13,12,18,22,13,12,18,22,0,3,18,22,13,12,18,0,12,18,22,13,8,0,22,13,12,18,22,13,12,18,22,0,3,18,22,13,12,18,0,8,6,22,5,3,0,8,13,10,6,19,5,7,18,8,0,1,6,22,5,6,15,0,1,6,22,5,5,9,8,13,10,6,0,5,7,18,8,6,5,6,22,5,3,0,0,8,18,22,13,12,18,22,13,12,18,11,13,12,18,22,13,12,18,22,13,10,9,0,12,18,22,13,12,18,22,13,12,18,22,13,12,18,22,13,12,18,22,13,12,18,0,9,0,22,0,4,18,0,13,9,0,22,0,4,18,0,13,9,0,22,0,4,18,0,8,0,22,11,11,18,18,13,8,0,22,0,3,18,18,13,12,15,22,0,3,18,0
0,0,0,0,0,0,0,0,0,0,0,0,0,0,0,0,0,0,0,0,0,0,0,0,0,0,0,0,0,0,0,0,0,0,0,0,0,0,0,0,0,0,0,0,0,0,0,0,0,0,0,0,0,0,0,0,0,0,0,0,0,0,0,0,0,0,0,18,20,14,17,17,17,17,17,17,17,17,17,17,17,17,17,17,17,17,17,2,0,0,22,25,6,2,1,6,6,6,5,0,0,0,0,0,0,0,0,0,0,0,0,0,0,22,25,25,11,7,29,29,29,21,0,0,0,0,13,15,0,7,17,3,1,17,9,0,22,25,11,4,3,13,29,21,8,0,0,0,0,22,25,0,12,29,5,2,29,15,0,22,25,1,0,13,5,29,15,13,2,0,0,0,22,25,0,12,29,5,2,29,15,0,0,0,1,0,19,5,29,15,19,2,0,0,0,22,25,0,12,29,5,2,29,15,0,0,0,1,0,19,5,29,15,19,2,0,0,0,22,25,0,12,29,5,2,29,15,0,0,0,1,0,5,3,29,15,5,0,0,0,0,22,25,0,12,29,5,2,29,15,0,0,0,22,25,25,25,29,27,20,0,0,0,0,19,21,0,10,25,4,2,25,13,0,0,0,20,23,23,23,23,23,19,0,0,0,0,0,0,0,0,0,0,0,0,0,0,0,0,4,4,4,4,4,4,4,4,4,4,4,4,4,4,4,4,4,4,0,0,0,0,0,10,11,11,11,11,11,11,11,11,11,11,11,11,11,11,11,11,11,1,0,0,0,0,0,0,0,0,0,0,0,0,0,0,0,0,0,0,0,0,0,0,0,0,0,0,0,19,22,22,22,22,22,16,0,0,0,0,9,10,0,5,11,2,1,11,6,0,9,10,22,29,29,25,25,25,19,0,0,0,0,22,25,0,12,29,5,2,29,15,0,22,25,0,22,25,0,0,0,0,0,0,0,0,22,25,0,12,29,5,2,29,15,0,22,25,0,22,25,0,0,0,0,0,0,0,0,22,25,0,12,29,5,2,29,15,0,22,25,0,18,20,0,23,23,17,0,0,0,0,18,20,0,10,23,4,2,23,12,0,18,20,0,0,0,0,0,0,0,0,0,0,0,0,0,0,0,0,0,0,0,0,0,0,0,0,0,0,0,0,0,0,0,0,0,0,0,0,0,0,0,0,0,0,0,0,0,0
29,29,7,11,29,29,29,17,1,28,29,29,27,0,26,21,0,0,0,0,0,0,26,29,2,2,0,6,29,11,3,0,0,26,21,1,1,26,21,0,0,0,0,0,0,26,29,5,18,0,6,29,11,22,0,0,26,21,13,8,26,21,0,0,0,0,0,0,26,29,5,18,0,6,29,11,22,0,0,26,21,13,8,26,21,0,0,0,0,0,0,26,29,5,15,0,6,29,11,19,0,0,26,21,11,7,26,21,0,0,0,0,0,0,26,29,9,7,7,13,29,16,7,7,7,27,24,7,7,27,21,0,0,0,0,0,0,26,29,29,29,29,29,29,29,29,29,29,29,29,29,29,29,21,0,0,0,0,0,0,26,10,10,10,10,10,10,10,10,10,10,10,10,10,10,10,8,0,0,0,0,0,0,9,17,17,17,17,17,17,17,17,17,17,17,17,17,17,17,17,17,17,17,17,17,17,17,0,0,0,0,0,0,0,0,0,0,0,0,0,0,0,0,0,0,0,0,0,0,0,5,5,5,5,5,5,5,5,5,5,5,5,5,5,5,3,0,0,0,0,0,0,4,29,29,29,29,29,29,29,29,29,29,29,29,29,29,29,17,0,0,0,0,0,0,21,12,12,28,25,12,12,12,12,12,12,28,25,12,12,12,7,0,0,0,0,0,0,9,0,0,26,21,0,0,0,0,0,0,26,21,0,0,0,0,0,0,0,0,0,0,0,13,0,26,21,1,13,13,13,13,0,26,21,1,13,13,8,0,0,0,0,0,0,10,17,0,26,21,1,18,18,18,17,0,26,21,1,18,18,11,0,0,0,0,0,0,14,17,17,28,26,16,0,13,17,17,17,28,26,17,17,17,10,0,0,0,0,0,0,13,29,29,29,29,27,0,21,29,29,29,29,29,29,29,29,17,0,0,0,0,0,0,21,0,0,0,0,0,0,0,0,0,0,0,0,0,0,0,0,0,0,0,0,0,0,0,17,17,17,17,17,17,17,17,17,17,17,17,17,17,17,17,17,17,17,17,17,17,17,9,9,9,9,9,9,9,9,9,9,9,9,9,9,9,9,9,0,0,0,0,9,9,22,22,22,22,22,22,22,22,22,22,22,22,22,22,22,22,21,0,0,0,2,22,22,0,0,0,0,0,6,0,0,0,0,0,1,5,0,0,0,0,0,0,0,0,0,0
12,12,12,12,12,12,12,12,12,12,12,12,12,12,12,12,12,12,12,12,12,12,12,3,3,3,3,3,3,3,3,3,3,3,3,3,3,3,3,3,3,3,3,3,3,3,17,5,0,13,17,17,10,0,7,17,17,16,0,2,17,17,17,5,0,13,17,17,10,22,8,0,23,15,17,18,0,13,20,15,26,0,3,24,15,22,8,0,23,15,17,18,13,8,0,22,7,9,18,0,13,11,10,22,0,3,18,13,13,8,0,22,7,9,18,7,5,0,22,13,11,10,0,13,12,18,13,0,3,18,22,7,5,0,22,13,11,10,0,0,0,22,13,8,0,0,13,12,18,0,0,3,18,22,0,0,0,22,13,8,0,22,20,0,22,13,25,22,5,13,12,27,22,13,3,18,23,22,20,0,22,13,25,22,9,8,0,22,4,9,9,2,13,10,9,9,5,3,18,7,9,8,0,22,4,9,9,18,5,0,23,18,18,12,0,13,22,18,18,0,3,25,18,18,5,0,23,18,18,12,21,8,0,23,13,16,18,0,13,18,13,25,0,3,24,13,21,8,0,23,13,16,18,13,10,5,22,4,6,18,6,13,10,5,22,4,6,18,6,13,10,5,22,4,6,18,13,12,18,22,13,12,18,22,13,12,18,22,13,12,18,22,13,12,18,22,13,12,18,13,12,18,22,13,12,18,22,13,12,18,22,13,12,18,22,13,12,18,22,13,12,18,13,12,18,22,13,12,18,22,13,12,18,22,13,12,18,22,13,12,18,22,13,12,18,13,11,11,22,8,9,18,13,13,11,11,22,8,9,18,13,13,11,11,22,8,9,18,13,8,0,22,0,3,18,0,13,8,0,22,0,3,18,0,13,8,0,22,0,3,18,13,8,0,22,0,3,18,0,13,8,0,22,0,3,18,0,13,8,0,22,0,3,18,13,8,0,22,0,3,18,0,13,8,0,22,0,3,18,0,13,8,0,22,0,3,18,13,8,0,22,0,3,18,0,13,8,0,22,0,3,18,0,13,8,0,22,0,3,18,10,6,0,16,0,2,13,0,10,6,0,16,0,2,13,0,10,6,0,16,0,2,13,2,2,2,2,2,2,2,2,2,2,2,2,2,2,2,2,2,2,2,2,2,2,2,13,13,13,13,13,13,13,13,13,13,13,13,13,13,13,13,13,13,13,13,13,13,13
12,12,12,12,12,12,12,12,12,12,12,12,12,12,12,12,12,12,12,12,12,12,12,3,3,3,3,3,3,3,3,3,3,3,3,3,3,3,3,3,3,3,3,3,3,3,17,5,0,13,17,17,10,0,7,17,17,16,0,2,17,17,17,5,0,13,17,17,10,22,8,0,23,15,17,18,0,13,20,15,26,0,3,24,15,22,8,0,23,15,17,18,13,8,0,22,7,9,18,0,13,11,10,22,0,3,18,13,13,8,0,22,7,9,18,7,5,0,22,13,11,10,0,13,12,18,13,0,3,18,22,7,5,0,22,13,11,10,0,0,0,22,13,8,0,0,13,12,18,0,0,3,18,22,0,0,0,22,13,8,0,22,20,0,22,13,25,22,5,13,12,27,22,13,3,18,23,22,20,0,22,13,25,22,9,8,0,22,4,9,9,2,13,10,9,9,5,3,18,7,9,8,0,22,4,9,9,18,5,0,23,18,18,12,0,13,22,18,18,0,3,25,18,18,5,0,23,18,18,12,21,8,0,23,13,16,18,0,13,18,13,25,0,3,24,13,21,8,0,23,13,16,18,13,10,5,22,4,6,18,6,13,10,5,22,4,6,18,6,13,10,5,22,4,6,18,13,12,18,22,13,12,18,22,13,12,18,22,13,12,18,22,13,12,18,22,13,12,18,13,12,18,22,13,12,18,22,13,12,18,22,13,12,18,22,13,12,18,22,13,12,18,13,12,18,22,13,12,18,22,13,12,18,22,13,12,18,22,13,12,18,22,13,12,18,13,11,11,22,8,9,18,13,13,11,11,22,8,9,18,13,13,11,11,22,8,9,18,13,8,0,22,0,3,18,0,13,8,0,22,0,3,18,0,13,8,0,22,0,3,18,13,8,0,22,0,3,18,0,13,8,0,22,0,3,18,0,13,8,0,22,0,3,18,13,8,0,22,0,3,18,0,13,8,0,22,0,3,18,0,13,8,0,22,0,3,18,13,8,0,22,0,3,18,0,13,8,0,22,0,3,18,0,13,8,0,22,0,3,18,10,6,0,16,0,2,13,0,10,6,0,16,0,2,13,0,10,6,0,16,0,2,13,2,2,2,2,2,2,2,2,2,2,2,2,2,2,2,2,2,2,2,2,2,2,2,13,13,13,13,13,13,13,13,13,13,13,13,13,13,13,13,13,13,13,13,13,13,13
8,24,13,8,0,0,6,29,11,0,26,21,0,16,29,1,6,29,11,0,0,28,3,0,22,13,8,0,0,6,29,11,0,26,21,0,16,29,1,6,29,11,0,0,28,4,18,22,13,8,0,0,6,29,11,0,26,21,0,16,29,1,6,29,11,0,0,28,7,18,2,13,8,0,0,6,29,11,0,26,21,0,16,29,1,6,29,11,0,0,28,10,29,29,29,8,0,0,6,29,11,0,26,21,0,16,29,1,6,29,11,0,0,28,29,2,2,2,0,0,0,6,29,11,0,26,21,0,16,29,1,6,29,11,0,0,10,10,17,17,17,17,6,0,3,15,6,0,26,21,0,16,29,1,6,29,11,0,14,17,17,0,0,0,0,0,0,0,0,0,0,26,21,0,16,29,1,6,29,11,0,0,0,0,15,0,11,7,0,0,6,26,10,0,26,21,0,16,29,1,6,29,11,0,0,0,0,18,0,13,8,0,0,6,29,11,0,26,21,0,16,29,1,6,29,11,0,0,0,0,18,0,13,8,0,0,6,29,11,0,26,21,0,16,29,1,6,29,11,0,0,0,0,18,0,13,8,0,0,6,29,11,0,26,21,0,16,29,1,6,29,11,0,0,0,5,18,0,13,8,0,0,6,29,11,0,26,21,0,16,29,1,6,29,11,0,0,0,17,20,3,16,8,0,0,6,29,11,0,26,21,0,16,29,1,6,29,11,0,0,0,0,29,28,29,8,0,0,6,29,11,0,26,21,0,16,29,1,6,29,11,0,0,0,0,18,3,13,9,3,0,6,29,11,0,26,21,0,16,29,1,6,29,11,0,0,0,0,18,22,13,12,18,0,6,29,11,0,26,21,0,16,29,1,6,29,11,0,0,0,0,18,22,13,12,18,0,6,29,11,0,26,21,0,16,29,1,6,29,11,0,14,17,17,10,22,7,9,18,0,6,29,11,0,26,21,0,16,29,1,6,29,11,0,0,0,0,1,22,0,3,18,0,6,29,11,0,26,21,0,16,29,1,6,29,11,0,18,15,0,18,22,0,3,18,0,6,29,11,0,26,21,0,16,29,1,6,29,11,0,26,21,0,18,22,0,3,18,0,6,29,11,0,26,21,0,16,29,1,6,29,11,0,26,21,0,18,22,0,3,18,0,6,29,11,0,26,21,0,16,29,1,6,29,11,0,26,21,0
0,23,19,0,14,25,1,6,25,10,0,23,19,0,14,25,1,6,25,10,0,23,19,0,26,21,0,16,29,1,6,29,11,0,26,21,0,16,29,1,6,29,11,0,26,21,0,26,21,0,16,29,1,6,29,11,0,26,21,0,16,29,1,6,29,11,0,26,21,0,26,21,0,16,29,1,6,29,11,0,26,21,0,16,29,1,6,29,11,0,26,21,0,26,21,0,16,29,1,6,29,11,0,26,21,0,16,29,1,6,29,11,0,26,21,0,26,21,0,16,29,1,6,29,11,0,26,21,0,16,29,1,6,29,11,0,26,21,0,26,21,0,9,17,1,3,17,6,0,15,12,0,9,17,1,3,17,6,0,15,12,0,26,21,0,0,0,0,0,0,0,0,0,0,0,0,0,0,0,0,0,0,0,0,0,26,21,0,6,12,12,12,12,12,12,12,12,12,12,12,12,12,12,12,12,12,12,0,26,21,0,1,3,3,3,3,3,3,3,3,3,3,3,3,3,3,3,3,3,3,0,26,21,0,0,0,0,0,0,0,0,0,0,0,0,0,0,0,0,0,0,0,0,0,9,8,0,11,19,1,4,19,7,0,17,14,0,11,19,1,4,19,7,0,17,14,0,0,0,0,16,29,1,6,29,11,0,26,21,0,16,29,1,6,29,11,0,26,21,0,0,0,0,16,29,1,6,29,11,0,26,21,0,16,29,1,6,29,11,0,26,21,8,0,0,0,16,29,1,6,29,11,0,26,21,0,16,29,1,6,29,11,0,26,21,8,0,0,0,16,29,1,6,29,11,0,26,21,0,16,29,1,6,29,11,0,26,21,8,0,0,0,2,4,0,1,4,1,0,4,3,0,2,4,0,1,4,1,0,4,3,8,0,0,0,0,0,0,0,0,0,0,0,0,0,0,0,0,0,0,0,0,0,0,8,0,0,0,0,0,0,0,0,0,0,0,0,0,0,0,0,0,0,0,0,0,0,8,0,0,0,8,17,17,17,17,17,17,17,17,17,17,17,17,17,17,17,17,17,17,8,0,0,0,0,0,0,0,0,0,0,0,0,0,0,0,0,0,0,0,0,0,0,8,0,0,0,0,0,0,0,0,0,0,0,0,0,0,0,0,0,0,0,0,0,0,7,0,0,0,5,9,0,2,9,3,0,8,7,0,5,9,0,2,9,3,0,8,7
25,23,0,0,0,0,0,0,0,0,0,0,0,0,0,26,21,0,16,29,1,0,0,1,5,0,0,0,22,18,0,14,25,1,5,25,9,0,26,21,0,3,5,0,4,27,3,18,0,0,0,26,21,0,16,29,1,6,29,11,0,26,21,0,0,0,0,0,8,3,18,0,0,0,26,21,0,16,29,1,6,29,11,0,23,19,0,1,7,0,5,7,3,18,0,0,0,26,21,0,16,29,1,6,29,11,0,0,0,0,3,18,0,13,12,3,18,0,0,0,26,21,0,16,29,1,6,29,11,0,15,12,0,3,18,8,13,12,1,5,0,0,0,0,0,0,0,0,0,0,0,0,0,26,21,0,3,18,22,13,12,23,22,0,0,0,0,0,0,0,0,0,0,0,0,0,26,21,0,3,18,22,13,12,8,8,0,0,0,0,0,0,0,0,0,0,0,0,0,26,21,0,3,18,22,13,12,17,17,17,17,17,17,17,17,17,17,17,17,11,0,0,26,21,0,3,18,16,13,11,0,0,0,0,0,0,0,0,0,0,0,0,0,0,0,26,21,0,0,3,0,13,9,0,0,0,0,0,0,0,0,0,0,0,0,0,0,0,26,21,0,0,3,22,13,12,1,4,18,7,0,17,13,0,10,18,1,4,18,7,0,26,21,0,3,18,22,13,12,1,6,29,11,0,26,21,0,16,29,1,6,29,11,0,26,21,0,3,18,8,13,10,1,6,29,11,0,26,21,0,16,29,1,6,29,11,0,26,21,0,3,18,0,13,10,1,6,29,11,0,26,21,0,16,29,1,6,29,11,0,26,21,0,3,18,1,13,12,1,6,29,11,0,26,21,0,16,29,1,6,29,11,0,26,21,0,3,18,22,13,12,0,1,5,2,0,5,4,0,3,5,0,1,5,2,0,5,4,0,3,18,22,13,12,0,0,0,0,0,0,0,0,0,0,0,0,0,0,0,0,0,0,3,18,22,13,8,7,7,7,7,7,7,7,7,7,7,7,7,7,7,0,0,0,0,3,18,0,13,8,8,8,8,8,8,8,8,8,8,8,8,8,8,8,0,0,0,0,3,18,0,13,8,0,0,0,0,0,0,0,0,0,0,0,0,0,0,0,0,0,0,0,0,0,13,8,0,6,29,11,0,26,21,0,16,29,1,6,29,11,0,26,21,0,0,3,13,13,27
0,0,0,3,8,18,12,18,0,8,11,18,22,0,6,8,24,13,8,3,8,18,12,0,0,0,0,0,13,12,18,0,0,3,18,22,0,0,0,22,13,8,0,0,13,12,0,0,0,0,22,13,12,18,0,13,12,18,22,0,3,18,22,13,8,0,22,13,12,0,0,0,0,22,1,4,18,0,13,9,1,22,0,3,18,2,13,8,0,22,1,4,0,0,0,0,23,29,29,18,0,13,29,29,28,0,3,29,29,29,8,0,23,29,29,0,0,0,0,2,2,2,1,0,1,2,2,2,0,0,2,2,2,0,0,2,2,2,11,0,0,14,17,17,17,17,17,17,17,17,17,17,17,17,17,17,17,17,17,17,17,0,0,0,0,0,0,0,0,0,0,0,0,0,0,0,0,0,0,0,0,0,0,0,0,0,0,0,19,0,3,15,0,11,7,0,19,0,3,15,0,11,7,0,19,0,3,0,0,0,0,22,0,3,18,0,13,8,0,22,0,3,18,0,13,8,0,22,0,3,0,0,0,0,22,0,3,18,0,13,8,0,22,0,3,18,0,13,8,0,22,0,3,0,0,0,0,22,0,3,18,0,13,8,0,22,0,3,18,0,13,8,0,22,0,3,0,0,0,0,22,0,3,18,0,13,8,0,22,0,3,18,0,13,8,0,22,0,3,0,0,0,0,23,3,7,18,0,13,11,3,23,0,3,20,3,16,8,0,23,3,7,0,0,0,0,23,28,29,18,0,13,29,28,28,0,3,29,28,29,8,0,23,28,29,3,0,0,3,22,2,5,18,3,13,9,3,22,2,5,18,3,13,9,3,22,2,5,22,0,3,18,22,13,12,18,22,13,12,18,22,13,12,18,22,13,12,18,22,13,12,22,0,3,18,22,13,12,18,22,13,12,18,22,13,12,18,22,13,12,18,22,13,12,22,0,3,18,13,13,11,10,22,7,9,18,13,13,11,10,22,7,9,18,13,13,11,22,0,3,18,0,13,9,1,22,0,4,18,0,13,8,0,22,0,4,18,1,13,8,22,0,3,18,0,13,12,18,22,13,12,18,0,13,8,0,22,13,12,18,22,13,8,22,0,3,18,0,13,12,18,22,13,12,18,0,13,8,0,22,13,12,18,22,13,8,22,0,3,18,0,13,12,18,22,13,12,18,0,13,8,0,22,13,12,18,22,13,8
14,14,14,14,14,10,0,0,0,0,2,14,14,14,14,14,14,14,14,14,14,14,14,14,17,17,17,17,17,23,8,0,0,0,0,0,0,3,0,0,8,17,17,17,17,17,0,0,0,6,0,0,13,8,0,0,0,0,0,3,18,0,0,0,0,0,4,2,0,0,0,0,22,0,0,13,8,0,0,0,0,0,3,18,0,0,0,0,0,13,8,0,0,0,0,22,0,0,13,8,0,0,0,0,0,3,18,0,0,0,0,0,13,8,0,5,5,5,7,2,0,13,8,0,4,5,5,5,6,7,5,5,5,5,5,6,4,0,14,14,14,14,8,2,13,8,0,23,11,14,14,14,14,14,14,14,14,14,14,11,3,12,12,12,15,23,9,13,8,0,22,2,12,12,12,12,12,12,12,12,12,12,26,12,7,7,2,3,18,0,13,8,0,22,0,3,7,7,7,7,7,7,7,5,0,22,0,8,8,3,3,18,0,13,8,0,22,0,4,8,8,8,8,8,8,8,6,0,22,0,3,3,3,7,18,0,13,8,0,22,0,3,3,3,3,3,3,3,3,3,3,23,0,12,14,14,14,10,1,13,8,0,22,2,12,12,12,12,12,12,12,13,14,14,14,1,0,7,21,19,14,10,13,8,0,22,0,0,0,1,7,0,0,0,2,16,24,14,14,0,0,13,11,13,0,13,8,0,22,0,0,0,3,18,0,0,0,0,3,18,16,0,0,0,13,12,18,0,13,8,0,22,0,0,0,3,18,0,0,0,0,3,18,22,0,0,0,13,11,13,0,13,8,0,22,0,0,0,1,5,0,0,0,0,3,18,16,0,15,15,22,20,15,11,13,8,0,23,15,15,15,15,15,15,15,15,15,17,24,15,15,12,14,14,14,14,14,21,8,0,0,0,0,0,0,0,0,0,7,14,14,14,14,14,2,2,2,2,2,2,2,0,0,0,0,0,0,0,0,0,0,1,2,2,2,2,2,17,17,17,17,17,17,17,17,17,17,17,17,17,17,17,17,17,17,17,17,17,17,17,0,0,0,0,0,0,0,0,0,0,0,0,0,0,0,0,0,0,0,0,0,0,0,29,17,2,29,29,29,27,0,22,29,29,29,7,12,29,29,29,29,29,29,10,0,0,23,11,1,18,28,27,17,0,14,25,29,19,5,8,21,29,23,18,18,18,6,0,0
0,3,18,0,13,8,0,22,0,0,0,0,0,0,14,17,17,17,17,17,17,17,17,0,3,18,0,13,11,12,22,0,0,0,0,0,0,0,0,0,0,0,0,0,0,0,5,7,18,9,13,12,18,22,0,0,0,0,0,0,0,0,0,0,0,0,0,0,0,13,12,18,22,13,12,18,22,0,0,0,0,17,13,0,10,18,1,4,18,7,0,17,13,12,18,22,13,10,8,22,0,0,0,0,26,21,0,16,29,1,6,29,11,0,26,11,11,18,19,13,8,0,22,0,0,0,0,26,21,0,16,29,1,6,29,11,0,26,0,3,18,0,13,8,0,22,0,0,0,0,26,21,0,16,29,1,6,29,11,0,26,13,12,18,22,13,12,18,22,0,0,0,0,26,21,0,16,29,1,6,29,11,0,26,13,12,18,22,13,12,18,12,0,0,0,0,5,4,0,3,5,0,1,5,2,0,5,5,5,10,9,13,10,7,0,0,0,0,0,0,0,0,0,0,0,0,0,0,0,0,4,2,0,7,13,10,6,18,0,0,0,0,0,0,6,7,7,7,7,7,7,7,7,13,8,0,22,13,12,18,22,0,0,0,0,0,0,7,8,8,8,8,8,8,8,8,13,8,0,22,13,12,18,22,0,0,0,0,0,0,0,0,0,0,0,0,0,0,0,13,8,0,22,13,12,18,22,0,0,0,0,26,21,0,16,29,1,6,29,11,0,0,13,8,0,22,13,12,14,22,0,0,0,0,26,21,0,16,29,1,6,29,11,0,0,13,8,0,22,13,8,0,22,0,0,0,0,26,21,0,16,29,1,6,29,11,0,0,13,8,0,22,10,6,0,18,0,0,0,0,26,21,0,16,29,1,6,29,11,0,0,13,8,0,22,0,0,0,0,0,0,0,0,26,21,0,16,29,1,6,29,11,0,0,26,8,0,23,23,0,0,0,0,0,0,0,26,21,0,16,29,1,6,29,11,0,0,8,2,0,7,8,0,0,0,4,18,7,0,10,8,0,6,11,0,2,11,4,0,0,0,0,0,0,0,0,0,0,6,29,11,0,0,0,0,0,0,0,0,0,0,0,0,0,0,0,0,0,0,0,0,6,29,11,0,0,0,14,17,17,17,17,17,17,17,17,0,0,0,0,0,0,0,0,6,29,11,0,0,0,0,0,0,0,0,0,0,0,0
0,0,0,0,0,11,29,2,5,29,12,0,25,22,0,2,19,4,0,0,0,0,0,0,0,0,0,0,11,29,2,5,29,12,0,25,22,0,2,19,4,0,0,0,0,0,0,0,0,0,0,11,29,2,5,29,12,0,25,22,0,2,19,4,0,0,0,0,0,0,0,0,0,0,11,29,2,5,29,12,0,25,22,0,1,9,4,0,0,0,0,0,0,0,0,0,0,11,29,2,5,29,12,0,25,22,0,0,0,4,0,0,0,0,0,0,0,0,0,0,11,29,2,5,29,12,0,25,22,0,0,0,4,0,0,0,0,0,0,0,0,0,0,11,29,2,5,29,12,0,25,22,0,0,1,1,0,0,0,0,0,0,0,0,0,0,11,29,2,5,29,12,0,25,22,0,0,9,11,0,0,0,0,0,0,0,0,0,0,11,29,2,5,29,12,0,25,22,0,0,0,0,0,0,0,0,0,0,0,0,0,0,11,29,2,5,29,12,0,25,22,0,0,0,1,0,0,0,0,0,0,0,0,0,0,11,29,2,5,29,12,0,25,22,0,0,0,4,0,0,0,0,0,0,0,0,0,0,11,29,2,5,29,12,0,25,22,0,0,0,4,0,0,0,0,0,0,0,0,0,0,11,29,2,5,29,12,0,25,22,0,0,0,3,0,0,0,0,0,0,0,0,0,0,11,29,2,5,29,12,0,25,22,0,0,0,0,0,0,0,0,0,0,0,0,0,0,11,29,2,1,5,2,0,5,4,0,0,13,6,0,0,0,0,0,0,0,0,0,0,11,29,2,1,6,3,0,6,5,0,0,0,0,0,0,0,0,0,0,0,0,0,0,11,29,2,5,29,12,0,25,22,0,0,0,4,0,0,0,0,0,0,0,0,0,0,11,29,2,5,29,12,0,25,22,0,0,0,4,0,0,0,0,0,0,0,0,0,0,11,29,2,5,29,12,0,25,22,0,0,0,4,0,0,0,0,0,0,0,0,0,0,11,29,2,5,29,12,0,25,22,0,0,0,4,0,0,0,0,0,0,0,0,0,0,11,29,2,5,29,12,0,25,22,0,0,0,4,0,0,0,0,0,0,0,0,0,0,11,29,2,5,29,12,0,25,22,0,0,0,4,0,0,0,0,0,0,0,0,0,0,11,29,2,5,29,12,0,25,22,0,0,0,4,0,0,0,0,0
0,0,0,16,29,1,6,29,11,0,26,21,0,16,29,1,0,2,10,0,7,4,0,7,0,0,16,29,1,6,29,11,0,26,21,0,16,29,1,1,7,7,7,7,7,7,8,0,0,16,29,1,6,29,11,0,26,21,0,16,29,1,1,8,8,8,8,8,8,2,0,0,16,29,1,6,29,11,0,26,21,0,16,29,1,0,1,11,11,11,3,0,3,0,0,16,29,1,6,29,11,0,26,21,0,16,29,1,0,3,26,20,25,8,0,3,0,0,16,29,1,6,29,11,0,26,21,0,16,29,1,0,3,18,9,13,8,0,3,0,0,16,29,1,6,29,11,0,26,21,0,16,29,1,0,2,13,22,13,8,0,3,0,0,16,29,1,6,29,11,0,26,21,0,16,29,1,0,0,0,22,13,8,0,3,0,0,16,29,1,6,29,11,0,26,21,0,16,29,1,0,12,17,26,13,8,6,3,0,0,16,29,1,6,29,11,0,26,21,0,14,25,1,0,10,14,14,13,8,5,3,0,0,6,11,0,2,11,4,0,10,8,0,0,0,0,0,1,13,13,21,8,0,3,0,0,0,0,0,0,0,0,0,0,0,0,0,0,0,0,3,25,18,24,8,0,3,0,0,16,29,1,6,29,11,0,26,21,0,0,0,0,1,5,18,3,13,9,2,3,0,0,16,29,1,6,29,11,0,26,21,0,0,0,0,13,12,18,22,13,12,18,3,0,0,16,29,1,6,29,11,0,26,21,0,0,0,0,13,12,18,22,13,12,18,3,0,0,16,29,1,6,29,11,0,26,21,0,0,0,0,13,12,18,22,13,12,18,3,0,0,16,29,1,6,29,11,0,26,21,0,0,0,0,10,10,18,17,13,12,14,3,0,0,16,29,1,6,29,11,0,26,21,0,0,0,0,0,3,18,0,13,8,0,1,0,0,16,29,1,6,29,11,0,26,21,0,0,0,0,0,3,18,0,13,8,0,0,0,0,16,29,1,6,29,11,0,26,21,0,9,17,1,0,3,18,0,13,8,0,0,0,0,16,29,1,6,29,11,0,26,21,0,16,29,1,0,3,18,0,13,8,0,0,0,0,16,29,1,6,29,11,0,26,21,0,16,29,1,0,3,17,0,12,8,0,0,0,0,16,29,1,6,29,11,0,26,21,0,16,29,1,0,0,0,0,0,0,0
13,9,0,6,13,5,0,0,0,0,6,13,4,0,10,13,0,0,0,0,0,11,13,19,19,0,12,22,7,0,0,0,0,8,23,9,0,22,18,1,0,0,0,0,15,27,2,19,0,12,9,0,0,0,0,0,0,12,9,0,22,0,0,0,0,0,0,0,22,11,19,0,12,12,18,0,12,9,0,21,12,9,0,22,12,9,0,21,0,2,18,22,11,19,0,12,12,19,0,12,9,0,22,12,9,0,22,12,9,0,22,0,2,19,22,11,19,0,12,12,19,20,12,12,17,22,12,9,0,22,12,12,17,22,11,11,19,22,11,19,0,12,12,19,22,12,12,19,22,12,9,0,22,12,12,19,22,12,12,19,22,11,19,0,12,12,19,22,12,12,19,22,12,9,0,22,12,12,19,22,12,12,19,22,11,19,0,12,12,19,22,12,12,19,22,12,9,0,22,12,12,19,22,12,12,19,22,9,3,0,2,4,19,3,8,6,3,22,2,1,0,3,12,10,3,14,2,4,19,3,10,11,16,7,8,19,13,0,1,11,22,7,7,13,13,12,11,11,0,7,8,19,13,11,19,22,12,12,19,22,9,9,19,22,12,12,19,22,12,12,19,16,12,12,19,22,11,16,22,10,11,19,19,12,12,16,22,10,11,19,19,12,12,16,22,10,11,19,19,8,0,22,0,2,19,0,12,9,0,22,0,2,19,0,12,9,0,22,0,2,19,0,11,19,22,12,12,19,0,12,9,0,22,12,12,19,22,12,9,0,22,0,2,19,22,11,19,22,12,12,19,13,12,11,11,22,12,12,19,22,12,11,11,22,7,9,19,22,11,19,22,12,12,19,22,12,12,19,22,12,12,19,22,12,12,19,22,12,12,19,22,9,4,22,3,5,19,22,12,12,19,22,3,5,19,5,12,12,19,22,12,12,19,5,8,0,22,0,2,19,10,12,11,9,22,0,2,19,0,12,11,9,22,6,7,19,0,8,0,22,0,2,19,0,12,9,0,22,0,2,19,0,12,9,0,22,0,2,19,0,8,0,9,0,2,19,0,5,4,0,22,0,1,8,0,12,9,0,9,0,2,19,0,16,7,8,5,13,19,2,0,0,1,22,11,5,7,9,19,10,1,0,1,3,23,11,14,9,11,6,14,9,11,2,3,9,11,14,6,9,11,14,6,9,4,6,6,14,14
0,0,0,0,0,0,0,0,0,0,0,0,0,0,0,0,0,0,0,0,0,0,0,0,0,0,0,0,0,0,0,0,0,0,0,0,0,0,0,0,0,0,0,0,0,0,8,8,8,8,8,8,8,8,8,8,8,8,8,8,8,8,8,0,0,4,8,8,8,7,7,7,7,7,7,7,7,7,7,7,7,7,7,7,7,7,0,0,3,7,7,7,0,2,10,0,7,5,0,13,0,2,10,0,7,5,0,13,0,0,0,0,7,5,0,0,3,18,0,13,8,0,22,0,3,18,0,13,8,0,22,0,0,0,0,13,8,0,0,3,18,0,13,8,0,22,0,3,18,0,13,8,0,22,0,0,0,0,13,8,0,0,3,18,0,13,8,0,22,0,3,18,0,13,8,0,22,0,0,0,0,13,8,0,0,3,18,0,13,8,0,22,0,3,18,0,13,8,0,22,0,0,0,0,13,8,0,6,7,18,9,13,10,8,22,6,7,18,9,13,10,8,22,6,3,0,9,13,10,8,13,12,18,22,13,12,18,22,13,12,18,22,13,12,18,22,13,8,0,22,13,12,18,13,12,18,22,13,12,18,22,13,12,18,22,13,12,18,22,13,8,0,22,13,12,18,13,12,18,22,13,12,18,22,13,12,18,22,13,12,18,22,13,8,0,22,13,12,18,6,8,18,10,13,10,8,22,6,8,18,10,13,10,8,22,6,4,0,10,13,10,8,0,3,22,8,18,8,0,23,8,11,18,0,13,15,8,24,0,0,0,0,13,15,8,0,3,23,23,26,8,0,19,23,24,18,0,11,23,23,27,0,0,0,0,11,23,23,0,3,4,4,13,8,1,4,4,5,18,0,4,4,3,22,0,0,0,0,4,4,3,0,19,27,28,13,8,10,27,28,12,18,0,27,28,18,22,0,0,0,0,27,28,18,0,0,0,22,13,8,0,0,13,12,18,0,0,3,18,22,0,0,0,0,0,3,18,0,1,6,22,13,8,0,8,13,12,18,0,5,7,18,22,0,0,0,0,5,7,18,0,1,6,7,4,2,0,7,4,4,6,0,4,4,6,7,0,0,0,0,4,4,6,0,0,0,0,0,0,0,0,0,0,0,0,0,0,0,0,0,0,0,0,0,0,0,0,0,0,0,0,0,0,0,0,0,0,0,0,0,0,0,0,0,0,0,0,0,0
7,19,22,12,12,3,22,12,12,19,3,15,12,19,22,4,4,19,22,12,10,4,23,27,18,20,12,28,19,15,3,4,13,22,27,12,17,21,28,11,13,5,8,9,29,27,8,0,0,0,2,19,0,0,0,0,22,0,0,0,0,12,9,0,0,0,2,19,0,8,0,19,0,2,19,0,11,8,0,22,0,2,17,0,12,9,0,19,0,2,19,0,8,0,22,0,2,19,0,12,9,0,22,0,2,19,0,12,9,0,22,0,2,19,0,8,0,22,0,2,19,21,12,12,18,22,0,2,19,0,12,12,18,22,12,12,19,0,11,13,22,9,9,19,22,12,12,19,22,9,9,19,16,12,12,19,22,12,12,19,16,11,19,22,12,12,19,22,12,12,19,22,12,12,19,22,12,12,19,22,12,12,19,22,11,19,22,12,12,19,3,12,10,3,22,12,12,19,22,12,10,3,22,2,4,19,22,10,10,22,6,8,19,0,12,9,0,22,6,8,19,12,12,9,0,22,0,2,19,12,9,5,22,3,5,19,6,12,10,5,22,3,5,19,6,12,10,5,22,3,5,19,6,11,19,22,12,12,19,22,12,12,19,22,12,12,19,22,12,12,19,22,12,12,19,22,11,19,22,12,12,19,22,3,5,19,22,12,12,19,22,12,12,19,5,12,12,19,22,9,1,5,1,3,19,2,1,1,1,22,1,1,4,2,12,10,1,2,1,3,19,2,10,12,0,8,9,19,14,12,11,12,22,8,6,0,14,12,11,12,22,8,9,19,14,11,19,0,12,12,19,22,12,12,19,22,12,9,0,22,12,12,19,22,12,12,19,22,11,19,0,12,12,19,22,12,12,19,22,12,9,0,22,12,12,19,22,12,12,19,22,11,19,0,12,12,19,22,12,12,19,22,12,9,0,22,12,12,19,22,12,12,19,22,11,19,0,12,12,19,10,12,11,9,22,12,9,0,22,12,11,9,22,6,7,19,22,11,19,0,12,12,19,0,12,9,0,22,12,9,0,22,12,9,0,22,0,2,19,22,7,19,0,12,11,9,0,6,4,0,10,12,9,0,22,6,4,0,11,0,1,9,22,5,19,0,12,11,1,0,0,0,0,1,14,9,0,22,2,0,0,0,0,0,2,23,28,19,0,12,29,11,0,0,0,0,13,29,9,0,22,29,1,0,0,0,0,23,29
0,0,0,0,0,0,0,0,0,0,0,0,0,0,0,0,0,0,0,0,0,0,0,0,0,0,0,0,0,0,0,0,0,0,0,0,0,0,0,0,0,0,0,0,0,0,0,0,0,0,0,0,0,0,0,0,0,0,0,0,0,0,0,0,0,0,0,0,0,0,0,0,0,0,0,0,0,0,0,0,0,0,0,0,0,0,0,0,0,0,0,0,0,0,0,0,0,0,0,0,0,0,0,0,0,0,0,0,0,0,0,0,0,0,0,0,0,0,0,0,0,0,0,0,0,0,0,0,0,0,0,0,0,0,0,0,0,0,8,8,8,8,8,8,8,8,8,8,8,8,8,8,8,8,8,8,8,8,8,8,8,7,7,7,7,7,7,7,7,7,7,7,7,7,7,7,7,7,7,7,7,7,7,7,1,1,0,1,1,0,0,0,0,0,15,20,20,20,5,8,20,20,20,12,1,20,20,26,21,0,16,29,1,0,0,0,0,20,29,29,28,7,11,28,29,28,16,1,27,29,26,21,0,16,29,1,0,0,0,0,3,16,29,2,3,0,6,29,11,3,0,0,26,26,21,0,16,29,1,0,0,0,3,18,16,29,5,18,0,6,29,11,22,0,0,26,26,21,0,16,29,1,0,0,0,3,18,16,29,5,18,0,6,29,11,22,0,0,26,26,21,0,16,29,1,0,0,0,3,15,16,29,5,15,0,6,29,11,18,0,0,26,26,21,0,16,29,1,0,0,0,0,7,20,29,10,8,8,13,29,17,8,8,8,27,9,8,0,6,10,0,0,0,0,0,25,29,29,29,29,29,29,29,29,29,29,29,29,0,0,0,0,0,0,0,0,0,0,8,9,9,9,9,9,9,9,9,9,9,9,9,0,0,0,0,0,0,0,0,0,0,0,0,0,0,0,0,0,0,0,0,0,0,0,0,0,0,0,0,0,0,0,0,0,0,0,0,0,0,0,0,0,0,0,0,0,0,0,0,0,0,0,0,0,0,0,0,0,0,0,0,0,0,0,0,0,0,0,0,0,0,0,0,0,0,0,0,0,0,0,0,0,0,0,0,0,0,0,0,0,0,0,0,0,0,0,0,0,0,0,0,0,0,0,0,0,0,0,0,0,0,0,0,0,0,0,0,0,0,0,0,0,0,0,0,0,0,0,0,0,0,0,0,0,0,0,0,0,0
12,12,12,12,12,12,12,12,12,12,12,12,12,12,12,12,12,12,12,12,12,12,12,3,3,3,3,3,3,3,3,3,3,3,3,3,3,3,3,3,3,3,3,3,3,3,16,0,2,13,0,9,6,0,16,0,2,13,0,9,6,0,16,0,2,13,0,9,6,22,0,3,18,0,13,8,0,22,0,3,18,0,13,8,0,22,0,3,18,0,13,8,22,0,3,18,0,13,8,0,22,0,3,18,0,13,8,0,22,0,3,18,0,13,8,22,0,3,18,0,13,8,0,22,0,3,18,0,13,8,0,22,0,3,18,0,13,8,22,0,3,18,0,13,8,0,22,0,3,18,0,13,8,0,22,0,3,18,0,13,8,22,7,9,18,13,13,11,10,22,7,9,18,13,13,11,10,22,7,9,18,13,13,11,22,13,12,18,22,13,12,18,22,13,12,18,22,13,12,18,22,13,12,18,22,13,12,22,13,12,18,22,13,12,18,22,13,12,18,22,13,12,18,22,13,12,18,22,13,12,22,13,12,18,22,13,12,18,22,13,12,18,22,13,12,18,22,13,12,18,22,13,12,22,4,6,18,7,13,10,6,22,4,6,18,7,13,10,6,22,4,6,18,7,13,10,23,12,15,18,0,13,18,12,25,0,3,23,12,20,8,0,23,12,15,18,0,13,18,15,19,21,18,0,9,19,19,26,0,2,19,19,24,8,0,15,19,21,18,0,9,19,8,8,6,18,0,8,8,5,22,0,6,8,8,13,8,3,8,8,6,18,0,8,8,23,26,12,18,0,23,24,18,22,0,16,23,27,13,8,8,23,26,12,18,0,23,24,0,13,12,18,0,0,3,18,22,0,0,0,22,13,8,0,0,13,12,18,0,0,3,11,13,12,18,0,6,8,18,22,0,1,9,22,13,8,0,11,13,12,18,0,6,8,22,8,9,18,0,13,11,11,22,0,3,18,13,13,8,0,22,8,9,18,0,13,11,23,14,16,18,0,13,19,14,25,0,3,24,14,21,8,0,23,14,16,18,0,13,19,14,17,17,11,0,8,17,17,17,0,2,17,17,17,5,0,14,17,17,11,0,8,17,2,2,2,2,2,2,2,2,2,2,2,2,2,2,2,2,2,2,2,2,2,2,2,13,13,13,13,13,13,13,13,13,13,13,13,13,13,13,13,13,13,13,13,13,13,13
0,0,0,19,0,0,13,18,13,13,13,13,13,9,0,3,18,0,0,0,0,22,0,0,0,0,22,0,0,13,11,2,2,2,2,2,2,0,3,18,0,0,0,0,22,0,0,0,0,22,0,0,13,8,0,0,7,9,9,9,9,12,18,0,0,0,0,23,9,0,0,0,14,0,7,18,8,0,0,22,29,29,29,29,29,18,0,0,0,0,23,29,0,0,0,0,2,29,29,8,0,0,6,8,8,8,8,11,18,0,0,0,0,23,8,0,0,0,0,1,10,10,3,0,0,0,0,0,0,0,3,18,0,0,0,0,22,0,17,17,17,17,17,17,17,17,17,17,17,17,17,17,17,4,18,0,0,0,0,22,2,0,0,0,0,0,0,0,0,0,0,0,0,0,0,0,3,18,0,0,0,0,22,0,21,21,21,21,21,21,5,9,21,21,21,21,21,21,5,3,18,0,0,0,0,22,0,26,26,29,29,26,26,7,11,27,29,28,26,26,26,7,3,18,0,0,0,0,22,0,0,0,26,21,0,0,0,0,6,29,11,0,0,0,0,3,18,0,0,0,0,22,0,23,0,26,21,2,23,23,15,6,29,11,0,13,15,15,17,18,0,0,0,0,23,15,8,0,26,21,0,8,8,5,6,29,11,0,0,0,0,0,0,0,0,0,0,0,0,19,19,28,27,19,19,19,19,22,29,23,19,19,19,5,0,0,0,0,0,0,0,0,28,28,28,28,28,28,28,28,28,28,28,28,28,28,7,0,0,0,0,0,0,0,0,0,0,0,0,0,0,0,0,0,0,0,0,0,0,0,0,0,0,0,0,0,0,0,0,0,0,0,0,0,0,0,0,0,0,0,0,0,0,0,0,0,0,0,0,0,0,17,17,17,17,17,17,17,17,17,17,17,17,17,17,17,17,17,17,17,17,17,17,17,9,9,9,5,0,0,0,0,0,0,0,0,0,0,0,0,1,0,0,0,0,1,0,29,29,29,17,0,0,0,0,0,0,0,0,0,18,0,3,18,0,0,0,0,22,0,8,8,8,5,0,3,25,17,17,17,17,11,0,22,0,3,18,0,0,0,0,22,0,11,11,11,11,11,14,18,0,0,0,0,0,0,22,0,3,18,0,0,0,0,22,0,4,4,4,4,4,8,18,0,15,17,17,17,17,19,0,3,18,14,0,2,12,22,0
1,6,29,11,0,26,21,0,16,29,1,0,0,26,21,0,0,0,16,29,5,18,16,1,6,29,11,0,26,21,0,16,29,1,0,0,26,21,0,0,0,16,29,5,18,16,1,6,29,11,0,26,21,0,16,29,1,0,0,26,21,0,0,0,16,29,3,9,16,1,6,29,11,0,26,21,0,16,29,1,0,0,26,21,0,0,0,16,29,18,17,24,0,0,1,0,0,1,1,0,1,1,0,0,0,26,21,0,0,0,16,29,29,29,29,0,0,0,0,0,0,0,0,0,0,0,0,0,8,6,0,0,0,0,0,0,0,0,17,17,17,17,17,17,17,17,17,17,0,0,0,0,0,0,0,2,17,17,17,17,17,0,0,0,0,0,0,0,0,0,0,0,5,22,9,0,0,0,0,0,0,0,0,5,0,1,4,1,0,4,3,0,2,4,0,6,29,11,0,4,3,0,2,4,0,0,8,1,6,29,11,0,26,21,0,16,29,1,6,29,11,0,26,21,0,16,29,1,0,8,1,6,29,11,0,26,21,0,16,29,1,6,29,11,0,26,21,0,16,29,1,0,8,1,6,29,11,0,26,21,0,16,29,1,6,29,11,0,26,21,0,16,29,1,0,8,1,6,29,11,0,26,21,0,16,29,1,6,29,11,0,26,21,0,16,29,1,0,8,1,4,19,7,0,17,14,0,11,19,1,4,19,7,0,17,14,0,11,19,1,0,8,0,0,0,0,0,0,0,0,0,0,0,0,0,0,0,0,0,0,0,0,0,0,8,0,0,0,0,0,0,0,0,0,0,0,0,0,0,0,0,0,0,0,0,0,0,8,7,7,7,7,7,7,7,7,7,7,7,7,7,7,7,7,7,7,7,7,7,7,7,8,8,8,8,8,8,8,8,8,8,8,8,8,8,8,8,8,8,8,8,8,8,8,0,0,0,0,0,0,0,0,0,0,0,0,0,0,0,0,0,0,0,0,0,0,0,0,0,0,0,0,0,0,0,0,0,0,0,0,0,0,0,0,0,0,0,0,0,0,1,6,28,11,0,26,21,0,16,28,1,6,28,11,0,26,21,0,16,28,1,6,28,1,6,29,11,0,26,21,0,16,29,1,6,29,11,0,26,21,0,16,29,1,6,29,1,6,29,11,0,26,21,0,16,29,1,6,29,11,0,26,21,0,16,29,1,6,29
0,0,0,0,0,0,0,0,0,0,0,0,0,26,21,0,0,0,0,0,0,0,0,0,0,0,22,18,0,14,25,1,5,25,9,0,5,4,0,0,0,13,27,8,0,22,0,0,0,26,21,0,16,29,1,6,29,11,0,0,0,0,0,0,2,16,8,0,23,0,0,0,26,21,0,16,29,1,6,29,11,0,0,0,5,3,0,9,13,8,0,22,0,0,0,26,21,0,16,29,1,6,29,11,0,0,0,13,8,0,22,13,8,0,22,0,0,0,26,21,0,16,29,1,6,29,11,0,0,0,13,10,6,22,13,8,0,22,0,0,0,0,0,0,0,0,0,0,0,0,0,0,0,13,12,18,22,13,8,0,22,0,0,0,0,0,0,0,0,0,0,0,0,0,0,0,13,12,18,22,13,8,0,22,0,0,0,0,0,0,0,0,0,0,0,0,0,0,0,13,12,18,22,13,8,0,22,17,17,17,17,17,17,17,17,17,6,0,0,0,0,0,13,11,13,22,9,6,0,16,0,0,0,0,0,0,0,0,0,0,0,0,0,0,0,2,1,0,22,0,0,3,0,0,0,0,0,0,0,0,0,0,0,0,0,0,0,0,2,5,18,22,13,12,18,22,18,7,0,17,13,0,10,18,1,4,18,7,0,0,0,13,12,18,22,13,12,18,22,29,11,0,26,21,0,16,29,1,6,29,11,0,0,0,13,10,6,22,5,7,18,8,29,11,0,26,21,0,16,29,1,6,29,11,0,0,0,13,8,0,22,6,8,18,10,29,11,0,26,21,0,16,29,1,6,29,11,0,0,0,13,9,1,22,13,12,18,22,29,11,0,26,21,0,16,29,1,6,29,11,0,0,0,13,12,18,22,13,12,18,22,5,2,0,5,4,0,3,5,0,1,5,2,0,0,0,13,12,18,22,10,10,18,17,0,0,0,0,0,0,0,0,0,0,0,0,0,0,0,13,12,18,22,0,3,18,0,7,7,7,7,7,7,7,7,7,7,5,0,0,0,0,13,8,0,22,0,3,18,0,8,8,8,8,8,8,8,8,8,8,6,0,0,0,0,13,8,0,22,0,3,18,0,0,0,0,0,0,0,0,0,0,0,0,0,0,0,0,0,0,0,22,0,0,0,0,29,11,0,26,21,0,16,29,1,6,29,11,0,0,0,2,3,10,23,25,11,15,20
17,17,17,17,17,17,17,17,17,17,17,17,17,17,17,17,17,17,17,11,0,0,21,0,0,0,0,0,0,0,0,0,0,0,0,0,0,0,0,0,0,0,0,0,0,26,25,25,16,0,12,25,25,25,0,3,25,25,25,7,0,20,25,25,16,0,0,0,26,6,10,18,0,13,13,6,24,0,3,21,6,17,8,0,23,6,10,18,0,0,0,26,12,11,18,0,13,12,16,22,0,3,18,19,13,8,0,22,12,11,18,0,0,0,26,13,10,5,0,13,12,18,6,0,3,18,22,3,2,0,22,13,10,5,0,0,0,26,13,10,1,0,13,12,19,1,1,3,18,23,1,1,0,22,13,10,1,0,0,0,26,13,29,29,6,13,12,29,29,16,3,18,23,29,26,0,22,13,29,29,6,0,0,26,0,0,0,0,13,9,0,0,0,3,18,0,0,0,0,22,0,0,0,0,0,0,26,27,27,17,0,13,28,27,27,0,3,29,27,27,8,0,23,27,27,17,0,0,0,26,4,8,18,0,13,12,4,23,0,3,20,4,16,8,0,23,4,8,18,0,0,0,26,8,9,18,13,13,11,11,22,8,9,18,13,13,11,11,22,8,9,18,13,0,0,26,13,12,18,22,13,12,18,22,13,12,18,22,13,12,18,22,13,12,18,22,0,0,26,13,12,18,22,13,12,18,22,13,12,18,22,13,12,18,22,13,12,18,22,0,0,26,13,12,18,22,13,12,18,22,13,12,18,22,13,12,18,22,13,12,18,22,0,0,26,4,6,18,6,13,10,5,22,4,6,18,6,13,10,5,22,4,6,18,6,0,0,26,0,3,18,0,13,8,0,22,0,3,18,0,13,8,0,22,0,3,18,0,0,0,26,0,3,18,0,13,8,0,22,0,3,18,0,13,8,0,22,0,3,18,0,0,0,26,0,3,18,0,13,8,0,22,0,3,18,0,13,8,0,22,0,3,18,0,0,0,26,0,3,18,0,13,8,0,22,0,3,18,0,13,8,0,22,0,3,18,0,0,0,26,0,1,8,0,6,3,0,9,0,1,8,0,6,3,0,9,0,1,8,0,0,0,26,11,11,11,11,11,11,11,11,11,11,11,11,11,11,11,11,11,11,11,8,0,0,26,4,4,4,4,4,4,4,4,4,4,4,4,4,4,4,4,4,4,4,3,0,0,21
0,16,12,15,0,16,5,0,22,16,5,0,22,16,5,0,22,0,6,15,22,0,4,0,16,12,15,8,16,8,5,22,16,5,0,22,16,8,5,22,6,9,15,22,0,4,0,16,12,15,22,16,12,15,22,16,5,0,22,16,12,15,22,16,12,15,22,0,4,0,16,12,15,22,16,12,15,22,16,5,0,22,16,12,15,22,16,12,15,22,0,4,0,16,12,15,22,16,12,15,22,16,5,0,22,16,12,15,22,16,12,15,22,0,4,0,11,11,15,16,16,10,11,22,11,4,0,16,16,10,11,22,11,11,15,16,0,3,3,0,7,15,0,2,1,0,22,0,1,2,0,16,6,0,3,0,7,15,0,2,1,22,16,12,15,22,2,7,15,22,16,12,15,22,16,12,15,3,16,12,15,22,16,10,22,16,12,15,22,16,12,15,22,16,12,15,22,16,12,15,22,16,12,15,22,16,10,22,6,9,15,8,16,8,5,22,6,9,15,8,16,8,5,22,6,9,15,8,16,7,22,7,9,15,0,16,5,0,22,7,9,15,10,16,5,0,22,0,6,15,10,16,8,22,16,12,15,1,16,6,1,22,16,12,15,22,16,6,1,22,1,7,15,22,16,10,22,16,12,15,22,16,12,15,22,16,12,15,22,16,12,15,22,16,12,15,22,16,10,22,13,11,15,22,16,12,15,22,13,11,15,17,16,12,15,22,16,12,15,17,16,9,22,0,6,15,22,16,12,15,22,0,6,15,0,16,12,15,22,16,12,15,0,16,5,22,0,6,15,0,16,5,0,22,0,6,15,0,16,5,0,22,0,6,15,0,16,5,22,0,6,15,0,16,5,0,22,0,6,15,0,16,5,0,22,0,6,15,0,16,5,0,0,6,15,0,0,0,0,22,0,0,0,0,16,5,0,0,0,6,15,0,0,0,19,14,26,15,13,2,4,9,26,25,11,13,23,28,9,9,3,9,10,28,22,14,9,22,16,11,3,22,16,12,15,6,20,12,15,23,6,8,15,22,16,7,6,23,16,10,22,16,5,0,22,16,12,15,0,16,12,15,22,0,6,15,22,16,5,0,22,16,10,22,16,5,0,13,16,10,9,0,16,12,15,22,0,4,9,22,10,3,0,22,16,10,0,16,5,0,0,16,5,0,0,16,5,0,22,0,0,0,22,0,0,0,22,0,4
0,0,0,0,0,0,0,0,0,0,0,0,0,0,0,0,0,0,0,0,0,0,0,0,0,0,0,0,0,0,0,0,0,0,0,0,0,0,0,0,0,0,0,0,0,0,0,10,8,3,18,0,2,15,4,10,7,0,18,2,4,15,0,10,8,3,18,0,0,0,12,12,19,22,0,2,18,22,12,9,0,21,12,12,19,0,12,12,19,22,0,0,0,0,2,19,22,0,0,0,22,12,9,0,0,12,12,19,0,0,2,19,22,0,0,0,11,13,19,22,0,7,11,25,12,9,3,11,19,12,19,0,11,13,19,22,0,0,0,20,20,13,22,0,13,20,20,12,9,6,20,20,9,19,0,20,20,13,22,0,0,0,3,7,7,24,0,0,7,7,17,9,0,6,7,10,19,0,3,7,7,24,0,0,0,12,26,25,28,0,2,28,25,27,9,0,22,25,25,19,0,12,26,25,28,0,0,0,12,9,0,22,0,2,19,0,12,9,0,22,0,2,19,0,12,9,0,22,0,0,8,12,12,18,22,12,12,19,21,12,12,18,22,12,12,19,21,12,12,18,22,12,9,8,12,12,19,22,12,12,19,22,12,12,19,22,12,12,19,22,12,12,19,22,12,9,8,12,12,19,22,12,12,19,22,12,12,19,22,12,12,19,22,12,12,19,22,12,9,8,12,12,19,22,12,12,19,22,12,12,19,22,12,12,19,22,12,12,19,22,12,9,0,12,9,0,22,0,2,19,0,12,9,0,22,0,2,19,0,12,9,0,22,0,0,0,12,9,0,22,0,2,19,0,12,9,0,22,0,2,19,0,12,9,0,22,0,0,0,12,9,0,22,0,2,19,0,12,9,0,22,0,2,19,0,12,9,0,22,0,0,0,12,9,0,22,0,2,19,0,12,9,0,22,0,2,19,0,12,9,0,22,0,0,0,12,9,0,22,0,2,19,0,12,9,0,22,0,2,19,0,12,9,0,22,0,0,0,1,0,0,2,0,0,1,0,1,0,0,2,0,0,1,0,1,0,0,2,0,0,5,17,17,17,17,17,17,17,17,17,17,17,17,17,17,17,17,17,17,17,17,17,1,0,0,0,0,0,0,0,0,0,0,0,0,0,0,0,0,0,0,0,0,0,0,0,0,0,0,0,0,0,0,0,0,0,0,0,0,0,0,0,0,0,0,0,0,0,0
21,0,0,0,0,0,0,0,0,0,0,0,8,23,0,0,0,0,0,0,0,0,0,21,0,11,20,1,4,20,8,0,18,15,0,8,23,3,7,7,7,7,7,7,7,7,21,0,16,29,1,6,29,11,0,26,21,0,8,23,12,29,29,29,29,29,29,29,29,21,0,16,29,1,6,29,11,0,26,21,0,8,23,4,15,29,18,10,10,10,28,24,21,0,16,29,1,6,29,11,0,26,21,0,8,23,0,8,29,13,1,0,1,27,22,21,0,16,29,1,6,29,11,0,26,21,0,8,23,12,29,29,29,17,2,29,29,29,21,0,16,29,1,6,29,11,0,26,21,0,8,23,7,17,17,17,10,1,17,17,17,21,0,12,21,1,5,21,8,0,19,16,0,8,24,3,3,3,3,3,3,3,3,3,21,0,0,0,0,0,0,0,0,0,0,0,8,28,28,28,28,28,28,28,28,28,28,21,0,0,6,7,7,7,7,7,7,0,0,3,7,7,7,7,7,7,7,7,7,7,21,0,0,7,8,8,8,8,8,8,0,0,4,8,8,8,8,8,8,8,8,8,8,21,0,0,0,0,0,0,0,0,0,0,0,0,0,0,0,11,11,11,11,11,11,7,21,0,8,14,0,3,14,5,0,13,10,0,0,0,0,1,29,29,29,29,29,29,17,21,0,16,29,1,6,29,11,0,26,21,0,0,0,0,0,6,6,6,12,29,16,4,21,0,16,29,1,6,29,11,0,26,21,0,0,0,0,0,0,0,0,6,29,11,0,21,0,16,29,1,6,29,11,0,26,21,0,0,17,27,27,27,27,2,6,29,11,10,21,0,16,29,1,6,29,11,0,26,21,0,0,18,16,4,4,4,0,6,29,11,1,21,0,16,29,1,6,29,11,0,26,21,0,0,18,13,0,7,7,7,13,29,16,7,21,0,16,29,1,6,29,11,0,26,21,0,0,18,13,1,29,29,29,29,29,29,29,21,0,16,29,1,6,29,11,0,26,21,0,0,18,13,0,10,10,10,10,10,10,10,21,0,16,29,1,6,29,11,0,26,21,0,0,18,13,14,17,17,17,17,17,17,17,21,0,16,29,1,6,29,11,0,26,21,0,0,18,13,0,0,0,0,0,0,0,0,21,0,16,29,1,6,29,11,0,26,21,0,0,18,17,5,5,5,5,5,0,0,11
12,12,12,12,12,12,12,12,12,12,12,12,12,12,12,12,12,12,12,12,12,12,12,3,3,3,3,3,3,3,3,3,3,3,3,3,3,3,3,3,3,3,3,3,3,3,0,0,0,0,0,1,17,17,17,17,17,17,10,1,17,17,17,17,17,17,10,0,0,2,0,6,3,2,1,29,29,29,29,29,29,17,1,29,29,29,29,29,29,17,0,0,8,0,22,13,8,0,1,27,22,1,1,1,1,0,1,27,22,1,1,1,1,0,0,8,0,22,13,8,0,0,26,21,0,2,2,2,2,0,26,21,0,1,2,2,2,2,8,0,22,13,8,0,0,26,21,0,29,29,29,25,0,26,21,0,17,29,29,29,29,8,0,22,13,8,0,0,26,21,0,0,0,0,0,0,26,21,0,0,0,0,0,28,8,0,22,9,6,0,12,28,25,12,12,12,12,12,12,28,25,12,12,12,7,0,28,8,0,22,0,0,1,29,29,29,29,29,29,29,29,29,29,29,29,29,29,17,0,28,8,0,22,0,0,0,5,5,5,5,5,5,5,5,5,5,5,5,5,5,3,0,28,8,0,22,2,17,17,17,17,17,17,17,17,17,17,17,17,17,17,17,17,17,6,28,8,0,22,0,0,0,0,0,0,0,0,0,0,0,0,0,0,0,0,0,0,0,28,8,0,22,11,7,0,0,14,17,17,17,17,17,17,5,0,4,10,10,10,10,10,29,8,0,22,13,8,0,0,0,0,0,0,0,0,13,8,0,11,29,29,29,29,29,29,8,0,22,13,19,14,14,14,14,14,0,0,0,13,8,0,3,7,7,7,7,7,29,8,0,22,13,10,1,5,6,6,6,5,4,0,13,8,0,0,0,0,0,0,0,28,1,0,3,13,8,0,23,11,11,11,11,11,1,13,20,17,17,17,17,17,17,6,28,0,0,0,13,8,0,22,0,0,0,0,0,0,14,8,0,0,0,0,0,0,0,28,0,0,0,13,8,0,22,0,7,15,15,15,15,15,4,0,9,22,22,22,22,22,29,0,0,0,8,5,0,7,0,0,0,0,0,0,0,0,0,10,25,25,25,25,25,25,2,2,2,2,2,2,2,2,2,2,2,2,2,2,2,2,2,2,2,2,2,2,2,13,13,13,13,13,13,13,13,13,13,13,13,13,13,13,13,13,13,13,13,13,13,13
0,0,0,0,0,0,0,0,0,0,0,0,0,0,0,0,0,0,0,0,0,0,0,0,0,0,0,0,0,0,0,0,0,0,0,0,0,0,0,0,0,0,0,0,0,0,0,0,0,0,0,0,0,0,0,0,0,0,0,0,0,0,0,0,0,0,0,0,0,0,0,0,0,0,0,0,0,0,0,0,0,0,0,0,0,0,0,0,0,0,0,0,0,0,0,0,0,0,0,0,0,0,0,0,0,0,0,0,0,0,0,0,0,0,0,0,0,0,0,0,0,0,0,0,0,0,0,0,0,0,0,0,0,0,0,0,0,0,8,8,8,8,8,8,8,8,8,8,8,8,8,8,8,8,8,8,8,8,8,8,8,7,7,7,7,7,7,7,7,7,7,7,7,7,7,7,7,7,7,7,7,7,7,7,15,20,20,20,5,8,20,20,20,12,6,25,10,0,0,1,0,0,6,25,10,8,20,20,29,29,28,7,11,28,29,28,16,6,29,11,0,6,29,11,0,6,29,11,11,28,0,16,29,2,3,0,6,29,11,3,6,29,11,0,6,29,11,0,6,29,11,3,6,0,16,29,5,18,0,6,29,11,22,6,29,11,0,6,29,11,0,6,29,11,22,6,0,16,29,5,18,0,6,29,11,22,6,29,11,0,6,29,11,0,6,29,11,22,6,0,16,29,5,15,0,6,29,11,18,6,29,11,0,6,29,11,0,6,29,11,18,6,8,20,29,10,8,8,13,29,17,8,13,29,11,0,6,29,11,0,6,29,17,8,13,29,29,29,29,29,29,29,29,29,29,29,29,11,0,2,10,4,0,6,29,29,29,29,9,9,9,9,9,9,9,9,9,9,9,9,3,0,0,0,0,0,2,9,9,9,9,0,0,0,0,0,0,0,0,0,0,0,0,0,0,0,0,0,0,0,0,0,0,0,0,0,0,0,0,0,0,0,0,0,0,0,0,0,0,0,0,0,0,0,0,0,0,0,0,0,0,0,0,0,0,0,0,0,0,0,0,0,0,0,0,0,0,0,0,0,0,0,0,0,0,0,0,0,0,0,0,0,0,0,0,0,0,0,0,0,0,0,0,0,0,0,0,0,0,0,0,0,0,0,0,0,0,0,0,0,0,0,0,0,0,0,0,0,0,0,0,0,0,0,0,0,0,0,0,0,0,0,0,0,0,0,0,0,0
4,13,12,18,22,2,8,18,22,13,12,3,22,13,12,18,3,16,12,18,22,4,5,28,9,6,4,15,13,28,17,20,13,28,18,15,3,4,12,23,27,11,17,22,28,11,22,0,0,0,0,13,8,0,0,0,3,18,0,0,0,0,22,0,0,0,0,13,8,22,0,3,16,0,13,8,0,19,0,3,18,0,12,7,0,22,0,3,16,0,13,8,22,0,3,18,0,13,8,0,22,0,3,18,0,13,8,0,22,0,3,18,0,13,8,22,13,12,18,21,13,8,0,22,0,3,18,21,13,12,17,22,0,3,18,0,13,12,22,13,12,18,22,13,11,13,22,9,10,18,22,13,12,18,22,9,10,18,16,13,12,22,13,12,18,22,13,12,18,22,13,12,18,22,13,12,18,22,13,12,18,22,13,12,22,2,5,18,3,13,12,18,22,13,12,18,3,13,9,3,22,13,12,18,22,13,9,22,0,3,18,0,13,11,10,22,7,8,18,0,13,8,0,22,7,8,18,12,13,8,22,4,6,18,6,13,10,5,22,4,6,18,6,13,10,5,22,4,6,18,6,13,10,22,13,12,18,22,13,12,18,22,13,12,18,22,13,12,18,22,13,12,18,22,13,12,22,13,9,4,22,13,12,18,22,13,12,18,22,3,6,18,22,13,12,18,22,13,12,22,1,1,1,2,13,9,1,5,1,4,18,2,1,1,1,22,1,1,4,2,13,9,22,8,9,18,14,13,11,12,0,8,9,18,14,13,11,12,22,8,5,0,14,13,11,22,13,12,18,22,13,12,18,0,13,12,18,22,13,12,18,22,13,8,0,22,13,12,22,13,12,18,22,13,12,18,0,13,12,18,22,13,12,18,22,13,8,0,22,13,12,22,13,12,18,22,13,12,18,0,13,12,18,22,13,12,18,22,13,8,0,22,13,12,22,6,8,18,10,13,12,18,0,13,12,18,10,13,10,8,22,13,8,0,22,13,10,22,0,3,18,0,13,12,18,0,13,12,18,0,13,8,0,22,13,8,0,22,13,8,10,0,1,9,0,6,8,18,0,13,10,8,0,6,4,0,10,13,8,0,22,6,4,2,0,0,0,0,0,6,18,0,13,11,1,0,0,0,0,1,15,8,0,23,2,0,20,0,0,0,0,4,29,18,0,13,29,10,0,0,0,0,14,29,8,0,23,29,0
0,6,29,7,0,29,17,0,20,27,0,0,0,17,6,4,4,2,7,14,4,1,0,0,6,29,7,0,29,17,0,20,27,0,0,0,17,25,23,19,0,7,26,23,5,0,0,6,29,7,0,29,17,0,20,27,0,0,0,17,12,8,23,0,7,19,8,2,0,0,6,29,7,0,29,17,0,20,27,0,0,10,17,8,6,22,8,10,14,10,0,0,0,6,29,7,0,29,17,0,20,27,0,0,22,17,12,14,22,17,12,14,22,0,0,0,6,29,7,0,29,17,0,20,27,0,0,22,17,12,14,22,17,12,14,22,0,0,0,6,29,7,0,29,17,0,20,27,0,0,22,17,12,14,22,17,12,14,22,0,0,0,6,29,7,0,29,17,0,20,27,0,0,9,17,8,6,22,7,10,14,9,0,0,0,6,29,7,0,15,9,0,20,27,0,0,0,17,4,0,22,0,7,14,0,0,0,0,6,29,7,0,0,0,0,20,27,0,0,0,17,4,0,22,0,7,14,0,0,0,0,6,29,7,0,26,16,0,20,27,0,0,0,17,4,0,22,0,7,14,0,0,0,0,6,29,7,0,29,17,0,20,27,0,0,0,17,4,0,22,0,7,14,0,0,0,0,6,29,7,0,29,17,0,5,7,0,0,0,10,2,0,13,0,4,8,0,0,0,0,6,29,7,0,29,17,0,3,4,0,0,5,7,7,7,7,7,7,7,7,1,0,0,6,29,7,0,29,17,0,20,27,0,0,5,8,8,8,8,8,8,8,8,2,0,0,6,29,7,0,29,17,0,20,27,0,0,0,7,11,11,9,0,3,11,11,2,0,0,6,29,7,0,29,17,0,20,27,0,0,0,17,22,20,24,0,7,25,20,4,0,0,6,29,7,0,29,17,0,20,27,0,0,0,17,10,9,22,0,7,14,15,0,0,0,6,29,7,0,29,17,0,20,27,0,0,0,13,11,14,22,0,5,10,22,0,0,0,6,29,7,0,29,17,0,20,27,0,0,0,0,7,14,22,0,0,0,22,0,0,0,1,7,2,0,29,17,0,20,27,0,0,2,17,21,14,22,0,14,17,24,0,0,0,1,4,1,0,29,17,0,20,27,0,0,2,14,14,7,22,0,12,14,12,0,0,0,6,29,7,0,29,17,0,20,27,0,0,0,8,13,13,23,0,3,13,13,3,0
25,1,6,25,10,0,23,19,0,14,25,1,6,25,10,0,23,19,0,14,25,1,6,29,1,6,29,11,0,26,21,0,16,29,1,6,29,11,0,26,21,0,16,29,1,6,29,1,6,29,11,0,26,21,0,16,29,1,6,29,11,0,26,21,0,16,29,1,6,29,1,6,29,11,0,26,21,0,16,29,1,6,29,11,0,26,21,0,16,29,1,6,29,1,6,29,11,0,26,21,0,16,29,1,6,29,11,0,26,21,0,16,29,1,6,29,1,6,29,11,0,26,21,0,16,29,1,6,29,11,0,26,21,0,16,29,1,6,17,1,3,17,6,0,15,12,0,9,17,1,3,17,6,0,15,12,0,9,17,1,3,0,0,0,0,0,0,0,0,0,0,0,0,0,0,0,0,0,0,0,0,0,0,0,0,0,10,12,12,12,12,12,12,12,12,12,12,12,12,12,12,12,12,12,12,12,12,0,0,3,3,3,3,3,3,3,3,3,3,3,3,3,3,3,3,3,3,3,3,3,0,0,0,0,0,0,0,0,0,0,0,0,0,0,0,0,0,0,0,0,0,0,0,0,0,4,19,7,0,17,14,0,11,19,1,4,19,7,0,17,14,0,11,19,1,4,0,0,6,29,11,0,26,21,0,16,29,1,6,29,11,0,26,21,0,16,29,1,6,0,0,6,29,11,0,26,21,0,16,29,1,6,29,11,0,26,21,0,16,29,1,6,0,0,6,29,11,0,26,21,0,16,29,1,6,29,11,0,26,21,0,16,29,1,6,0,0,6,29,11,0,26,21,0,16,29,1,6,29,11,0,26,21,0,16,29,1,6,0,0,1,4,1,0,4,3,0,2,4,0,1,4,1,0,4,3,0,2,4,0,1,0,0,0,0,0,0,0,0,0,0,0,0,0,0,0,0,0,0,0,0,0,0,0,0,0,0,0,0,0,0,0,0,0,0,0,0,0,0,0,0,0,0,0,0,0,0,0,0,14,17,17,17,17,17,17,17,17,17,17,17,17,17,17,17,17,17,17,17,17,0,0,0,0,0,0,0,0,0,0,0,0,0,0,0,0,0,0,0,0,0,0,0,0,0,0,0,0,0,0,0,0,0,0,0,0,0,0,0,0,0,0,0,0,0,0,0,0,2,9,3,0,8,7,0,5,9,0,2,9,3,0,8,7,0,5,9,0,2
0,0,0,0,0,0,0,0,0,0,0,27,20,0,17,29,0,7,29,10,0,0,0,12,17,17,17,10,0,0,0,0,0,0,27,20,0,17,29,0,7,29,10,0,0,0,20,29,29,29,16,0,0,7,28,10,0,27,20,0,17,29,0,7,29,10,0,27,20,18,29,1,0,0,0,0,7,29,10,0,27,20,0,17,29,0,7,29,10,0,27,20,17,29,0,24,27,23,0,7,29,10,0,27,20,0,17,29,0,7,29,10,0,27,20,17,29,0,4,4,4,0,7,29,10,0,27,20,0,17,29,0,7,29,10,0,7,5,19,29,16,15,9,0,0,6,25,9,0,27,20,0,17,29,0,7,29,10,0,0,0,20,29,29,29,16,0,0,0,0,0,0,27,20,0,17,29,0,7,29,10,0,0,0,2,2,2,2,1,0,0,0,0,0,0,27,20,0,17,29,0,7,29,10,0,0,0,11,17,17,17,17,17,17,17,0,0,0,27,20,0,17,29,0,7,29,10,0,0,0,0,0,0,0,0,0,0,0,0,0,0,27,20,0,17,29,0,7,29,10,0,0,0,0,0,0,0,6,10,0,2,10,4,0,27,20,0,17,29,0,7,29,10,0,0,0,5,0,0,0,17,29,0,7,29,10,0,27,20,0,17,29,0,7,29,10,0,0,0,18,0,0,0,17,29,0,7,29,10,0,27,20,0,17,29,0,7,29,10,0,0,0,18,0,0,0,17,29,0,7,29,10,0,27,20,0,17,29,0,7,29,10,0,0,0,18,0,0,0,17,29,0,7,29,10,0,26,19,0,16,27,0,7,27,10,0,0,0,4,0,0,0,17,29,0,7,29,10,0,0,0,0,0,0,0,0,0,0,0,0,0,0,0,0,0,17,29,0,7,29,10,0,13,10,0,8,14,0,3,14,5,0,0,0,0,0,0,0,1,1,0,0,1,0,0,27,20,0,17,29,0,7,29,10,0,0,0,0,0,0,0,0,0,0,0,0,0,0,27,20,0,17,29,0,7,29,10,0,0,0,11,17,17,17,17,17,17,17,0,0,0,27,20,0,17,29,0,7,29,10,0,0,0,6,9,9,2,0,0,0,0,0,0,0,27,20,0,17,29,0,7,29,10,0,0,0,20,29,29,6,0,0,0,1,4,1,0,27,20,0,17,29,0,7,29,10,0,0,0
0,6,29,7,0,29,17,0,14,19,0,7,20,5,0,20,12,0,14,19,0,0,0,0,6,29,7,0,29,17,0,20,27,0,10,29,7,0,29,17,0,20,27,0,0,0,0,6,29,7,0,29,17,0,20,27,0,10,29,7,0,29,17,0,20,27,0,0,0,0,6,29,7,0,29,17,0,20,27,0,10,29,7,0,29,17,0,20,27,0,0,0,0,6,29,7,0,29,17,0,20,27,0,10,29,7,0,29,17,0,20,27,0,0,0,0,6,29,7,0,29,17,0,20,27,0,10,29,7,0,29,17,0,20,27,0,0,0,0,6,29,7,0,29,17,0,15,20,0,8,21,5,0,21,13,0,15,20,0,0,0,0,6,29,7,0,29,17,0,0,0,0,0,0,0,0,0,0,0,0,0,0,0,0,0,6,29,7,0,25,15,0,0,0,0,7,7,7,7,7,7,7,7,7,7,1,0,0,6,29,7,0,0,0,0,0,0,0,8,8,8,8,8,8,8,8,8,8,2,0,0,6,29,7,0,17,10,0,0,0,0,0,0,0,0,0,0,0,0,0,0,0,0,0,6,29,7,0,29,17,0,10,13,0,5,14,3,0,14,8,0,10,13,0,0,0,0,6,29,7,0,29,17,0,20,27,0,10,29,7,0,29,17,0,20,27,0,0,0,0,6,29,7,0,29,17,0,20,27,0,10,29,7,0,29,17,0,20,27,0,0,0,0,6,29,7,0,29,17,0,20,27,0,10,29,7,0,29,17,0,20,27,0,0,0,0,6,29,7,0,29,17,0,20,27,0,10,29,7,0,29,17,0,20,27,0,0,0,0,6,29,7,0,29,17,0,6,9,0,3,9,2,0,9,5,0,6,9,0,0,0,0,6,29,7,0,29,17,0,0,0,0,0,0,0,0,0,0,0,0,0,0,0,0,0,6,29,7,0,29,17,0,0,0,0,0,0,0,0,0,0,0,0,0,0,0,0,0,6,29,7,0,29,17,0,0,0,0,16,17,17,17,17,17,17,17,17,17,3,0,0,4,17,4,0,29,17,0,0,0,0,0,0,0,0,0,0,0,0,0,0,0,0,0,0,0,0,0,29,17,0,0,0,0,0,0,0,0,0,0,0,0,0,0,0,0,0,5,25,6,0,29,17,0,6,8,0,3,8,2,0,8,5,0,6,8,0,0,0
16,0,0,0,17,29,0,7,29,10,0,27,20,0,17,29,0,7,29,10,0,0,0,18,0,0,0,17,29,0,7,29,10,0,27,20,0,17,29,0,7,29,10,0,0,0,18,0,0,0,17,29,0,7,29,10,0,27,20,0,17,29,0,7,29,10,0,0,0,12,0,0,0,17,29,0,7,29,10,0,27,20,0,17,29,0,7,29,10,0,0,0,0,0,0,0,7,11,0,3,11,4,0,27,20,0,17,29,0,7,27,10,0,0,0,0,0,0,0,0,0,0,0,0,0,0,27,20,0,17,29,0,0,0,0,0,0,0,11,17,17,17,17,17,17,17,0,0,0,27,20,0,17,29,0,3,14,5,0,0,0,0,0,0,0,0,0,0,0,0,0,0,27,20,0,17,29,0,7,29,10,0,0,0,15,21,21,21,12,0,0,0,0,0,0,27,20,0,17,29,0,7,29,10,0,0,0,20,29,27,26,15,0,0,6,25,9,0,27,20,0,17,29,0,7,29,10,0,0,0,17,29,0,0,0,0,0,7,29,10,0,27,20,0,17,29,0,7,29,10,0,6,4,17,29,0,20,23,19,0,7,29,10,0,27,20,0,17,29,0,7,29,10,0,27,20,17,29,0,7,8,7,0,7,29,10,0,27,20,0,17,29,0,7,29,10,0,27,20,19,29,20,19,11,0,0,7,29,10,0,27,20,0,17,29,0,7,29,10,0,27,20,20,28,28,28,16,0,0,0,0,0,0,27,20,0,17,29,0,7,29,10,0,0,0,0,0,0,0,0,0,0,0,0,0,0,27,20,0,17,29,0,7,29,10,0,0,0,0,0,0,0,0,0,0,0,0,0,0,27,20,0,17,29,0,7,29,10,0,0,0,11,17,17,17,17,17,17,17,0,0,0,27,20,0,17,29,0,7,29,10,0,0,0,4,9,9,9,9,9,9,0,0,0,0,27,20,0,17,29,0,7,29,10,0,0,0,12,29,29,29,29,29,29,2,0,0,0,27,20,0,17,29,0,7,29,10,0,0,0,3,8,8,8,8,8,29,2,0,0,0,27,20,0,17,29,0,7,29,10,0,0,0,8,11,11,11,11,4,29,2,0,0,0,27,20,0,17,29,0,7,29,10,0,0,0,3,4,4,4,4,1,29,2,0,0,0,27,20,0,17,29,0,7,29,10,0,0,0
0,0,0,0,0,0,0,0,0,0,0,0,0,0,0,0,0,0,0,0,0,0,0,0,0,0,0,0,0,0,0,0,0,0,0,0,0,0,0,0,0,0,0,0,0,0,0,0,0,0,0,0,0,0,0,0,0,0,0,0,0,0,0,0,0,0,0,0,0,0,0,0,0,0,0,0,0,0,0,0,0,0,0,0,0,0,0,0,0,0,0,0,0,0,0,0,0,0,0,0,0,0,0,0,0,0,0,0,0,0,0,0,0,0,0,0,0,0,0,0,0,0,0,0,0,0,0,0,0,0,0,0,0,0,0,0,0,0,13,13,13,13,13,13,13,13,13,13,13,13,13,13,13,13,13,13,13,13,13,13,13,2,2,2,2,2,2,2,2,2,2,2,2,2,2,2,2,2,2,2,2,2,2,2,16,0,2,13,0,10,6,0,16,0,2,13,0,10,6,0,16,0,2,13,0,10,6,22,0,3,18,0,13,8,0,22,0,3,18,0,13,8,0,22,0,3,18,0,13,8,22,0,3,18,0,13,8,0,22,0,3,18,0,13,8,0,22,0,3,18,0,13,8,22,0,3,18,0,13,8,0,22,0,3,18,0,13,8,0,22,0,3,18,0,13,8,22,0,3,18,0,13,8,0,22,0,3,18,0,13,8,0,22,0,3,18,0,13,8,22,8,9,18,13,13,11,11,22,8,9,18,13,13,11,11,22,8,9,18,13,13,11,22,13,12,18,22,13,12,18,22,13,12,18,22,13,12,18,22,13,12,18,22,13,12,22,13,12,18,22,13,12,18,22,13,12,18,22,13,12,18,22,13,12,18,22,13,12,11,6,6,9,11,6,6,9,11,6,6,9,11,6,6,9,11,6,6,9,11,6,6,0,0,0,0,0,0,0,0,0,0,0,0,0,0,0,0,0,0,0,0,0,0,0,0,0,0,0,0,0,0,0,0,0,0,0,0,0,0,0,0,0,0,0,0,0,0,0,0,0,0,0,0,0,0,0,0,0,0,0,0,0,0,0,0,0,0,0,0,0,0,0,0,0,0,0,0,0,0,0,0,0,0,0,0,0,0,0,0,0,0,0,0,0,0,0,0,0,0,0,0,0,0,0,0,0,0,0,0,0,0,0,0,0,0,0,0,0,0,0,0,0,0,0,0,0,0,0,0,0,0,0,0,0,0,0,0,0,0
0,0,0,0,0,0,0,0,0,0,0,0,0,0,0,0,0,0,0,0,0,0,0,0,0,0,0,0,0,0,0,0,0,0,0,0,0,0,0,0,0,0,0,0,0,0,0,0,0,0,0,0,0,0,0,0,0,0,0,0,0,0,0,0,0,0,0,0,0,0,0,0,0,0,0,0,0,0,0,0,0,0,0,0,0,0,0,0,0,0,0,0,0,0,0,0,0,0,0,0,0,0,0,0,0,0,0,0,0,0,0,0,0,0,0,0,0,0,0,0,0,0,0,0,0,0,0,0,0,0,0,0,0,0,0,0,0,0,13,13,13,13,13,13,13,13,13,13,13,13,13,13,13,13,13,13,13,13,13,13,13,2,2,2,2,2,2,2,2,2,2,2,2,2,2,2,2,2,2,2,2,2,2,2,16,0,2,13,0,10,6,0,16,0,2,13,0,10,6,0,16,0,2,13,0,10,6,22,0,3,18,0,13,8,0,22,0,3,18,0,13,8,0,22,0,3,18,0,13,8,22,0,3,18,0,13,8,0,22,0,3,18,0,13,8,0,22,0,3,18,0,13,8,22,0,3,18,0,13,8,0,22,0,3,18,0,13,8,0,22,0,3,18,0,13,8,22,0,3,18,0,13,8,0,22,0,3,18,0,13,8,0,22,0,3,18,0,13,8,22,8,9,18,13,13,11,11,22,8,9,18,13,13,11,11,22,8,9,18,13,13,11,22,13,12,18,22,13,12,18,22,13,12,18,22,13,12,18,22,13,12,18,22,13,12,22,13,12,18,22,13,12,18,22,13,12,18,22,13,12,18,22,13,12,18,22,13,12,11,6,6,9,11,6,6,9,11,6,6,9,11,6,6,9,11,6,6,9,11,6,6,0,0,0,0,0,0,0,0,0,0,0,0,0,0,0,0,0,0,0,0,0,0,0,0,0,0,0,0,0,0,0,0,0,0,0,0,0,0,0,0,0,0,0,0,0,0,0,0,0,0,0,0,0,0,0,0,0,0,0,0,0,0,0,0,0,0,0,0,0,0,0,0,0,0,0,0,0,0,0,0,0,0,0,0,0,0,0,0,0,0,0,0,0,0,0,0,0,0,0,0,0,0,0,0,0,0,0,0,0,0,0,0,0,0,0,0,0,0,0,0,0,0,0,0,0,0,0,0,0,0,0,0,0,0,0,0,0,0
0,0,0,0,0,0,0,0,0,0,0,0,0,0,0,0,0,0,0,0,0,0,0,0,0,0,0,0,0,0,0,0,0,0,0,0,0,0,0,0,0,0,0,0,0,0,0,0,0,0,0,0,0,0,0,0,0,0,0,0,0,0,0,0,0,0,0,0,0,0,0,0,0,0,0,0,0,0,0,0,0,0,0,0,0,0,0,0,0,0,0,0,0,0,0,0,0,0,0,0,0,0,0,0,0,0,0,0,0,0,0,0,0,0,0,0,0,0,0,0,0,0,0,0,0,0,0,0,0,0,0,0,0,0,0,0,0,0,13,13,13,13,13,13,13,13,13,13,13,13,13,13,13,13,13,13,13,13,13,13,13,2,2,2,2,2,2,2,2,2,2,2,2,2,2,2,2,2,2,2,2,2,2,2,16,0,2,13,0,10,6,0,16,0,2,13,0,10,6,0,16,0,2,13,0,10,6,22,0,3,18,0,13,8,0,22,0,3,18,0,13,8,0,22,0,3,18,0,13,8,22,0,3,18,0,13,8,0,22,0,3,18,0,13,8,0,22,0,3,18,0,13,8,22,0,3,18,0,13,8,0,22,0,3,18,0,13,8,0,22,0,3,18,0,13,8,22,0,3,18,0,13,8,0,22,0,3,18,0,13,8,0,22,0,3,18,0,13,8,22,8,9,18,13,13,11,11,22,8,9,18,13,13,11,11,22,8,9,18,13,13,11,22,13,12,18,22,13,12,18,22,13,12,18,22,13,12,18,22,13,12,18,22,13,12,22,13,12,18,22,13,12,18,22,13,12,18,22,13,12,18,22,13,12,18,22,13,12,11,6,6,9,11,6,6,9,11,6,6,9,11,6,6,9,11,6,6,9,11,6,6,0,0,0,0,0,0,0,0,0,0,0,0,0,0,0,0,0,0,0,0,0,0,0,0,0,0,0,0,0,0,0,0,0,0,0,0,0,0,0,0,0,0,0,0,0,0,0,0,0,0,0,0,0,0,0,0,0,0,0,0,0,0,0,0,0,0,0,0,0,0,0,0,0,0,0,0,0,0,0,0,0,0,0,0,0,0,0,0,0,0,0,0,0,0,0,0,0,0,0,0,0,0,0,0,0,0,0,0,0,0,0,0,0,0,0,0,0,0,0,0,0,0,0,0,0,0,0,0,0,0,0,0,0,0,0,0,0,0
0,0,0,0,0,0,0,0,0,0,0,0,0,0,0,0,0,0,0,0,0,0,0,0,0,0,0,0,0,0,0,0,0,0,0,0,0,0,0,0,0,0,0,0,0,0,0,0,0,0,0,0,0,0,0,0,0,0,0,0,0,0,0,0,0,0,0,0,0,0,0,0,0,0,0,0,0,0,0,0,0,0,0,0,0,0,0,0,0,0,0,0,0,0,0,0,0,0,0,0,0,0,0,0,0,0,0,0,0,0,0,0,0,0,0,0,0,0,0,0,0,0,0,0,0,0,0,0,0,0,0,0,0,0,0,0,0,0,13,13,13,13,13,13,13,13,13,13,13,13,13,13,13,13,13,13,13,13,13,13,13,2,2,2,2,2,2,2,2,2,2,2,2,2,2,2,2,2,2,2,2,2,2,2,16,0,2,13,0,10,6,0,16,0,2,13,0,10,6,0,16,0,2,13,0,10,6,22,0,3,18,0,13,8,0,22,0,3,18,0,13,8,0,22,0,3,18,0,13,8,22,0,3,18,0,13,8,0,22,0,3,18,0,13,8,0,22,0,3,18,0,13,8,22,0,3,18,0,13,8,0,22,0,3,18,0,13,8,0,22,0,3,18,0,13,8,22,0,3,18,0,13,8,0,22,0,3,18,0,13,8,0,22,0,3,18,0,13,8,22,8,9,18,13,13,11,11,22,8,9,18,13,13,11,11,22,8,9,18,13,13,11,22,13,12,18,22,13,12,18,22,13,12,18,22,13,12,18,22,13,12,18,22,13,12,22,13,12,18,22,13,12,18,22,13,12,18,22,13,12,18,22,13,12,18,22,13,12,11,6,6,9,11,6,6,9,11,6,6,9,11,6,6,9,11,6,6,9,11,6,6,0,0,0,0,0,0,0,0,0,0,0,0,0,0,0,0,0,0,0,0,0,0,0,0,0,0,0,0,0,0,0,0,0,0,0,0,0,0,0,0,0,0,0,0,0,0,0,0,0,0,0,0,0,0,0,0,0,0,0,0,0,0,0,0,0,0,0,0,0,0,0,0,0,0,0,0,0,0,0,0,0,0,0,0,0,0,0,0,0,0,0,0,0,0,0,0,0,0,0,0,0,0,0,0,0,0,0,0,0,0,0,0,0,0,0,0,0,0,0,0,0,0,0,0,0,0,0,0,0,0,0,0,0,0,0,0,0,0
0,0,0,0,0,0,0,0,0,0,0,0,0,0,0,0,0,0,0,0,0,0,0,0,0,0,0,0,0,0,0,0,0,0,0,0,0,0,0,0,0,0,0,0,0,0,8,8,8,8,8,8,8,8,8,8,8,8,8,8,8,8,8,8,8,8,8,8,8,7,7,7,7,7,7,7,7,7,7,7,7,7,7,7,7,7,7,7,7,7,7,7,0,7,5,0,13,0,2,10,0,7,5,0,13,0,2,10,0,7,5,0,13,0,2,0,13,8,0,22,0,3,18,0,13,8,0,22,0,3,18,0,13,8,0,22,0,3,0,13,8,0,22,0,3,18,0,13,8,0,22,0,3,18,0,13,8,0,22,0,3,0,13,8,0,22,0,3,18,0,13,8,0,22,0,3,18,0,13,8,0,22,0,3,0,13,8,0,22,0,3,18,0,13,8,0,22,0,3,18,0,13,8,0,22,0,3,9,13,10,8,22,6,7,18,9,13,10,8,22,6,7,18,9,13,10,8,22,6,7,22,13,12,18,22,13,12,18,22,13,12,18,22,13,12,18,22,13,12,18,22,13,12,22,13,12,18,22,13,12,18,22,13,12,18,22,13,12,18,22,13,12,18,22,13,12,22,13,12,18,22,13,12,18,22,13,12,18,22,13,12,18,22,13,12,18,22,13,12,10,13,10,8,22,6,8,18,10,13,10,8,22,6,8,18,10,13,10,8,22,6,8,0,13,15,8,24,0,3,22,8,18,8,0,23,8,11,18,0,13,15,8,24,0,3,0,11,23,23,27,0,3,23,23,26,8,0,19,23,24,18,0,11,23,23,27,0,3,0,4,4,3,22,0,3,4,4,13,8,1,4,4,5,18,0,4,4,3,22,0,3,0,27,28,18,22,0,19,27,28,13,8,10,27,28,12,18,0,27,28,18,22,0,19,0,0,3,18,22,0,0,0,22,13,8,0,0,13,12,18,0,0,3,18,22,0,0,0,5,7,18,22,0,1,6,22,13,8,0,8,13,12,18,0,5,7,18,22,0,1,0,4,4,6,7,0,1,6,7,4,2,0,7,4,4,6,0,4,4,6,7,0,1,0,0,0,0,0,0,0,0,0,0,0,0,0,0,0,0,0,0,0,0,0,0,0,0,0,0,0,0,0,0,0,0,0,0,0,0,0,0,0,0,0,0,0,0,0,0
0,0,0,0,0,0,0,0,0,0,0,0,0,0,0,0,0,0,0,0,0,0,0,0,1,6,1,0,0,0,0,0,0,0,0,0,0,0,0,0,0,0,0,0,0,0,0,6,29,7,0,10,6,0,7,10,0,0,0,0,0,0,0,0,0,0,0,0,0,0,6,29,7,0,29,17,0,20,27,0,0,7,11,11,11,11,11,11,11,11,2,0,0,6,29,7,0,29,17,0,20,27,0,0,3,4,4,4,4,4,4,4,4,1,0,0,6,29,7,0,29,17,0,20,27,0,0,0,11,3,0,15,0,5,9,0,0,0,0,6,29,7,0,29,17,0,20,27,0,0,0,17,4,0,22,0,7,14,0,0,0,0,6,29,7,0,29,17,0,20,27,0,0,0,17,4,0,22,0,7,14,0,0,0,0,6,29,7,0,29,17,0,20,27,0,0,0,17,4,0,22,0,7,14,0,0,0,0,6,29,7,0,29,17,0,20,27,0,0,0,17,4,0,22,0,7,14,0,0,0,0,6,29,7,0,29,17,0,20,27,0,0,12,17,9,7,22,9,10,14,12,0,0,0,6,29,7,0,29,17,0,20,27,0,0,22,17,12,14,22,17,12,14,22,0,0,0,5,23,6,0,29,17,0,20,27,0,0,22,17,12,14,22,17,12,14,22,0,0,0,0,0,0,0,29,17,0,20,27,0,0,22,17,12,14,22,17,12,14,22,0,0,0,4,18,5,0,29,17,0,20,27,0,0,8,17,7,5,22,6,9,14,8,0,0,0,6,29,7,0,29,17,0,20,27,0,0,0,17,14,11,23,0,7,20,11,2,0,0,6,29,7,0,29,17,0,20,27,0,0,0,12,20,20,24,0,5,20,20,4,0,0,6,29,7,0,29,17,0,20,27,0,0,1,7,7,3,22,0,6,7,6,0,0,0,6,29,7,0,29,17,0,20,27,0,0,4,25,26,14,22,0,20,25,24,0,0,0,6,29,7,0,29,17,0,20,27,0,0,0,0,7,14,22,0,0,0,22,0,0,0,6,29,7,0,29,17,0,20,27,0,0,0,8,10,14,22,0,3,6,22,0,0,0,1,6,1,0,6,4,0,4,6,0,0,0,4,3,3,5,0,1,3,5,0,0,0,0,0,0,0,0,0,0,0,0,0,0,0,0,0,0,0,0,0,0,0,0,0
12,12,12,12,12,12,12,12,12,12,12,12,12,12,12,12,12,12,12,12,12,12,12,3,3,3,3,3,3,3,3,3,3,3,3,3,3,3,3,3,3,3,3,3,3,3,9,6,0,16,0,2,13,0,9,6,0,16,0,2,13,0,9,6,0,16,0,2,13,13,8,0,22,0,3,18,0,13,8,0,22,0,3,18,0,13,8,0,22,0,3,18,13,8,0,22,0,3,18,0,13,8,0,22,0,3,18,0,13,8,0,22,0,3,18,13,8,0,22,0,3,18,0,13,8,0,22,0,3,18,0,13,8,0,22,0,3,18,13,8,0,22,0,3,18,0,13,8,0,22,0,3,18,0,13,8,0,22,0,3,18,13,11,10,22,7,9,18,13,13,11,10,22,7,9,18,13,13,11,10,22,7,9,18,13,12,18,22,13,12,18,22,13,12,18,22,13,12,18,22,13,12,18,22,13,12,18,13,12,18,22,13,12,18,22,13,12,18,22,13,12,18,22,13,12,18,22,13,12,18,13,12,18,22,13,12,18,22,13,12,18,22,13,12,18,22,13,12,18,22,13,12,18,13,10,6,22,4,6,18,7,13,10,6,22,4,6,18,7,13,10,6,22,4,6,18,20,8,0,23,12,15,18,0,13,18,12,25,0,3,23,12,20,8,0,23,12,15,18,24,8,0,15,19,21,18,0,9,19,19,26,0,2,19,19,24,8,0,15,19,21,18,13,8,3,8,8,6,18,0,8,8,5,22,0,6,8,8,13,8,3,8,8,6,18,13,8,8,23,26,12,18,0,23,24,18,22,0,16,23,27,13,8,8,23,26,12,18,13,8,0,0,13,12,18,0,0,3,18,22,0,0,0,22,13,8,0,0,13,12,18,13,8,0,11,13,12,18,0,6,8,18,22,0,1,9,22,13,8,0,11,13,12,18,13,8,0,22,8,9,18,0,13,11,11,22,0,3,18,13,13,8,0,22,8,9,18,21,8,0,23,14,16,18,0,13,19,14,25,0,3,24,14,21,8,0,23,14,16,18,17,5,0,14,17,17,11,0,8,17,17,17,0,2,17,17,17,5,0,14,17,17,11,2,2,2,2,2,2,2,2,2,2,2,2,2,2,2,2,2,2,2,2,2,2,2,13,13,13,13,13,13,13,13,13,13,13,13,13,13,13,13,13,13,13,13,13,13,13
12,12,12,12,12,12,12,12,12,12,12,12,12,12,12,12,12,12,12,12,12,12,12,3,3,3,3,3,3,3,3,3,3,3,3,3,3,3,3,3,3,3,3,3,3,3,9,6,0,16,0,2,13,0,9,6,0,16,0,2,13,0,9,6,0,16,0,2,13,13,8,0,22,0,3,18,0,13,8,0,22,0,3,18,0,13,8,0,22,0,3,18,13,8,0,22,0,3,18,0,13,8,0,22,0,3,18,0,13,8,0,22,0,3,18,13,8,0,22,0,3,18,0,13,8,0,22,0,3,18,0,13,8,0,22,0,3,18,13,8,0,22,0,3,18,0,13,8,0,22,0,3,18,0,13,8,0,22,0,3,18,13,11,10,22,7,9,18,13,13,11,10,22,7,9,18,13,13,11,10,22,7,9,18,13,12,18,22,13,12,18,22,13,12,18,22,13,12,18,22,13,12,18,22,13,12,18,13,12,18,22,13,12,18,22,13,12,18,22,13,12,18,22,13,12,18,22,13,12,18,13,12,18,22,13,12,18,22,13,12,18,22,13,12,18,22,13,12,18,22,13,12,18,13,10,6,22,4,6,18,7,13,10,6,22,4,6,18,7,13,10,6,22,4,6,18,20,8,0,23,12,15,18,0,13,18,12,25,0,3,23,12,20,8,0,23,12,15,18,24,8,0,15,19,21,18,0,9,19,19,26,0,2,19,19,24,8,0,15,19,21,18,13,8,3,8,8,6,18,0,8,8,5,22,0,6,8,8,13,8,3,8,8,6,18,13,8,8,23,26,12,18,0,23,24,18,22,0,16,23,27,13,8,8,23,26,12,18,13,8,0,0,13,12,18,0,0,3,18,22,0,0,0,22,13,8,0,0,13,12,18,13,8,0,11,13,12,18,0,6,8,18,22,0,1,9,22,13,8,0,11,13,12,18,13,8,0,22,8,9,18,0,13,11,11,22,0,3,18,13,13,8,0,22,8,9,18,21,8,0,23,14,16,18,0,13,19,14,25,0,3,24,14,21,8,0,23,14,16,18,17,5,0,14,17,17,11,0,8,17,17,17,0,2,17,17,17,5,0,14,17,17,11,2,2,2,2,2,2,2,2,2,2,2,2,2,2,2,2,2,2,2,2,2,2,2,13,13,13,13,13,13,13,13,13,13,13,13,13,13,13,13,13,13,13,13,13,13,13
0,0,0,0,0,0,0,0,0,0,0,0,0,0,0,0,0,0,0,0,0,0,0,0,0,0,0,0,0,0,0,0,0,0,0,0,0,0,0,0,0,0,0,0,0,0,15,4,11,7,0,18,2,4,15,0,11,7,3,18,0,3,15,4,11,7,0,0,0,17,22,13,8,0,21,13,12,18,0,13,12,18,22,0,3,17,22,13,8,0,0,0,0,22,13,8,0,0,13,12,18,0,0,3,18,22,0,0,0,22,13,8,0,0,0,11,25,13,8,4,11,20,12,18,0,11,14,18,22,0,8,11,25,13,8,0,0,0,20,20,13,8,7,20,20,10,18,0,20,20,13,22,0,14,20,20,13,8,0,0,0,7,7,18,8,0,6,7,10,18,0,3,7,7,24,0,1,7,7,18,8,0,0,0,28,25,27,8,0,23,25,25,18,0,13,26,25,27,0,3,28,25,27,8,0,0,0,18,0,13,8,0,22,0,3,18,0,13,8,0,22,0,3,18,0,13,8,0,0,0,18,21,13,12,17,22,13,12,18,21,13,12,17,22,13,12,18,21,13,12,17,0,13,18,22,13,12,18,22,13,12,18,22,13,12,18,22,13,12,18,22,13,12,18,0,13,18,22,13,12,18,22,13,12,18,22,13,12,18,22,13,12,18,22,13,12,18,0,13,18,22,13,12,18,22,13,12,18,22,13,12,18,22,13,12,18,22,13,12,18,0,13,18,0,13,8,0,22,0,3,18,0,13,8,0,22,0,3,18,0,13,8,0,0,0,18,0,13,8,0,22,0,3,18,0,13,8,0,22,0,3,18,0,13,8,0,0,0,18,0,13,8,0,22,0,3,18,0,13,8,0,22,0,3,18,0,13,8,0,0,0,18,0,13,8,0,22,0,3,18,0,13,8,0,22,0,3,18,0,13,8,0,0,0,18,0,13,8,0,22,0,3,18,0,13,8,0,22,0,3,18,0,13,8,0,0,0,1,0,1,0,0,2,0,0,1,0,1,0,0,2,0,0,1,0,1,0,0,0,0,17,17,17,17,17,17,17,17,17,17,17,17,17,17,17,17,17,17,17,17,6,0,2,0,0,0,0,0,0,0,0,0,0,0,0,0,0,0,0,0,0,0,0,0,0,0,0,0,0,0,0,0,0,0,0,0,0,0,0,0,0,0,0,0,0,0,0,0,0
0,1,18,1,3,15,2,0,2,19,0,12,9,0,2,10,8,1,18,1,0,0,22,0,0,22,0,2,19,0,0,2,19,0,12,9,0,0,12,9,0,22,0,0,0,22,5,0,22,12,12,19,0,7,8,19,0,12,11,11,0,12,12,18,22,0,1,11,22,8,0,22,12,12,19,0,12,12,19,0,12,12,19,0,12,12,19,22,0,2,19,22,9,5,24,12,12,21,5,12,12,19,0,12,12,19,4,16,12,19,22,5,4,19,22,8,28,26,11,11,26,29,8,6,3,0,2,3,12,22,26,11,17,20,28,11,12,4,2,19,0,0,0,0,22,0,0,0,0,0,0,0,22,0,0,0,0,12,9,0,0,2,19,0,11,8,0,22,0,2,17,0,11,8,0,22,0,2,17,0,12,9,0,20,2,19,0,12,9,0,22,0,2,19,0,12,9,0,22,0,2,19,0,12,9,0,22,11,19,0,12,9,0,22,12,12,19,0,12,12,19,22,0,2,19,0,12,12,19,22,11,19,16,12,12,14,22,12,12,19,0,12,12,19,22,9,10,19,16,12,12,19,22,11,19,22,12,12,19,22,12,12,19,0,12,12,19,22,12,12,19,22,12,12,19,22,4,19,22,12,12,19,22,1,4,19,0,12,10,2,22,12,12,19,22,12,10,2,22,2,19,11,12,11,9,22,0,2,19,0,12,9,0,22,6,7,19,11,12,9,0,22,5,19,7,12,10,6,22,4,6,19,0,12,10,6,22,4,6,19,7,12,10,6,22,11,19,22,12,12,19,22,12,12,19,0,12,12,19,22,12,12,19,22,12,12,19,22,11,19,22,12,12,19,22,12,10,3,0,2,4,19,22,12,12,19,22,12,12,19,4,3,19,1,2,2,1,22,0,1,2,0,1,1,1,22,0,1,3,1,12,10,1,3,8,19,15,0,1,13,22,8,9,19,0,12,11,13,22,8,6,0,15,12,11,13,22,11,19,22,0,2,19,22,12,12,19,0,12,12,19,22,12,9,0,22,12,12,19,22,11,19,22,0,2,19,22,12,12,19,0,12,12,19,22,12,9,0,22,12,12,19,22,11,19,22,0,2,19,22,12,12,19,0,12,12,19,22,12,9,0,22,12,12,19,22,6,19,22,0,2,19,22,5,7,19,0,12,11,8,22,12,9,0,22,12,11,8,22
22,6,7,18,0,13,10,8,22,0,3,18,9,13,8,0,22,6,7,18,0,13,10,23,19,21,18,0,13,22,19,26,0,3,26,19,24,8,0,23,19,21,18,0,13,22,10,12,12,8,0,6,12,12,12,0,1,12,12,12,3,0,10,12,12,8,0,6,12,7,7,7,7,7,7,7,7,7,7,7,7,7,7,7,7,7,7,7,7,7,7,7,8,8,8,8,8,8,8,8,8,8,8,8,8,8,8,8,8,8,8,8,8,8,8,12,0,2,10,0,7,4,0,12,0,2,10,0,7,4,0,12,0,2,10,0,7,4,22,0,3,18,0,13,8,0,22,0,3,18,0,13,8,0,22,0,3,18,0,13,8,22,0,3,18,0,13,8,0,22,0,3,18,0,13,8,0,22,0,3,18,0,13,8,22,0,3,18,0,13,8,0,22,0,3,18,0,13,8,0,22,0,3,18,0,13,8,22,0,3,18,0,13,8,0,22,0,3,18,0,13,8,0,22,0,3,18,0,13,8,22,5,7,18,9,13,10,7,22,5,7,18,9,13,10,7,22,5,7,18,9,13,10,22,13,12,18,22,13,12,18,22,13,12,18,22,13,12,18,22,13,12,18,22,13,12,22,13,12,18,22,13,12,18,22,13,12,18,22,13,12,18,22,13,12,18,22,13,12,22,13,12,18,22,13,12,18,22,13,12,18,22,13,12,18,22,13,12,18,22,13,12,22,6,8,18,11,13,10,9,22,6,8,18,11,13,10,9,22,6,8,18,11,13,10,23,7,10,18,0,13,14,7,24,0,3,21,7,18,8,0,23,7,10,18,0,13,14,20,25,25,18,0,11,25,25,27,0,3,25,25,27,8,0,20,25,25,18,0,11,25,3,3,5,18,0,3,3,2,22,0,2,3,3,13,8,1,3,3,5,18,0,3,3,28,29,12,18,0,28,29,18,22,0,20,28,28,13,8,10,28,29,12,18,0,28,29,0,13,12,18,0,0,3,18,22,0,0,0,22,13,8,0,0,13,12,18,0,0,3,7,13,12,18,0,4,6,18,22,0,1,6,22,13,8,0,7,13,12,18,0,4,6,22,13,12,18,0,13,12,18,22,0,3,18,22,13,8,0,22,13,12,18,0,13,12,23,10,12,18,0,13,16,10,25,0,3,22,10,19,8,0,23,10,12,18,0,13,16
22,0,5,7,24,13,8,2,7,18,12,18,0,7,10,18,22,0,5,7,24,13,8,22,0,17,25,24,13,8,9,25,25,11,18,0,25,25,15,22,0,17,25,24,13,8,23,0,0,3,3,16,8,0,3,3,7,18,0,1,3,3,23,0,0,3,3,16,8,28,0,3,29,28,29,8,0,23,28,29,18,0,13,29,28,28,0,3,29,28,29,8,22,0,3,18,0,13,8,0,22,0,3,18,0,13,8,0,22,0,3,18,0,13,8,22,11,11,18,18,13,12,15,22,11,11,18,18,13,12,15,22,11,11,18,18,13,12,22,13,12,18,22,13,12,18,22,13,12,18,22,13,12,18,22,13,12,18,22,13,12,22,13,12,18,22,13,12,18,22,13,12,18,22,13,12,18,22,13,12,18,22,13,12,22,13,12,18,22,13,12,18,22,13,12,18,22,13,12,18,22,13,12,18,22,13,12,22,1,4,18,2,13,9,1,22,1,4,18,2,13,9,1,22,1,4,18,2,13,9,22,0,3,18,0,13,8,0,22,0,3,18,0,13,8,0,22,0,3,18,0,13,8,22,0,3,18,0,13,8,0,22,0,3,18,0,13,8,0,22,0,3,18,0,13,8,22,0,3,18,0,13,8,0,22,0,3,18,0,13,8,0,22,0,3,18,0,13,8,22,0,3,18,0,13,8,0,22,0,3,18,0,13,8,0,22,0,3,18,0,13,8,5,0,0,4,0,3,2,0,5,0,0,4,0,3,2,0,5,0,0,4,0,3,2,17,17,17,17,17,17,17,17,17,17,17,17,17,17,17,17,17,17,17,17,17,17,17,0,0,0,0,0,0,0,0,0,0,0,0,0,0,0,0,0,0,0,0,0,0,0,21,0,2,21,21,21,6,0,17,21,21,13,0,10,21,21,21,0,2,21,21,21,6,25,0,3,23,10,19,8,0,23,10,13,18,0,13,16,10,25,0,3,23,10,19,8,22,0,3,18,16,13,8,0,22,10,10,18,0,13,11,13,22,0,3,18,16,13,8,9,0,3,18,22,5,3,0,22,13,10,7,0,13,12,18,9,0,3,18,22,5,3,0,0,3,18,22,0,0,0,22,13,8,0,0,13,12,18,0,0,3,18,22,0,0,27,15,3,18,23,27,25,0,22,13,28,27,6,13,12,29,27,15,3,18,23,27,25
22,0,5,7,24,13,8,2,7,18,12,18,0,7,10,18,22,0,5,7,24,13,8,22,0,17,25,24,13,8,9,25,25,11,18,0,25,25,15,22,0,17,25,24,13,8,23,0,0,3,3,16,8,0,3,3,7,18,0,1,3,3,23,0,0,3,3,16,8,28,0,3,29,28,29,8,0,23,28,29,18,0,13,29,28,28,0,3,29,28,29,8,22,0,3,18,0,13,8,0,22,0,3,18,0,13,8,0,22,0,3,18,0,13,8,22,11,11,18,18,13,12,15,22,11,11,18,18,13,12,15,22,11,11,18,18,13,12,22,13,12,18,22,13,12,18,22,13,12,18,22,13,12,18,22,13,12,18,22,13,12,22,13,12,18,22,13,12,18,22,13,12,18,22,13,12,18,22,13,12,18,22,13,12,22,13,12,18,22,13,12,18,22,13,12,18,22,13,12,18,22,13,12,18,22,13,12,22,1,4,18,2,13,9,1,22,1,4,18,2,13,9,1,22,1,4,18,2,13,9,22,0,3,18,0,13,8,0,22,0,3,18,0,13,8,0,22,0,3,18,0,13,8,22,0,3,18,0,13,8,0,22,0,3,18,0,13,8,0,22,0,3,18,0,13,8,22,0,3,18,0,13,8,0,22,0,3,18,0,13,8,0,22,0,3,18,0,13,8,22,0,3,18,0,13,8,0,22,0,3,18,0,13,8,0,22,0,3,18,0,13,8,5,0,0,4,0,3,2,0,5,0,0,4,0,3,2,0,5,0,0,4,0,3,2,17,17,17,17,17,17,17,17,17,17,17,17,17,17,17,17,17,17,17,17,17,17,17,0,0,0,0,0,0,0,0,0,0,0,0,0,0,0,0,0,0,0,0,0,0,0,21,0,2,21,21,21,6,0,17,21,21,13,0,10,21,21,21,0,2,21,21,21,6,25,0,3,23,10,19,8,0,23,10,13,18,0,13,16,10,25,0,3,23,10,19,8,22,0,3,18,16,13,8,0,22,10,10,18,0,13,11,13,22,0,3,18,16,13,8,9,0,3,18,22,5,3,0,22,13,10,7,0,13,12,18,9,0,3,18,22,5,3,0,0,3,18,22,0,0,0,22,13,8,0,0,13,12,18,0,0,3,18,22,0,0,27,15,3,18,23,27,25,0,22,13,28,27,6,13,12,29,27,15,3,18,23,27,25
21,0,16,29,1,6,29,11,0,26,21,0,16,29,1,6,29,11,0,26,21,0,16,21,0,0,0,0,0,0,0,0,0,0,0,0,0,0,0,0,0,0,0,0,0,0,21,0,0,0,0,0,0,0,0,0,0,0,0,0,0,0,0,0,0,0,0,0,0,21,0,0,0,0,0,0,0,0,0,0,0,0,0,0,0,0,0,0,0,0,0,0,21,0,0,0,0,14,17,17,17,17,17,17,17,17,17,17,17,17,17,17,17,17,17,21,0,0,0,0,0,0,0,0,0,0,0,0,0,0,0,0,0,0,0,0,0,0,21,0,0,0,0,0,0,0,0,0,0,0,0,0,0,0,0,0,0,0,0,0,0,21,0,10,18,1,4,18,7,0,17,13,0,10,18,1,4,18,7,0,17,13,0,10,21,0,16,29,1,6,29,11,0,26,21,0,16,29,1,6,29,11,0,26,21,0,16,21,0,16,29,1,6,29,11,0,26,21,0,16,29,1,6,29,11,0,26,21,0,16,21,0,16,29,1,6,29,11,0,26,21,0,16,29,1,6,29,11,0,26,21,0,16,21,0,16,29,1,6,29,11,0,26,21,0,16,29,1,6,29,11,0,26,21,0,16,21,0,3,5,0,1,5,2,0,5,4,0,3,5,0,1,5,2,0,5,4,0,3,21,0,0,0,0,0,0,0,0,0,0,0,0,0,0,0,0,0,0,0,0,0,0,21,0,0,0,0,6,7,7,7,7,7,7,7,7,7,7,7,7,7,7,7,7,7,21,0,0,0,0,7,8,8,8,8,8,8,8,8,8,8,8,8,8,8,8,8,8,21,0,0,0,0,0,0,0,0,0,0,0,0,0,0,0,0,0,0,0,0,0,0,21,0,16,29,1,6,29,11,0,26,21,0,16,29,1,6,29,11,0,26,21,0,16,21,0,16,29,1,6,29,11,0,26,21,0,16,29,1,6,29,11,0,26,21,0,16,21,0,16,29,1,6,29,11,0,26,21,0,16,29,1,6,29,11,0,26,21,0,16,21,0,16,29,1,6,29,11,0,26,21,0,16,29,1,6,29,11,0,26,21,0,16,21,0,16,29,1,6,29,11,0,26,21,0,16,29,1,6,29,11,0,26,21,0,16,19,0,16,29,1,6,29,11,0,26,21,0,16,29,1,6,29,11,0,26,21,0,16
0,0,0,0,0,0,0,0,0,0,0,0,0,0,0,0,0,0,0,0,0,0,0,0,0,0,0,0,0,0,0,0,0,0,0,0,0,0,0,0,0,0,0,0,0,0,0,0,0,0,0,0,0,0,0,0,0,0,0,0,0,0,0,0,0,0,0,0,0,0,0,0,0,0,0,0,0,0,0,0,0,0,0,0,0,0,0,0,0,0,0,0,0,0,0,0,0,0,0,0,0,0,0,0,0,0,0,0,0,0,0,0,0,0,0,0,0,0,0,0,8,20,2,4,20,9,0,18,16,0,1,9,3,0,0,0,0,0,0,0,0,0,0,11,29,2,5,29,12,0,25,22,0,2,19,4,0,0,0,0,0,0,0,0,0,0,11,29,2,5,29,12,0,25,22,0,2,19,4,0,0,0,0,0,0,0,0,0,0,10,26,2,5,29,12,0,25,22,0,2,19,4,0,0,0,0,0,0,0,0,0,0,0,0,0,5,29,12,0,25,22,0,1,7,4,0,0,0,0,0,0,0,0,0,0,6,15,1,5,29,12,0,25,22,0,0,0,4,0,0,0,0,0,0,0,0,0,0,11,29,2,5,29,12,0,25,22,0,0,0,4,0,0,0,0,0,0,0,0,0,0,11,29,2,5,29,12,0,25,22,0,0,0,4,0,0,0,0,0,0,0,0,0,0,11,29,2,5,29,12,0,25,22,0,0,0,4,0,0,0,0,0,0,0,0,0,0,11,29,2,5,29,12,0,25,22,0,0,0,2,0,0,0,0,0,0,0,0,0,0,11,29,2,5,29,12,0,25,22,0,0,7,3,0,0,0,0,0,0,0,0,0,0,11,29,2,5,26,11,0,25,22,0,0,6,3,0,0,0,0,0,0,0,0,0,0,8,21,2,0,0,0,0,19,16,0,0,0,0,0,0,0,0,0,0,0,0,0,0,0,0,0,0,0,0,0,0,0,0,0,0,0,0,0,0,0,0,0,0,0,0,0,0,0,0,0,0,0,0,0,0,0,0,0,0,0,0,0,0,0,0,0,0,0,0,0,0,0,0,0,0,0,0,0,0,0,0,0,0,0,0,0,0,0,0,0,0,0,0,0,0,0,0,0,0,0,0,0,0,0,0,0,0,0,0,0,0,0,0,0,0,0,0,0,0,0,0,0,0,0,0,0,0,0,0,0,0,0,0
13,29,4,3,29,14,0,23,25,0,0,0,4,7,23,12,11,2,7,16,12,21,0,13,29,4,3,29,14,0,23,25,0,0,0,14,25,25,12,11,6,25,25,10,21,0,10,21,3,2,21,10,0,23,25,0,0,0,0,3,3,13,11,0,2,3,4,21,0,0,0,0,0,0,0,0,23,25,0,0,0,0,29,28,29,11,0,20,29,29,21,0,9,20,3,2,20,10,0,23,25,0,0,0,0,21,0,10,11,0,20,1,0,21,0,13,29,4,3,29,14,0,23,25,0,0,8,10,21,16,12,12,17,20,10,10,21,3,13,29,4,3,29,14,0,23,25,0,0,10,12,21,20,12,12,21,20,12,12,21,4,13,29,4,3,29,14,0,23,25,0,0,10,12,21,20,12,12,21,20,12,12,21,4,13,29,4,3,29,14,0,14,14,0,0,10,12,21,20,12,12,21,20,12,12,21,4,13,29,4,3,29,14,0,0,0,0,0,1,2,21,2,11,12,2,20,3,2,21,0,13,29,4,3,29,14,0,20,20,0,0,0,0,21,0,10,11,0,20,1,0,21,0,13,29,4,3,29,14,0,23,25,0,0,0,0,21,0,10,11,0,20,1,0,21,0,13,29,4,3,29,14,0,23,25,0,0,0,0,21,0,10,11,0,20,1,0,21,0,13,29,4,3,29,14,0,23,25,0,0,0,0,21,0,10,11,0,20,1,0,21,0,13,29,4,3,29,14,0,23,25,0,0,0,0,5,0,2,2,0,4,0,0,5,0,13,29,4,3,29,14,0,23,25,0,0,1,17,17,17,17,17,17,17,17,17,17,7,13,29,4,3,29,14,0,23,25,0,0,0,0,0,0,0,0,0,0,0,0,0,0,13,29,4,3,29,14,0,23,25,0,0,0,0,21,21,21,8,0,15,21,21,16,0,13,29,4,3,29,14,0,23,25,0,0,0,0,24,10,17,11,0,20,12,11,21,0,13,29,4,3,29,14,0,23,25,0,0,0,0,21,15,12,11,0,20,10,9,21,0,13,29,4,3,29,14,0,23,25,0,0,0,0,21,20,6,4,0,20,12,12,8,0,13,29,4,3,29,14,0,23,25,0,0,0,0,21,20,1,0,0,20,12,11,0,0,13,29,4,3,29,14,0,23,25,0,0,0,0,21,20,28,27,0,20,12,28,27,9
0,0,0,0,13,8,0,0,13,8,0,16,29,1,0,22,0,0,0,22,0,0,0,17,17,17,0,13,8,0,0,13,8,0,16,29,1,0,22,0,0,0,22,0,8,17,0,0,0,0,13,8,0,0,13,8,0,16,29,1,0,22,0,0,0,22,0,0,0,17,17,17,11,13,8,0,0,13,8,0,16,29,1,0,22,0,0,0,22,2,17,17,0,0,0,0,13,8,0,0,11,7,0,16,29,1,0,19,0,0,0,22,0,0,0,13,0,0,0,13,8,0,0,0,0,0,16,29,1,0,0,0,0,0,22,0,0,0,18,0,0,0,13,8,0,0,0,0,0,16,29,1,0,0,0,0,0,22,0,0,0,18,0,0,0,13,8,0,0,7,4,0,16,29,1,0,12,0,0,0,22,0,0,0,6,5,5,5,17,8,0,0,13,8,0,9,17,1,0,22,0,0,0,23,5,5,5,10,10,10,10,10,3,0,0,13,8,0,0,0,0,0,22,0,0,0,8,10,10,10,0,0,0,0,0,0,0,0,13,8,0,0,0,0,0,22,0,0,0,0,0,0,0,7,7,7,7,7,7,7,0,13,8,0,0,0,0,0,22,0,3,7,7,7,7,7,8,8,8,8,8,8,8,0,13,8,0,0,0,0,0,22,0,4,8,8,8,8,8,0,0,0,0,0,0,0,0,13,8,0,0,0,0,0,22,0,0,0,0,0,0,0,0,0,0,0,0,0,0,0,13,8,0,0,0,0,0,22,0,0,0,0,0,0,0,0,0,6,28,11,0,0,0,13,8,0,0,0,0,0,22,0,0,0,16,28,1,0,0,0,6,29,11,0,0,0,13,8,0,0,0,0,0,22,0,0,0,16,29,1,0,0,0,6,29,11,0,0,0,13,8,0,0,0,0,0,22,0,0,0,16,29,1,0,0,0,6,29,11,0,0,0,13,8,0,0,0,0,0,22,0,0,0,16,29,1,0,0,0,6,25,10,0,0,0,13,8,0,0,0,0,0,22,0,0,0,14,25,1,0,0,0,0,0,0,0,0,0,13,8,0,0,0,0,0,22,0,0,0,0,0,0,0,0,0,0,0,0,0,0,0,13,8,0,0,0,0,0,22,0,0,0,0,0,0,0,17,17,17,17,17,17,17,0,13,8,0,0,0,0,0,22,0,8,17,17,17,17,17
0,7,4,0,0,0,16,29,1,6,29,11,0,26,21,0,0,0,0,0,0,0,0,7,7,7,2,0,0,16,29,1,6,29,11,0,26,21,0,0,0,0,6,7,7,7,8,8,8,3,0,0,16,29,1,6,29,11,0,26,21,0,0,0,0,7,8,8,8,11,11,3,0,0,0,16,29,1,6,29,11,0,26,21,0,0,0,0,0,19,19,19,20,25,8,0,0,0,16,29,1,6,29,11,0,26,21,0,0,0,0,0,28,29,28,9,13,8,0,0,0,16,29,1,6,29,11,0,26,21,0,16,28,1,0,28,3,0,22,13,8,0,0,0,16,29,1,6,29,11,0,26,21,0,16,29,1,0,28,7,17,22,13,8,0,0,0,16,29,1,6,29,11,0,26,21,0,16,29,1,0,28,3,0,26,13,8,0,0,0,16,29,1,6,29,11,0,26,21,0,16,29,1,0,28,5,1,14,13,8,0,0,0,16,29,1,6,29,11,0,26,21,0,16,29,1,0,28,29,29,13,21,8,0,0,0,16,29,1,2,11,4,0,10,8,0,16,29,1,0,28,18,17,18,24,8,0,0,0,16,29,1,0,0,0,0,0,0,0,16,29,1,0,28,3,0,3,13,9,2,0,0,16,29,1,6,29,11,0,26,21,0,16,29,1,0,28,6,17,22,13,12,18,0,0,16,29,1,6,29,11,0,26,21,0,16,29,1,0,28,3,0,22,13,12,18,0,0,16,29,1,6,29,11,0,26,21,0,16,29,1,0,28,3,11,22,13,12,18,0,0,16,29,1,6,29,11,0,26,21,0,16,29,1,0,28,3,7,17,13,12,14,0,0,4,7,0,6,29,11,0,26,21,0,16,29,1,0,28,3,0,0,13,8,0,0,0,2,4,0,6,29,11,0,26,21,0,16,29,1,0,28,24,23,0,13,8,0,0,0,16,29,1,6,29,11,0,26,21,0,16,29,1,0,8,8,8,0,13,8,0,0,0,16,29,1,6,29,11,0,26,21,0,16,29,1,0,0,0,0,0,13,8,0,0,0,16,29,1,6,29,11,0,26,21,0,16,29,1,0,0,0,10,0,12,8,0,0,0,16,29,1,6,29,11,0,26,21,0,1,1,0,0,0,0,9,0,0,0,0,0,0,16,29,1,6,29,11,0,26,21,0,0,0,0,0,0,0,0
0,13,8,0,22,0,0,0,0,0,0,0,22,0,0,0,16,29,1,0,0,0,0,0,13,8,0,22,0,0,0,0,0,0,0,22,0,0,0,16,29,1,2,17,17,17,0,13,8,0,22,0,0,0,0,0,0,0,22,0,0,0,16,29,1,0,0,0,0,17,19,6,0,22,0,0,0,0,0,0,0,22,0,0,0,14,25,1,1,4,1,0,20,17,17,6,22,0,0,0,0,0,0,0,22,0,0,0,0,0,0,6,29,11,0,22,5,3,0,22,0,0,0,0,0,0,0,22,0,0,0,0,0,0,6,29,11,0,22,13,8,0,22,0,0,0,0,0,0,0,22,0,2,11,0,0,0,6,29,11,0,22,13,8,0,22,0,0,0,0,0,0,0,22,0,3,18,0,0,0,6,29,11,0,24,6,6,2,22,0,0,0,0,0,0,0,22,0,3,18,0,0,0,4,19,7,0,14,14,14,8,23,0,0,0,0,0,0,0,22,0,3,18,0,0,0,0,0,0,0,12,12,12,12,12,0,0,0,0,0,0,0,22,0,3,18,0,0,0,0,0,0,0,7,7,7,7,7,7,7,7,7,2,0,0,22,0,3,18,0,0,0,1,7,7,7,8,8,8,8,8,8,8,8,8,3,0,0,22,0,3,18,0,0,0,1,8,8,8,13,0,0,0,0,0,0,0,0,0,0,0,22,0,3,18,0,0,0,0,0,0,0,20,0,0,0,0,0,0,0,0,0,0,0,22,0,3,18,0,0,0,0,0,0,0,7,0,0,0,0,0,0,0,0,0,0,0,22,0,3,18,0,0,0,6,28,11,0,22,2,21,21,21,5,0,0,0,0,0,0,22,0,3,18,0,0,0,6,29,11,0,22,1,16,26,10,2,0,0,0,0,0,0,22,0,3,18,0,0,0,6,29,11,0,7,0,8,23,0,0,0,0,0,0,0,0,22,0,3,18,0,0,0,6,29,11,0,20,0,8,23,0,0,0,0,0,0,0,0,22,0,3,18,0,0,0,6,25,10,0,6,0,8,23,0,0,0,0,0,0,0,0,22,0,3,18,0,0,0,0,0,0,0,0,0,8,23,0,0,0,0,0,0,0,0,22,0,3,18,0,0,0,0,0,0,0,7,0,8,23,2,17,17,17,17,6,0,0,22,0,3,18,0,0,0,2,17,17,17
0,0,0,0,22,1,3,3,0,13,9,3,3,2,3,18,3,3,3,0,22,1,3,6,0,0,0,22,13,29,28,6,13,12,29,28,16,3,18,23,28,26,0,22,13,29,0,0,0,0,22,13,8,0,0,13,12,18,0,0,3,18,22,0,0,0,22,13,8,0,0,0,0,22,13,10,6,0,13,12,18,7,0,3,18,22,4,2,0,22,13,10,0,0,0,0,22,10,10,18,0,13,12,14,22,0,3,18,17,13,8,0,22,10,10,0,0,0,0,23,9,12,18,0,13,15,9,25,0,3,22,9,19,8,0,23,9,12,0,0,0,0,18,22,22,14,0,10,22,22,22,0,3,22,22,22,6,0,18,22,22,0,0,0,0,0,0,0,0,0,0,0,0,0,0,0,0,0,0,0,0,0,0,0,11,0,0,14,17,17,17,17,17,17,17,17,17,17,17,17,17,17,17,17,17,17,17,0,0,0,0,4,0,0,3,0,2,1,0,4,0,0,3,0,2,1,0,4,0,0,0,0,0,0,22,0,3,18,0,13,8,0,22,0,3,18,0,13,8,0,22,0,3,0,0,0,0,22,0,3,18,0,13,8,0,22,0,3,18,0,13,8,0,22,0,3,0,0,0,0,22,0,3,18,0,13,8,0,22,0,3,18,0,13,8,0,22,0,3,0,0,0,0,22,0,3,18,0,13,8,0,22,0,3,18,0,13,8,0,22,0,3,1,0,0,1,22,0,4,18,1,13,9,1,22,0,4,18,1,13,9,1,22,0,4,22,0,3,18,22,13,12,18,22,13,12,18,22,13,12,18,22,13,12,18,22,13,12,22,0,3,18,22,13,12,18,22,13,12,18,22,13,12,18,22,13,12,18,22,13,12,22,0,3,18,22,13,12,18,22,13,12,18,22,13,12,18,22,13,12,18,22,13,12,19,0,3,15,22,11,11,18,19,13,12,15,22,11,11,18,19,13,12,15,22,11,11,0,0,0,0,22,0,3,18,0,13,8,0,22,0,3,18,0,13,8,0,22,0,3,0,0,0,0,23,27,28,18,0,13,28,27,28,0,3,29,27,28,8,0,23,27,28,0,0,0,0,3,4,8,18,0,2,4,4,23,0,0,4,4,16,8,0,3,4,8,0,0,0,8,23,23,11,18,0,23,23,15,22,0,16,23,23,13,8,8,23,23,11
9,2,0,0,0,23,19,0,14,25,1,6,25,10,0,26,21,0,3,18,0,0,3,29,7,0,0,0,0,0,0,0,0,0,0,0,0,0,26,21,0,3,18,0,13,8,10,2,0,0,0,0,0,0,0,0,0,0,0,0,0,26,21,0,3,18,0,13,12,17,17,17,17,17,17,17,17,17,17,17,6,0,0,0,26,21,0,3,18,0,13,12,0,0,0,0,0,0,0,0,0,0,0,0,0,0,0,26,21,0,1,6,0,5,7,0,2,10,4,0,9,8,0,6,10,0,2,10,4,0,26,21,0,0,0,0,0,3,1,6,29,11,0,26,21,0,16,29,1,6,29,11,0,26,21,0,0,0,0,0,4,1,6,29,11,0,26,21,0,16,29,1,6,29,11,0,26,21,0,0,0,0,13,12,1,6,29,11,0,26,21,0,16,29,1,6,29,11,0,26,21,0,0,4,0,13,12,1,6,29,11,0,26,21,0,16,29,1,6,29,11,0,25,20,0,3,18,0,13,12,1,6,29,11,0,26,21,0,16,29,1,6,29,11,0,0,0,0,3,18,0,13,12,1,6,29,11,0,26,21,0,16,29,1,6,29,11,0,13,10,0,3,18,0,13,12,0,0,1,0,0,26,21,0,16,29,1,6,29,11,0,26,21,0,3,18,0,13,8,0,0,0,0,0,26,21,0,16,29,1,6,29,11,0,26,21,0,3,18,19,13,12,17,17,17,6,0,26,21,0,16,29,1,6,29,11,0,26,21,0,3,18,22,13,12,0,0,0,0,0,26,21,0,16,29,1,6,29,11,0,26,21,0,3,16,22,12,11,0,0,0,0,0,26,21,0,16,29,1,6,29,11,0,26,21,0,0,0,23,7,10,0,0,0,0,0,26,21,0,16,29,1,6,29,11,0,26,21,0,0,0,23,25,25,3,0,0,0,0,26,21,0,16,29,1,6,29,11,0,26,21,0,0,0,22,0,3,28,5,0,0,0,26,21,0,16,29,1,6,29,11,0,26,21,0,0,0,22,0,3,0,0,0,0,0,26,21,0,16,29,1,6,29,11,0,26,21,0,0,0,22,0,3,0,0,0,0,0,26,21,0,16,29,1,6,29,11,0,26,21,0,0,0,22,0,3,0,0,0,0,0,26,21,0,16,29,1,6,29,11,0,26,21,0,0,0,22,0,3
0,0,0,0,0,0,0,0,0,0,0,0,0,0,0,0,0,0,0,0,0,0,0,0,0,0,0,0,0,0,0,0,0,0,0,0,0,0,0,0,0,0,0,0,0,0,0,0,0,0,0,0,0,0,0,0,0,0,0,0,0,0,0,0,0,0,0,0,0,0,0,0,0,0,0,0,0,0,0,0,0,0,0,0,0,0,0,0,0,0,0,0,0,0,0,0,0,0,0,0,0,0,0,0,0,0,0,0,0,0,0,0,0,0,0,0,0,0,0,0,0,0,0,0,0,0,0,0,0,0,0,0,0,0,0,0,0,0,13,13,13,13,13,13,13,13,13,13,13,13,13,13,13,13,13,13,13,13,5,0,2,2,2,2,2,2,2,2,2,2,2,2,2,2,2,2,2,2,2,2,2,1,0,0,13,0,10,6,0,16,0,2,13,0,10,6,0,16,0,2,13,0,10,6,0,0,0,18,0,13,8,0,22,0,3,18,0,13,8,0,22,0,3,18,0,13,8,0,0,0,18,0,13,8,0,22,0,3,18,0,13,8,0,22,0,3,18,0,13,8,0,0,0,18,0,13,8,0,22,0,3,18,0,13,8,0,22,0,3,18,0,13,8,0,0,0,18,0,13,8,0,22,0,3,18,0,13,8,0,22,0,3,18,0,13,8,0,0,0,18,13,13,11,11,22,8,9,18,13,13,11,11,22,8,9,18,13,13,11,11,0,8,18,22,13,12,18,22,13,12,18,22,13,12,18,22,13,12,18,22,13,12,18,0,13,18,22,13,12,18,22,13,12,18,22,13,12,18,22,13,12,18,22,13,12,18,0,13,9,11,6,6,9,11,6,6,9,11,6,6,9,11,6,6,9,11,6,6,9,0,6,0,0,0,0,0,0,0,0,0,0,0,0,0,0,0,0,0,0,0,0,0,0,0,0,0,0,0,0,0,0,0,0,0,0,0,0,0,0,0,0,0,0,0,0,0,0,0,0,0,0,0,0,0,0,0,0,0,0,0,0,0,0,0,0,0,0,0,0,0,0,0,0,0,0,0,0,0,0,0,0,0,0,0,0,0,0,0,0,0,0,0,0,0,0,0,0,0,0,0,0,0,0,0,0,0,0,0,0,0,0,0,0,0,0,0,0,0,0,0,0,0,0,0,0,0,0,0,0,0,0,0,0,0,0,0,0,0,0
0,12,25,25,25,0,3,25,25,25,7,0,20,25,25,16,0,12,25,25,25,0,3,0,13,14,9,24,0,3,21,10,17,8,0,23,8,11,18,0,13,14,9,24,0,3,0,13,12,18,22,0,3,18,22,13,8,0,22,13,12,18,0,13,12,18,22,0,3,0,3,6,18,22,0,1,5,22,13,8,0,6,13,12,18,0,3,6,18,22,0,1,0,1,5,18,22,0,1,1,23,13,8,0,1,15,12,18,0,1,5,18,22,0,1,0,29,29,18,22,0,20,29,28,13,8,10,29,29,12,18,0,29,29,18,22,0,20,0,0,0,0,22,0,0,0,0,13,8,0,0,0,4,18,0,0,0,0,22,0,0,0,13,27,27,28,0,3,27,27,28,8,0,22,27,28,18,0,13,27,27,28,0,3,0,13,12,4,23,0,3,20,4,16,8,0,23,4,8,18,0,13,12,4,23,0,3,13,13,11,11,22,8,9,18,13,13,11,11,22,8,9,18,13,13,11,11,22,8,9,22,13,12,18,22,13,12,18,22,13,12,18,22,13,12,18,22,13,12,18,22,13,12,22,13,12,18,22,13,12,18,22,13,12,18,22,13,12,18,22,13,12,18,22,13,12,22,13,12,18,22,13,12,18,22,13,12,18,22,13,12,18,22,13,12,18,22,13,12,6,13,10,5,22,4,6,18,6,13,10,5,22,4,6,18,6,13,10,5,22,4,6,0,13,8,0,22,0,3,18,0,13,8,0,22,0,3,18,0,13,8,0,22,0,3,0,13,8,0,22,0,3,18,0,13,8,0,22,0,3,18,0,13,8,0,22,0,3,0,13,8,0,22,0,3,18,0,13,8,0,22,0,3,18,0,13,8,0,22,0,3,0,13,8,0,22,0,3,18,0,13,8,0,22,0,3,18,0,13,8,0,22,0,3,0,6,3,0,9,0,1,8,0,6,3,0,9,0,1,8,0,6,3,0,9,0,1,11,11,11,11,11,11,11,11,11,11,11,11,11,11,11,11,11,11,11,11,11,11,11,4,4,4,4,4,4,4,4,4,4,4,4,4,4,4,4,4,4,4,4,4,4,4,0,7,15,15,15,0,2,15,15,15,4,0,12,15,15,10,0,7,15,15,15,0,2,0,12,19,17,24,0,3,23,17,21,8,0,21,17,18,17,0,12,19,17,24,0,3
9,0,0,0,0,2,13,8,0,6,13,5,0,0,0,0,6,13,4,0,11,13,0,13,0,0,0,0,3,20,18,0,13,22,6,0,0,0,0,9,24,8,0,23,18,0,0,0,0,0,0,0,3,18,0,13,8,0,0,0,0,0,0,13,8,0,22,0,0,21,0,3,17,0,13,12,18,0,13,12,17,0,13,8,0,21,13,8,0,22,13,8,22,0,3,18,0,13,12,18,0,13,12,18,0,13,8,0,22,13,8,0,22,13,8,22,12,12,18,20,13,12,18,0,13,12,18,20,13,12,17,22,13,8,0,22,13,12,22,13,12,18,22,13,12,18,0,13,12,18,22,13,12,18,22,13,8,0,22,13,12,22,13,12,18,22,13,12,18,0,13,12,18,22,13,12,18,22,13,8,0,22,13,12,22,13,12,18,22,13,12,18,0,13,12,18,22,13,12,18,22,13,8,0,22,13,12,22,2,4,12,3,13,9,3,0,2,5,18,3,8,6,3,22,2,1,0,3,13,9,22,7,5,0,13,13,11,10,16,7,9,18,13,0,2,10,22,7,7,13,13,13,11,22,13,11,13,22,13,12,18,22,13,12,18,22,9,10,18,22,13,12,18,22,13,12,22,11,11,18,19,13,12,15,22,11,11,18,19,13,12,15,22,11,11,18,19,13,12,22,0,3,18,0,13,8,0,22,0,3,18,0,13,8,0,22,0,3,18,0,13,8,22,0,3,18,0,13,12,18,22,13,12,18,0,13,8,0,22,13,12,18,22,13,8,22,8,9,18,13,13,12,18,22,13,12,18,13,13,11,11,22,13,12,18,22,13,11,22,13,12,18,22,13,12,18,22,13,12,18,22,13,12,18,22,13,12,18,22,13,12,22,13,12,18,22,13,9,4,22,3,6,18,22,13,12,18,22,3,6,18,5,13,12,22,6,8,18,10,13,8,0,22,0,3,18,10,13,10,8,22,0,3,18,0,13,10,22,0,3,18,0,13,8,0,22,0,3,18,0,13,8,0,22,0,3,18,0,13,8,22,0,1,8,0,13,8,0,9,0,3,18,0,6,3,0,22,0,1,8,0,13,8,25,1,0,0,2,13,17,7,8,5,14,18,2,0,0,1,23,11,5,6,9,20,9,14,6,5,3,11,6,14,9,11,6,14,9,11,2,3,9,11,14,6,9,11,14,6
0,0,0,0,0,0,0,0,0,0,0,0,0,0,0,0,0,0,0,0,0,0,0,2,10,0,7,4,0,12,0,2,10,0,7,4,0,12,0,2,10,0,0,0,3,15,12,18,0,13,12,17,22,0,3,18,21,13,8,0,22,13,12,18,0,0,0,6,29,12,18,0,2,5,18,22,0,0,3,22,13,8,0,4,13,12,18,0,0,0,6,29,12,18,0,3,7,18,22,0,2,3,23,13,8,1,3,16,12,18,0,0,0,6,29,12,18,0,28,28,18,22,0,20,28,28,13,8,10,28,28,12,18,0,0,0,6,29,3,18,0,0,0,0,22,0,0,0,0,13,8,0,0,0,3,18,0,0,0,6,29,29,18,0,13,29,29,28,0,3,29,29,29,8,0,23,29,29,18,0,0,0,2,11,6,18,0,13,11,2,23,0,3,20,2,15,8,0,23,2,6,18,0,0,0,0,0,9,18,15,13,11,12,22,9,9,18,15,13,11,12,22,9,9,18,15,0,0,6,29,12,18,22,13,12,18,22,13,12,18,22,13,12,18,22,13,12,18,22,0,0,6,29,12,18,22,13,12,18,22,13,12,18,22,13,12,18,22,13,12,18,22,0,0,6,29,12,18,22,13,12,18,22,13,12,18,22,13,12,18,22,13,12,18,22,0,0,6,29,6,18,5,13,9,4,22,3,6,18,5,13,9,4,22,3,6,18,5,0,0,6,29,3,18,0,13,8,0,22,0,3,18,0,13,8,0,22,0,3,18,0,0,0,6,29,3,18,0,13,8,0,22,0,3,18,0,13,8,0,22,0,3,18,0,0,0,6,29,3,18,0,13,8,0,22,0,3,18,0,13,8,0,22,0,3,18,0,0,0,6,29,3,18,0,13,8,0,22,0,3,18,0,13,8,0,22,0,3,18,0,0,0,6,29,1,6,0,5,3,0,8,0,1,6,0,5,3,0,8,0,1,6,0,0,0,6,29,13,13,13,13,13,13,13,13,13,13,13,13,13,13,13,13,13,13,9,0,0,6,29,2,2,2,2,2,2,2,2,2,2,2,2,2,2,2,2,2,2,2,0,0,6,29,0,0,0,0,0,0,0,0,0,0,0,0,0,0,0,0,0,0,0,0,0,3,17,0,0,0,0,0,0,0,0,0,0,0,0,0,0,0,0,0,0,0,0,0,0,0
11,0,2,11,4,0,10,8,0,6,11,0,2,11,4,0,10,8,0,6,11,0,2,0,0,0,0,0,0,0,0,0,0,0,0,0,0,0,0,0,0,0,0,0,0,0,17,17,17,17,17,17,17,17,17,17,17,17,17,17,17,17,17,17,17,17,17,17,17,0,0,0,0,0,0,0,0,0,0,0,0,0,0,0,0,0,0,0,0,0,0,0,11,7,0,19,0,0,0,0,11,7,0,19,0,3,15,0,11,7,0,19,0,3,15,13,8,0,22,0,0,0,0,13,8,0,22,0,3,18,0,13,8,0,22,0,3,18,13,8,0,22,0,0,0,0,13,8,0,22,0,3,18,0,13,8,0,22,0,3,18,13,8,0,22,0,0,0,0,13,8,0,22,0,3,18,0,13,8,0,22,0,3,18,13,8,0,22,0,0,0,0,13,8,0,22,0,3,18,0,13,8,0,22,0,3,18,13,11,3,23,0,0,0,0,13,11,3,23,0,3,20,3,16,8,0,23,3,7,18,13,29,28,28,0,0,0,0,13,29,28,28,0,3,29,28,29,8,0,23,28,29,18,13,9,3,22,2,1,0,3,13,9,3,22,2,5,18,3,13,9,3,22,2,5,18,13,12,18,22,13,8,0,22,13,12,18,22,13,12,18,22,13,12,18,22,13,12,18,13,12,18,22,13,8,0,22,13,12,18,22,13,12,18,22,13,12,18,22,13,12,18,7,9,18,13,13,8,0,22,7,9,18,13,13,11,10,22,7,9,18,13,13,11,10,0,4,18,0,13,8,0,22,0,3,18,1,13,9,1,22,0,3,18,0,13,9,1,13,12,18,0,13,8,0,22,0,3,18,22,13,12,18,22,0,3,18,0,13,12,18,13,12,18,0,13,8,0,22,0,3,18,22,13,12,18,22,0,3,18,0,13,12,18,13,12,18,0,13,8,0,22,0,3,18,22,13,12,18,22,0,3,18,0,13,12,18,13,12,18,0,0,0,0,0,0,3,18,22,13,12,18,22,0,0,0,0,13,12,18,13,12,15,0,0,0,0,0,0,3,15,22,11,11,18,18,0,0,0,0,11,11,18,13,8,0,0,0,0,0,0,0,0,0,22,0,3,18,0,0,0,0,0,0,3,18,13,8,0,0,0,0,0,0,0,0,0,22,0,3,18,0,0,0,0,0,0,3,18
6,12,0,14,4,0,0,17,4,0,0,14,4,0,19,0,0,0,22,0,0,0,19,0,0,22,0,7,14,0,17,4,0,22,0,7,14,0,17,4,0,22,0,7,14,0,7,14,22,17,12,14,0,17,4,0,22,17,12,14,22,17,4,0,22,0,7,14,22,7,14,22,17,12,14,0,17,4,0,22,17,12,14,22,17,4,0,22,0,7,14,22,7,14,8,17,7,5,0,6,1,0,8,17,7,5,22,6,1,0,8,0,2,5,22,7,14,0,17,4,0,0,0,0,0,0,17,4,0,22,0,0,0,0,0,0,0,22,7,14,1,17,5,0,0,0,0,0,1,17,5,0,22,1,0,0,0,0,0,0,22,7,14,22,17,12,14,0,0,0,0,22,17,12,14,22,17,4,0,0,0,7,14,22,7,14,22,17,12,14,0,4,1,0,22,17,12,14,22,17,4,0,5,0,7,14,22,7,14,22,17,12,14,0,17,4,0,22,17,12,14,22,17,4,0,22,0,7,14,22,7,14,22,17,12,14,0,17,4,0,22,17,12,14,22,17,4,0,22,0,7,14,22,6,11,22,13,11,14,0,17,4,0,22,13,11,14,17,17,4,0,22,0,7,14,17,0,0,22,0,7,14,0,17,4,0,22,0,7,14,0,17,4,0,22,0,7,14,0,6,12,22,15,12,14,19,17,11,12,22,15,12,14,19,17,11,12,22,15,12,14,19,7,14,22,17,12,14,22,17,12,14,22,17,12,14,22,17,12,14,22,17,12,14,22,7,14,19,17,11,12,22,15,12,14,19,17,11,12,22,15,12,14,19,17,11,12,22,12,14,0,17,11,7,23,0,7,18,7,21,4,0,24,7,13,14,0,17,11,7,23,21,14,0,17,25,25,24,0,7,27,25,27,4,0,27,25,26,14,0,17,25,25,24,7,14,0,17,4,0,22,0,7,14,0,17,4,0,22,0,7,14,0,17,4,0,22,7,14,0,17,4,0,22,0,7,14,0,17,4,0,22,0,7,14,0,17,4,0,22,7,14,0,17,4,0,22,0,7,14,0,17,4,0,22,0,7,14,0,17,4,0,22,7,14,0,17,4,0,22,0,7,14,0,17,4,0,22,0,7,14,0,17,4,0,22,7,14,0,17,4,0,22,0,7,14,0,17,4,0,22,0,7,14,0,17,4,0,22
17,23,8,0,23,17,19,18,0,13,21,17,26,0,3,25,17,23,8,0,23,17,19,14,21,8,0,11,14,16,18,0,6,14,14,25,0,1,14,14,21,8,0,11,14,16,13,13,8,5,13,13,8,18,0,13,13,8,22,0,9,13,13,13,8,5,13,13,8,26,13,8,6,18,24,12,18,0,18,20,18,22,0,13,18,26,13,8,6,18,24,12,22,13,8,0,0,13,12,18,0,0,3,18,22,0,0,0,22,13,8,0,0,13,12,22,13,8,0,15,13,12,18,0,9,9,18,22,0,2,12,22,13,8,0,15,13,12,16,13,8,0,22,9,10,18,0,13,11,13,22,0,3,18,16,13,8,0,22,9,10,19,24,8,0,23,19,21,18,0,13,22,19,26,0,3,26,19,24,8,0,23,19,21,12,12,3,0,10,12,12,8,0,6,12,12,12,0,1,12,12,12,3,0,10,12,12,7,7,7,7,7,7,7,7,7,7,7,7,7,7,7,7,7,7,7,7,7,7,7,8,8,8,8,8,8,8,8,8,8,8,8,8,8,8,8,8,8,8,8,8,8,8,0,7,4,0,11,0,2,10,0,6,4,0,12,0,1,9,0,7,4,0,11,0,2,0,13,8,0,22,0,3,18,0,13,8,0,22,0,3,18,0,13,8,0,22,0,3,0,13,8,0,22,0,3,18,0,13,8,0,22,0,3,18,0,13,8,0,22,0,3,0,13,8,0,22,0,3,18,0,13,8,0,22,0,3,18,0,13,8,0,22,0,3,0,13,8,0,22,0,3,18,0,13,8,0,22,0,3,18,0,13,8,0,22,0,3,9,13,10,7,22,5,7,18,9,13,10,7,22,5,7,18,9,13,10,7,22,5,7,22,13,12,18,22,13,12,18,22,13,12,18,22,13,12,18,22,13,12,18,22,13,12,22,13,12,18,22,13,12,18,22,13,12,18,22,13,12,18,22,13,12,18,22,13,12,22,13,12,18,22,13,12,18,22,13,12,18,22,13,12,18,22,13,12,18,22,13,12,11,13,10,9,22,6,8,18,11,13,10,9,22,6,8,18,11,13,10,9,22,6,8,7,18,8,0,23,7,10,18,0,13,14,7,24,0,3,21,7,18,8,0,23,7,10,25,25,7,0,23,25,25,15,0,13,26,25,24,0,3,28,25,25,7,0,23,25,25
0,3,25,17,23,8,0,23,17,19,18,0,13,21,17,26,0,0,0,0,13,21,17,0,1,14,14,21,8,0,11,14,16,18,0,6,14,14,25,0,0,0,0,6,14,14,0,9,13,13,13,8,5,13,13,8,18,0,13,13,8,22,0,0,0,0,13,13,8,0,13,18,26,13,8,6,18,24,12,18,0,18,20,18,22,0,0,0,0,18,20,18,0,0,0,22,13,8,0,0,13,12,18,0,0,3,18,22,0,0,0,0,0,3,18,0,2,12,22,13,8,0,15,13,12,18,0,9,9,18,22,0,0,0,0,9,9,18,0,3,18,16,13,8,0,22,9,10,18,0,13,11,13,22,0,0,0,0,13,11,13,0,3,26,19,24,8,0,23,19,21,18,0,13,22,19,26,0,0,0,0,13,22,19,0,1,12,12,12,3,0,10,12,12,8,0,6,12,12,12,0,0,0,0,6,12,12,7,7,7,7,7,7,7,7,7,7,7,7,7,7,7,7,7,0,0,3,7,7,7,8,8,8,8,8,8,8,8,8,8,8,8,8,8,8,8,8,0,0,4,8,8,8,0,1,9,0,7,4,0,11,0,2,10,0,6,4,0,12,0,0,0,0,6,4,0,0,3,18,0,13,8,0,22,0,3,18,0,13,8,0,22,0,0,0,0,13,8,0,0,3,18,0,13,8,0,22,0,3,18,0,13,8,0,22,0,0,0,0,13,8,0,0,3,18,0,13,8,0,22,0,3,18,0,13,8,0,22,0,0,0,0,13,8,0,0,3,18,0,13,8,0,22,0,3,18,0,13,8,0,22,0,0,0,0,13,8,0,5,7,18,9,13,10,7,22,5,7,18,9,13,10,7,22,5,3,0,9,13,10,7,13,12,18,22,13,12,18,22,13,12,18,22,13,12,18,22,13,8,0,22,13,12,18,13,12,18,22,13,12,18,22,13,12,18,22,13,12,18,22,13,8,0,22,13,12,18,13,12,18,22,13,12,18,22,13,12,18,22,13,12,18,22,13,8,0,22,13,12,18,6,8,18,11,13,10,9,22,6,8,18,11,13,10,9,22,6,4,0,11,13,10,9,0,3,21,7,18,8,0,23,7,10,18,0,13,14,7,24,0,0,0,0,13,14,7,0,3,28,25,25,7,0,23,25,25,15,0,13,26,25,24,0,0,0,0,13,26,25
29,29,7,0,0,16,29,1,6,29,11,0,26,21,0,16,29,1,0,0,0,22,0,29,2,2,0,0,16,29,1,6,29,11,0,26,21,0,16,29,1,0,0,0,22,0,29,5,18,0,0,16,29,1,6,29,11,0,26,21,0,16,29,1,0,0,0,22,0,29,5,18,0,0,16,29,1,6,29,11,0,26,21,0,16,29,1,0,0,0,22,0,29,5,15,0,0,16,29,1,6,29,11,0,26,21,0,16,29,1,0,1,7,22,5,29,9,2,0,0,16,29,1,6,29,11,0,26,21,0,16,29,1,0,3,18,22,13,29,29,10,0,0,6,11,0,2,11,4,0,10,8,0,16,29,1,0,3,18,22,13,10,10,4,0,0,0,0,0,0,0,0,0,0,0,0,16,29,1,0,3,18,22,13,17,17,17,17,17,17,17,17,17,17,17,17,17,11,0,16,29,1,0,1,9,22,6,0,0,0,0,0,0,0,0,0,0,0,0,0,0,0,16,29,1,0,0,0,23,7,5,5,1,0,0,0,0,0,0,0,0,0,0,0,0,16,29,1,0,0,0,20,25,29,29,7,0,0,14,25,1,5,25,9,0,22,18,0,16,29,1,0,0,1,3,3,12,12,3,0,0,16,29,1,6,29,11,0,26,21,0,16,29,1,0,0,10,28,29,0,0,0,0,0,16,29,1,6,29,11,0,26,21,0,16,29,1,0,0,0,0,13,13,13,3,0,0,16,29,1,6,29,11,0,26,21,0,16,29,1,0,0,0,7,13,18,18,5,0,0,16,29,1,6,29,11,0,26,21,0,16,29,1,0,0,0,22,10,17,17,4,0,0,0,0,0,0,0,0,0,0,0,0,16,29,1,0,0,0,23,9,29,29,7,0,0,0,0,0,0,0,0,0,0,0,0,16,29,1,0,0,0,18,22,0,0,0,0,0,0,0,0,0,0,0,0,0,0,0,16,29,1,0,0,0,0,0,17,17,17,17,6,0,2,17,17,17,17,17,17,11,0,16,29,1,0,0,14,17,17,9,9,9,9,1,0,0,0,0,0,0,0,0,0,0,16,29,1,0,0,0,4,0,22,22,22,29,3,0,0,0,0,0,0,0,0,0,0,16,29,1,0,0,0,22,0,0,6,0,28,3,0,0,0,4,18,7,0,17,13,0,16,29,1,0,0,0,22,0
0,0,0,0,0,0,0,10,29,7,0,17,12,14,22,17,4,0,22,17,12,14,22,13,17,17,17,17,3,0,10,29,7,0,17,12,14,22,17,4,0,22,17,12,14,22,0,0,0,0,0,0,0,10,29,7,0,8,2,0,22,0,0,0,0,17,5,0,11,0,0,0,0,0,0,0,10,29,7,0,0,5,10,22,12,10,12,16,17,10,10,0,0,8,5,0,6,8,0,10,29,7,0,14,12,14,22,17,12,14,22,17,12,14,19,0,29,17,0,20,27,0,10,29,7,0,17,10,10,22,12,11,14,16,17,10,10,22,0,29,17,0,20,27,0,10,29,7,0,17,4,0,22,2,8,14,3,17,4,0,22,0,29,17,0,20,27,0,10,29,7,0,17,4,0,22,17,12,14,22,17,4,0,22,0,29,17,0,20,27,0,10,29,7,0,17,10,10,22,17,12,14,22,17,10,10,22,0,15,9,0,11,14,0,5,15,4,0,17,12,14,22,17,12,14,22,17,12,14,22,0,0,0,0,0,0,0,0,0,0,0,17,12,14,22,1,8,14,2,17,12,14,22,0,0,0,0,0,0,0,0,0,0,0,17,7,4,22,0,7,14,0,17,7,4,22,13,17,17,17,17,17,9,0,0,0,0,17,4,0,22,0,7,14,0,17,4,0,22,0,0,0,0,0,0,0,0,0,0,0,5,1,0,22,0,2,4,0,17,4,0,6,0,20,12,0,14,19,0,7,20,5,0,0,1,3,25,15,6,7,14,24,6,3,0,0,29,17,0,20,27,0,10,29,7,0,14,12,14,15,24,12,14,25,17,10,14,19,0,29,17,0,20,27,0,10,29,7,0,17,12,14,0,17,12,14,22,0,7,14,22,0,29,17,0,20,27,0,10,29,7,0,17,12,13,0,17,12,14,22,0,7,13,22,0,29,17,0,20,27,0,10,29,7,0,17,4,0,0,17,7,4,22,0,0,0,22,0,29,17,0,20,27,0,10,29,7,0,17,4,0,0,17,4,0,22,0,0,0,22,0,21,13,0,15,20,0,8,21,5,0,17,4,0,16,2,6,10,3,12,3,0,22,0,0,0,0,0,0,0,0,0,0,0,17,4,0,22,11,11,14,15,17,4,0,22,6,7,7,7,7,7,7,7,0,0,0,17,4,0,22,17,12,14,22,17,4,0,22
0,6,29,7,0,29,17,0,0,0,0,0,0,0,0,0,0,0,0,0,0,0,0,0,6,29,7,0,5,3,0,0,0,0,16,17,17,17,17,17,17,17,17,17,3,0,0,6,29,7,0,6,4,0,0,0,0,0,0,0,0,0,0,0,0,0,0,0,0,0,6,29,7,0,29,17,0,3,4,0,1,4,1,0,4,2,0,3,4,0,0,0,0,6,29,7,0,29,17,0,20,27,0,10,29,7,0,29,17,0,20,27,0,0,0,0,6,29,7,0,29,17,0,20,27,0,10,29,7,0,29,17,0,20,27,0,0,0,0,6,29,7,0,29,17,0,20,27,0,10,29,7,0,29,17,0,20,27,0,0,0,0,6,29,7,0,29,17,0,20,27,0,10,29,7,0,29,17,0,20,27,0,0,0,0,6,29,7,0,29,17,0,13,18,0,7,19,5,0,19,11,0,13,18,0,0,0,0,6,29,7,0,29,17,0,0,0,0,0,0,0,0,0,0,0,0,0,0,0,0,0,6,29,7,0,29,17,0,0,0,0,0,0,0,0,0,0,0,0,0,0,0,0,0,6,29,7,0,29,17,0,0,0,0,7,7,7,7,7,7,7,7,7,7,1,0,0,6,27,7,0,29,17,0,0,0,0,8,8,8,8,8,8,8,8,8,8,2,0,0,0,0,0,0,29,17,0,0,0,0,0,0,0,0,0,0,0,0,0,0,0,0,0,3,14,3,0,29,17,0,0,0,0,0,0,0,0,0,0,0,0,0,0,0,0,0,6,29,7,0,29,17,0,20,27,0,10,28,7,0,28,17,0,20,27,0,0,0,0,6,29,7,0,29,17,0,20,27,0,10,29,7,0,29,17,0,20,27,0,0,0,0,6,29,7,0,29,17,0,20,27,0,10,29,7,0,29,17,0,20,27,0,0,0,0,6,29,7,0,29,17,0,20,27,0,10,29,7,0,29,17,0,20,27,0,0,0,0,6,29,7,0,29,17,0,18,24,0,9,25,6,0,25,15,0,18,24,0,0,0,0,6,29,7,0,29,17,0,0,0,0,0,0,0,0,0,0,0,0,0,0,0,0,0,6,29,7,0,29,17,0,0,0,0,0,0,0,0,0,0,0,0,0,0,0,0,0,6,29,7,0,29,17,0,0,0,0,16,17,17,17,17,17,17,17,17,17,3,0
0,16,29,1,6,29,11,0,26,21,0,16,29,1,6,29,11,0,26,21,0,16,29,0,0,0,0,0,0,0,0,0,0,0,0,0,0,0,0,0,0,0,0,0,0,0,0,0,0,0,0,0,0,0,0,0,0,0,0,0,0,0,0,0,0,0,0,0,0,0,0,0,0,0,0,0,0,0,0,0,0,0,0,0,0,0,0,0,0,0,0,0,17,17,17,17,17,17,17,17,17,17,17,17,17,17,17,17,17,17,17,17,17,17,17,0,0,0,0,0,0,0,0,0,0,0,0,0,0,0,0,0,0,0,0,0,0,0,0,0,0,0,0,0,0,0,0,0,0,0,0,0,0,0,0,0,0,0,0,0,0,0,10,18,1,4,18,7,0,17,13,0,10,18,1,4,18,7,0,17,13,0,10,18,0,16,29,1,6,29,11,0,26,21,0,16,29,1,6,29,11,0,26,21,0,16,29,0,16,29,1,6,29,11,0,26,21,0,16,29,1,6,29,11,0,26,21,0,16,29,0,16,29,1,6,29,11,0,26,21,0,16,29,1,6,29,11,0,26,21,0,16,29,0,16,29,1,6,29,11,0,26,21,0,16,29,1,6,29,11,0,26,21,0,16,29,0,3,5,0,1,5,2,0,5,4,0,3,5,0,1,5,2,0,5,4,0,3,5,0,0,0,0,0,0,0,0,0,0,0,0,0,0,0,0,0,0,0,0,0,0,0,7,7,7,7,7,7,7,7,7,7,7,7,7,7,7,7,7,7,7,7,7,7,7,8,8,8,8,8,8,8,8,8,8,8,8,8,8,8,8,8,8,8,8,8,8,8,0,0,0,0,0,0,0,0,0,0,0,0,0,0,0,0,0,0,0,0,0,0,0,0,16,29,1,6,29,11,0,26,21,0,16,29,1,6,29,11,0,26,21,0,16,29,0,16,29,1,6,29,11,0,26,21,0,16,29,1,6,29,11,0,26,21,0,16,29,0,16,29,1,6,29,11,0,26,21,0,16,29,1,6,29,11,0,26,21,0,16,29,0,16,29,1,6,29,11,0,26,21,0,16,29,1,6,29,11,0,26,21,0,16,29,0,16,29,1,6,29,11,0,26,21,0,16,29,1,6,29,11,0,26,21,0,16,29,0,16,29,1,6,29,11,0,26,21,0,16,29,1,6,29,11,0,26,21,0,16,29
0,16,29,1,6,29,11,0,26,21,0,16,29,1,6,29,11,0,26,21,0,16,29,0,0,0,0,0,0,0,0,0,0,0,0,0,0,0,0,0,0,0,0,0,0,0,0,0,0,0,0,0,0,0,0,0,0,0,0,0,0,0,0,0,0,0,0,0,0,0,0,0,0,0,0,0,0,0,0,0,0,0,0,0,0,0,0,0,0,0,0,0,17,17,17,17,17,17,17,17,17,17,17,17,17,17,17,17,17,17,17,17,17,17,17,0,0,0,0,0,0,0,0,0,0,0,0,0,0,0,0,0,0,0,0,0,0,0,0,0,0,0,0,0,0,0,0,0,0,0,0,0,0,0,0,0,0,0,0,0,0,0,10,18,1,4,18,7,0,17,13,0,10,18,1,4,18,7,0,17,13,0,10,18,0,16,29,1,6,29,11,0,26,21,0,16,29,1,6,29,11,0,26,21,0,16,29,0,16,29,1,6,29,11,0,26,21,0,16,29,1,6,29,11,0,26,21,0,16,29,0,16,29,1,6,29,11,0,26,21,0,16,29,1,6,29,11,0,26,21,0,16,29,0,16,29,1,6,29,11,0,26,21,0,16,29,1,6,29,11,0,26,21,0,16,29,0,3,5,0,1,5,2,0,5,4,0,3,5,0,1,5,2,0,5,4,0,3,5,0,0,0,0,0,0,0,0,0,0,0,0,0,0,0,0,0,0,0,0,0,0,0,7,7,7,7,7,7,7,7,7,7,7,7,7,7,7,7,7,7,7,7,7,7,7,8,8,8,8,8,8,8,8,8,8,8,8,8,8,8,8,8,8,8,8,8,8,8,0,0,0,0,0,0,0,0,0,0,0,0,0,0,0,0,0,0,0,0,0,0,0,0,16,29,1,6,29,11,0,26,21,0,16,29,1,6,29,11,0,26,21,0,16,29,0,16,29,1,6,29,11,0,26,21,0,16,29,1,6,29,11,0,26,21,0,16,29,0,16,29,1,6,29,11,0,26,21,0,16,29,1,6,29,11,0,26,21,0,16,29,0,16,29,1,6,29,11,0,26,21,0,16,29,1,6,29,11,0,26,21,0,16,29,0,16,29,1,6,29,11,0,26,21,0,16,29,1,6,29,11,0,26,21,0,16,29,0,16,29,1,6,29,11,0,26,21,0,16,29,1,6,29,11,0,26,21,0,16,29
0,16,29,1,6,29,11,0,26,21,0,16,29,1,6,29,11,0,26,21,0,16,29,0,0,0,0,0,0,0,0,0,0,0,0,0,0,0,0,0,0,0,0,0,0,0,0,0,0,0,0,0,0,0,0,0,0,0,0,0,0,0,0,0,0,0,0,0,0,0,0,0,0,0,0,0,0,0,0,0,0,0,0,0,0,0,0,0,0,0,0,0,17,17,17,17,17,17,17,17,17,17,17,17,17,17,17,17,17,17,17,17,17,17,17,0,0,0,0,0,0,0,0,0,0,0,0,0,0,0,0,0,0,0,0,0,0,0,0,0,0,0,0,0,0,0,0,0,0,0,0,0,0,0,0,0,0,0,0,0,0,0,10,18,1,4,18,7,0,17,13,0,10,18,1,4,18,7,0,17,13,0,10,18,0,16,29,1,6,29,11,0,26,21,0,16,29,1,6,29,11,0,26,21,0,16,29,0,16,29,1,6,29,11,0,26,21,0,16,29,1,6,29,11,0,26,21,0,16,29,0,16,29,1,6,29,11,0,26,21,0,16,29,1,6,29,11,0,26,21,0,16,29,0,16,29,1,6,29,11,0,26,21,0,16,29,1,6,29,11,0,26,21,0,16,29,0,3,5,0,1,5,2,0,5,4,0,3,5,0,1,5,2,0,5,4,0,3,5,0,0,0,0,0,0,0,0,0,0,0,0,0,0,0,0,0,0,0,0,0,0,0,7,7,7,7,7,7,7,7,7,7,7,7,7,7,7,7,7,7,7,7,7,7,7,8,8,8,8,8,8,8,8,8,8,8,8,8,8,8,8,8,8,8,8,8,8,8,0,0,0,0,0,0,0,0,0,0,0,0,0,0,0,0,0,0,0,0,0,0,0,0,16,29,1,6,29,11,0,26,21,0,16,29,1,6,29,11,0,26,21,0,16,29,0,16,29,1,6,29,11,0,26,21,0,16,29,1,6,29,11,0,26,21,0,16,29,0,16,29,1,6,29,11,0,26,21,0,16,29,1,6,29,11,0,26,21,0,16,29,0,16,29,1,6,29,11,0,26,21,0,16,29,1,6,29,11,0,26,21,0,16,29,0,16,29,1,6,29,11,0,26,21,0,16,29,1,6,29,11,0,26,21,0,16,29,0,16,29,1,6,29,11,0,26,21,0,16,29,1,6,29,11,0,26,21,0,16,29
0,0,0,0,0,0,0,0,0,0,0,0,0,0,0,0,0,0,0,0,0,0,0,0,0,0,0,0,0,0,0,0,0,0,0,0,0,0,0,0,0,0,0,0,0,0,0,0,0,0,0,0,0,0,0,0,0,0,0,0,0,0,0,0,0,0,0,0,0,0,0,0,0,0,0,0,0,0,0,0,0,0,0,0,0,0,0,0,0,0,0,0,0,0,0,0,0,0,0,0,0,0,0,0,0,0,0,0,0,0,0,0,0,0,0,0,0,0,0,0,0,0,0,0,0,0,0,0,0,0,0,0,0,0,0,0,0,0,13,13,13,13,13,13,13,13,13,13,13,13,13,13,13,13,13,13,13,13,13,13,13,2,2,2,2,2,2,2,2,2,2,2,2,2,2,2,2,2,2,2,2,2,2,2,13,0,10,6,0,16,0,2,13,0,10,6,0,16,0,2,13,0,10,6,0,16,0,18,0,13,8,0,22,0,3,18,0,13,8,0,22,0,3,18,0,13,8,0,22,0,18,0,13,8,0,22,0,3,18,0,13,8,0,22,0,3,18,0,13,8,0,22,0,18,0,13,8,0,22,0,3,18,0,13,8,0,22,0,3,18,0,13,8,0,22,0,18,0,13,8,0,22,0,3,18,0,13,8,0,22,0,3,18,0,13,8,0,22,0,18,13,13,11,11,22,8,9,18,13,13,11,11,22,8,9,18,13,13,11,11,22,8,18,22,13,12,18,22,13,12,18,22,13,12,18,22,13,12,18,22,13,12,18,22,13,18,22,13,12,18,22,13,12,18,22,13,12,18,22,13,12,18,22,13,12,18,22,13,9,11,6,6,9,11,6,6,9,11,6,6,9,11,6,6,9,11,6,6,9,11,6,0,0,0,0,0,0,0,0,0,0,0,0,0,0,0,0,0,0,0,0,0,0,0,0,0,0,0,0,0,0,0,0,0,0,0,0,0,0,0,0,0,0,0,0,0,0,0,0,0,0,0,0,0,0,0,0,0,0,0,0,0,0,0,0,0,0,0,0,0,0,0,0,0,0,0,0,0,0,0,0,0,0,0,0,0,0,0,0,0,0,0,0,0,0,0,0,0,0,0,0,0,0,0,0,0,0,0,0,0,0,0,0,0,0,0,0,0,0,0,0,0,0,0,0,0,0,0,0,0,0,0,0,0,0,0,0,0,0
0,0,0,0,0,0,0,0,0,0,0,0,0,0,0,0,0,0,0,0,0,0,0,0,0,0,0,0,0,0,0,0,0,0,0,0,0,0,0,0,0,0,0,0,0,0,0,0,0,0,0,0,0,0,0,0,0,0,0,0,0,0,0,0,0,0,0,0,0,0,0,0,0,0,0,0,0,0,0,0,0,0,0,0,0,0,0,0,0,0,0,0,0,0,0,0,0,0,0,0,0,0,0,0,0,0,0,0,0,0,0,0,0,0,0,0,0,0,0,0,0,0,0,0,0,0,0,0,0,0,0,0,0,0,0,0,0,0,13,13,13,13,13,13,13,13,13,13,13,13,13,13,13,13,13,13,13,13,13,13,13,2,2,2,2,2,2,2,2,2,2,2,2,2,2,2,2,2,2,2,2,2,2,2,13,0,10,6,0,16,0,2,13,0,10,6,0,16,0,2,13,0,10,6,0,16,0,18,0,13,8,0,22,0,3,18,0,13,8,0,22,0,3,18,0,13,8,0,22,0,18,0,13,8,0,22,0,3,18,0,13,8,0,22,0,3,18,0,13,8,0,22,0,18,0,13,8,0,22,0,3,18,0,13,8,0,22,0,3,18,0,13,8,0,22,0,18,0,13,8,0,22,0,3,18,0,13,8,0,22,0,3,18,0,13,8,0,22,0,18,13,13,11,11,22,8,9,18,13,13,11,11,22,8,9,18,13,13,11,11,22,8,18,22,13,12,18,22,13,12,18,22,13,12,18,22,13,12,18,22,13,12,18,22,13,18,22,13,12,18,22,13,12,18,22,13,12,18,22,13,12,18,22,13,12,18,22,13,9,11,6,6,9,11,6,6,9,11,6,6,9,11,6,6,9,11,6,6,9,11,6,0,0,0,0,0,0,0,0,0,0,0,0,0,0,0,0,0,0,0,0,0,0,0,0,0,0,0,0,0,0,0,0,0,0,0,0,0,0,0,0,0,0,0,0,0,0,0,0,0,0,0,0,0,0,0,0,0,0,0,0,0,0,0,0,0,0,0,0,0,0,0,0,0,0,0,0,0,0,0,0,0,0,0,0,0,0,0,0,0,0,0,0,0,0,0,0,0,0,0,0,0,0,0,0,0,0,0,0,0,0,0,0,0,0,0,0,0,0,0,0,0,0,0,0,0,0,0,0,0,0,0,0,0,0,0,0,0,0
0,0,0,0,0,0,0,0,0,0,0,0,0,0,0,0,0,0,0,0,0,0,0,0,0,0,0,0,0,0,0,0,0,0,0,0,0,0,0,0,0,0,0,0,0,0,0,0,0,0,0,0,0,0,0,0,0,0,0,0,0,0,0,0,0,0,0,0,0,0,0,0,0,0,0,0,0,0,0,0,0,0,0,0,0,0,0,0,0,0,0,0,0,0,0,0,0,0,0,0,0,0,0,0,0,0,0,0,0,0,0,0,0,0,0,0,0,0,0,0,0,0,0,0,0,0,0,0,0,0,0,0,0,0,0,0,0,0,13,13,13,13,13,13,13,13,13,13,13,13,13,13,13,13,13,13,13,13,13,13,13,2,2,2,2,2,2,2,2,2,2,2,2,2,2,2,2,2,2,2,2,2,2,2,13,0,10,6,0,16,0,2,13,0,10,6,0,16,0,2,13,0,10,6,0,16,0,18,0,13,8,0,22,0,3,18,0,13,8,0,22,0,3,18,0,13,8,0,22,0,18,0,13,8,0,22,0,3,18,0,13,8,0,22,0,3,18,0,13,8,0,22,0,18,0,13,8,0,22,0,3,18,0,13,8,0,22,0,3,18,0,13,8,0,22,0,18,0,13,8,0,22,0,3,18,0,13,8,0,22,0,3,18,0,13,8,0,22,0,18,13,13,11,11,22,8,9,18,13,13,11,11,22,8,9,18,13,13,11,11,22,8,18,22,13,12,18,22,13,12,18,22,13,12,18,22,13,12,18,22,13,12,18,22,13,18,22,13,12,18,22,13,12,18,22,13,12,18,22,13,12,18,22,13,12,18,22,13,9,11,6,6,9,11,6,6,9,11,6,6,9,11,6,6,9,11,6,6,9,11,6,0,0,0,0,0,0,0,0,0,0,0,0,0,0,0,0,0,0,0,0,0,0,0,0,0,0,0,0,0,0,0,0,0,0,0,0,0,0,0,0,0,0,0,0,0,0,0,0,0,0,0,0,0,0,0,0,0,0,0,0,0,0,0,0,0,0,0,0,0,0,0,0,0,0,0,0,0,0,0,0,0,0,0,0,0,0,0,0,0,0,0,0,0,0,0,0,0,0,0,0,0,0,0,0,0,0,0,0,0,0,0,0,0,0,0,0,0,0,0,0,0,0,0,0,0,0,0,0,0,0,0,0,0,0,0,0,0,0
7,12,12,12,12,12,12,12,12,12,12,12,12,12,12,12,12,12,12,12,12,12,12,2,3,3,3,3,3,3,3,3,3,3,3,3,3,3,3,3,3,3,3,3,3,3,0,9,17,17,14,0,3,17,17,17,3,0,15,17,17,9,0,9,17,17,14,0,2,0,16,18,15,24,0,6,23,15,23,5,0,25,15,19,15,0,16,18,15,24,0,4,0,16,9,9,22,0,6,15,13,16,5,0,22,9,10,15,0,16,9,9,22,0,4,0,16,12,15,13,0,6,15,22,9,3,0,22,16,9,9,0,16,12,15,13,0,4,0,16,12,15,0,0,6,15,22,0,0,0,22,16,5,0,0,16,12,15,0,0,4,0,16,12,26,22,10,6,15,26,22,18,0,22,16,24,22,3,16,12,26,22,10,4,0,16,8,9,9,4,6,15,8,9,7,0,22,5,9,9,1,16,8,9,9,4,4,0,16,21,18,16,0,6,24,18,18,3,0,25,18,18,10,0,16,21,18,16,0,4,0,16,17,13,24,0,6,22,13,23,5,0,24,13,17,15,0,16,17,13,24,0,4,6,16,8,4,22,5,8,15,6,16,8,4,22,5,8,15,6,16,8,4,22,5,6,22,16,12,15,22,16,12,15,22,16,12,15,22,16,12,15,22,16,12,15,22,16,10,22,16,12,15,22,16,12,15,22,16,12,15,22,16,12,15,22,16,12,15,22,16,10,22,16,12,15,22,16,12,15,22,16,12,15,22,16,12,15,22,16,12,15,22,16,10,13,16,10,9,22,10,10,15,13,16,10,9,22,10,10,15,13,16,10,9,22,10,8,0,16,5,0,22,0,6,15,0,16,5,0,22,0,6,15,0,16,5,0,22,0,4,0,16,5,0,22,0,6,15,0,16,5,0,22,0,6,15,0,16,5,0,22,0,4,0,16,5,0,22,0,6,15,0,16,5,0,22,0,6,15,0,16,5,0,22,0,4,0,16,5,0,22,0,6,15,0,16,5,0,22,0,6,15,0,16,5,0,22,0,4,0,12,4,0,16,0,5,11,0,12,4,0,16,0,5,11,0,12,4,0,16,0,3,1,2,2,2,2,2,2,2,2,2,2,2,2,2,2,2,2,2,2,2,2,2,2,8,13,13,13,13,13,13,13,13,13,13,13,13,13,13,13,13,13,13,13,13,13,13
18,0,0,3,15,0,11,7,0,0,13,8,0,0,11,7,0,19,0,0,0,22,0,18,0,13,8,0,22,0,3,18,0,13,8,0,22,0,3,18,0,13,8,0,22,0,18,0,13,12,18,22,13,12,18,0,13,8,0,22,13,12,18,22,13,8,0,22,0,18,0,13,12,18,22,13,12,18,0,13,8,0,22,13,12,18,22,13,8,0,22,0,6,0,5,7,18,8,13,10,6,0,5,3,0,8,13,10,6,22,5,3,0,8,0,0,0,0,3,18,0,13,8,0,0,0,0,0,0,13,8,0,22,0,0,0,0,0,0,0,0,4,18,1,13,9,1,0,0,0,0,1,13,9,1,22,0,0,0,0,0,0,0,13,12,18,22,13,12,18,0,0,0,0,22,13,12,18,22,13,8,0,0,0,4,0,13,12,18,22,13,12,18,0,3,2,0,22,13,12,18,22,13,8,0,5,0,18,0,13,12,18,22,13,12,18,0,13,8,0,22,13,12,18,22,13,8,0,22,0,18,0,13,12,18,22,13,12,18,0,13,8,0,22,13,12,18,22,13,8,0,22,0,18,0,13,12,14,22,10,10,18,0,13,8,0,22,10,10,18,17,13,8,0,22,0,18,0,13,8,0,22,0,3,18,0,13,8,0,22,0,3,18,0,13,8,0,22,0,18,19,13,12,16,22,12,11,18,19,13,12,16,22,12,11,18,19,13,12,16,22,12,18,22,13,12,18,22,13,12,18,22,13,12,18,22,13,12,18,22,13,12,18,22,13,16,22,12,11,18,19,13,12,16,22,12,11,18,19,13,12,16,22,12,11,18,19,13,0,23,7,10,18,0,13,14,7,24,0,3,21,7,18,8,0,23,7,10,18,0,13,0,23,25,25,18,0,13,26,25,27,0,3,28,25,27,8,0,23,25,25,18,0,13,0,22,0,3,18,0,13,8,0,22,0,3,18,0,13,8,0,22,0,3,18,0,13,0,22,0,3,18,0,13,8,0,22,0,3,18,0,13,8,0,22,0,3,18,0,13,0,22,0,3,18,0,13,8,0,22,0,3,18,0,13,8,0,22,0,3,18,0,13,0,22,0,3,18,0,13,8,0,22,0,3,18,0,13,8,0,22,0,3,18,0,13,0,22,0,3,18,0,13,8,0,22,0,3,18,0,13,8,0,22,0,3,18,0,13
0,0,0,0,0,0,0,0,0,0,0,0,0,0,0,0,0,0,0,0,0,0,0,0,0,0,0,0,0,0,0,0,0,0,0,0,0,0,0,0,0,0,0,0,0,0,0,0,0,0,0,0,0,0,0,0,0,0,0,0,0,0,0,0,0,0,0,0,0,0,0,0,0,0,0,0,0,0,0,0,0,0,0,0,0,0,0,0,0,0,0,0,0,0,0,0,0,0,0,0,0,0,0,0,0,0,0,0,0,0,0,0,0,0,0,0,0,0,0,0,0,0,0,0,0,0,0,0,0,0,0,0,0,0,0,0,0,0,0,0,0,0,0,0,0,0,0,0,0,0,0,0,0,0,0,0,0,0,0,6,28,17,17,17,17,17,17,17,17,17,17,17,17,17,17,17,17,17,17,11,0,0,6,29,1,5,0,3,2,0,6,0,1,5,0,3,2,0,6,0,1,5,0,0,0,6,29,3,18,0,13,8,0,22,0,3,18,0,13,8,0,22,0,3,18,0,0,0,6,29,3,18,0,13,8,0,22,0,3,18,0,13,8,0,22,0,3,18,0,0,0,6,29,3,18,0,13,8,0,22,0,3,18,0,13,8,0,22,0,3,18,0,0,0,6,29,3,18,0,13,8,0,22,0,3,18,0,13,8,0,22,0,3,18,0,0,0,6,29,5,18,3,13,9,2,22,1,5,18,3,13,9,2,22,1,5,18,3,0,0,6,29,12,18,22,13,12,18,22,13,12,18,22,13,12,18,22,13,12,18,22,0,0,6,29,12,18,22,13,12,18,22,13,12,18,22,13,12,18,22,13,12,18,22,0,0,6,29,12,18,22,13,12,18,22,13,12,18,22,13,12,18,22,13,12,18,22,0,0,6,28,0,0,0,0,0,0,0,0,0,0,0,0,0,0,0,0,0,0,0,0,0,0,0,0,0,0,0,0,0,0,0,0,0,0,0,0,0,0,0,0,0,0,0,0,0,0,0,0,0,0,0,0,0,0,0,0,0,0,0,0,0,0,0,0,0,0,0,0,0,0,0,0,0,0,0,0,0,0,0,0,0,0,0,0,0,0,0,0,0,0,0,0,0,0,0,0,0,0,0,0,0,0,0,0,0,0,0,0,0,0,0,0,0,0,0,0,0,0,0,0,0,0,0,0,0,0,0,0,0,0,0,0,0,0,0,0,0,0
0,0,0,0,0,11,29,2,5,29,12,0,25,22,0,2,19,4,0,0,0,0,0,0,0,0,0,0,11,29,2,5,29,12,0,25,22,0,2,19,4,0,0,0,0,0,0,0,0,0,0,11,29,2,5,29,12,0,25,22,0,1,9,0,0,0,0,0,0,0,0,0,0,0,11,29,2,5,29,12,0,25,22,0,0,0,3,0,0,0,0,0,0,0,0,0,0,11,29,2,5,29,12,0,25,22,0,2,16,4,0,0,0,0,0,0,0,0,0,0,11,29,2,5,29,12,0,25,22,0,2,19,3,0,0,0,0,0,0,0,0,0,0,11,29,2,5,29,12,0,25,22,0,2,19,0,0,0,0,0,0,0,0,0,0,0,11,27,2,5,29,12,0,25,22,0,2,19,0,0,0,0,0,0,0,0,0,0,0,0,0,0,5,29,12,0,25,22,0,2,19,3,0,0,0,0,0,0,0,0,0,0,5,14,1,5,29,12,0,25,22,0,2,19,4,0,0,0,0,0,0,0,0,0,0,11,29,2,5,29,12,0,25,22,0,2,19,4,0,0,0,0,0,0,0,0,0,0,11,29,2,5,29,12,0,25,22,0,2,19,1,0,0,0,0,0,0,0,0,0,0,11,29,2,5,29,12,0,25,22,0,2,19,0,0,0,0,0,0,0,0,0,0,0,11,29,2,5,29,12,0,25,22,0,0,5,0,0,0,0,0,0,0,0,0,0,0,11,29,2,5,29,12,0,25,22,0,0,0,1,0,0,0,0,0,0,0,0,0,0,11,29,2,5,29,12,0,25,22,0,2,16,4,0,0,0,0,0,0,0,0,0,0,11,29,2,5,29,12,0,25,22,0,2,19,4,0,0,0,0,0,0,0,0,0,0,11,29,2,5,29,12,0,25,22,0,2,19,4,0,0,0,0,0,0,0,0,0,0,11,29,2,5,29,12,0,25,22,0,2,19,0,0,0,0,0,0,0,0,0,0,0,11,29,2,5,29,12,0,25,22,0,2,19,0,0,0,0,0,0,0,0,0,0,0,11,29,2,5,29,12,0,25,22,0,2,19,0,0,0,0,0,0,0,0,0,0,0,11,29,2,5,29,12,0,25,22,0,2,19,0,0,0,0,0,0,0,0,0,0,0,11,29,2,5,29,12,0,25,22,0,2,19,0,0,0,0,0,0
2,13,5,1,0,16,5,0,2,13,5,1,18,1,0,0,22,0,0,1,18,1,4,0,16,5,0,0,16,5,0,0,16,5,0,22,0,0,0,22,0,0,0,22,0,4,21,16,5,0,13,16,9,9,0,16,12,14,22,0,3,9,22,9,3,0,22,15,10,22,16,5,0,22,16,12,15,0,16,12,15,22,0,6,15,22,16,5,0,22,16,10,22,16,10,3,22,16,12,15,5,19,12,15,23,5,8,15,22,16,7,5,23,16,10,19,15,27,15,14,3,5,10,26,26,11,13,24,28,10,10,4,10,10,28,23,14,9,0,0,6,15,0,0,0,0,22,0,0,0,0,16,5,0,0,0,6,15,0,0,0,20,0,6,15,0,15,5,0,22,0,6,14,0,16,5,0,20,0,6,15,0,15,5,22,0,6,15,0,16,5,0,22,0,6,15,0,16,5,0,22,0,6,15,0,16,5,22,0,6,15,22,16,12,15,22,0,6,15,0,16,12,15,22,16,12,15,0,16,5,22,12,11,15,22,16,12,15,22,12,11,15,16,16,12,15,22,16,12,15,16,16,9,22,16,12,15,22,16,12,15,22,16,12,15,22,16,12,15,22,16,12,15,22,16,10,22,16,12,15,3,16,6,2,22,16,12,15,22,16,6,2,22,2,7,15,22,16,10,22,8,9,15,0,16,5,0,22,8,9,15,11,16,5,0,22,0,6,15,11,16,8,22,5,8,15,7,16,8,5,22,5,8,15,7,16,8,5,22,5,8,15,7,16,7,22,16,12,15,22,16,12,15,22,16,12,15,22,16,12,15,22,16,12,15,22,16,10,22,16,12,15,22,3,8,15,22,16,12,15,22,16,12,15,4,16,12,15,22,16,10,4,1,7,15,1,2,1,1,22,1,1,3,1,16,6,1,3,1,7,15,1,3,1,0,11,10,15,15,16,10,10,22,11,3,0,15,16,10,10,22,11,10,15,15,0,3,0,16,12,15,22,16,12,15,22,16,5,0,22,16,12,15,22,16,12,15,22,0,4,0,16,12,15,22,16,12,15,22,16,5,0,22,16,12,15,22,16,12,15,22,0,4,0,16,12,15,22,16,12,15,22,16,5,0,22,16,12,15,22,16,12,15,22,0,4,0,16,12,15,9,16,9,6,22,16,5,0,22,16,9,6,22,7,9,15,22,0,4
23,9,0,0,2,13,0,10,6,0,16,0,2,13,0,10,6,0,16,0,2,13,0,29,11,0,0,3,18,0,13,8,0,22,0,3,18,0,13,8,0,22,0,3,18,0,29,11,0,0,3,18,0,13,8,0,22,0,3,18,0,13,8,0,22,0,3,18,0,29,11,0,0,3,18,0,13,8,0,22,0,3,18,0,13,8,0,22,0,3,18,0,29,11,0,0,3,18,0,13,8,0,22,0,3,18,0,13,8,0,22,0,3,18,0,29,11,0,0,3,19,0,14,8,0,23,0,4,18,0,13,9,0,23,0,3,19,0,29,11,0,0,3,29,29,29,8,0,23,29,29,18,0,13,29,29,28,0,3,29,29,29,11,0,0,4,19,3,15,9,1,23,2,6,18,1,13,10,3,23,0,4,19,3,29,11,0,13,12,18,22,13,12,18,22,13,12,18,22,13,12,18,22,13,12,18,22,29,11,0,13,12,18,22,13,12,18,22,13,12,18,22,13,12,18,22,13,12,18,22,29,11,0,13,11,12,22,9,9,18,15,13,11,12,22,9,9,18,15,13,11,12,22,29,11,0,13,8,0,22,0,3,18,0,13,8,0,22,0,3,18,0,13,8,0,22,29,11,0,13,8,0,22,13,12,18,22,13,8,0,22,0,3,18,22,13,12,18,22,29,11,0,13,8,0,22,13,12,18,22,13,8,0,22,0,3,18,22,13,12,18,22,29,11,0,13,8,0,22,13,12,18,22,13,8,0,22,0,3,18,22,13,12,18,22,29,11,0,0,0,0,22,13,12,18,22,13,8,0,1,0,3,18,22,13,12,18,22,29,11,0,0,0,0,20,13,12,17,22,12,8,0,0,0,3,17,22,12,12,18,20,29,11,0,0,0,0,0,13,8,0,22,0,0,0,0,0,0,0,22,0,3,18,0,29,11,0,0,0,0,0,13,8,0,22,0,0,0,0,0,0,0,22,0,3,18,0,29,11,0,7,5,0,13,13,11,10,22,7,5,0,13,0,2,10,22,7,9,18,13,29,11,0,13,8,0,22,13,12,18,22,13,8,0,22,0,3,18,22,13,12,18,22,29,11,0,13,8,0,22,11,11,18,18,13,8,0,22,0,3,18,18,13,12,15,22,23,9,0,11,7,0,18,0,3,15,0,11,7,0,18,0,3,15,0,11,7,0,18
11,22,0,0,26,21,0,0,0,0,0,3,18,0,6,29,11,0,13,8,0,0,0,11,22,0,0,26,21,0,0,0,0,0,3,18,0,6,29,11,0,13,8,0,0,0,11,8,0,0,26,21,0,0,0,0,0,3,18,0,6,29,11,0,13,8,0,0,0,28,16,2,27,29,29,26,0,0,0,0,3,18,0,6,29,11,0,13,8,0,0,0,20,12,2,20,20,20,19,0,0,0,0,3,18,0,6,29,11,0,13,8,0,0,0,7,7,7,7,7,7,7,7,7,7,2,3,18,0,6,29,11,0,13,8,1,7,7,8,8,8,8,8,8,8,8,8,8,3,3,18,0,6,29,11,0,13,8,1,8,8,11,11,11,11,11,11,11,0,0,0,0,3,18,0,6,29,11,0,13,8,0,0,0,8,4,4,4,4,4,4,0,0,0,0,3,18,0,6,29,11,0,13,8,0,0,0,2,0,0,12,0,0,0,0,0,0,0,3,18,0,4,17,7,0,13,8,0,0,0,0,0,0,22,0,0,0,0,0,0,0,3,18,0,0,0,0,0,13,8,0,0,0,0,0,0,22,0,0,0,0,0,0,0,3,18,0,0,0,0,0,13,8,0,0,0,0,0,0,16,0,0,0,0,0,0,0,3,18,0,2,9,3,0,13,8,0,0,0,15,15,15,15,15,15,15,15,10,0,0,3,18,0,6,29,11,0,13,8,0,0,7,14,14,14,14,14,14,14,5,18,0,0,3,18,0,6,29,11,0,13,8,0,0,13,2,2,2,2,2,2,2,4,18,0,0,3,18,0,6,29,11,0,13,8,0,0,13,17,17,17,17,17,17,6,3,18,0,0,3,18,0,6,29,11,0,13,8,0,0,13,0,0,0,0,0,0,0,3,18,0,0,3,18,0,6,29,11,0,13,8,0,0,13,13,13,13,13,13,13,13,4,18,0,0,3,18,0,6,29,11,0,13,8,0,0,13,2,2,2,2,2,2,2,4,18,0,0,3,18,0,6,29,11,0,13,8,0,0,13,0,0,0,9,0,0,0,3,18,0,0,0,3,0,6,29,11,0,2,1,0,0,13,0,0,0,22,0,0,0,3,18,0,0,0,0,0,6,29,11,0,0,0,0,0,13,0,0,0,22,0,0,0,3,18,0,0,0,3,0,6,29,11,0,2,1,0,0,13
3,3,3,0,22,1,3,3,0,13,9,3,3,2,3,18,3,3,3,0,22,1,3,23,28,26,0,22,13,29,28,6,13,12,29,28,16,3,18,23,28,26,0,22,13,29,22,0,0,0,22,13,8,0,0,13,12,18,0,0,3,18,22,0,0,0,22,13,8,22,4,2,0,22,13,10,6,0,13,12,18,7,0,3,18,22,4,2,0,22,13,10,17,13,8,0,22,10,10,18,0,13,12,14,22,0,3,18,17,13,8,0,22,10,10,9,19,8,0,23,9,12,18,0,13,15,9,25,0,3,22,9,19,8,0,23,9,12,22,22,6,0,18,22,22,14,0,10,22,22,22,0,3,22,22,22,6,0,18,22,22,0,0,0,0,0,0,0,0,0,0,0,0,0,0,0,0,0,0,0,0,0,0,0,17,17,17,17,17,17,17,17,17,17,17,17,17,17,17,17,17,17,17,17,17,17,17,0,2,1,0,4,0,0,3,0,2,1,0,4,0,0,3,0,2,1,0,4,0,0,0,13,8,0,22,0,3,18,0,13,8,0,22,0,3,18,0,13,8,0,22,0,3,0,13,8,0,22,0,3,18,0,13,8,0,22,0,3,18,0,13,8,0,22,0,3,0,13,8,0,22,0,3,18,0,13,8,0,22,0,3,18,0,13,8,0,22,0,3,0,13,8,0,22,0,3,18,0,13,8,0,22,0,3,18,0,13,8,0,22,0,3,1,13,9,1,22,0,4,18,1,13,9,1,22,0,4,18,1,13,9,1,22,0,4,22,13,12,18,22,13,12,18,22,13,12,18,22,13,12,18,22,13,12,18,22,13,12,22,13,12,18,22,13,12,18,22,13,12,18,22,13,12,18,22,13,12,18,22,13,12,22,13,12,18,22,13,12,18,22,13,12,18,22,13,12,18,22,13,12,18,22,13,12,19,13,12,15,22,11,11,18,19,13,12,15,22,11,11,18,19,13,12,15,22,11,11,0,13,8,0,22,0,3,18,0,13,8,0,22,0,3,18,0,13,8,0,22,0,3,27,28,8,0,23,27,28,18,0,13,28,27,28,0,3,29,27,28,8,0,23,27,28,4,16,8,0,3,4,8,18,0,2,4,4,23,0,0,4,4,16,8,0,3,4,8,23,13,8,8,23,23,11,18,0,23,23,15,22,0,16,23,23,13,8,8,23,23,11
0,0,0,0,0,0,0,0,0,0,0,0,0,0,0,0,0,0,0,0,0,0,0,0,0,0,0,0,0,0,0,0,0,0,0,0,0,0,0,0,0,0,0,0,0,0,0,0,0,0,0,0,0,0,0,0,0,0,0,0,0,0,0,0,0,0,0,0,0,0,0,0,0,0,0,0,0,0,0,0,0,0,0,0,0,0,0,0,0,0,0,0,0,0,0,0,0,0,0,0,0,0,0,0,0,0,0,0,0,0,0,0,0,0,0,0,0,0,0,0,0,0,0,0,0,0,0,0,0,0,0,0,0,0,0,0,0,0,13,13,13,13,13,13,13,13,13,13,13,13,13,13,13,13,13,13,13,13,13,13,13,2,2,2,2,2,2,2,2,2,2,2,2,2,2,2,2,2,2,2,2,2,2,2,2,13,0,10,6,0,16,0,2,13,0,10,6,0,16,0,2,13,0,10,6,0,16,3,18,0,13,8,0,22,0,3,18,0,13,8,0,22,0,3,18,0,13,8,0,22,3,18,0,13,8,0,22,0,3,18,0,13,8,0,22,0,3,18,0,13,8,0,22,3,18,0,13,8,0,22,0,3,18,0,13,8,0,22,0,3,18,0,13,8,0,22,3,18,0,13,8,0,22,0,3,18,0,13,8,0,22,0,3,18,0,13,8,0,22,9,18,13,13,11,11,22,8,9,18,13,13,11,11,22,8,9,18,13,13,11,11,22,12,18,22,13,12,18,22,13,12,18,22,13,12,18,22,13,12,18,22,13,12,18,22,12,18,22,13,12,18,22,13,12,18,22,13,12,18,22,13,12,18,22,13,12,18,22,6,9,11,6,6,9,11,6,6,9,11,6,6,9,11,6,6,9,11,6,6,9,11,0,0,0,0,0,0,0,0,0,0,0,0,0,0,0,0,0,0,0,0,0,0,0,0,0,0,0,0,0,0,0,0,0,0,0,0,0,0,0,0,0,0,0,0,0,0,0,0,0,0,0,0,0,0,0,0,0,0,0,0,0,0,0,0,0,0,0,0,0,0,0,0,0,0,0,0,0,0,0,0,0,0,0,0,0,0,0,0,0,0,0,0,0,0,0,0,0,0,0,0,0,0,0,0,0,0,0,0,0,0,0,0,0,0,0,0,0,0,0,0,0,0,0,0,0,0,0,0,0,0,0,0,0,0,0,0,0,0
0,0,0,0,0,0,0,0,0,0,0,0,0,0,0,0,0,0,0,0,0,0,0,0,0,0,0,0,0,0,0,0,0,0,0,0,0,0,0,0,0,0,0,0,0,0,0,0,0,0,0,0,0,0,0,0,0,0,0,0,0,0,0,0,0,0,0,0,0,0,0,0,0,0,0,0,0,0,0,0,0,0,0,0,0,0,0,0,0,0,0,0,0,0,0,0,0,0,0,0,0,0,0,0,0,0,0,0,0,0,0,0,0,0,0,0,0,0,0,0,0,0,0,0,0,0,0,0,0,0,0,0,0,0,0,0,0,0,13,13,13,13,13,13,13,13,13,13,13,13,13,13,13,13,13,13,13,13,13,13,13,2,2,2,2,2,2,2,2,2,2,2,2,2,2,2,2,2,2,2,2,2,2,2,2,13,0,10,6,0,16,0,2,13,0,10,6,0,16,0,2,13,0,10,6,0,16,3,18,0,13,8,0,22,0,3,18,0,13,8,0,22,0,3,18,0,13,8,0,22,3,18,0,13,8,0,22,0,3,18,0,13,8,0,22,0,3,18,0,13,8,0,22,3,18,0,13,8,0,22,0,3,18,0,13,8,0,22,0,3,18,0,13,8,0,22,3,18,0,13,8,0,22,0,3,18,0,13,8,0,22,0,3,18,0,13,8,0,22,9,18,13,13,11,11,22,8,9,18,13,13,11,11,22,8,9,18,13,13,11,11,22,12,18,22,13,12,18,22,13,12,18,22,13,12,18,22,13,12,18,22,13,12,18,22,12,18,22,13,12,18,22,13,12,18,22,13,12,18,22,13,12,18,22,13,12,18,22,6,9,11,6,6,9,11,6,6,9,11,6,6,9,11,6,6,9,11,6,6,9,11,0,0,0,0,0,0,0,0,0,0,0,0,0,0,0,0,0,0,0,0,0,0,0,0,0,0,0,0,0,0,0,0,0,0,0,0,0,0,0,0,0,0,0,0,0,0,0,0,0,0,0,0,0,0,0,0,0,0,0,0,0,0,0,0,0,0,0,0,0,0,0,0,0,0,0,0,0,0,0,0,0,0,0,0,0,0,0,0,0,0,0,0,0,0,0,0,0,0,0,0,0,0,0,0,0,0,0,0,0,0,0,0,0,0,0,0,0,0,0,0,0,0,0,0,0,0,0,0,0,0,0,0,0,0,0,0,0,0
0,0,0,0,0,0,0,0,0,0,0,0,0,0,0,0,0,0,0,0,0,0,0,0,0,0,0,0,0,0,0,0,0,0,0,0,0,0,0,0,0,0,0,0,0,0,0,0,0,0,0,0,0,0,0,0,0,0,0,0,0,0,0,0,0,0,0,0,0,0,0,0,0,0,0,0,0,0,0,0,0,0,0,0,0,0,0,0,0,0,0,0,0,0,0,0,0,0,0,0,0,0,0,0,0,0,0,0,0,0,0,0,0,0,0,0,0,0,0,0,0,0,0,0,0,0,0,0,0,0,0,0,0,0,0,0,0,0,13,13,13,13,13,13,13,13,13,13,13,13,13,13,13,13,13,13,13,13,13,13,13,2,2,2,2,2,2,2,2,2,2,2,2,2,2,2,2,2,2,2,2,2,2,2,2,13,0,10,6,0,16,0,2,13,0,10,6,0,16,0,2,13,0,10,6,0,16,3,18,0,13,8,0,22,0,3,18,0,13,8,0,22,0,3,18,0,13,8,0,22,3,18,0,13,8,0,22,0,3,18,0,13,8,0,22,0,3,18,0,13,8,0,22,3,18,0,13,8,0,22,0,3,18,0,13,8,0,22,0,3,18,0,13,8,0,22,3,18,0,13,8,0,22,0,3,18,0,13,8,0,22,0,3,18,0,13,8,0,22,9,18,13,13,11,11,22,8,9,18,13,13,11,11,22,8,9,18,13,13,11,11,22,12,18,22,13,12,18,22,13,12,18,22,13,12,18,22,13,12,18,22,13,12,18,22,12,18,22,13,12,18,22,13,12,18,22,13,12,18,22,13,12,18,22,13,12,18,22,6,9,11,6,6,9,11,6,6,9,11,6,6,9,11,6,6,9,11,6,6,9,11,0,0,0,0,0,0,0,0,0,0,0,0,0,0,0,0,0,0,0,0,0,0,0,0,0,0,0,0,0,0,0,0,0,0,0,0,0,0,0,0,0,0,0,0,0,0,0,0,0,0,0,0,0,0,0,0,0,0,0,0,0,0,0,0,0,0,0,0,0,0,0,0,0,0,0,0,0,0,0,0,0,0,0,0,0,0,0,0,0,0,0,0,0,0,0,0,0,0,0,0,0,0,0,0,0,0,0,0,0,0,0,0,0,0,0,0,0,0,0,0,0,0,0,0,0,0,0,0,0,0,0,0,0,0,0,0,0,0
3,15,0,11,7,0,0,13,8,0,0,11,7,0,19,0,0,0,22,0,0,6,29,8,0,22,0,3,18,0,13,8,0,22,0,3,18,0,13,8,0,22,0,0,6,29,12,18,22,13,12,18,0,13,8,0,22,13,12,18,22,13,8,0,22,0,0,6,29,12,18,22,13,12,18,0,13,8,0,22,13,12,18,22,13,8,0,22,0,0,6,29,7,18,8,13,10,6,0,5,3,0,8,13,10,6,22,5,3,0,8,0,0,6,29,3,18,0,13,8,0,0,0,0,0,0,13,8,0,22,0,0,0,0,0,0,6,29,4,18,1,13,9,1,0,0,0,0,1,13,9,1,22,0,0,0,0,0,0,6,29,12,18,22,13,12,18,0,0,0,0,22,13,12,18,22,13,8,0,0,0,0,6,29,12,18,22,13,12,18,0,3,2,0,22,13,12,18,22,13,8,0,5,0,0,6,29,12,18,22,13,12,18,0,13,8,0,22,13,12,18,22,13,8,0,22,0,0,6,27,12,18,22,13,12,18,0,13,8,0,22,13,12,18,22,13,8,0,22,0,0,0,0,12,14,22,10,10,18,0,13,8,0,22,10,10,18,17,13,8,0,22,0,0,3,14,8,0,22,0,3,18,0,13,8,0,22,0,3,18,0,13,8,0,22,0,0,6,29,12,16,22,12,11,18,19,13,12,16,22,12,11,18,19,13,12,16,22,0,0,6,29,12,18,22,13,12,18,22,13,12,18,22,13,12,18,22,13,12,18,22,0,0,6,29,11,18,19,13,12,16,22,12,11,18,19,13,12,16,22,12,11,18,19,0,0,6,29,10,18,0,13,14,7,24,0,3,21,7,18,8,0,23,7,10,18,0,0,0,6,29,25,18,0,13,26,25,27,0,3,28,25,27,8,0,23,25,25,18,0,0,0,6,29,3,18,0,13,8,0,22,0,3,18,0,13,8,0,22,0,3,18,0,0,0,6,29,3,18,0,13,8,0,22,0,3,18,0,13,8,0,22,0,3,18,0,0,0,6,29,3,18,0,13,8,0,22,0,3,18,0,13,8,0,22,0,3,18,0,0,0,6,29,3,18,0,13,8,0,22,0,3,18,0,13,8,0,22,0,3,18,0,0,0,6,29,3,18,0,13,8,0,22,0,3,18,0,13,8,0,22,0,3,18,0,0,0,6,29
1,0,1,1,0,6,29,11,0,0,18,22,22,14,0,10,22,22,22,0,3,22,22,0,0,0,0,0,6,29,11,0,0,0,0,0,0,0,0,0,0,0,0,0,0,0,17,17,11,0,0,6,29,11,0,14,17,17,17,17,17,17,17,17,17,17,17,17,17,0,0,0,0,0,6,29,11,0,0,3,0,0,3,0,2,1,0,4,0,0,3,0,3,0,2,4,0,6,29,11,0,0,22,0,3,18,0,13,8,0,22,0,3,18,0,21,0,16,29,1,6,29,11,0,0,22,0,3,18,0,13,8,0,22,0,3,18,0,21,0,16,29,1,3,13,5,0,0,22,0,3,18,0,13,8,0,22,0,3,18,0,21,0,16,29,1,0,0,0,0,0,22,0,3,18,0,13,8,0,22,0,3,18,0,21,0,16,29,1,0,0,0,0,1,22,0,4,18,1,13,9,1,22,0,4,18,1,21,0,16,29,1,0,0,0,3,18,22,13,12,18,22,13,12,18,22,13,12,18,22,21,0,16,29,1,0,0,0,3,18,22,13,12,18,22,13,12,18,22,13,12,18,22,21,0,16,29,1,0,0,0,3,18,22,13,12,18,22,13,12,18,22,13,12,18,22,21,0,16,29,1,0,0,0,3,15,22,11,11,18,19,13,12,15,22,11,11,18,19,21,0,16,29,1,0,0,0,0,0,22,0,3,18,0,13,8,0,22,0,3,18,0,21,0,16,29,1,3,17,6,0,0,23,27,28,18,0,13,28,27,28,0,3,29,27,21,0,16,29,1,6,29,11,0,0,23,4,4,3,0,13,12,4,4,0,3,20,4,21,0,16,29,1,6,29,11,0,0,22,11,23,23,5,13,12,23,23,13,3,18,19,21,0,16,29,1,6,29,11,0,0,22,13,15,8,2,13,12,22,8,5,3,18,23,21,0,16,29,1,6,29,11,0,0,22,13,8,0,0,13,12,18,0,0,3,18,22,21,0,16,29,1,6,29,11,0,0,22,13,12,18,0,13,12,18,22,0,3,18,22,21,0,16,29,1,6,29,11,0,0,22,1,4,18,0,13,9,1,22,0,3,18,2,21,0,16,29,1,6,29,11,0,0,23,29,29,18,0,13,29,29,28,0,3,29,29,21,0,16,29,1,6,29,11,0,0,2,2,2,1,0,1,2,2,2,0,0,2,2
0,0,0,0,14,29,3,4,29,13,0,25,23,0,0,0,0,0,0,0,0,0,0,0,0,0,0,14,29,3,4,29,13,0,25,23,0,0,0,0,0,0,0,17,17,13,0,0,0,0,14,29,3,4,29,13,0,25,23,0,14,28,3,0,0,0,29,29,22,0,0,0,0,14,29,3,4,29,13,0,25,23,0,14,29,3,0,0,0,0,0,8,0,0,0,0,14,29,3,4,29,13,0,25,23,0,14,29,3,0,8,27,27,11,7,0,0,0,0,14,29,3,4,29,13,0,25,23,0,14,29,3,0,1,4,4,1,7,0,0,0,0,14,29,3,4,29,13,0,25,23,0,12,25,3,0,0,0,15,15,15,0,0,0,0,14,29,3,4,29,13,0,25,23,0,0,0,0,0,0,0,29,29,22,18,0,0,0,14,29,3,4,29,13,0,25,23,0,0,0,0,0,0,0,2,2,2,21,0,0,0,14,29,3,4,29,13,0,25,23,0,0,0,7,17,17,17,17,17,13,21,0,0,0,14,29,3,4,29,13,0,25,23,0,0,0,0,0,0,0,0,0,0,21,0,0,0,14,29,3,4,29,13,0,25,23,0,5,10,1,1,10,5,0,0,0,21,0,0,0,14,29,3,4,29,13,0,25,23,0,14,29,3,4,29,13,0,0,0,21,0,0,0,14,29,3,4,29,13,0,25,23,0,14,29,3,4,29,13,0,0,0,21,0,0,0,14,29,3,4,29,13,0,25,23,0,14,29,3,4,29,13,0,0,0,6,0,0,0,13,27,3,4,27,13,0,23,22,0,14,29,3,4,29,13,0,0,0,0,0,0,0,0,0,0,0,0,0,0,0,0,0,14,29,3,4,29,13,0,0,0,0,0,0,0,7,14,1,2,14,6,0,12,11,0,14,29,3,4,29,13,0,0,0,0,0,0,0,14,29,3,4,29,13,0,25,23,0,0,1,0,0,1,0,0,0,0,7,0,0,0,14,29,3,4,29,13,0,25,23,0,0,0,0,0,0,0,0,0,0,21,0,0,0,14,29,3,4,29,13,0,25,23,0,0,0,7,17,17,17,17,17,13,21,0,0,0,14,29,3,4,29,13,0,25,23,0,0,0,0,0,0,0,0,6,7,21,0,0,0,14,29,3,4,29,13,0,25,23,0,2,4,0,0,0,0,0,19,22
0,2,9,0,7,4,0,12,0,0,0,0,0,17,29,0,7,29,10,0,27,20,0,0,5,7,7,7,7,7,7,7,0,0,0,0,17,29,0,7,29,10,0,27,20,0,0,6,8,8,8,8,8,8,8,0,0,0,0,17,29,0,7,29,10,0,27,20,0,0,8,7,0,5,11,11,11,0,0,0,0,0,17,29,0,7,29,10,0,27,20,0,0,16,17,0,14,23,20,26,0,0,0,0,0,17,29,0,7,29,10,0,27,20,0,0,4,17,0,14,9,7,22,0,0,27,20,0,17,29,0,7,29,10,0,27,20,0,0,4,17,0,10,10,17,22,0,0,27,20,0,17,29,0,7,29,10,0,27,20,0,0,4,17,0,0,4,17,22,0,0,27,20,0,17,29,0,7,29,10,0,27,20,0,0,4,17,1,17,19,17,22,0,0,27,20,0,17,29,0,7,29,10,0,27,20,0,0,4,17,0,14,14,8,22,0,0,24,18,0,17,29,0,7,29,10,0,27,20,0,0,12,17,0,6,13,13,25,0,0,0,0,0,17,29,0,3,11,4,0,11,8,0,0,15,17,0,14,21,18,26,0,0,0,0,0,17,29,0,0,0,0,0,0,0,0,0,4,17,3,14,8,2,22,1,1,0,0,0,17,29,0,7,29,10,0,27,20,0,0,4,17,22,14,12,17,22,14,7,0,0,0,17,29,0,7,29,10,0,27,20,0,0,4,17,22,14,12,17,22,14,7,0,0,0,17,29,0,7,29,10,0,27,20,0,0,4,17,22,14,12,17,22,14,7,0,0,0,17,29,0,7,29,10,0,27,20,0,0,4,17,17,14,11,13,22,11,6,0,0,0,17,29,0,7,29,10,0,27,20,0,0,4,17,0,14,7,0,22,0,0,0,0,0,17,29,0,7,29,10,0,27,20,0,0,4,17,0,14,7,0,22,0,0,0,0,0,16,27,0,7,29,10,0,27,20,0,0,4,17,0,14,7,0,22,0,0,0,0,0,0,0,0,7,29,10,0,27,20,0,0,4,17,0,14,7,0,22,0,0,0,0,0,8,14,0,7,29,10,0,27,20,0,0,4,16,0,13,7,0,20,0,0,0,0,0,17,29,0,7,29,10,0,27,20,0,0,0,0,0,0,0,0,0,0,0,0,0,0,17,29,0,7,29,10,0,27,20,0
7,14,0,17,4,0,22,17,4,0,22,17,4,0,22,0,7,14,22,0,7,14,22,7,14,8,17,7,5,22,17,4,0,22,17,7,5,22,6,9,14,22,0,7,14,22,7,14,22,17,12,14,22,17,4,0,22,17,12,14,22,17,12,14,22,0,7,14,22,7,14,22,17,12,14,22,17,4,0,22,17,12,14,22,17,12,14,22,0,7,14,22,7,14,22,17,12,14,22,17,4,0,22,17,12,14,22,17,12,14,22,0,7,14,22,7,14,16,17,10,10,22,12,3,0,16,17,10,10,22,12,11,14,16,0,5,10,22,7,14,0,2,1,0,22,0,1,2,0,17,5,0,3,0,8,14,0,2,1,0,22,7,14,22,2,8,14,22,17,12,14,22,17,12,14,3,17,12,14,22,17,12,14,22,7,14,22,17,12,14,22,17,12,14,22,17,12,14,22,17,12,14,22,17,12,14,22,7,14,8,17,7,5,22,6,9,14,8,17,7,5,22,6,9,14,8,17,7,5,22,7,14,0,17,4,0,22,8,10,14,10,17,4,0,22,0,7,14,10,17,8,6,22,7,14,1,17,5,0,22,17,12,14,22,17,5,0,22,1,8,14,22,17,12,14,22,7,14,22,17,12,14,22,17,12,14,22,17,12,14,22,17,12,14,22,17,12,14,22,7,14,22,17,12,14,22,13,11,14,17,17,12,14,22,17,12,14,17,17,11,11,22,7,14,22,17,12,14,22,0,7,14,0,17,12,14,22,17,12,14,0,17,4,0,22,7,14,0,17,4,0,22,0,7,14,0,17,4,0,22,0,7,14,0,17,4,0,22,7,14,0,17,4,0,22,0,7,14,0,17,4,0,22,0,7,14,0,17,4,0,22,7,14,0,0,0,0,22,0,0,0,0,17,4,0,0,0,7,14,0,0,0,0,22,21,14,13,2,5,8,27,25,11,12,24,28,9,8,3,10,10,27,21,14,11,25,24,5,3,22,17,12,14,6,20,12,14,24,6,9,14,22,17,6,6,23,17,12,18,5,0,0,22,17,12,14,0,17,12,14,22,0,7,14,22,17,4,0,22,17,12,14,0,0,0,13,17,9,8,0,17,12,14,22,0,4,8,22,10,2,0,22,17,12,14,0,0,0,0,17,4,0,0,17,4,0,22,0,0,0,22,0,0,0,22,0,7,14,0
0,2,15,15,15,4,0,12,15,15,10,0,7,15,15,15,0,2,15,15,15,4,0,0,0,6,6,6,2,0,5,6,6,4,0,3,6,6,6,0,0,6,6,6,2,0,13,13,13,13,13,13,13,13,13,13,13,13,13,13,13,13,13,13,13,13,13,13,13,2,2,2,2,2,2,2,2,2,2,2,2,2,2,2,2,2,2,2,2,2,2,2,0,2,13,0,10,6,0,16,0,2,13,0,9,6,0,16,0,2,13,0,10,6,0,0,3,18,0,13,8,0,22,0,3,18,0,13,8,0,22,0,3,18,0,13,8,0,0,3,18,0,13,8,0,22,0,3,18,0,13,8,0,22,0,3,18,0,13,8,0,0,3,18,0,13,8,0,22,0,3,18,0,13,8,0,22,0,3,18,0,13,8,0,0,3,18,0,13,8,0,22,0,3,18,0,13,8,0,22,0,3,18,0,13,8,0,8,9,18,13,13,11,11,22,8,9,18,13,13,11,11,22,8,9,18,13,13,11,11,13,12,18,22,13,12,18,22,13,12,18,22,13,12,18,22,13,12,18,22,13,12,18,13,12,18,22,13,12,18,22,13,12,18,22,13,12,18,22,13,12,18,22,13,12,18,13,12,18,22,13,12,18,22,13,12,18,22,13,12,18,22,13,12,18,22,13,12,18,4,6,18,6,13,10,5,22,4,6,18,6,13,10,5,22,4,6,18,6,13,10,5,0,3,24,13,21,8,0,23,13,16,18,0,13,18,13,25,0,3,24,13,21,8,0,0,3,25,18,18,5,0,23,18,18,12,0,13,22,18,18,0,3,25,18,18,5,0,5,3,18,7,9,8,0,22,4,9,9,2,13,10,9,9,5,3,18,7,9,8,0,13,3,18,23,22,20,0,22,13,25,22,5,13,12,27,22,13,3,18,23,22,20,0,0,3,18,22,0,0,0,22,13,8,0,0,13,12,18,0,0,3,18,22,0,0,0,0,3,18,22,7,4,0,22,13,11,10,0,13,12,18,12,0,3,18,22,7,4,0,0,3,18,13,13,8,0,22,7,9,18,0,13,11,10,22,0,3,18,13,13,8,0,0,3,24,15,22,8,0,23,15,17,18,0,13,20,15,26,0,3,24,15,22,8,0,0,2,17,17,17,5,0,13,17,17,10,0,7,17,17,16,0,2,17,17,17,5,0
3,0,0,16,29,1,6,29,11,0,26,21,0,0,0,0,13,12,18,22,13,12,18,3,0,0,16,29,1,6,29,11,0,26,21,0,0,0,0,6,7,18,9,13,10,8,3,0,0,16,29,1,6,29,11,0,26,21,0,0,0,0,0,3,18,0,13,8,0,0,0,0,16,29,1,6,29,11,0,26,21,0,0,0,0,0,3,18,0,13,8,0,0,0,0,16,29,1,6,29,11,0,26,21,0,15,26,1,0,3,18,0,13,8,0,0,0,0,16,29,1,6,29,11,0,26,21,0,16,29,1,0,3,18,0,13,8,0,0,0,0,16,29,1,6,29,11,0,26,21,0,16,29,1,0,2,10,0,7,5,0,7,0,0,16,29,1,6,29,11,0,26,21,0,16,29,1,1,7,7,7,7,7,7,8,0,0,16,29,1,6,29,11,0,26,21,0,16,29,1,1,8,8,8,8,8,8,2,0,0,16,29,1,6,29,11,0,26,21,0,16,29,1,0,1,11,11,11,3,0,3,0,0,16,29,1,6,29,11,0,26,21,0,16,29,1,0,3,26,20,25,8,0,3,0,0,16,29,1,6,29,11,0,26,21,0,16,29,1,0,3,18,9,13,8,0,3,0,0,16,29,1,6,29,11,0,26,21,0,16,29,1,0,3,18,22,10,6,0,3,0,0,16,29,1,6,29,11,0,26,21,0,16,29,1,0,3,18,22,0,0,0,3,0,0,16,29,1,6,29,11,0,26,21,0,16,29,1,0,3,18,23,17,16,0,3,0,0,16,29,1,6,29,11,0,26,21,0,16,29,1,0,3,18,11,14,13,0,3,0,0,16,29,1,6,29,11,0,26,21,0,15,27,1,0,3,24,13,13,4,0,3,0,0,16,29,1,6,29,11,0,26,21,0,0,0,0,0,3,25,18,24,8,0,3,0,0,16,29,1,6,29,11,0,26,21,0,0,0,0,1,5,18,3,13,9,2,3,0,0,16,29,1,6,29,11,0,26,21,0,0,0,0,13,12,18,22,13,12,18,3,0,0,16,29,1,6,29,11,0,26,21,0,0,0,0,13,12,18,22,13,12,18,3,0,0,16,29,1,6,29,11,0,26,21,0,0,0,0,13,12,18,22,13,12,18,3,0,0,16,29,1,6,29,11,0,26,21,0,0,0,0,10,10,18,17,13,12,14
8,0,0,0,0,0,0,0,0,0,22,0,3,18,0,5,7,18,0,0,0,0,1,18,17,17,17,17,17,17,17,17,17,19,0,3,18,8,17,17,19,17,17,17,17,17,17,17,11,0,0,0,0,0,0,0,0,0,3,20,17,17,17,17,17,17,0,0,0,0,0,0,0,0,0,0,0,0,0,0,0,0,0,0,0,0,0,0,0,0,0,0,17,17,17,17,17,17,17,17,17,17,17,17,17,17,17,17,17,17,17,17,17,17,17,9,9,9,9,9,9,5,0,9,9,9,9,0,7,9,9,9,2,4,9,9,9,5,29,29,29,29,29,29,17,2,29,29,29,27,0,22,29,29,29,7,12,29,29,29,17,8,8,8,13,29,17,5,0,8,27,24,8,0,6,20,29,10,2,3,13,29,17,5,8,0,22,6,29,11,0,13,8,26,21,13,8,0,16,29,5,18,0,6,29,11,22,8,0,22,6,29,11,0,13,8,26,21,13,8,0,16,29,5,18,0,6,29,11,22,3,0,8,6,29,11,0,5,3,26,21,5,3,0,16,29,3,6,0,6,29,11,8,29,29,29,29,29,29,29,29,29,29,29,29,29,29,29,29,29,29,29,29,29,29,17,18,18,18,18,18,18,18,18,18,18,18,18,18,18,18,18,18,18,18,18,18,18,11,0,0,0,0,0,0,0,0,0,0,0,0,0,0,0,0,0,0,0,0,0,0,0,7,7,7,7,7,7,7,7,7,7,7,7,7,7,7,7,7,7,7,7,7,7,7,8,8,8,8,8,8,8,8,8,8,8,8,8,8,8,8,8,8,8,8,8,8,8,27,27,27,27,27,27,27,27,27,27,27,27,27,27,27,27,27,27,27,27,27,27,27,4,4,4,4,12,24,4,4,4,4,4,4,12,24,4,4,4,4,4,4,12,24,4,4,0,0,0,8,23,0,7,4,0,0,0,8,23,0,7,4,0,0,0,8,23,0,8,0,9,4,11,23,15,13,8,0,9,4,11,23,15,13,8,0,9,4,11,23,15,8,0,22,10,14,23,16,13,8,0,22,10,14,23,16,13,8,0,22,10,14,23,16,8,0,16,10,14,23,16,13,8,0,16,10,14,23,16,13,8,0,16,10,14,23,16,8,0,0,6,12,23,1,13,8,0,0,6,12,23,1,13,8,0,0,6,12,23,1
0,0,0,0,0,0,0,22,0,3,18,0,13,8,0,0,0,0,0,0,0,0,0,17,17,17,17,17,11,0,22,0,3,18,0,13,8,2,17,17,17,17,17,17,17,17,0,0,0,0,0,0,0,22,0,3,18,0,13,8,0,0,0,0,0,0,0,0,0,17,17,17,17,17,17,17,21,0,3,18,0,13,8,14,17,17,17,17,17,17,17,17,0,0,0,0,3,17,19,17,17,4,18,0,13,8,0,0,0,0,0,0,0,0,14,13,0,0,0,0,3,18,7,0,3,18,0,13,8,0,0,0,22,0,0,0,0,0,18,0,0,0,0,3,18,22,0,3,18,0,13,8,0,0,0,22,0,0,0,0,0,18,0,0,0,0,3,18,22,0,3,18,0,13,8,0,0,0,15,0,0,0,0,0,6,4,4,4,4,8,20,6,4,4,18,0,13,12,4,4,4,4,4,4,4,4,4,11,11,11,13,14,14,14,14,14,6,18,0,5,11,11,11,11,11,11,11,12,14,14,0,0,0,6,13,13,13,13,13,13,8,0,0,0,0,0,0,0,0,0,2,13,13,6,6,6,6,6,6,6,6,6,6,6,6,6,6,6,6,6,6,6,6,6,6,6,9,9,9,9,9,9,9,9,9,9,9,9,9,9,9,9,9,9,9,9,9,9,9,1,18,18,18,17,0,14,18,18,18,5,8,18,18,18,11,1,18,18,18,18,18,18,2,29,29,29,27,0,22,29,29,29,7,12,29,29,29,17,2,29,29,29,29,29,29,4,2,26,21,0,1,5,16,29,1,0,6,6,29,11,6,0,0,26,21,4,2,0,13,8,26,21,0,3,18,16,29,1,0,22,6,29,11,22,0,0,26,21,13,8,0,13,8,26,21,0,3,18,16,29,1,0,22,6,29,11,22,0,0,26,21,13,8,0,1,9,27,24,8,9,10,20,29,10,8,10,13,29,17,10,8,8,27,24,9,9,8,2,29,29,29,29,29,29,29,29,29,29,29,29,29,29,29,29,29,29,29,29,29,29,0,9,9,9,9,9,9,9,9,9,9,9,9,9,9,9,9,9,9,9,9,9,9,0,0,0,0,0,0,0,0,0,0,0,0,0,0,0,0,0,0,0,0,0,0,0,17,17,17,17,17,17,17,17,17,17,17,17,17,17,17,17,17,17,17,17,17,17,17
0,0,0,0,0,0,0,0,0,0,0,0,0,0,0,0,0,0,0,0,0,0,0,0,0,0,0,0,0,0,0,0,0,0,0,0,0,0,0,0,0,0,0,0,0,0,0,0,0,0,0,0,0,0,0,0,0,0,0,0,0,0,0,0,0,0,0,0,0,0,0,0,0,0,0,0,0,0,0,0,0,0,0,0,0,0,0,0,0,0,0,0,0,0,0,0,0,0,0,0,0,0,0,0,0,0,0,0,0,0,0,0,0,0,0,0,0,0,0,0,0,0,0,0,0,0,0,0,0,0,0,0,0,0,0,0,0,0,10,10,18,17,13,11,14,22,10,10,18,17,13,11,14,22,10,10,18,17,13,11,14,13,12,18,22,13,12,18,22,13,12,18,22,13,12,18,22,13,12,18,22,13,12,18,13,12,18,22,13,12,18,22,13,12,18,22,13,12,18,22,13,12,18,22,13,12,18,13,12,18,22,13,12,18,22,13,12,18,22,13,12,18,22,13,12,18,22,13,12,18,1,5,18,3,13,9,2,22,1,5,18,3,13,9,2,22,1,5,18,3,13,9,2,0,3,18,0,13,8,0,22,0,3,18,0,13,8,0,22,0,3,18,0,13,8,0,0,3,18,0,13,8,0,22,0,3,18,0,13,8,0,22,0,3,18,0,13,8,0,0,3,18,0,13,8,0,22,0,3,18,0,13,8,0,22,0,3,18,0,13,8,0,0,3,18,0,13,8,0,22,0,3,18,0,13,8,0,22,0,3,18,0,13,8,0,0,1,5,0,3,2,0,6,0,1,5,0,3,2,0,6,0,1,5,0,3,2,0,17,17,17,17,17,17,17,17,17,17,17,17,17,17,17,17,17,17,17,17,17,17,17,0,0,0,0,0,0,0,0,0,0,0,0,0,0,0,0,0,0,0,0,0,0,0,0,0,0,0,0,0,0,0,0,0,0,0,0,0,0,0,0,0,0,0,0,0,0,0,0,0,0,0,0,0,0,0,0,0,0,0,0,0,0,0,0,0,0,0,0,0,0,0,0,0,0,0,0,0,0,0,0,0,0,0,0,0,0,0,0,0,0,0,0,0,0,0,0,0,0,0,0,0,0,0,0,0,0,0,0,0,0,0,0,0,0,0,0,0,0,0,0,0,0,0,0,0,0,0,0,0,0,0,0,0,0,0,0,0,0
0,0,0,0,0,0,0,0,0,0,0,0,0,0,0,0,0,0,0,0,0,0,0,0,0,0,0,0,0,0,0,0,0,0,0,0,0,0,0,0,0,0,0,0,0,0,0,0,0,0,0,0,0,0,0,0,0,0,0,0,0,0,0,0,0,0,0,0,0,0,0,0,0,0,0,0,0,0,0,0,0,0,0,0,0,0,0,0,0,0,0,0,0,0,0,0,0,0,0,0,0,0,0,0,0,0,0,0,0,0,0,0,0,0,0,0,0,0,0,0,0,0,0,0,0,0,0,0,0,0,0,0,0,0,0,0,0,0,10,10,18,17,13,11,14,22,10,10,18,17,13,11,14,22,10,10,18,17,13,11,14,13,12,18,22,13,12,18,22,13,12,18,22,13,12,18,22,13,12,18,22,13,12,18,13,12,18,22,13,12,18,22,13,12,18,22,13,12,18,22,13,12,18,22,13,12,18,13,12,18,22,13,12,18,22,13,12,18,22,13,12,18,22,13,12,18,22,13,12,18,1,5,18,3,13,9,2,22,1,5,18,3,13,9,2,22,1,5,18,3,13,9,2,0,3,18,0,13,8,0,22,0,3,18,0,13,8,0,22,0,3,18,0,13,8,0,0,3,18,0,13,8,0,22,0,3,18,0,13,8,0,22,0,3,18,0,13,8,0,0,3,18,0,13,8,0,22,0,3,18,0,13,8,0,22,0,3,18,0,13,8,0,0,3,18,0,13,8,0,22,0,3,18,0,13,8,0,22,0,3,18,0,13,8,0,0,1,5,0,3,2,0,6,0,1,5,0,3,2,0,6,0,1,5,0,3,2,0,17,17,17,17,17,17,17,17,17,17,17,17,17,17,17,17,17,17,17,17,17,17,17,0,0,0,0,0,0,0,0,0,0,0,0,0,0,0,0,0,0,0,0,0,0,0,0,0,0,0,0,0,0,0,0,0,0,0,0,0,0,0,0,0,0,0,0,0,0,0,0,0,0,0,0,0,0,0,0,0,0,0,0,0,0,0,0,0,0,0,0,0,0,0,0,0,0,0,0,0,0,0,0,0,0,0,0,0,0,0,0,0,0,0,0,0,0,0,0,0,0,0,0,0,0,0,0,0,0,0,0,0,0,0,0,0,0,0,0,0,0,0,0,0,0,0,0,0,0,0,0,0,0,0,0,0,0,0,0,0,0
0,0,0,0,0,0,0,0,0,0,0,0,0,0,0,0,0,0,0,0,0,0,0,0,0,0,0,0,0,0,0,0,0,0,0,0,0,0,0,0,0,0,0,0,0,0,0,0,0,0,0,0,0,0,0,0,0,0,0,0,0,0,0,0,0,0,0,0,0,0,0,0,0,0,0,0,0,0,0,0,0,0,0,0,0,0,0,0,0,0,0,0,0,0,0,0,0,0,0,0,0,0,0,0,0,0,0,0,0,0,0,0,0,0,0,0,0,0,0,0,0,0,0,0,0,0,0,0,0,0,0,0,0,0,0,0,0,0,21,0,0,0,0,0,0,0,0,0,0,0,0,0,0,0,0,0,0,0,0,0,0,21,0,0,14,17,17,17,17,17,17,17,17,17,17,17,17,17,17,17,17,17,17,17,21,0,0,0,0,0,0,0,0,0,0,0,0,0,4,11,11,11,7,0,11,11,11,21,0,13,22,1,5,22,9,0,20,16,0,0,0,11,29,29,29,17,1,29,29,29,21,0,16,29,1,6,29,11,0,26,21,0,0,0,2,12,29,16,4,0,6,27,23,21,0,16,29,1,6,29,11,0,26,21,0,0,0,19,6,29,11,19,0,0,26,21,21,0,16,29,1,6,29,11,0,26,21,0,0,0,22,6,29,11,22,0,0,26,21,21,0,16,29,1,6,29,11,0,26,21,0,0,0,22,6,29,11,22,0,0,26,21,21,0,16,29,1,6,29,11,0,26,21,0,0,0,2,6,29,11,2,0,0,26,21,21,0,11,19,1,4,19,7,0,17,14,0,0,0,14,29,29,29,29,29,29,29,29,21,0,0,0,0,0,0,0,0,0,0,0,0,0,9,18,18,18,18,18,18,18,18,0,0,0,0,0,0,0,0,0,0,0,0,0,0,0,0,0,0,0,0,0,0,0,0,0,0,0,0,0,0,0,0,0,0,0,0,0,0,0,0,0,0,0,0,0,0,0,0,0,0,0,0,0,0,0,0,0,0,0,0,0,0,0,0,0,0,0,0,0,0,0,0,0,0,0,0,0,0,0,0,0,0,0,0,0,0,0,0,0,0,0,0,0,0,0,0,0,0,0,0,0,0,0,0,0,0,0,0,0,0,0,0,0,0,0,0,0,0,0,0,0,0,0,0,0,0,0,0,0,0,0,0,0,0,0,0,0,0
23,1,5,23,9,0,21,17,0,13,23,1,0,0,21,17,0,1,21,18,1,0,0,1,0,0,1,0,0,1,1,0,1,1,0,0,0,26,21,1,29,29,29,27,0,0,0,0,0,0,0,0,0,0,0,0,0,0,0,0,20,16,1,17,17,17,15,0,0,11,11,11,11,11,11,11,11,11,11,11,11,11,11,11,11,11,11,11,11,11,11,11,4,4,4,4,4,4,4,4,4,4,4,4,4,4,4,4,4,4,4,4,4,4,4,0,0,7,15,15,15,15,15,14,0,0,2,15,15,4,0,0,0,0,2,4,0,1,0,0,13,29,29,29,29,29,27,0,0,3,29,29,7,0,0,0,0,16,29,1,6,0,0,13,11,2,2,2,2,2,0,0,3,20,2,0,0,0,0,0,16,29,1,6,0,0,13,8,0,8,17,17,17,17,17,18,18,0,0,22,0,0,0,16,29,1,6,0,0,13,8,0,0,0,0,0,0,0,3,18,0,0,22,0,0,0,16,29,1,6,0,0,13,18,13,13,13,13,13,0,0,3,18,0,0,22,0,0,0,16,29,1,6,0,0,13,29,29,29,29,29,27,0,0,3,23,11,3,11,0,0,0,16,29,1,6,0,0,13,12,4,4,4,4,4,0,0,3,29,29,7,0,0,0,0,4,7,0,1,0,0,13,8,0,0,0,0,0,0,0,0,6,6,1,0,0,0,0,0,0,0,0,0,0,13,8,14,17,17,17,17,17,17,17,17,17,17,17,17,17,17,17,17,17,17,0,0,13,8,0,0,0,0,0,0,0,0,0,0,0,0,0,0,0,0,0,0,0,0,0,13,8,2,25,25,25,25,25,25,15,2,25,25,25,25,25,25,15,0,0,0,0,0,13,8,2,22,22,22,24,29,25,13,2,22,22,26,29,23,22,13,0,0,6,0,0,13,8,0,0,0,0,6,29,11,0,0,0,0,16,29,1,0,0,0,0,6,0,0,12,19,17,17,17,0,6,29,11,13,27,27,7,16,29,1,23,27,24,0,6,0,0,0,0,0,0,0,0,6,29,11,2,4,4,1,16,29,1,4,4,4,0,6,0,0,0,0,2,23,23,23,25,29,26,23,23,23,23,27,29,24,23,14,0,0,6,0,0,0,0,2,25,25,25,25,25,25,25,25,25,25,25,25,25,25,14,0,0,0
29,11,0,0,3,18,0,13,8,0,22,0,3,18,0,13,8,0,22,0,3,18,0,29,11,0,0,3,18,0,13,8,0,22,0,3,18,0,13,8,0,22,0,3,18,0,9,3,0,0,3,27,23,26,8,0,23,23,24,18,0,13,25,23,27,0,3,27,23,0,0,0,0,3,22,8,18,8,0,23,8,11,18,0,13,15,8,24,0,3,22,8,0,0,0,11,11,18,19,13,12,15,22,11,11,18,19,13,12,15,22,11,11,18,19,0,0,0,13,12,18,22,13,12,18,22,13,12,18,22,13,12,18,22,13,12,18,22,0,0,0,13,12,17,22,12,12,18,20,13,12,17,22,12,12,18,20,13,12,17,22,0,0,0,13,8,0,22,0,3,18,0,13,8,0,22,0,3,18,0,13,8,0,22,0,0,0,13,8,0,22,10,10,18,16,13,8,0,22,0,3,18,16,13,11,13,22,0,0,0,13,8,0,22,13,12,18,22,13,8,0,22,0,3,18,22,13,12,18,22,0,0,0,13,8,0,22,13,12,18,22,13,8,0,22,0,3,18,22,13,12,18,22,0,0,0,4,2,0,22,13,12,18,22,13,8,0,6,0,3,18,22,13,12,18,22,0,0,0,0,0,0,22,13,12,18,22,13,8,0,0,0,3,18,22,13,12,18,22,0,0,0,0,0,0,3,13,9,2,22,1,1,0,0,0,0,2,22,1,5,18,3,0,0,0,0,0,0,0,13,8,0,22,0,0,0,0,0,0,0,22,0,3,18,0,0,0,0,4,2,0,7,13,10,6,22,4,2,0,7,0,1,6,22,4,6,18,7,0,0,0,13,8,0,22,13,12,18,22,13,8,0,22,0,3,18,22,13,12,18,22,0,0,0,13,8,0,22,13,12,18,22,13,8,0,22,0,3,18,22,13,12,18,22,20,8,0,13,8,0,22,0,4,18,0,13,8,0,22,0,3,18,0,13,9,0,22,29,11,0,13,8,0,2,11,7,1,18,1,0,0,22,0,0,1,18,1,4,15,2,29,11,0,13,8,0,0,13,8,0,22,0,0,0,22,0,0,0,22,0,3,18,0,29,11,0,13,11,10,0,13,12,17,22,0,2,10,22,7,5,0,22,13,12,18,0,29,11,0,13,12,18,0,13,12,18,22,0,3,18,22,13,8,0,22,13,12,18,0
20,27,0,10,29,7,0,29,17,0,20,27,0,0,0,0,7,14,22,4,13,14,22,20,27,0,10,29,7,0,29,17,0,20,27,0,0,0,0,7,14,22,0,7,14,22,20,27,0,10,29,7,0,29,17,0,20,27,0,0,0,0,7,14,13,0,7,14,22,20,27,0,10,29,7,0,29,17,0,20,27,0,0,0,0,7,14,0,0,7,14,0,20,27,0,10,29,7,0,29,17,0,20,27,0,0,0,0,7,14,0,0,6,12,0,8,11,0,4,11,3,0,11,7,0,8,11,0,0,0,0,7,14,0,17,4,0,22,0,0,0,0,0,0,0,0,0,0,0,0,0,0,0,0,7,14,0,17,12,14,22,13,17,17,17,17,17,17,17,17,17,17,17,17,3,0,0,7,14,0,17,12,14,22,6,7,7,7,7,7,7,7,5,0,0,0,0,0,0,0,2,5,0,6,9,14,8,20,25,25,25,25,25,27,28,15,0,0,0,0,0,0,0,0,0,0,0,7,14,0,0,0,0,0,0,0,12,19,0,0,3,6,0,0,0,0,0,0,0,1,8,14,1,6,3,0,0,19,6,13,19,7,3,8,14,0,0,0,0,0,0,0,17,12,14,22,15,17,4,0,22,14,14,19,16,17,12,14,0,0,0,0,1,3,0,17,12,14,22,15,17,4,0,22,14,14,19,16,17,12,14,0,0,0,0,7,14,0,17,12,14,22,12,7,1,0,11,11,14,19,13,7,5,5,0,0,0,0,7,14,0,17,12,14,22,0,0,0,0,0,0,12,19,0,0,0,0,0,0,0,0,7,14,0,17,11,11,22,19,23,23,5,15,23,26,27,23,23,23,5,0,0,0,0,7,14,0,17,4,0,22,7,8,8,2,5,8,18,22,8,8,8,2,0,0,0,0,7,14,19,17,11,12,22,13,17,17,17,5,0,12,19,5,17,17,17,17,3,0,0,7,14,22,17,12,14,22,0,0,0,0,0,0,12,19,0,0,0,0,0,0,0,0,6,12,22,15,12,14,19,6,7,7,7,4,0,12,19,0,0,0,0,0,0,0,0,0,0,24,7,13,14,0,23,29,29,29,16,0,12,19,0,0,0,0,0,0,0,0,0,0,27,25,26,14,0,16,10,10,10,6,0,12,19,0,0,0,0,0,0,0,0,0,0,22,0,7,14,0
13,12,18,22,0,0,0,0,13,12,18,22,13,12,18,0,0,0,0,22,13,12,18,13,12,18,22,0,3,17,0,13,12,18,22,13,12,18,0,12,8,0,22,13,12,18,13,12,18,22,0,3,18,0,13,12,18,22,13,12,18,0,13,8,0,22,13,12,18,13,12,18,22,0,3,18,0,13,12,18,22,13,12,18,0,13,8,0,22,13,12,18,13,9,1,22,0,3,18,0,13,9,1,22,1,4,18,0,13,8,0,22,1,4,18,13,11,10,22,7,8,18,12,13,11,10,22,7,8,18,12,13,11,10,22,7,8,18,13,12,18,22,13,12,18,22,13,12,18,22,13,12,18,22,13,12,18,22,13,12,18,13,12,18,22,13,12,18,22,13,12,18,22,13,12,18,22,13,12,18,22,13,12,18,2,5,18,4,13,9,3,22,2,5,18,4,13,9,3,22,2,5,18,4,13,9,3,0,3,29,27,28,8,0,23,27,28,18,0,13,28,27,28,0,3,29,27,28,8,0,0,3,20,4,16,8,0,23,4,8,18,0,13,12,4,23,0,3,20,4,16,8,0,0,3,18,0,13,8,0,22,0,3,18,0,13,8,0,22,0,3,18,0,13,8,0,0,3,18,0,13,8,0,22,0,3,18,0,13,8,0,22,0,3,18,0,13,8,0,0,3,18,0,13,8,0,22,0,3,18,0,13,8,0,22,0,3,18,0,13,8,0,0,3,18,0,13,8,0,22,0,3,18,0,13,8,0,22,0,3,18,0,13,8,0,0,3,16,0,12,7,0,19,0,3,16,0,12,7,0,19,0,3,16,0,12,7,0,0,0,0,0,0,0,0,0,0,0,0,0,0,0,0,0,0,0,0,0,0,0,0,17,17,17,17,17,17,17,17,17,17,17,17,17,17,17,17,17,17,17,17,17,17,17,0,0,1,1,1,0,0,1,1,1,1,0,0,1,1,1,0,0,1,1,1,0,0,0,3,29,29,29,8,0,23,29,29,18,0,13,29,29,28,0,3,29,29,29,8,0,0,3,19,2,14,8,0,23,1,5,18,0,13,9,2,23,0,3,19,2,14,8,0,0,3,18,22,13,8,0,22,13,12,18,0,13,12,18,22,0,3,18,22,13,8,0,0,0,1,22,13,8,0,1,13,12,18,0,0,4,18,22,0,0,1,22,13,8,0
0,0,0,0,0,3,18,0,13,8,0,22,0,0,0,0,0,0,0,0,0,0,0,17,17,17,17,6,3,18,0,13,8,0,22,0,8,17,17,17,17,17,17,17,11,0,0,0,0,0,0,3,18,0,13,8,0,22,0,0,0,0,0,0,0,0,0,0,0,17,17,17,17,17,4,18,0,13,8,0,18,17,17,17,17,17,17,17,17,17,17,6,0,0,0,0,0,3,18,0,13,8,14,17,18,18,6,0,0,0,0,0,0,0,0,0,22,0,0,0,3,18,0,13,8,0,7,13,8,0,0,0,0,9,6,0,0,0,0,22,0,0,0,3,18,0,13,8,0,22,13,8,0,0,0,0,13,8,0,0,0,0,15,0,0,0,3,18,0,13,8,0,22,13,8,0,0,0,0,13,8,0,0,0,4,4,4,4,4,8,18,0,13,8,4,6,16,12,4,4,4,4,5,5,4,4,4,11,11,11,11,11,11,7,0,13,11,12,14,14,14,14,14,11,11,11,11,11,11,11,0,0,0,0,0,0,0,0,6,13,13,13,13,13,13,9,0,0,0,0,0,0,0,6,6,6,6,6,6,6,6,6,6,6,6,6,6,6,6,6,6,6,6,6,6,6,9,9,9,9,9,9,9,9,9,9,9,9,9,9,9,9,9,9,9,9,9,9,9,18,18,5,8,18,18,18,11,1,18,18,18,17,0,14,18,18,18,5,0,0,0,0,29,29,7,12,29,29,29,17,2,29,29,29,27,0,22,29,29,29,7,0,0,0,0,29,1,0,6,6,29,11,6,0,0,26,21,4,2,0,16,29,3,5,0,0,0,0,29,1,0,22,6,29,11,22,0,0,26,21,13,8,0,16,29,5,18,0,0,0,0,29,1,0,22,6,29,11,22,0,0,26,21,13,8,0,16,29,5,18,0,0,0,0,29,10,8,10,13,29,17,10,8,8,27,24,9,9,8,20,29,10,3,0,0,0,0,29,29,29,29,29,29,29,29,29,29,29,29,29,29,29,29,29,29,7,0,0,0,0,9,9,9,9,9,9,9,9,9,9,9,9,9,9,9,9,9,9,2,0,0,0,0,0,0,0,0,0,0,0,0,0,0,0,0,0,0,0,0,0,0,0,0,0,0,0,17,17,17,17,17,17,17,17,17,17,17,17,17,17,17,17,17,17,17,17,17,17,17
11,22,18,0,6,22,22,22,3,0,0,0,0,1,1,0,1,1,0,0,1,0,0,0,0,0,0,0,0,0,0,0,0,0,0,0,0,0,0,0,0,0,0,0,0,0,8,17,17,17,17,17,17,17,17,3,0,0,0,0,0,5,17,17,17,17,17,17,9,0,0,4,0,1,2,0,3,0,0,0,0,0,0,0,0,0,0,0,0,0,0,0,0,0,22,0,8,13,0,18,3,0,0,0,0,4,2,0,3,4,0,1,4,1,0,0,0,22,0,8,13,0,18,3,0,0,0,1,29,16,0,21,26,0,11,29,6,0,0,0,22,0,8,13,0,18,3,0,0,0,1,29,16,0,21,26,0,11,29,6,0,0,0,22,0,8,13,0,18,3,0,0,0,1,29,16,0,21,26,0,11,29,6,0,0,0,22,1,9,13,1,18,4,0,0,0,1,29,16,0,21,26,0,11,29,6,0,8,13,22,18,12,13,22,18,12,13,0,0,1,29,16,0,21,26,0,11,29,6,0,8,13,22,18,12,13,22,18,12,13,0,0,1,29,16,0,21,26,0,11,29,6,0,8,13,22,18,12,13,22,18,12,13,0,0,1,29,16,0,21,26,0,11,29,6,0,7,11,22,15,12,13,19,18,11,11,0,0,1,29,16,0,21,26,0,11,29,6,0,0,0,22,0,8,13,0,18,3,0,0,0,1,29,16,0,21,26,0,11,29,6,0,13,27,23,0,8,28,27,29,3,0,0,0,1,29,16,0,21,26,0,11,29,6,0,2,4,3,0,8,16,4,4,0,0,0,0,1,29,16,0,21,26,0,11,29,6,0,7,23,23,9,8,13,23,23,17,0,0,0,1,29,16,0,21,26,0,11,29,6,0,8,18,8,3,8,13,24,8,6,0,0,0,1,29,16,0,21,26,0,11,29,6,0,8,13,0,0,8,13,22,0,0,0,0,0,1,29,16,0,21,26,0,11,29,6,0,8,13,22,0,8,13,22,18,3,0,0,0,1,29,16,0,21,26,0,11,29,6,0,0,1,22,0,8,13,2,18,3,0,0,0,1,29,16,0,21,26,0,11,29,6,0,14,29,23,0,8,29,29,29,3,0,0,0,1,29,16,0,21,26,0,11,29,6,0,1,2,2,0,0,2,2,2,0,0,0,0,1,29,16,0,21,26,0,11,29,6,0
13,12,18,22,13,12,18,0,0,0,0,22,13,12,18,22,13,8,0,0,0,0,26,13,12,18,22,13,12,18,0,12,8,0,22,13,12,18,22,13,8,0,20,0,0,26,13,12,18,22,13,12,18,0,13,8,0,22,13,12,18,22,13,8,0,22,0,0,7,13,12,18,22,13,12,18,0,13,8,0,22,13,12,18,22,13,8,0,22,0,0,4,13,9,1,22,1,4,18,0,13,8,0,22,1,4,18,2,13,8,0,22,0,0,26,13,11,10,22,7,8,18,12,13,11,10,22,7,8,18,12,13,11,10,22,0,0,26,13,12,18,22,13,12,18,22,13,12,18,22,13,12,18,22,13,12,18,22,0,0,26,13,12,18,22,13,12,18,22,13,12,18,22,13,12,18,22,13,12,18,22,0,0,26,2,5,18,4,13,9,3,22,2,5,18,4,13,9,3,22,2,5,18,4,0,0,26,27,28,18,0,13,28,27,28,0,3,29,27,28,8,0,23,27,28,18,0,0,0,26,4,8,18,0,13,12,4,23,0,3,20,4,16,8,0,23,4,8,18,0,0,0,26,0,3,18,0,13,8,0,22,0,3,18,0,13,8,0,22,0,3,18,0,0,0,26,0,3,18,0,13,8,0,22,0,3,18,0,13,8,0,22,0,3,18,0,0,0,26,0,3,18,0,13,8,0,22,0,3,18,0,13,8,0,22,0,3,18,0,0,0,26,0,3,18,0,13,8,0,22,0,3,18,0,13,8,0,22,0,3,18,0,0,0,26,0,3,16,0,12,7,0,19,0,3,16,0,12,7,0,19,0,3,16,0,0,0,26,0,0,0,0,0,0,0,0,0,0,0,0,0,0,0,0,0,0,0,0,0,0,26,17,17,17,17,17,17,17,17,17,17,17,17,17,17,17,17,17,17,17,11,0,0,26,1,1,1,0,0,1,1,1,0,0,1,1,1,0,0,1,1,1,1,0,0,0,26,29,29,18,0,13,29,29,28,0,3,29,29,29,8,0,23,29,29,18,0,0,0,26,1,5,18,0,13,9,2,23,0,3,19,2,14,8,0,23,1,5,18,0,0,0,26,13,12,18,0,13,12,18,22,0,3,18,22,13,8,0,22,13,12,18,0,0,0,26,13,12,18,0,0,4,18,22,0,0,1,22,13,8,0,1,13,12,18,0,0,0,26
0,0,0,0,0,0,0,0,0,0,0,0,0,0,0,0,0,0,0,0,0,0,0,0,0,0,0,0,0,0,0,0,0,0,0,0,0,0,0,0,0,0,0,0,0,0,0,11,7,3,18,0,3,15,4,11,7,0,18,2,4,15,0,11,7,3,18,0,3,0,13,12,18,22,0,3,17,22,13,8,0,21,13,12,18,0,13,12,18,22,0,3,0,0,3,18,22,0,0,0,22,13,8,0,0,13,12,18,0,0,3,18,22,0,0,0,11,14,18,22,0,8,11,25,13,8,4,11,20,12,18,0,11,14,18,22,0,8,0,20,20,13,22,0,14,20,20,13,8,7,20,20,10,18,0,20,20,13,22,0,14,0,3,7,7,24,0,1,7,7,18,8,0,6,7,10,18,0,3,7,7,24,0,1,0,13,26,25,27,0,3,28,25,27,8,0,23,25,25,18,0,13,26,25,27,0,3,0,13,8,0,22,0,3,18,0,13,8,0,22,0,3,18,0,13,8,0,22,0,3,21,13,12,17,22,13,12,18,21,13,12,17,22,13,12,18,21,13,12,17,22,13,12,22,13,12,18,22,13,12,18,22,13,12,18,22,13,12,18,22,13,12,18,22,13,12,22,13,12,18,22,13,12,18,22,13,12,18,22,13,12,18,22,13,12,18,22,13,12,22,13,12,18,22,13,12,18,22,13,12,18,22,13,12,18,22,13,12,18,22,13,12,0,13,8,0,22,0,3,18,0,13,8,0,22,0,3,18,0,13,8,0,22,0,3,0,13,8,0,22,0,3,18,0,13,8,0,22,0,3,18,0,13,8,0,22,0,3,0,13,8,0,22,0,3,18,0,13,8,0,22,0,3,18,0,13,8,0,22,0,3,0,13,8,0,22,0,3,18,0,13,8,0,22,0,3,18,0,13,8,0,22,0,3,0,13,8,0,22,0,3,18,0,13,8,0,22,0,3,18,0,13,8,0,22,0,3,0,1,0,0,2,0,0,1,0,1,0,0,2,0,0,1,0,1,0,0,2,0,0,17,17,17,17,17,17,17,17,17,17,17,17,17,17,17,17,17,17,17,17,17,17,17,0,0,0,0,0,0,0,0,0,0,0,0,0,0,0,0,0,0,0,0,0,0,0,0,0,0,0,0,0,0,0,0,0,0,0,0,0,0,0,0,0,0,0,0,0,0
29,11,0,26,21,0,16,29,1,6,29,11,0,0,0,13,12,18,5,17,12,18,23,29,11,0,26,21,0,16,29,1,6,29,11,0,0,0,13,12,18,0,13,12,18,22,29,11,0,26,21,0,16,29,1,6,29,11,0,0,0,13,11,11,0,13,12,18,22,29,11,0,26,21,0,16,29,1,6,29,11,0,0,0,13,8,0,0,13,8,0,22,29,11,0,26,21,0,16,29,1,6,29,11,0,0,0,13,8,0,0,11,7,0,19,11,4,0,10,8,0,6,11,0,2,11,4,0,0,0,13,8,0,22,0,3,18,0,0,0,0,0,0,0,0,0,0,0,0,0,0,0,0,13,8,0,22,13,12,18,22,17,17,17,17,17,17,17,17,17,17,17,17,0,0,0,13,8,0,22,13,12,18,22,7,7,7,7,7,7,7,3,0,0,0,0,0,0,0,5,3,0,8,13,10,6,22,25,25,25,25,25,28,27,10,0,0,0,0,0,0,0,0,0,0,0,13,8,0,22,0,0,0,0,0,18,13,0,0,6,3,0,0,0,0,0,0,0,1,13,9,1,22,4,0,3,15,7,18,14,6,4,13,8,0,0,0,0,0,0,0,22,13,12,18,22,22,0,3,18,16,18,14,15,22,13,8,0,0,0,0,3,2,0,22,13,12,18,22,22,0,3,18,16,18,14,15,22,13,8,0,0,0,0,13,8,0,22,13,12,18,22,9,0,1,9,13,18,14,12,9,5,3,0,0,0,0,13,8,0,22,13,12,18,22,0,0,0,0,0,18,13,0,0,0,0,0,0,0,0,13,8,0,22,10,10,18,17,23,23,0,19,23,27,26,23,23,23,0,0,0,0,0,13,8,0,22,0,3,18,0,8,8,0,7,8,22,18,8,8,8,0,0,0,0,0,13,12,16,22,12,11,18,19,17,17,17,1,0,18,13,8,17,17,17,17,0,0,0,13,12,18,22,13,12,18,22,0,0,0,0,0,18,13,0,0,0,0,0,0,0,0,12,11,18,19,13,12,16,22,7,7,7,2,0,18,13,0,0,0,0,0,0,0,0,0,3,21,7,18,8,0,23,29,29,29,10,0,18,13,0,0,4,18,7,0,0,0,0,3,28,25,27,8,0,23,10,10,10,4,0,18,13,0,0,6,29,11,0,0,0,0,3,18,0,13,8,0,22
15,11,3,22,15,6,0,22,15,8,5,23,15,12,19,5,15,12,16,22,3,10,16,14,27,16,14,3,1,0,4,10,10,28,24,13,11,26,26,10,5,3,14,15,27,15,0,5,16,0,0,0,0,0,0,5,16,0,0,0,0,22,0,0,0,0,15,6,0,0,5,16,0,14,6,0,20,0,5,16,0,14,6,0,22,0,5,15,0,15,6,0,0,5,16,0,15,6,0,22,0,5,16,0,15,6,0,22,0,5,16,0,15,6,0,0,5,16,22,15,6,0,22,15,12,16,0,15,6,0,22,15,12,16,22,15,6,0,11,11,16,22,15,6,0,22,15,12,16,16,15,11,12,22,15,12,16,22,15,11,12,15,12,16,22,15,6,0,22,15,12,16,22,15,12,16,22,15,12,16,22,15,12,16,15,12,16,3,15,6,0,22,2,6,16,22,15,12,16,22,2,6,16,3,15,12,16,7,9,16,0,15,6,0,22,0,5,16,11,15,9,8,22,0,5,16,0,15,9,8,5,8,16,7,15,6,0,22,5,8,16,7,15,8,5,22,5,8,16,7,15,8,5,15,12,16,22,15,6,0,22,15,12,16,22,15,12,16,22,15,12,16,22,15,12,16,15,12,16,22,3,1,0,4,15,12,16,22,15,12,16,22,15,8,3,22,15,12,16,1,6,16,1,2,0,0,3,1,6,16,1,3,1,1,22,1,1,2,1,15,7,1,10,10,16,15,15,6,0,22,10,10,16,15,0,3,11,22,10,10,16,15,15,10,11,15,12,16,22,15,6,0,22,15,12,16,22,0,5,16,22,15,12,16,22,15,12,16,15,12,16,22,15,6,0,22,15,12,16,22,0,5,16,22,15,12,16,22,15,12,16,15,12,16,22,15,6,0,22,15,12,16,22,0,5,16,22,15,12,16,22,15,12,16,15,12,16,9,15,6,0,22,6,9,16,22,0,5,16,22,6,9,16,9,15,12,16,15,12,16,0,15,6,0,22,0,5,16,22,0,5,16,22,0,5,16,0,15,12,16,15,9,7,0,7,3,0,10,0,2,7,22,0,5,16,9,0,2,7,0,6,9,16,15,10,1,0,0,0,0,0,0,0,3,23,0,5,18,2,0,0,0,0,0,9,16,15,28,8,0,0,0,14,9,0,0,26,26,0,5,28,18,0,0,0,0,6,28,16
0,10,28,3,2,13,0,0,0,10,24,0,3,18,0,0,0,0,0,13,8,0,22,0,16,19,2,0,0,0,0,0,16,19,0,3,18,0,0,0,0,0,13,8,0,15,17,17,17,17,17,17,17,17,17,17,17,6,3,18,0,0,0,0,0,13,8,2,17,0,0,0,0,0,0,0,0,0,0,0,0,3,18,0,0,0,0,0,13,8,0,0,28,28,17,2,28,28,28,27,0,0,0,0,3,18,0,0,0,0,0,13,8,0,0,29,23,11,1,19,28,27,18,0,0,0,0,3,18,0,0,0,0,0,13,8,0,0,29,11,14,0,0,26,21,0,0,0,0,0,3,18,0,0,0,0,0,13,8,0,0,29,11,22,0,0,26,21,0,0,0,0,0,3,18,0,0,0,0,0,13,8,0,0,29,11,16,0,0,26,21,0,0,0,0,0,3,18,0,0,0,0,0,13,8,0,0,29,23,18,18,18,28,27,17,0,0,0,0,3,18,0,0,0,0,0,13,8,0,0,29,29,29,29,29,29,29,27,0,0,0,0,3,18,0,0,0,0,0,13,8,0,0,0,0,0,0,0,0,0,0,0,0,0,0,3,18,0,0,0,0,0,13,8,0,0,0,0,0,0,0,0,0,0,0,0,0,0,3,18,0,0,0,0,0,13,8,0,0,17,17,17,17,17,17,17,17,17,17,17,6,3,18,0,0,0,0,0,13,8,2,17,0,0,0,0,0,0,0,0,0,0,0,0,3,18,0,0,0,0,0,13,8,0,0,0,0,3,1,1,2,0,1,1,2,0,0,3,18,0,0,0,0,0,13,8,0,0,0,0,22,13,9,15,0,10,9,18,0,0,3,18,0,0,0,0,0,13,8,0,0,0,0,22,13,9,15,0,10,9,18,0,0,3,18,0,0,0,0,0,13,8,0,0,0,0,22,13,9,15,0,10,9,18,0,0,3,18,0,0,0,0,0,13,8,0,0,0,0,22,13,9,15,0,10,9,18,0,0,3,18,0,0,0,0,0,13,8,0,0,0,0,19,6,4,3,0,5,6,18,0,0,2,11,0,0,0,0,0,8,5,0,0,2,2,2,2,2,2,2,0,0,2,0,0,0,0,0,0,0,0,0,0,0,0,0,29,29,29,29,29,29,29,3,0,0,0,0,0,0,0,0,0,0,0,0,0,0,0
17,17,17,17,17,17,17,17,17,17,17,17,17,17,17,17,17,17,17,17,17,17,17,0,0,0,0,0,0,0,0,0,0,0,0,0,0,0,0,0,0,0,0,0,0,0,0,0,0,0,0,0,0,0,0,0,0,0,0,0,0,0,0,0,0,0,0,0,0,1,4,19,7,0,17,14,0,11,19,1,0,0,0,0,0,0,0,11,19,1,4,19,1,6,29,11,0,26,21,0,16,29,1,0,0,0,0,0,0,0,16,29,1,6,29,1,6,29,11,0,26,21,0,16,29,1,0,0,0,0,0,0,0,16,29,1,6,29,1,6,29,11,0,26,21,0,16,29,1,0,0,0,0,0,0,0,16,29,1,6,29,1,6,29,11,0,26,21,0,16,29,1,0,0,20,16,0,0,0,16,29,1,6,29,1,6,29,11,0,26,21,0,16,29,1,0,0,26,21,0,0,0,2,4,0,1,4,1,6,29,11,0,26,21,0,16,29,1,0,0,26,21,0,0,0,0,0,0,0,0,1,6,29,11,0,26,21,0,16,29,1,0,0,26,21,0,0,1,8,8,8,8,8,1,6,29,11,0,26,21,0,16,29,1,0,0,26,21,0,0,1,7,7,7,7,7,1,6,29,11,0,26,21,0,16,29,1,0,0,26,21,0,0,0,14,25,1,15,20,1,6,29,11,0,26,21,0,16,29,1,0,0,26,21,0,0,0,16,29,1,20,29,1,6,29,11,0,26,21,0,16,29,1,0,0,26,21,0,0,0,16,29,2,3,16,1,6,29,11,0,26,21,0,16,29,1,0,0,26,21,0,0,0,16,29,5,18,16,1,6,29,11,0,26,21,0,16,29,1,0,0,26,21,0,0,0,16,29,5,18,16,1,6,29,11,0,26,21,0,16,29,1,0,0,26,21,0,0,0,16,29,5,15,16,1,6,29,11,0,26,21,0,16,29,1,0,0,26,21,0,0,0,16,29,10,8,20,0,2,10,4,0,9,8,0,6,10,0,0,0,26,21,0,0,0,16,29,29,29,29,0,0,0,0,0,0,0,0,0,0,0,0,0,16,13,0,0,0,5,9,9,9,9,17,17,17,17,17,17,17,17,17,17,0,0,0,0,0,0,0,2,17,17,17,17,17,0,0,0,0,0,0,0,0,0,0,0,3,13,5,0,0,0,0,0,0,0,0,2
0,0,0,22,0,1,6,22,0,0,0,0,0,0,0,0,0,3,18,0,13,8,0,0,0,0,22,2,17,17,20,17,17,17,17,17,17,17,17,17,17,13,0,13,8,14,0,0,0,18,17,17,17,17,17,17,6,0,0,0,0,0,0,0,0,0,10,18,17,0,0,0,0,0,0,0,0,0,0,0,0,0,0,0,0,0,0,0,0,0,0,0,17,17,17,17,17,17,17,17,17,17,17,17,17,17,17,17,17,17,17,17,17,17,17,0,0,0,0,0,0,0,4,9,9,9,9,9,9,2,4,9,9,9,5,0,9,9,0,0,0,0,0,0,0,14,29,29,29,29,29,29,7,12,29,29,29,17,2,29,29,0,0,0,0,0,0,0,4,8,8,8,20,29,10,2,3,13,29,17,5,0,8,27,0,0,1,11,11,11,3,22,0,3,18,16,29,1,0,22,6,29,11,22,0,0,26,0,0,2,20,26,25,5,22,0,3,18,16,29,1,0,22,6,29,11,22,0,0,26,0,0,0,0,18,13,0,8,0,1,6,16,29,1,0,8,6,29,11,8,0,0,26,0,0,0,0,18,13,0,14,29,29,29,29,29,29,29,29,29,29,29,29,29,29,29,0,0,0,0,18,13,0,9,18,18,18,18,18,18,18,18,18,18,18,18,18,18,18,0,0,0,0,18,13,0,0,0,0,0,0,0,0,0,0,0,0,0,0,0,0,0,7,7,7,2,18,13,0,2,7,7,7,7,7,7,7,7,7,7,7,7,7,7,7,8,8,8,2,18,13,0,2,8,8,8,8,8,8,8,8,8,8,8,8,8,8,8,4,27,27,27,29,28,27,27,27,27,27,27,27,27,27,27,27,27,27,27,27,27,27,0,4,4,4,20,16,4,4,4,4,4,4,20,16,4,4,4,4,4,4,20,16,4,7,4,0,0,18,13,0,12,0,0,0,0,18,13,0,12,0,0,0,0,18,13,0,13,10,8,6,18,14,14,22,0,1,8,6,18,14,14,22,0,1,8,6,18,14,14,13,12,18,16,18,14,15,22,0,3,18,16,18,14,15,22,0,3,18,16,18,14,15,13,11,13,16,18,14,15,22,0,2,13,16,18,14,15,22,0,2,13,16,18,14,15,13,8,0,10,18,14,1,22,0,0,0,10,18,14,1,22,0,0,0,10,18,14,1
19,13,12,15,22,11,11,18,19,13,12,15,22,11,11,18,19,13,12,15,22,11,11,0,13,8,0,22,0,3,18,0,13,8,0,22,0,3,18,0,13,8,0,22,0,3,0,13,28,27,28,0,3,29,27,28,8,0,23,27,28,18,0,13,28,27,28,0,3,0,2,4,4,23,0,0,4,4,16,8,0,3,4,8,18,0,2,4,4,23,0,0,0,23,23,15,22,0,16,23,23,13,8,8,23,23,11,18,0,23,23,15,22,0,16,0,8,11,18,22,0,6,8,24,13,8,3,8,18,12,18,0,8,11,18,22,0,6,0,0,3,18,22,0,0,0,22,13,8,0,0,13,12,18,0,0,3,18,22,0,0,0,13,12,18,22,0,3,18,22,13,8,0,22,13,12,18,0,13,12,18,22,0,3,0,13,9,1,22,0,3,18,2,13,8,0,22,1,4,18,0,13,9,1,22,0,3,0,13,29,29,28,0,3,29,29,29,8,0,23,29,29,18,0,13,29,29,28,0,3,0,1,2,2,2,0,0,2,2,2,0,0,2,2,2,1,0,1,2,2,2,0,0,17,17,17,17,17,17,17,17,17,17,17,17,17,17,17,17,17,17,17,17,17,17,17,0,0,0,0,0,0,0,0,0,0,0,0,0,0,0,0,0,0,0,0,0,0,0,0,12,7,0,19,0,3,16,0,12,7,0,19,0,3,16,0,12,7,0,19,0,3,0,13,8,0,22,0,3,18,0,13,8,0,22,0,3,18,0,13,8,0,22,0,3,0,13,8,0,22,0,3,18,0,13,8,0,22,0,3,18,0,13,8,0,22,0,3,0,13,8,0,22,0,3,18,0,13,8,0,22,0,3,18,0,13,8,0,22,0,3,0,13,8,0,22,0,3,18,0,13,8,0,22,0,3,18,0,13,8,0,22,0,3,16,13,11,13,22,10,10,18,16,13,11,13,22,10,10,18,16,13,11,13,22,10,10,22,13,12,18,22,13,12,18,22,13,12,18,22,13,12,18,22,13,12,18,22,13,12,22,13,12,18,22,13,12,18,22,13,12,18,22,13,12,18,22,13,12,18,22,13,12,22,13,12,18,22,13,12,18,22,13,12,18,22,13,12,18,22,13,12,18,22,13,12,3,13,9,3,22,2,5,18,3,13,9,3,22,2,5,18,3,13,9,3,22,2,5
0,0,0,0,0,0,0,0,0,0,0,0,0,0,0,0,0,0,0,0,0,0,0,0,0,0,0,0,0,0,0,0,0,0,0,0,0,0,0,0,0,0,0,0,0,0,13,0,0,0,0,3,18,12,0,8,18,6,0,0,0,0,9,18,5,0,15,18,0,9,0,0,0,0,2,16,18,0,13,18,5,0,0,0,0,6,21,8,0,23,13,0,2,0,0,1,0,1,4,18,0,13,9,1,0,1,0,0,2,13,8,0,22,1,0,22,0,3,18,0,13,12,18,0,13,12,18,0,13,8,0,22,13,8,0,22,13,8,22,0,4,18,1,13,12,18,0,13,12,18,1,13,9,1,22,13,8,0,22,13,9,22,13,12,18,22,13,12,18,0,13,12,18,22,13,12,18,22,13,8,0,22,13,12,22,13,12,18,22,13,12,18,0,13,12,18,22,13,12,18,22,13,8,0,22,13,12,22,13,12,18,22,13,12,18,0,13,12,18,22,13,12,18,22,13,8,0,22,13,12,22,13,12,18,22,13,12,18,0,13,12,18,22,13,12,18,22,13,8,0,22,13,12,22,0,1,8,0,13,8,0,0,0,3,18,0,6,4,0,22,0,0,0,0,13,8,22,10,6,0,16,13,11,13,19,10,10,18,16,0,2,13,22,10,10,16,16,13,11,22,13,12,16,22,13,12,18,22,13,12,18,22,12,11,18,22,13,12,18,22,13,12,22,9,9,18,15,13,11,12,22,9,9,18,15,13,11,12,22,9,9,18,15,13,11,22,0,3,18,0,13,9,3,22,2,5,18,0,13,8,0,22,2,5,18,3,13,8,22,0,3,18,0,13,12,18,22,13,12,18,0,13,8,0,22,13,12,18,22,13,8,22,10,10,18,17,13,12,18,22,13,12,18,17,13,12,14,22,13,12,18,22,13,12,22,13,12,18,22,13,12,18,22,13,12,18,22,13,12,18,22,13,12,18,22,13,12,22,13,12,18,22,13,9,1,22,0,4,18,22,13,12,18,22,0,4,18,1,13,12,15,4,5,12,6,9,5,0,15,0,2,12,6,9,7,5,15,0,2,12,0,9,7,0,0,0,0,0,0,0,0,0,0,0,0,0,0,0,0,0,0,0,0,0,0,0,0,0,0,0,0,0,0,0,0,0,0,0,0,0,0,0,0,0,0,0,0,0,0
10,7,22,5,6,19,0,12,9,0,22,5,6,19,9,12,9,0,22,0,2,19,9,11,19,22,12,12,19,0,12,9,0,22,12,12,19,22,12,9,0,22,0,2,19,22,11,19,22,12,12,19,0,12,9,0,22,12,12,19,22,12,9,0,22,0,2,19,22,11,19,22,12,12,19,0,8,6,0,22,12,12,19,22,12,9,0,14,0,2,19,22,11,19,22,12,12,19,0,0,0,0,22,12,12,19,22,12,9,0,0,0,2,19,22,7,19,10,12,11,9,0,0,0,0,10,12,11,9,22,6,4,0,0,0,1,9,22,2,19,0,12,9,0,0,0,0,0,0,12,9,0,22,0,0,0,0,0,0,0,22,2,19,0,12,9,0,0,0,0,0,0,12,9,0,22,0,0,0,0,0,0,0,22,11,19,22,12,12,19,0,12,9,0,22,12,12,19,22,12,9,0,22,0,2,19,22,11,19,22,12,12,19,0,12,9,0,22,12,12,19,22,12,9,0,22,0,2,19,22,10,7,22,4,6,19,0,12,9,0,22,4,6,19,8,12,9,0,22,0,2,19,8,5,9,9,6,5,8,0,12,9,0,9,6,5,8,10,5,4,0,22,0,1,8,10,2,19,0,12,9,0,0,12,9,0,0,12,9,0,22,0,0,0,22,0,0,0,22,2,19,13,12,9,0,5,12,10,4,0,12,11,11,22,0,0,4,22,3,2,0,22,2,19,22,12,9,0,22,12,12,19,0,12,12,19,22,0,2,19,22,12,9,0,22,2,19,22,12,9,0,22,12,12,19,0,12,12,19,22,0,2,19,22,12,9,0,22,25,19,22,12,27,17,22,6,8,19,19,27,12,19,22,25,11,19,12,12,12,25,29,13,4,4,3,9,19,0,0,0,0,22,6,2,3,5,16,9,0,0,0,2,22,6,8,0,13,0,2,19,0,7,5,0,22,0,1,11,0,12,9,0,13,0,2,19,0,8,0,22,0,2,19,0,12,9,0,22,0,2,19,0,12,9,0,22,0,2,19,0,8,0,22,0,2,19,14,12,11,12,22,0,2,19,0,12,11,12,22,8,9,19,0,10,7,22,5,6,19,22,12,12,19,22,5,6,19,9,12,12,19,22,12,12,19,9,11,19,22,12,12,19,22,12,12,19,22,12,12,19,22,12,12,19,22,12,12,19,22
26,23,0,0,0,0,0,0,0,0,0,0,0,0,0,0,0,0,0,0,0,0,0,8,23,0,5,25,9,0,22,18,0,14,25,1,5,25,9,0,22,18,0,14,25,1,8,23,0,6,29,11,0,26,21,0,16,29,1,6,29,11,0,26,21,0,16,29,1,8,23,0,6,29,11,0,26,21,0,16,29,1,6,29,11,0,26,21,0,16,29,1,8,23,0,6,29,11,0,26,21,0,16,29,1,6,29,11,0,26,21,0,16,29,1,8,23,0,6,29,11,0,26,21,0,16,29,1,6,29,11,0,26,21,0,16,29,1,8,23,0,0,0,0,0,0,0,0,0,0,0,0,0,0,0,0,0,0,0,0,0,25,23,0,0,0,0,0,0,0,0,0,0,0,0,0,0,0,0,0,0,0,0,0,8,7,0,0,0,0,0,0,0,0,0,0,0,0,0,0,0,0,0,0,0,0,0,17,17,17,17,17,17,17,17,17,17,17,17,17,17,17,17,17,17,17,17,17,17,17,0,0,0,0,0,0,0,0,0,0,0,0,0,0,0,0,0,0,0,0,0,0,0,0,0,0,0,0,0,0,0,0,0,0,0,0,0,0,0,0,0,0,0,0,0,0,10,18,1,4,18,7,0,17,13,0,10,18,1,4,18,7,0,17,13,0,10,18,1,16,29,1,6,29,11,0,26,21,0,16,29,1,6,29,11,0,26,21,0,16,29,1,16,29,1,6,29,11,0,26,21,0,16,29,1,6,29,11,0,26,21,0,16,29,1,16,29,1,6,29,11,0,26,21,0,16,29,1,6,29,11,0,26,21,0,16,29,1,16,29,1,6,29,11,0,26,21,0,16,29,1,6,29,11,0,26,21,0,16,29,1,3,5,0,1,5,2,0,5,4,0,3,5,0,1,5,2,0,5,4,0,3,5,0,0,0,0,0,0,0,0,0,0,0,0,0,0,0,0,0,0,0,0,0,0,0,0,7,7,7,7,7,7,7,7,7,7,7,7,7,7,7,7,7,7,7,7,7,7,7,8,8,8,8,8,8,8,8,8,8,8,8,8,8,8,8,8,8,8,8,8,8,8,0,21,27,27,13,0,0,0,0,0,0,0,0,0,0,0,0,0,0,0,0,0,0,0,3,4,20,13,0,0,26,21,0,16,29,1,6,29,11,0,26,21,0,16,29,1
11,19,1,4,19,7,0,17,14,0,0,6,8,8,0,26,21,0,8,8,8,8,0,0,0,0,0,0,0,0,0,0,0,0,20,27,27,27,29,29,26,0,20,27,27,27,0,0,0,0,0,0,0,0,0,0,0,15,20,20,20,20,20,19,0,15,20,20,20,7,7,7,7,7,7,5,0,0,6,7,7,7,7,7,7,7,7,7,7,7,7,7,8,8,8,8,8,8,6,0,0,7,8,8,8,8,8,8,8,8,8,8,8,8,8,0,0,0,0,0,0,0,0,0,12,19,19,19,19,19,19,19,19,19,19,19,19,19,0,0,0,0,0,0,0,0,0,18,20,12,12,12,12,12,12,12,12,12,12,12,12,16,28,1,6,28,11,0,0,0,18,13,8,5,0,0,0,0,0,14,0,0,0,0,16,29,1,6,29,11,0,0,0,18,13,13,8,0,0,0,0,0,22,0,0,0,0,16,29,1,6,29,11,0,0,0,18,13,10,6,0,0,0,0,0,17,0,0,0,0,16,29,1,6,29,11,0,0,0,18,23,17,17,17,17,17,9,0,17,17,17,17,17,14,25,1,6,25,10,0,0,0,18,21,14,14,14,14,14,7,0,14,14,14,14,14,0,0,0,0,0,0,0,0,0,18,13,20,29,29,29,29,29,29,29,29,29,29,29,0,0,0,0,0,0,0,0,0,18,13,2,2,2,2,2,2,2,2,2,2,2,2,17,17,17,17,17,17,11,0,0,18,13,2,17,17,17,17,17,17,17,17,17,17,17,0,0,0,0,0,0,0,0,0,18,13,0,0,0,0,0,0,0,0,0,0,0,0,6,10,0,2,10,4,0,0,0,18,13,0,0,0,0,0,0,0,0,0,0,0,0,16,29,1,6,29,11,0,0,0,18,13,21,27,27,27,27,27,27,27,27,27,27,27,16,29,1,6,29,11,0,0,0,18,13,16,26,29,21,20,20,23,29,24,20,20,20,16,29,1,6,29,11,0,0,0,18,13,0,16,29,1,0,0,6,29,11,0,0,0,16,29,1,6,29,11,0,0,0,18,13,16,26,29,22,5,9,23,29,25,13,2,21,16,29,1,6,29,11,0,0,0,18,13,20,26,26,26,7,11,26,26,26,16,2,26,16,29,1,6,29,11,0,0,0,18,13,0,0,0,0,0,0,0,0,0,0,0,0
0,0,0,0,0,0,0,0,0,0,5,18,18,17,0,0,0,0,0,0,0,0,0,17,17,17,17,17,17,17,17,17,17,17,17,17,17,17,17,17,17,17,17,17,17,17,0,0,0,0,0,0,0,0,0,0,0,0,0,0,0,0,0,0,0,0,0,0,0,0,0,0,0,0,0,0,0,0,0,0,0,0,0,0,0,0,0,0,0,0,0,0,0,2,8,3,0,8,6,0,5,8,0,2,8,3,0,8,6,0,5,8,0,2,8,1,6,29,11,0,26,21,0,16,29,1,6,29,11,0,26,21,0,16,29,1,6,29,1,6,29,11,0,26,21,0,16,29,1,6,29,11,0,26,21,0,16,29,1,6,29,1,6,29,11,0,26,21,0,16,29,1,6,29,11,0,26,21,0,16,29,1,6,29,1,6,29,11,0,26,21,0,16,29,1,6,29,11,0,26,21,0,16,29,1,6,29,1,3,15,6,0,14,11,0,9,15,1,3,15,6,0,14,11,0,9,15,1,3,15,0,0,0,0,0,0,0,0,0,0,0,0,0,0,0,0,0,0,0,0,0,0,0,0,0,0,0,0,0,0,0,0,0,0,0,0,0,0,0,0,0,0,0,0,0,0,17,17,17,17,17,17,17,17,17,17,17,17,17,17,17,17,17,17,17,17,17,17,17,0,0,0,0,0,0,0,0,17,17,17,4,0,0,0,0,0,0,0,0,0,0,0,1,4,20,8,0,0,0,0,28,16,14,3,0,0,0,18,15,0,11,20,1,4,20,1,6,29,11,0,0,0,0,28,3,13,0,0,0,0,26,21,0,16,29,1,6,29,1,6,29,11,0,0,0,0,28,3,22,0,0,0,0,26,21,0,16,29,1,6,29,1,6,29,11,0,0,0,0,28,3,22,0,0,0,0,26,21,0,16,29,1,6,29,1,6,29,11,0,0,0,0,28,3,22,0,0,0,0,26,21,0,16,29,1,6,29,1,6,29,11,0,0,0,0,28,3,22,0,0,0,0,26,21,0,16,29,1,6,29,1,5,21,8,0,0,0,0,28,7,3,1,0,0,0,19,16,0,12,21,1,5,21,0,0,0,0,0,0,0,0,28,28,28,7,0,0,0,0,0,0,0,0,0,0,0,7,7,7,7,7,7,7,7,7,7,7,7,7,7,7,7,7,7,7,7,7,7,7
0,0,0,6,29,11,0,0,0,0,0,0,0,0,28,25,25,6,0,0,0,0,0,14,25,1,6,29,11,0,22,18,0,14,25,1,0,28,3,6,0,0,0,14,25,1,16,29,1,6,29,11,0,26,21,0,16,29,1,0,28,3,22,0,0,0,16,29,1,16,29,1,6,29,11,0,26,21,0,16,29,1,0,28,3,22,0,0,0,16,29,1,16,29,1,6,29,11,0,26,21,0,16,29,1,0,28,3,22,0,0,0,16,29,1,16,29,1,6,29,11,0,26,21,0,16,29,1,0,28,3,22,0,0,0,16,29,1,0,0,0,0,0,0,0,0,0,0,0,0,0,0,28,3,6,0,0,0,0,0,0,0,0,0,0,0,0,0,0,0,0,0,0,0,0,28,24,23,6,0,0,0,0,0,0,0,0,0,0,0,0,0,0,0,0,0,0,0,8,8,8,2,0,0,0,0,0,17,17,17,17,17,17,17,17,17,17,17,17,17,17,17,17,17,17,17,17,17,17,17,0,0,0,0,0,0,0,0,0,0,0,0,0,0,0,0,0,0,0,0,0,0,0,0,0,0,0,0,0,0,0,0,0,0,0,0,0,0,0,0,0,0,0,0,0,0,10,18,1,4,18,7,0,17,13,0,10,18,1,4,18,7,0,17,13,0,10,18,1,16,29,1,6,29,11,0,26,21,0,16,29,1,6,29,11,0,26,21,0,16,29,1,16,29,1,6,29,11,0,26,21,0,16,29,1,6,29,11,0,26,21,0,16,29,1,16,29,1,6,29,11,0,26,21,0,16,29,1,6,29,11,0,26,21,0,16,29,1,16,29,1,6,29,11,0,26,21,0,16,29,1,6,29,11,0,26,21,0,16,29,1,3,5,0,1,5,2,0,5,4,0,3,5,0,1,5,2,0,5,4,0,3,5,0,0,0,0,0,0,0,0,0,0,0,0,0,0,0,0,0,0,0,0,0,0,0,0,7,7,7,7,7,7,7,7,7,7,7,7,7,7,7,7,7,7,7,7,7,7,7,8,8,8,8,8,8,8,8,8,8,8,8,8,8,8,8,8,8,8,8,8,8,8,0,0,0,0,0,0,0,0,0,0,0,17,27,27,16,0,0,0,0,0,0,0,0,16,29,1,6,29,11,0,26,21,0,0,18,16,4,2,0,0,26,21,0,16,29,1
0,0,0,0,0,0,0,0,0,0,0,0,0,0,0,0,0,0,0,0,0,5,18,17,17,17,17,17,17,17,17,17,17,17,17,17,17,17,17,17,17,17,17,17,17,17,0,0,0,0,0,0,0,0,0,0,0,0,0,0,0,0,0,0,0,0,0,0,0,0,0,0,0,0,0,0,0,0,0,0,0,0,0,0,0,0,0,0,0,0,0,0,0,5,8,0,2,8,3,0,8,6,0,5,8,0,2,8,3,0,8,6,0,5,8,0,16,29,1,6,29,11,0,26,21,0,16,29,1,6,29,11,0,26,21,0,16,29,0,16,29,1,6,29,11,0,26,21,0,16,29,1,6,29,11,0,26,21,0,16,29,0,16,29,1,6,29,11,0,26,21,0,16,29,1,6,29,11,0,26,21,0,16,29,0,16,29,1,6,29,11,0,26,21,0,16,29,1,6,29,11,0,26,21,0,16,29,0,9,15,1,3,15,6,0,14,11,0,9,15,1,3,15,6,0,14,11,0,9,15,0,0,0,0,0,0,0,0,0,0,0,0,0,0,0,0,0,0,0,0,0,0,0,0,0,0,0,0,0,0,0,0,0,0,0,0,0,0,0,0,0,0,0,0,0,0,17,17,17,17,17,17,17,17,17,17,17,17,17,17,17,17,17,17,17,17,17,17,17,0,0,0,0,0,0,0,0,0,0,0,0,0,0,0,0,0,0,0,17,17,17,4,0,11,20,1,4,20,8,0,18,15,0,11,20,1,4,20,8,0,0,28,16,14,3,0,16,29,1,6,29,11,0,26,21,0,16,29,1,6,29,11,0,0,28,3,13,0,0,16,29,1,6,29,11,0,26,21,0,16,29,1,6,29,11,0,0,28,3,22,0,0,16,29,1,6,29,11,0,26,21,0,16,29,1,6,29,11,0,0,28,3,22,0,0,16,29,1,6,29,11,0,26,21,0,16,29,1,6,29,11,0,0,28,3,22,0,0,16,29,1,6,29,11,0,26,21,0,16,29,1,6,29,11,0,0,28,3,22,0,0,12,21,1,5,21,8,0,19,16,0,12,21,1,5,21,8,0,0,28,7,3,1,0,0,0,0,0,0,0,0,0,0,0,0,0,0,0,0,0,0,0,28,28,28,7,7,7,7,7,7,7,7,7,7,7,7,7,7,7,7,7,7,7,7,7,7,7,7
6,0,0,0,0,3,18,8,0,3,18,0,13,8,0,0,0,0,0,0,0,0,0,17,17,17,17,17,17,19,17,17,4,18,0,9,18,17,17,17,17,17,17,17,17,17,0,0,0,8,17,17,17,17,17,17,14,0,0,0,0,0,0,0,0,0,2,17,17,0,0,0,0,0,0,0,0,0,0,0,0,0,0,0,0,0,0,0,0,0,0,0,17,17,17,17,17,17,17,17,17,17,17,17,17,17,17,17,17,17,17,17,17,17,17,0,9,9,9,9,0,7,9,9,9,2,4,9,9,9,5,0,9,9,9,9,9,9,2,29,29,29,27,0,22,29,29,29,7,12,29,29,29,17,2,29,29,29,29,29,29,0,8,27,24,8,0,6,20,29,10,2,3,13,29,17,5,0,8,27,24,8,8,8,13,8,26,21,0,3,18,16,29,1,0,22,6,29,11,22,0,0,26,21,13,8,0,13,8,26,21,0,3,18,16,29,1,0,22,6,29,11,22,0,0,26,21,13,8,0,5,3,26,21,0,1,6,16,29,1,0,8,6,29,11,8,0,0,26,21,5,3,0,2,29,29,29,29,29,29,29,29,29,29,29,29,29,29,29,29,29,29,29,29,29,29,1,18,18,18,18,18,18,18,18,18,18,18,18,18,18,18,18,18,18,18,18,18,18,0,0,0,0,0,0,0,0,0,0,0,0,0,0,0,0,0,0,0,0,0,0,0,7,7,7,7,7,7,7,7,7,7,7,7,7,7,7,7,7,7,7,7,7,7,7,8,8,8,8,8,8,8,8,8,8,8,8,8,8,8,8,8,8,8,8,8,8,8,27,27,27,27,27,27,27,27,27,27,27,27,27,27,27,27,27,27,27,27,27,27,27,4,12,24,4,4,4,4,4,4,12,24,4,4,4,4,4,4,12,24,4,4,4,4,0,8,23,0,0,0,0,12,0,8,23,0,0,0,0,12,0,8,23,0,0,0,0,9,14,23,6,6,3,0,22,9,14,23,6,6,3,0,22,9,14,23,6,6,3,0,10,14,23,16,13,8,0,22,10,14,23,16,13,8,0,22,10,14,23,16,13,8,0,10,14,23,16,10,6,0,22,10,14,23,16,10,6,0,22,10,14,23,16,10,6,0,0,9,23,10,0,0,0,22,0,9,23,10,0,0,0,22,0,9,23,10,0,0,0
0,0,2,11,4,0,10,8,0,6,11,0,2,11,4,0,10,8,0,6,11,0,2,0,0,0,0,0,0,0,0,0,0,0,0,0,0,0,0,0,0,0,0,0,0,0,17,17,17,17,17,17,17,17,17,17,17,17,17,17,17,17,17,17,17,17,17,17,17,0,0,0,0,0,0,0,0,0,0,0,0,0,0,0,0,0,0,0,0,0,0,0,11,7,0,19,0,3,15,0,11,7,0,19,0,3,15,0,11,7,0,19,0,3,15,13,8,0,22,0,3,18,0,13,8,0,22,0,3,18,0,13,8,0,22,0,3,18,13,8,0,22,0,3,18,0,13,8,0,22,0,3,18,0,13,8,0,22,0,3,18,13,8,0,22,0,3,18,0,13,8,0,22,0,3,18,0,13,8,0,22,0,3,18,13,8,0,22,0,3,18,0,13,8,0,22,0,3,18,0,13,8,0,22,0,3,18,16,8,0,23,3,7,18,0,13,11,3,23,0,3,20,3,16,8,0,23,3,7,18,29,8,0,23,28,29,18,0,13,29,28,28,0,3,29,28,29,8,0,23,28,29,18,13,9,3,22,2,5,18,3,13,9,3,22,2,5,18,3,13,9,3,22,2,5,18,13,12,18,22,13,12,18,22,13,12,18,22,13,12,18,22,13,12,18,22,13,12,18,13,12,18,22,13,12,18,22,13,12,18,22,13,12,18,22,13,12,18,22,13,12,18,7,9,18,13,13,11,10,22,7,9,18,13,13,11,10,22,7,9,18,13,13,11,10,0,4,18,1,13,8,0,22,0,3,18,1,13,9,1,22,0,3,18,0,13,9,1,13,12,18,22,13,8,0,22,0,3,18,22,13,12,18,22,0,3,18,0,13,12,18,13,12,18,22,13,8,0,22,0,3,18,22,13,12,18,22,0,3,18,0,13,12,18,13,12,18,22,13,8,0,22,0,3,18,22,13,12,18,22,0,3,18,0,13,12,18,13,12,18,22,13,8,0,0,0,3,18,22,13,12,18,22,0,0,0,0,13,12,18,13,12,15,22,11,7,0,0,0,3,15,22,11,11,18,18,0,0,0,0,11,11,18,13,8,0,22,0,0,0,0,0,0,0,22,0,3,18,0,0,0,0,0,0,3,18,13,8,0,22,0,0,0,0,0,0,0,22,0,3,18,0,0,0,0,0,0,3,18
0,0,0,0,0,0,0,0,0,0,0,0,0,0,0,0,0,0,0,0,0,0,0,0,0,0,0,0,0,0,0,0,0,0,0,0,0,0,0,0,0,0,0,0,0,0,22,9,0,20,16,0,13,22,1,5,22,9,0,0,0,0,3,15,4,11,7,0,18,29,11,0,26,21,0,16,29,1,6,29,11,0,0,0,0,3,17,22,13,8,0,21,29,11,0,26,21,0,16,29,1,6,29,11,0,0,0,0,0,0,22,13,8,0,0,29,11,0,26,21,0,16,29,1,6,29,11,0,0,0,0,8,11,25,13,8,4,11,29,11,0,26,21,0,16,29,1,6,29,11,0,0,0,0,14,20,20,13,8,7,20,1,0,0,1,1,0,1,1,0,0,1,0,0,0,0,0,1,7,7,18,8,0,6,0,0,0,0,0,0,0,0,0,0,0,0,0,0,0,0,3,28,25,27,8,0,23,11,11,11,11,11,11,11,11,11,4,0,0,0,0,0,0,3,18,0,13,8,0,22,4,4,4,4,4,4,4,4,4,1,0,0,0,0,0,13,12,18,21,13,12,17,22,0,0,0,4,3,0,2,4,0,1,4,1,0,0,0,13,12,18,22,13,12,18,22,0,0,0,26,21,0,16,29,1,6,29,11,0,0,0,13,12,18,22,13,12,18,22,0,0,0,26,21,0,16,29,1,6,29,11,0,0,0,13,12,18,22,13,12,18,22,0,0,0,26,21,0,16,29,1,6,29,11,0,0,0,0,3,18,0,13,8,0,22,0,0,0,26,21,0,16,29,1,6,29,11,0,0,0,0,3,18,0,13,8,0,22,0,0,0,26,21,0,16,29,1,6,29,11,0,0,0,0,3,18,0,13,8,0,22,0,0,0,26,21,0,16,29,1,6,29,11,0,0,0,0,3,18,0,13,8,0,22,0,0,0,7,5,0,4,7,0,1,7,3,0,0,0,0,3,18,0,13,8,0,22,0,0,0,0,0,0,0,0,0,0,0,0,0,0,0,0,0,1,0,1,0,0,2,17,17,17,17,17,17,17,17,17,6,0,0,0,0,0,2,17,17,17,17,17,17,17,0,0,0,0,0,0,0,0,0,0,0,0,0,0,0,0,0,0,0,0,0,0,0,0,0,0,0,0,0,0,0,0,0,0,0,0,0,0,0,0,0,0,0,0,0,0
0,0,0,0,0,0,0,0,0,0,0,0,0,0,0,0,0,0,0,0,0,0,0,0,0,0,0,0,0,0,0,0,0,0,0,0,0,0,0,0,0,0,0,0,0,0,0,0,0,0,0,0,0,0,0,0,0,0,0,0,0,0,0,0,0,0,0,0,0,0,0,0,0,0,0,0,0,0,0,0,0,0,0,0,0,0,0,0,0,0,0,0,0,0,0,0,0,0,0,0,0,0,0,0,0,0,0,0,0,0,0,0,0,0,0,0,0,0,0,0,0,0,0,0,0,0,0,0,0,0,0,0,0,0,0,0,0,0,13,13,13,13,13,13,13,13,13,13,13,13,13,13,13,13,13,0,0,6,13,13,13,2,2,2,2,2,2,2,2,2,2,2,2,2,2,2,2,2,0,0,1,2,2,2,0,2,13,0,10,6,0,16,0,2,13,0,10,6,0,16,0,0,0,0,10,6,0,0,3,18,0,13,8,0,22,0,3,18,0,13,8,0,22,0,0,0,0,13,8,0,0,3,18,0,13,8,0,22,0,3,18,0,13,8,0,22,0,0,0,0,13,8,0,0,3,18,0,13,8,0,22,0,3,18,0,13,8,0,22,0,0,0,0,13,8,0,0,3,18,0,13,8,0,22,0,3,18,0,13,8,0,22,0,0,0,0,13,8,0,8,9,18,13,13,11,11,22,8,9,18,13,13,11,11,22,8,5,0,13,13,11,11,13,12,18,22,13,12,18,22,13,12,18,22,13,12,18,22,13,8,0,22,13,12,18,13,12,18,22,13,12,18,22,13,12,18,22,13,12,18,22,13,8,0,22,13,12,18,6,6,9,11,6,6,9,11,6,6,9,11,6,6,9,11,6,4,0,11,6,6,9,0,0,0,0,0,0,0,0,0,0,0,0,0,0,0,0,0,0,0,0,0,0,0,0,0,0,0,0,0,0,0,0,0,0,0,0,0,0,0,0,0,0,0,0,0,0,0,0,0,0,0,0,0,0,0,0,0,0,0,0,0,0,0,0,0,0,0,0,0,0,0,0,0,0,0,0,0,0,0,0,0,0,0,0,0,0,0,0,0,0,0,0,0,0,0,0,0,0,0,0,0,0,0,0,0,0,0,0,0,0,0,0,0,0,0,0,0,0,0,0,0,0,0,0,0,0,0,0,0,0,0,0,0,0,0,0,0,0
5,23,9,0,21,17,0,13,23,1,0,8,17,17,17,17,17,17,17,17,17,17,17,6,29,11,0,26,21,0,16,29,1,0,0,0,0,0,0,0,0,0,0,0,0,0,6,29,11,0,26,21,0,16,29,1,0,0,12,25,25,25,0,3,25,25,25,7,0,6,29,11,0,26,21,0,16,29,1,0,0,13,13,6,24,0,3,21,6,17,8,0,6,29,11,0,26,21,0,16,29,1,0,0,13,12,16,22,0,3,18,19,13,8,0,6,29,11,0,26,21,0,16,29,1,0,0,13,12,18,6,0,3,18,22,3,2,0,6,29,11,0,26,21,0,16,29,1,0,0,13,12,19,1,1,3,18,23,1,1,0,6,29,11,0,26,21,0,16,29,1,0,0,13,12,29,29,16,3,18,23,29,26,0,6,29,11,0,26,21,0,16,29,1,0,0,13,9,0,0,0,3,18,0,0,0,0,6,29,11,0,26,21,0,16,29,1,0,0,13,28,27,27,0,3,29,27,27,8,0,6,29,11,0,26,21,0,16,29,1,0,0,13,12,4,23,0,3,20,4,16,8,0,6,29,11,0,26,21,0,16,29,1,0,13,13,11,11,22,8,9,18,13,13,11,11,6,29,11,0,26,21,0,16,29,1,0,22,13,12,18,22,13,12,18,22,13,12,18,6,29,11,0,26,21,0,16,29,1,0,22,13,12,18,22,13,12,18,22,13,12,18,6,29,11,0,26,21,0,16,29,1,0,22,13,12,18,22,13,12,18,22,13,12,18,6,29,11,0,26,21,0,16,29,1,0,6,13,10,5,22,4,6,18,6,13,10,5,6,27,11,0,25,20,0,16,29,1,0,0,13,8,0,22,0,3,18,0,13,8,0,0,0,0,0,0,0,0,16,29,1,0,0,13,8,0,22,0,3,18,0,13,8,0,0,0,0,0,0,0,0,16,29,1,0,0,13,8,0,22,0,3,18,0,13,8,0,0,0,0,0,0,0,0,16,29,1,0,0,13,8,0,22,0,3,18,0,13,8,0,0,0,0,0,0,0,0,16,29,1,0,0,6,3,0,9,0,1,8,0,6,3,0,11,11,11,11,11,0,0,16,29,1,0,5,11,11,11,11,11,11,11,11,11,11,11,4,4,4,4,4,0,0,13,23,1,0,2,4,4,4,4,4,4,4,4,4,4,4
0,0,0,0,0,0,0,0,0,0,0,0,0,0,0,0,0,0,0,0,0,0,0,0,0,0,0,0,0,0,0,0,0,0,0,0,0,0,0,0,0,0,0,0,0,0,4,11,7,0,18,2,4,15,0,11,7,3,18,0,3,15,4,11,7,0,18,2,4,22,13,8,0,21,13,12,18,0,13,12,18,22,0,3,17,22,13,8,0,21,13,12,22,13,8,0,0,13,12,18,0,0,3,18,22,0,0,0,22,13,8,0,0,13,12,25,13,8,4,11,20,12,18,0,11,14,18,22,0,8,11,25,13,8,4,11,20,12,20,13,8,7,20,20,10,18,0,20,20,13,22,0,14,20,20,13,8,7,20,20,10,7,18,8,0,6,7,10,18,0,3,7,7,24,0,1,7,7,18,8,0,6,7,10,25,27,8,0,23,25,25,18,0,13,26,25,27,0,3,28,25,27,8,0,23,25,25,0,13,8,0,22,0,3,18,0,13,8,0,22,0,3,18,0,13,8,0,22,0,3,21,13,12,17,22,13,12,18,21,13,12,17,22,13,12,18,21,13,12,17,22,13,12,22,13,12,18,22,13,12,18,22,13,12,18,22,13,12,18,22,13,12,18,22,13,12,22,13,12,18,22,13,12,18,22,13,12,18,22,13,12,18,22,13,12,18,22,13,12,22,13,12,18,22,13,12,18,22,13,12,18,22,13,12,18,22,13,12,18,22,13,12,0,13,8,0,22,0,3,18,0,13,8,0,22,0,3,18,0,13,8,0,22,0,3,0,13,8,0,22,0,3,18,0,13,8,0,22,0,3,18,0,13,8,0,22,0,3,0,13,8,0,22,0,3,18,0,13,8,0,22,0,3,18,0,13,8,0,22,0,3,0,13,8,0,22,0,3,18,0,13,8,0,22,0,3,18,0,13,8,0,22,0,3,0,13,8,0,22,0,3,18,0,13,8,0,22,0,3,18,0,13,8,0,22,0,3,0,1,0,0,2,0,0,1,0,1,0,0,2,0,0,1,0,1,0,0,2,0,0,17,17,17,17,17,17,17,17,17,17,17,17,17,17,17,17,17,17,17,17,17,17,17,0,0,0,0,0,0,0,0,0,0,0,0,0,0,0,0,0,0,0,0,0,0,0,0,0,0,0,0,0,0,0,0,0,0,0,0,0,0,0,0,0,0,0,0,0,0
0,0,0,0,13,12,14,1,8,14,14,22,0,7,8,23,17,4,0,0,0,0,0,0,0,0,0,13,12,14,0,0,7,14,22,0,0,0,22,17,4,0,0,0,0,0,0,0,0,0,13,12,14,0,17,12,14,22,0,7,14,22,17,4,0,0,0,0,0,0,0,0,0,1,8,14,0,17,5,1,22,0,7,14,2,17,4,0,0,0,0,0,0,0,0,0,13,29,14,0,17,29,29,25,0,7,29,29,29,4,0,0,0,0,0,0,0,0,0,1,2,1,0,1,2,2,2,0,0,2,2,2,0,0,0,0,0,0,0,0,0,0,7,17,17,17,17,17,17,17,17,17,17,17,17,17,3,0,0,0,0,0,0,0,0,0,0,0,0,0,0,0,0,0,0,0,0,0,0,0,0,0,0,0,0,0,0,0,0,6,12,0,14,4,0,19,0,6,12,0,14,4,0,0,0,0,0,0,0,0,0,0,7,14,0,17,4,0,22,0,7,14,0,17,4,0,0,0,0,0,0,0,0,0,0,7,14,0,17,4,0,22,0,7,14,0,17,4,0,0,0,0,0,0,0,0,0,0,7,14,0,17,4,0,22,0,7,14,0,17,4,0,0,0,0,0,0,0,0,0,0,7,14,0,17,4,0,22,0,7,14,0,17,4,0,0,0,0,0,0,0,0,0,1,10,14,0,17,8,3,23,0,7,17,3,19,4,0,0,0,0,0,0,0,0,0,13,29,14,0,17,29,28,24,0,7,29,28,29,4,0,0,0,0,0,0,0,0,0,2,8,14,3,17,6,2,22,2,8,14,3,17,6,2,0,0,0,0,0,0,0,0,13,12,14,22,17,12,14,22,17,12,14,22,17,12,14,0,0,0,0,0,0,0,0,13,12,14,22,17,12,14,22,17,12,14,22,17,12,14,0,0,0,0,0,0,0,0,13,9,8,22,10,10,14,13,17,9,8,22,10,10,14,0,0,0,0,0,0,0,0,13,4,0,22,0,7,14,1,17,5,0,22,0,7,14,0,0,0,0,0,0,0,0,13,4,0,22,0,7,14,22,17,12,14,22,0,7,14,0,0,0,0,0,0,0,0,13,4,0,22,0,7,14,22,17,12,14,22,0,7,14,0,0,0,0,0,0,0,0,13,4,0,22,0,7,14,22,17,12,14,22,0,7,14,0,0,0,0
12,12,12,12,12,12,12,12,12,12,12,12,12,12,12,12,12,12,12,12,12,12,12,3,3,3,3,3,3,3,3,3,3,3,3,3,3,3,3,3,3,3,3,3,3,3,9,6,0,16,0,2,13,0,9,6,0,16,0,2,13,0,9,6,0,16,0,2,13,13,8,0,22,0,3,18,0,13,8,0,22,0,3,18,0,13,8,0,22,0,3,18,13,8,0,22,0,3,18,0,13,8,0,22,0,3,18,0,13,8,0,22,0,3,18,13,8,0,22,0,3,18,0,13,8,0,22,0,3,18,0,13,8,0,22,0,3,18,13,8,0,22,0,3,18,0,13,8,0,22,0,3,18,0,13,8,0,22,0,3,18,13,11,10,22,7,9,18,13,13,11,10,22,7,9,18,13,13,11,10,22,7,9,18,13,12,18,22,13,12,18,22,13,12,18,22,13,12,18,22,13,12,18,22,13,12,18,13,12,18,22,13,12,18,22,13,12,18,22,13,12,18,22,13,12,18,22,13,12,18,13,12,18,22,13,12,18,22,13,12,18,22,13,12,18,22,13,12,18,22,13,12,18,13,10,6,22,4,6,18,7,13,10,6,22,4,6,18,7,13,10,6,22,4,6,18,13,18,12,25,0,3,23,12,20,8,0,23,12,15,18,0,13,18,12,25,0,3,23,9,19,19,26,0,2,19,19,24,8,0,15,19,21,18,0,9,19,19,26,0,2,19,8,8,5,22,0,6,8,8,13,8,3,8,8,6,18,0,8,8,5,22,0,6,8,23,24,18,22,0,16,23,27,13,8,8,23,26,12,18,0,23,24,18,22,0,16,23,0,3,18,22,0,0,0,22,13,8,0,0,13,12,18,0,0,3,18,22,0,0,0,6,8,18,22,0,1,9,22,13,8,0,11,13,12,18,0,6,8,18,22,0,1,9,13,11,11,22,0,3,18,13,13,8,0,22,8,9,18,0,13,11,11,22,0,3,18,13,19,14,25,0,3,24,14,21,8,0,23,14,16,18,0,13,19,14,25,0,3,24,8,17,17,17,0,2,17,17,17,5,0,14,17,17,11,0,8,17,17,17,0,2,17,2,2,2,2,2,2,2,2,2,2,2,2,2,2,2,2,2,2,2,2,2,2,2,13,13,13,13,13,13,13,13,13,13,13,13,13,13,13,13,13,13,13,13,13,13,13
0,0,0,0,0,0,0,6,29,11,0,0,0,13,21,17,26,0,3,25,17,23,8,0,18,15,0,11,20,1,6,29,11,0,0,0,6,14,14,25,0,1,14,14,21,8,0,26,21,0,16,29,1,6,29,11,0,0,0,13,13,8,22,0,9,13,13,13,8,0,26,21,0,16,29,1,6,29,11,0,0,0,18,20,18,22,0,13,18,26,13,8,0,26,21,0,16,29,1,6,29,11,0,0,0,0,3,18,22,0,0,0,22,13,8,0,26,21,0,16,29,1,6,29,11,0,0,0,9,9,18,22,0,2,12,22,13,8,0,26,21,0,16,29,1,6,29,11,0,0,0,13,11,13,22,0,3,18,16,13,8,0,19,16,0,12,21,1,6,29,11,0,0,0,13,22,19,26,0,3,26,19,24,8,0,0,0,0,0,0,0,6,29,11,0,0,0,6,12,12,12,0,1,12,12,12,3,7,7,7,7,7,7,0,6,29,11,0,0,3,7,7,7,7,7,7,7,7,7,7,8,8,8,8,8,8,0,6,29,11,0,0,4,8,8,8,8,8,8,8,8,8,8,0,0,0,0,0,0,0,6,29,11,0,0,0,6,4,0,12,0,1,9,0,7,4,0,13,10,0,8,14,0,6,29,11,0,0,0,13,8,0,22,0,3,18,0,13,8,0,26,21,0,16,29,1,6,29,11,0,0,0,13,8,0,22,0,3,18,0,13,8,0,26,21,0,16,29,1,6,29,11,0,0,0,13,8,0,22,0,3,18,0,13,8,0,26,21,0,16,29,1,6,29,11,0,0,0,13,8,0,22,0,3,18,0,13,8,0,26,21,0,16,29,1,6,29,11,0,0,9,13,10,7,22,5,7,18,9,13,10,0,26,21,0,16,29,1,6,29,11,0,0,22,13,12,18,22,13,12,18,22,13,12,0,26,21,0,16,29,1,6,29,11,0,0,22,13,12,18,22,13,12,18,22,13,12,0,26,21,0,16,29,1,6,29,11,0,0,22,13,12,18,22,13,12,18,22,13,12,0,26,21,0,16,29,1,6,29,11,0,0,11,13,10,9,22,6,8,18,11,13,10,0,26,21,0,16,29,1,6,29,11,0,0,0,13,14,7,24,0,3,21,7,18,8,0,26,21,0,16,29,1,6,29,11,0,0,0,13,26,25,24,0,3,28,25,25,7
0,16,29,1,6,29,11,0,26,21,0,16,29,1,6,29,11,0,26,21,0,16,29,0,14,25,1,6,25,10,0,23,19,0,14,25,1,6,25,10,0,23,19,0,14,25,0,0,0,0,0,0,0,0,0,0,0,0,0,0,0,0,0,0,0,0,0,0,0,0,0,0,0,0,0,0,0,0,0,0,0,0,0,0,0,0,0,0,0,0,0,0,17,17,17,17,17,17,17,17,17,17,17,17,17,17,17,17,17,17,17,17,17,17,17,0,0,0,0,0,0,0,0,0,0,0,0,0,0,0,0,0,0,0,7,7,7,2,0,6,10,0,2,10,4,0,9,8,0,6,10,0,2,10,4,0,0,28,25,25,6,0,16,29,1,6,29,11,0,26,21,0,16,29,1,6,29,11,0,0,28,3,6,0,0,16,29,1,6,29,11,0,26,21,0,16,29,1,6,29,11,0,0,28,3,22,0,0,16,29,1,6,29,11,0,26,21,0,16,29,1,6,29,11,0,0,28,3,22,0,0,16,29,1,6,29,11,0,26,21,0,16,29,1,6,29,11,0,0,28,3,22,0,0,16,29,1,6,29,11,0,26,21,0,16,29,1,6,29,11,0,0,28,3,22,0,0,16,29,1,6,29,11,0,26,21,0,16,29,1,6,29,11,0,0,28,3,6,0,0,1,1,0,0,1,0,0,1,1,0,1,1,0,0,1,0,0,0,28,24,23,6,0,0,0,0,0,0,0,0,0,0,0,0,0,0,0,0,0,0,0,8,8,8,2,17,17,17,17,17,17,17,17,17,17,17,17,17,17,17,17,17,17,17,17,17,17,17,0,0,0,0,0,0,0,0,0,0,0,0,0,17,17,17,17,17,17,17,17,17,17,0,0,0,0,0,0,0,0,0,0,0,0,0,14,14,14,14,14,14,14,14,14,14,3,0,0,0,0,0,2,1,0,0,10,6,1,0,0,0,1,10,0,0,0,3,0,18,0,0,0,0,0,13,8,0,0,13,9,15,0,8,8,18,22,0,0,0,22,8,18,0,0,0,0,0,13,8,0,0,13,9,15,0,10,9,18,22,0,0,0,22,10,18,0,0,0,0,0,13,8,0,0,13,9,15,0,10,9,18,22,0,0,0,22,10,18,0,0,0,0,0,13,8,0,0,13,9,15,0,10,9,18,22,0,0,0,3,4
0,0,0,0,0,11,29,2,5,29,12,0,25,22,0,0,0,0,0,0,0,0,0,0,0,0,0,0,11,29,2,5,29,12,0,25,22,0,0,0,0,0,0,0,0,0,0,0,0,0,0,11,29,2,5,29,12,0,25,22,0,0,0,0,0,0,0,0,0,0,0,0,0,0,11,29,2,5,29,12,0,25,22,0,0,0,0,0,0,0,0,0,0,0,0,0,0,11,29,2,5,29,12,0,25,22,0,1,13,0,0,0,0,0,0,0,0,0,0,0,11,29,2,5,29,12,0,25,22,0,2,19,0,0,0,0,0,0,0,0,0,0,0,11,29,2,5,29,12,0,25,22,0,2,19,0,0,0,0,0,0,0,0,0,0,0,11,29,2,5,29,12,0,25,22,0,2,19,0,0,0,0,0,0,0,0,0,0,0,11,29,2,5,29,12,0,25,22,0,2,19,0,0,0,0,0,0,0,0,0,0,0,11,29,2,5,29,12,0,25,22,0,2,19,0,0,0,0,0,0,0,0,0,0,0,11,29,2,5,29,12,0,25,22,0,2,19,4,0,0,0,0,0,0,0,0,0,0,11,29,2,5,29,12,0,25,22,0,2,19,4,0,0,0,0,0,0,0,0,0,0,11,29,2,5,25,11,0,22,19,0,2,17,4,0,0,0,0,0,0,0,0,0,0,11,29,2,0,0,0,0,0,0,0,0,0,1,0,0,0,0,0,0,0,0,0,0,11,29,2,3,17,7,0,14,13,0,0,4,0,0,0,0,0,0,0,0,0,0,0,11,29,2,5,29,12,0,25,22,0,2,19,0,0,0,0,0,0,0,0,0,0,0,11,29,2,5,29,12,0,25,22,0,2,19,1,0,0,0,0,0,0,0,0,0,0,11,29,2,5,29,12,0,25,22,0,2,19,4,0,0,0,0,0,0,0,0,0,0,11,29,2,5,29,12,0,25,22,0,2,19,4,0,0,0,0,0,0,0,0,0,0,11,29,2,5,29,12,0,25,22,0,2,19,3,0,0,0,0,0,0,0,0,0,0,11,29,2,5,29,12,0,25,22,0,2,19,0,0,0,0,0,0,0,0,0,0,0,11,29,2,5,29,12,0,25,22,0,2,19,0,0,0,0,0,0,0,0,0,0,0,11,29,2,5,29,12,0,25,22,0,2,19,3,0,0,0,0,0
9,4,4,2,3,18,3,4,4,0,22,2,4,4,1,13,9,4,4,2,3,18,3,25,23,23,0,3,27,23,23,7,0,23,23,23,15,0,13,25,23,23,0,3,27,23,15,8,24,0,3,22,8,18,8,0,23,8,11,18,0,13,15,8,24,0,3,22,8,10,8,22,6,8,18,10,13,10,8,22,6,8,18,10,13,10,8,22,6,8,18,10,12,18,22,13,12,18,22,13,12,18,22,13,12,18,22,13,12,18,22,13,12,18,22,12,18,22,13,12,18,22,13,12,18,22,13,12,18,22,13,12,18,22,13,12,18,22,12,18,22,13,12,18,22,13,12,18,22,13,12,18,22,13,12,18,22,13,12,18,22,10,8,22,6,7,18,9,13,10,8,22,6,7,18,9,13,10,8,22,6,7,18,9,8,0,22,0,3,18,0,13,8,0,22,0,3,18,0,13,8,0,22,0,3,18,0,8,0,22,0,3,18,0,13,8,0,22,0,3,18,0,13,8,0,22,0,3,18,0,8,0,22,0,3,18,0,13,8,0,22,0,3,18,0,13,8,0,22,0,3,18,0,8,0,22,0,3,18,0,13,8,0,22,0,3,18,0,13,8,0,22,0,3,18,0,5,0,13,0,2,10,0,7,5,0,13,0,2,10,0,7,5,0,13,0,2,10,0,7,7,7,7,7,7,7,7,7,7,7,7,7,7,7,7,7,7,7,7,7,7,7,8,8,8,8,8,8,8,8,8,8,8,8,8,8,8,8,8,8,8,8,8,8,8,11,11,11,0,1,11,11,11,3,0,9,11,11,7,0,5,11,11,11,0,1,11,11,23,20,27,0,3,26,20,25,8,0,23,20,22,18,0,13,23,20,27,0,3,26,20,11,12,22,0,3,18,15,13,8,0,22,9,9,18,0,13,11,12,22,0,3,18,15,10,18,22,0,2,13,22,13,8,0,16,13,12,18,0,10,10,18,22,0,2,13,22,3,18,22,0,0,0,22,13,8,0,0,13,12,18,0,0,3,18,22,0,0,0,22,19,18,22,0,12,17,26,13,8,6,17,23,12,18,0,17,19,18,22,0,12,17,26,14,9,22,0,10,14,14,13,8,5,14,14,8,18,0,14,14,9,22,0,10,14,14,13,13,25,0,1,13,13,21,8,0,11,13,16,18,0,6,13,13,25,0,1,13,13
4,4,29,8,4,3,0,0,1,9,11,5,3,0,9,6,4,0,0,13,8,0,16,0,6,28,8,2,2,0,0,3,18,22,10,5,0,16,13,8,0,0,13,8,0,16,9,15,28,14,9,18,0,0,3,18,22,10,5,0,16,13,8,0,0,13,8,0,16,9,15,28,14,9,18,0,0,3,18,22,10,5,0,16,13,8,0,0,13,8,0,16,5,13,28,13,8,18,0,0,3,18,22,9,4,0,16,13,8,0,0,13,8,0,16,0,0,28,3,0,3,0,0,1,9,3,0,0,0,2,10,6,0,0,3,2,0,14,13,13,29,16,13,13,13,13,13,13,13,13,13,11,0,0,0,0,0,0,0,0,0,18,18,18,18,18,18,18,18,18,18,18,18,18,15,0,0,0,0,0,0,0,0,0,17,17,17,17,17,17,17,17,17,17,17,17,17,17,17,17,17,17,17,17,17,17,17,0,0,0,0,0,0,0,0,0,0,0,0,0,0,0,0,0,0,0,0,0,0,0,0,0,0,0,0,0,0,0,0,0,0,0,0,0,0,0,0,0,0,0,0,0,0,0,6,27,27,27,27,27,27,27,7,0,0,27,27,27,27,27,27,16,0,15,0,0,0,6,29,24,20,20,20,20,20,5,0,0,28,22,20,20,20,20,12,0,22,0,0,0,6,29,11,0,0,0,0,0,0,0,0,28,3,6,7,7,7,7,7,24,0,0,0,6,29,11,6,13,13,13,13,13,13,13,29,3,7,8,8,8,8,8,24,0,0,0,6,29,11,9,18,18,18,18,18,18,18,29,3,0,0,0,0,0,0,22,9,5,0,6,29,22,17,17,17,17,17,4,0,0,28,26,25,25,25,25,15,0,22,13,8,0,6,29,29,29,29,29,29,29,7,0,0,22,22,22,22,22,22,13,0,22,13,8,0,0,0,0,0,0,0,0,0,0,0,0,0,0,0,0,0,0,0,0,22,13,8,8,17,17,17,17,17,17,17,17,17,17,17,17,17,17,17,17,17,0,0,22,13,8,0,0,0,0,0,0,0,0,0,4,9,9,9,9,9,9,6,0,0,0,22,13,8,3,0,2,4,0,0,0,0,0,13,13,6,6,6,6,6,4,0,0,0,22,9,6,21,0,16,29,1,0,0,0,4,13,8,0,23,17,17,6,0,0,0,0,22,0,0
17,17,17,17,17,17,17,17,17,17,17,17,17,17,17,17,17,17,17,17,17,17,17,0,0,0,0,0,0,0,0,0,0,0,0,0,0,0,0,0,0,0,0,0,0,0,0,0,0,0,0,0,0,0,0,0,0,0,0,0,0,0,0,0,0,0,0,0,0,0,0,0,4,19,7,0,17,14,0,11,19,1,0,0,0,0,0,0,0,11,19,1,0,0,0,6,29,11,0,26,21,0,16,29,1,0,0,0,0,0,0,0,16,29,1,0,0,0,6,29,11,0,26,21,0,16,29,1,0,0,0,0,0,0,0,16,29,1,0,0,0,6,29,11,0,26,21,0,16,29,1,0,0,0,0,0,0,0,16,29,1,0,0,0,6,29,11,0,26,21,0,16,29,1,0,0,0,13,22,1,0,16,29,1,0,0,0,6,29,11,0,26,21,0,16,29,1,0,0,0,16,29,1,0,2,4,0,0,0,0,6,29,11,0,26,21,0,16,29,1,0,0,0,16,29,1,0,0,0,0,0,0,0,6,29,11,0,26,21,0,16,29,1,0,0,0,16,29,1,0,0,7,8,0,0,0,6,29,11,0,26,21,0,16,29,1,0,0,0,16,29,1,0,0,6,7,0,0,0,6,29,11,0,26,21,0,16,29,1,0,0,0,16,29,1,0,0,6,25,0,0,0,6,29,11,0,26,21,0,16,29,1,0,0,0,16,29,1,0,0,6,29,0,0,0,6,29,11,0,26,21,0,16,29,1,0,0,0,16,29,1,0,0,6,29,0,0,0,6,29,11,0,26,21,0,16,29,1,0,0,0,16,29,1,0,0,6,29,0,0,0,6,29,11,0,26,21,0,16,29,1,0,0,0,16,29,1,0,0,6,29,0,0,0,6,29,11,0,26,21,0,16,29,1,0,0,0,16,29,1,0,0,6,29,0,0,0,6,29,11,0,26,21,0,16,29,1,0,0,0,16,29,1,0,0,6,29,0,0,0,2,10,4,0,9,8,0,6,10,0,0,0,0,16,29,1,0,0,6,29,0,0,0,0,0,0,0,0,0,0,0,0,0,0,0,0,10,17,1,0,0,2,9,0,14,17,17,17,17,17,17,17,17,17,17,17,6,0,0,0,0,0,0,0,14,17,0,0,0,0,0,0,0,0,0,0,0,0,0,0,0,0,0,12,10,0,0,0,0
29,11,0,26,21,0,16,29,1,6,29,11,0,0,0,0,0,0,22,13,12,18,22,29,11,0,26,21,0,16,29,1,6,29,11,0,0,0,12,8,0,22,13,12,18,22,29,11,0,26,21,0,16,29,1,6,29,11,0,0,0,13,8,0,22,13,12,18,22,29,11,0,26,21,0,16,29,1,6,29,11,0,0,0,13,8,0,22,13,12,18,22,11,4,0,26,21,0,16,29,1,6,27,11,0,0,0,13,8,0,22,1,4,18,2,0,0,0,26,21,0,16,29,1,0,0,0,0,0,0,13,11,10,22,7,8,18,12,0,0,0,26,21,0,16,29,1,3,14,5,0,0,0,13,12,18,22,13,12,18,22,0,0,0,26,21,0,16,29,1,6,29,11,0,0,0,13,12,18,22,13,12,18,22,0,0,0,26,21,0,16,29,1,6,29,11,0,0,0,2,5,18,4,13,9,3,22,25,9,0,26,21,0,16,29,1,6,29,11,0,0,0,0,3,29,27,28,8,0,23,29,11,0,26,21,0,16,29,1,6,29,11,0,6,5,0,3,20,4,16,8,0,23,29,11,0,26,21,0,16,29,1,6,29,11,0,26,21,0,3,18,0,13,8,0,22,29,11,0,26,21,0,16,29,1,6,29,11,0,26,21,0,3,18,0,13,8,0,22,29,11,0,26,21,0,16,29,1,6,29,11,0,26,21,0,3,18,0,13,8,0,22,0,0,0,26,21,0,16,29,1,6,29,11,0,0,0,0,3,18,0,13,8,0,22,0,0,0,26,21,0,16,29,1,6,29,11,0,0,0,0,3,16,0,12,7,0,19,0,0,0,26,21,0,16,29,1,6,29,11,0,0,0,0,0,0,0,0,0,0,0,0,0,0,26,21,0,16,29,1,6,29,11,0,0,0,2,17,17,17,17,17,17,17,0,0,0,26,21,0,16,29,1,6,29,11,0,0,0,0,0,1,1,1,0,0,1,0,0,0,26,21,0,16,29,1,6,29,11,0,0,0,0,3,29,29,29,8,0,23,0,0,0,26,21,0,16,29,1,6,29,11,0,0,0,0,3,19,2,14,8,0,23,0,0,0,26,21,0,16,29,1,6,29,11,0,0,0,0,3,18,22,13,8,0,22,0,0,0,26,21,0,16,29,1,6,29,11,0,0,0,0,0,1,22,13,8,0,1
9,4,4,2,3,18,3,4,4,0,0,0,3,18,3,4,4,0,22,2,4,4,1,25,23,23,0,3,27,23,23,7,0,0,0,3,27,23,23,7,0,23,23,23,15,0,15,8,24,0,3,22,8,18,8,0,0,0,3,22,8,18,8,0,23,8,11,18,0,10,8,22,6,8,18,10,13,10,8,0,6,8,18,10,13,10,8,22,6,8,18,10,12,18,22,13,12,18,22,13,12,18,0,13,12,18,22,13,12,18,22,13,12,18,22,12,18,22,13,12,18,22,13,12,18,0,13,12,18,22,13,12,18,22,13,12,18,22,12,18,22,13,12,18,22,13,12,18,0,13,12,18,22,13,12,18,22,13,12,18,22,10,8,22,6,7,18,9,13,10,8,0,6,7,18,9,13,10,8,22,6,7,18,9,8,0,22,0,3,18,0,13,8,0,0,0,3,18,0,13,8,0,22,0,3,18,0,8,0,22,0,3,18,0,13,8,0,0,0,3,18,0,13,8,0,22,0,3,18,0,8,0,22,0,3,18,0,13,8,0,0,0,3,18,0,13,8,0,22,0,3,18,0,8,0,22,0,3,18,0,13,8,0,0,0,3,18,0,13,8,0,22,0,3,18,0,5,0,13,0,2,10,0,7,5,0,0,0,2,10,0,7,5,0,13,0,2,10,0,7,7,7,7,7,7,7,7,7,2,0,1,7,7,7,7,7,7,7,7,7,7,7,8,8,8,8,8,8,8,8,8,3,0,1,8,8,8,8,8,8,8,8,8,8,8,11,11,11,0,1,11,11,11,3,0,0,0,1,11,11,11,3,0,9,11,11,7,0,23,20,27,0,3,26,20,25,8,0,0,0,3,26,20,25,8,0,23,20,22,18,0,11,12,22,0,3,18,15,13,8,0,0,0,3,18,15,13,8,0,22,9,9,18,0,10,18,22,0,2,13,22,13,8,0,0,0,2,13,22,13,8,0,16,13,12,18,0,3,18,22,0,0,0,22,13,8,0,0,0,0,0,22,13,8,0,0,13,12,18,0,19,18,22,0,12,17,26,13,8,0,0,0,12,17,26,13,8,6,17,23,12,18,0,14,9,22,0,10,14,14,13,8,0,0,0,10,14,14,13,8,5,14,14,8,18,0,13,13,25,0,1,13,13,21,8,0,0,0,1,13,13,21,8,0,11,13,16,18,0
0,0,0,0,0,0,0,0,0,0,0,0,0,0,0,0,0,0,0,0,0,0,0,0,0,0,0,0,0,0,0,0,0,0,0,0,0,0,0,0,0,0,0,0,0,0,0,0,0,0,0,0,0,0,0,0,0,0,0,0,0,0,0,0,0,0,0,0,0,0,0,0,0,0,0,0,0,0,0,0,0,0,0,0,0,0,0,0,0,0,0,0,0,0,0,0,0,0,0,0,0,0,0,0,0,0,0,0,0,0,0,0,0,0,0,0,0,0,0,0,0,0,0,0,0,0,0,0,0,0,0,0,0,0,0,0,0,0,0,0,8,8,8,8,8,8,8,8,8,8,8,8,8,8,8,8,8,0,0,0,0,0,0,7,7,7,7,7,7,7,7,7,7,7,7,7,7,7,7,7,0,0,0,0,0,0,4,9,20,20,20,11,0,0,0,0,0,1,0,0,1,1,0,1,1,0,0,0,0,6,12,28,29,28,15,0,0,0,0,7,29,10,0,27,20,0,17,29,0,0,0,0,0,3,7,29,10,3,0,0,0,0,7,29,10,0,27,20,0,17,29,0,0,0,0,0,22,7,29,10,22,0,0,0,0,7,29,10,0,27,20,0,17,29,0,0,0,0,0,22,7,29,10,22,0,0,0,0,7,29,10,0,27,20,0,17,29,0,0,0,0,0,18,7,29,10,18,0,0,0,0,7,29,10,0,27,20,0,17,29,0,0,0,0,8,8,14,29,16,5,0,0,0,0,7,29,10,0,27,20,0,17,29,0,0,0,0,29,29,29,29,29,19,0,0,0,0,2,10,4,0,10,7,0,6,10,0,0,0,0,9,9,9,9,9,6,0,0,0,0,0,0,0,0,0,0,0,0,0,0,0,0,0,0,0,0,0,0,0,0,0,0,0,0,0,0,0,0,0,0,0,0,0,0,0,0,0,0,0,0,0,0,0,0,0,0,0,0,0,0,0,0,0,0,0,0,0,0,0,0,0,0,0,0,0,0,0,0,0,0,0,0,0,0,0,0,0,0,0,0,0,0,0,0,0,0,0,0,0,0,0,0,0,0,0,0,0,0,0,0,0,0,0,0,0,0,0,0,0,0,0,0,0,0,0,0,0,0,0,0,0,0,0,0,0,0,0,0,0,0,0,0,0,0,0,0,0,0,0,0,0,0,0,0,0,0,0,0,0
8,17,23,0,8,23,17,25,3,0,0,0,0,0,0,0,0,0,0,0,0,0,0,7,14,23,0,4,14,14,24,3,0,0,0,1,20,11,0,15,18,0,8,20,4,0,6,6,22,0,12,13,11,18,3,0,0,0,1,29,16,0,21,26,0,11,29,6,0,12,13,22,0,16,18,23,18,3,0,0,0,1,29,16,0,21,26,0,11,29,6,0,8,13,22,0,0,0,22,18,3,0,0,0,1,29,16,0,21,26,0,11,29,6,0,8,13,22,0,5,9,22,18,3,0,0,0,1,29,16,0,21,26,0,11,29,6,0,6,9,22,0,8,13,16,18,3,0,0,0,1,29,16,0,21,26,0,11,29,6,0,9,19,23,0,8,24,19,26,3,0,0,0,1,21,12,0,16,19,0,8,21,5,0,6,12,10,0,3,12,12,12,1,0,0,0,0,0,0,0,0,0,0,0,0,0,0,3,7,7,7,7,7,7,7,7,1,0,0,0,0,0,2,7,7,7,7,7,7,4,4,8,8,8,8,8,8,8,8,1,0,0,0,0,0,2,8,8,8,8,8,8,4,0,0,12,0,4,6,0,10,2,0,0,0,0,0,0,0,0,0,0,0,0,0,0,0,0,22,0,8,13,0,18,3,0,0,0,0,14,8,0,10,13,0,5,14,3,0,0,0,22,0,8,13,0,18,3,0,0,0,1,29,16,0,21,26,0,11,29,6,0,0,0,22,0,8,13,0,18,3,0,0,0,1,29,16,0,21,26,0,11,29,6,0,0,0,22,0,8,13,0,18,3,0,0,0,1,29,16,0,21,26,0,11,29,6,0,3,5,22,7,10,13,9,18,7,5,0,0,1,29,16,0,21,26,0,11,29,6,0,8,13,22,18,12,13,22,18,12,13,0,0,1,29,16,0,21,26,0,11,29,6,0,8,13,22,18,12,13,22,18,12,13,0,0,1,29,16,0,21,26,0,11,29,6,0,8,13,22,18,12,13,22,18,12,13,0,0,1,29,16,0,21,26,0,11,29,6,0,4,6,22,9,10,13,11,18,8,6,0,0,1,29,16,0,21,26,0,11,29,6,0,3,7,23,0,8,18,7,21,3,0,0,0,1,29,16,0,21,26,0,11,29,6,0,12,25,20,0,8,27,25,25,3,0,0,0,1,29,16,0,21,26,0,11,29,6,0
0,0,0,0,0,0,0,0,0,0,0,0,0,0,0,0,0,0,0,0,0,0,0,0,0,0,0,0,0,0,0,0,0,0,0,0,0,0,0,0,0,0,0,0,0,0,8,8,8,8,8,8,8,8,8,8,8,8,8,8,8,8,8,8,8,8,8,8,8,7,7,7,7,7,7,7,7,7,7,7,7,7,7,7,7,7,7,7,7,7,7,7,10,0,7,5,0,13,0,2,10,0,7,5,0,13,0,2,10,0,7,5,0,13,0,18,0,13,8,0,22,0,3,18,0,13,8,0,22,0,3,18,0,13,8,0,22,0,18,0,13,8,0,22,0,3,18,0,13,8,0,22,0,3,18,0,13,8,0,22,0,18,0,13,8,0,22,0,3,18,0,13,8,0,22,0,3,18,0,13,8,0,22,0,18,0,13,8,0,22,0,3,18,0,13,8,0,22,0,3,18,0,13,8,0,22,0,18,9,13,10,8,22,6,7,18,9,13,10,8,22,6,7,18,9,13,10,8,22,6,18,22,13,12,18,22,13,12,18,22,13,12,18,22,13,12,18,22,13,12,18,22,13,18,22,13,12,18,22,13,12,18,22,13,12,18,22,13,12,18,22,13,12,18,22,13,18,22,13,12,18,22,13,12,18,22,13,12,18,22,13,12,18,22,13,12,18,22,13,18,10,13,10,8,22,6,8,18,10,13,10,8,22,6,8,18,10,13,10,8,22,6,18,0,13,15,8,24,0,3,22,8,18,8,0,23,8,11,18,0,13,15,8,24,0,18,0,11,23,23,27,0,3,23,23,26,8,0,19,23,24,18,0,11,23,23,27,0,18,0,4,4,3,22,0,3,4,4,13,8,1,4,4,5,18,0,4,4,3,22,0,18,0,27,28,18,22,0,19,27,28,13,8,10,27,28,12,18,0,27,28,18,22,0,18,0,0,3,18,22,0,0,0,22,13,8,0,0,13,12,18,0,0,3,18,22,0,18,0,5,7,18,22,0,1,6,22,13,8,0,8,13,12,18,0,5,7,18,22,0,6,0,4,4,6,7,0,1,6,7,4,2,0,7,4,4,6,0,4,4,6,7,0,0,0,0,0,0,0,0,0,0,0,0,0,0,0,0,0,0,0,0,0,0,0,0,0,0,0,0,0,0,0,0,0,0,0,0,0,0,0,0,0,0,0,0,0,0,0
0,0,0,0,0,0,0,0,0,0,0,0,0,0,0,0,0,0,0,0,0,0,0,0,0,0,0,0,0,0,0,0,0,0,0,0,0,0,0,0,0,0,0,0,0,0,8,8,8,8,8,8,8,8,8,8,8,8,8,8,8,8,8,8,8,8,8,8,8,7,7,7,7,7,7,7,7,7,7,7,7,7,7,7,7,7,7,7,7,7,7,7,10,0,7,5,0,13,0,2,10,0,7,5,0,13,0,2,10,0,7,5,0,13,0,18,0,13,8,0,22,0,3,18,0,13,8,0,22,0,3,18,0,13,8,0,22,0,18,0,13,8,0,22,0,3,18,0,13,8,0,22,0,3,18,0,13,8,0,22,0,18,0,13,8,0,22,0,3,18,0,13,8,0,22,0,3,18,0,13,8,0,22,0,18,0,13,8,0,22,0,3,18,0,13,8,0,22,0,3,18,0,13,8,0,22,0,18,9,13,10,8,22,6,7,18,9,13,10,8,22,6,7,18,9,13,10,8,22,6,18,22,13,12,18,22,13,12,18,22,13,12,18,22,13,12,18,22,13,12,18,22,13,18,22,13,12,18,22,13,12,18,22,13,12,18,22,13,12,18,22,13,12,18,22,13,18,22,13,12,18,22,13,12,18,22,13,12,18,22,13,12,18,22,13,12,18,22,13,18,10,13,10,8,22,6,8,18,10,13,10,8,22,6,8,18,10,13,10,8,22,6,18,0,13,15,8,24,0,3,22,8,18,8,0,23,8,11,18,0,13,15,8,24,0,18,0,11,23,23,27,0,3,23,23,26,8,0,19,23,24,18,0,11,23,23,27,0,18,0,4,4,3,22,0,3,4,4,13,8,1,4,4,5,18,0,4,4,3,22,0,18,0,27,28,18,22,0,19,27,28,13,8,10,27,28,12,18,0,27,28,18,22,0,18,0,0,3,18,22,0,0,0,22,13,8,0,0,13,12,18,0,0,3,18,22,0,18,0,5,7,18,22,0,1,6,22,13,8,0,8,13,12,18,0,5,7,18,22,0,6,0,4,4,6,7,0,1,6,7,4,2,0,7,4,4,6,0,4,4,6,7,0,0,0,0,0,0,0,0,0,0,0,0,0,0,0,0,0,0,0,0,0,0,0,0,0,0,0,0,0,0,0,0,0,0,0,0,0,0,0,0,0,0,0,0,0,0,0
0,0,0,0,0,0,0,0,0,0,0,0,0,0,0,0,0,0,0,0,0,0,0,0,0,0,0,0,0,0,0,0,0,0,0,0,0,0,0,0,0,0,0,0,0,0,8,8,8,8,8,8,8,8,8,8,8,8,8,8,8,8,8,8,8,8,8,8,8,7,7,7,7,7,7,7,7,7,7,7,7,7,7,7,7,7,7,7,7,7,7,7,7,5,0,13,0,2,10,0,7,5,0,13,0,2,10,0,7,5,0,13,0,2,10,13,8,0,22,0,3,18,0,13,8,0,22,0,3,18,0,13,8,0,22,0,3,18,13,8,0,22,0,3,18,0,13,8,0,22,0,3,18,0,13,8,0,22,0,3,18,13,8,0,22,0,3,18,0,13,8,0,22,0,3,18,0,13,8,0,22,0,3,18,13,8,0,22,0,3,18,0,13,8,0,22,0,3,18,0,13,8,0,22,0,3,18,13,10,8,22,6,7,18,9,13,10,8,22,6,7,18,9,13,10,8,22,6,7,18,13,12,18,22,13,12,18,22,13,12,18,22,13,12,18,22,13,12,18,22,13,12,18,13,12,18,22,13,12,18,22,13,12,18,22,13,12,18,22,13,12,18,22,13,12,18,13,12,18,22,13,12,18,22,13,12,18,22,13,12,18,22,13,12,18,22,13,12,18,13,10,8,22,6,8,18,10,13,10,8,22,6,8,18,10,13,10,8,22,6,8,18,18,8,0,23,8,11,18,0,13,15,8,24,0,3,22,8,18,8,0,23,8,11,18,26,8,0,19,23,24,18,0,11,23,23,27,0,3,23,23,26,8,0,19,23,24,18,13,8,1,4,4,5,18,0,4,4,3,22,0,3,4,4,13,8,1,4,4,5,18,13,8,10,27,28,12,18,0,27,28,18,22,0,19,27,28,13,8,10,27,28,12,18,13,8,0,0,13,12,18,0,0,3,18,22,0,0,0,22,13,8,0,0,13,12,18,13,8,0,8,13,12,18,0,5,7,18,22,0,1,6,22,13,8,0,8,13,12,18,4,2,0,7,4,4,6,0,4,4,6,7,0,1,6,7,4,2,0,7,4,4,6,0,0,0,0,0,0,0,0,0,0,0,0,0,0,0,0,0,0,0,0,0,0,0,0,0,0,0,0,0,0,0,0,0,0,0,0,0,0,0,0,0,0,0,0,0,0
0,0,0,0,0,0,0,0,0,0,0,0,0,0,0,0,0,0,0,0,0,0,0,0,0,0,0,0,0,0,0,0,0,0,0,0,0,0,0,0,0,0,0,0,0,0,8,8,8,8,8,8,8,8,8,8,8,8,8,8,8,8,8,8,8,8,8,8,8,7,7,7,7,7,7,7,7,7,7,7,7,7,7,7,7,7,7,7,7,7,7,7,7,5,0,13,0,2,10,0,7,5,0,13,0,2,10,0,7,5,0,13,0,2,10,13,8,0,22,0,3,18,0,13,8,0,22,0,3,18,0,13,8,0,22,0,3,18,13,8,0,22,0,3,18,0,13,8,0,22,0,3,18,0,13,8,0,22,0,3,18,13,8,0,22,0,3,18,0,13,8,0,22,0,3,18,0,13,8,0,22,0,3,18,13,8,0,22,0,3,18,0,13,8,0,22,0,3,18,0,13,8,0,22,0,3,18,13,10,8,22,6,7,18,9,13,10,8,22,6,7,18,9,13,10,8,22,6,7,18,13,12,18,22,13,12,18,22,13,12,18,22,13,12,18,22,13,12,18,22,13,12,18,13,12,18,22,13,12,18,22,13,12,18,22,13,12,18,22,13,12,18,22,13,12,18,13,12,18,22,13,12,18,22,13,12,18,22,13,12,18,22,13,12,18,22,13,12,18,13,10,8,22,6,8,18,10,13,10,8,22,6,8,18,10,13,10,8,22,6,8,18,18,8,0,23,8,11,18,0,13,15,8,24,0,3,22,8,18,8,0,23,8,11,18,26,8,0,19,23,24,18,0,11,23,23,27,0,3,23,23,26,8,0,19,23,24,18,13,8,1,4,4,5,18,0,4,4,3,22,0,3,4,4,13,8,1,4,4,5,18,13,8,10,27,28,12,18,0,27,28,18,22,0,19,27,28,13,8,10,27,28,12,18,13,8,0,0,13,12,18,0,0,3,18,22,0,0,0,22,13,8,0,0,13,12,18,13,8,0,8,13,12,18,0,5,7,18,22,0,1,6,22,13,8,0,8,13,12,18,4,2,0,7,4,4,6,0,4,4,6,7,0,1,6,7,4,2,0,7,4,4,6,0,0,0,0,0,0,0,0,0,0,0,0,0,0,0,0,0,0,0,0,0,0,0,0,0,0,0,0,0,0,0,0,0,0,0,0,0,0,0,0,0,0,0,0,0,0
22,0,6,15,22,3,11,15,22,16,10,3,22,16,12,15,5,19,12,15,23,5,6,4,0,1,3,14,16,27,14,19,15,27,15,14,3,5,10,26,26,11,13,24,28,9,0,0,0,0,0,16,5,0,0,0,6,15,0,0,0,0,22,0,0,0,0,16,5,20,0,6,14,0,16,5,0,20,0,6,15,0,15,5,0,22,0,6,14,0,16,5,22,0,6,15,0,16,5,0,22,0,6,15,0,16,5,0,22,0,6,15,0,16,5,22,0,6,15,22,16,5,0,22,0,6,15,22,16,12,15,22,0,6,15,0,16,10,22,0,6,15,22,16,11,11,22,12,11,15,22,16,12,15,22,12,11,15,16,16,10,22,0,6,15,22,16,12,15,22,16,12,15,22,16,12,15,22,16,12,15,22,16,10,22,0,6,15,3,16,12,15,22,16,12,15,3,16,6,2,22,16,12,15,22,16,6,22,0,6,15,0,16,9,7,22,8,9,15,0,16,5,0,22,8,9,15,11,16,5,22,0,6,15,7,16,8,5,22,5,8,15,7,16,8,5,22,5,8,15,7,16,7,22,0,6,15,22,16,12,15,22,16,12,15,22,16,12,15,22,16,12,15,22,16,10,4,0,1,3,22,16,12,15,22,16,12,15,22,3,8,15,22,16,12,15,22,16,10,3,0,0,2,1,16,6,1,4,1,7,15,1,2,1,1,22,1,1,3,1,16,6,22,0,6,15,15,16,10,10,0,11,10,15,15,16,10,10,22,11,3,0,15,16,9,22,0,6,15,22,16,12,15,0,16,12,15,22,16,12,15,22,16,5,0,22,16,10,22,0,6,15,22,16,12,15,0,16,12,15,22,16,12,15,22,16,5,0,22,16,10,22,0,6,15,22,16,12,15,0,16,12,15,22,16,12,15,22,16,5,0,22,16,10,22,0,6,15,9,16,12,15,0,16,12,15,9,16,9,6,22,16,5,0,22,16,8,22,0,6,15,0,16,12,15,0,16,12,15,0,16,5,0,22,16,5,0,22,16,5,10,0,3,7,0,7,9,15,0,16,9,6,0,7,2,0,9,16,5,0,22,7,2,0,0,0,0,0,1,10,15,0,16,9,1,0,0,0,0,2,18,5,0,23,3,0,9,14,0,0,0,7,28,15,0,16,28,7,0,0,0,0,17,28,5,0,26,27,0
3,25,17,23,8,0,23,17,19,18,0,13,21,17,26,0,3,25,17,23,8,0,23,1,14,14,21,8,0,11,14,16,18,0,6,14,14,25,0,1,14,14,21,8,0,11,9,13,13,13,8,5,13,13,8,18,0,13,13,8,22,0,9,13,13,13,8,5,13,13,18,26,13,8,6,18,24,12,18,0,18,20,18,22,0,13,18,26,13,8,6,18,0,0,22,13,8,0,0,13,12,18,0,0,3,18,22,0,0,0,22,13,8,0,0,2,12,22,13,8,0,15,13,12,18,0,9,9,18,22,0,2,12,22,13,8,0,15,3,18,16,13,8,0,22,9,10,18,0,13,11,13,22,0,3,18,16,13,8,0,22,3,26,19,24,8,0,23,19,21,18,0,13,22,19,26,0,3,26,19,24,8,0,23,1,12,12,12,3,0,10,12,12,8,0,6,12,12,12,0,1,12,12,12,3,0,10,7,7,7,7,7,7,7,7,7,7,7,7,7,7,7,7,7,7,7,7,7,7,7,8,8,8,8,8,8,8,8,8,8,8,8,8,8,8,8,8,8,8,8,8,8,8,1,9,0,7,4,0,11,0,2,10,0,6,4,0,12,0,1,9,0,7,4,0,11,3,18,0,13,8,0,22,0,3,18,0,13,8,0,22,0,3,18,0,13,8,0,22,3,18,0,13,8,0,22,0,3,18,0,13,8,0,22,0,3,18,0,13,8,0,22,3,18,0,13,8,0,22,0,3,18,0,13,8,0,22,0,3,18,0,13,8,0,22,3,18,0,13,8,0,22,0,3,18,0,13,8,0,22,0,3,18,0,13,8,0,22,7,18,9,13,10,7,22,5,7,18,9,13,10,7,22,5,7,18,9,13,10,7,22,12,18,22,13,12,18,22,13,12,18,22,13,12,18,22,13,12,18,22,13,12,18,22,12,18,22,13,12,18,22,13,12,18,22,13,12,18,22,13,12,18,22,13,12,18,22,12,18,22,13,12,18,22,13,12,18,22,13,12,18,22,13,12,18,22,13,12,18,22,8,18,11,13,10,9,22,6,8,18,11,13,10,9,22,6,8,18,11,13,10,9,22,3,21,7,18,8,0,23,7,10,18,0,13,14,7,24,0,3,21,7,18,8,0,23,3,28,25,25,7,0,23,25,25,15,0,13,26,25,24,0,3,28,25,25,7,0,23
9,6,24,12,12,22,6,12,12,19,0,12,12,19,5,16,12,19,22,6,5,19,22,8,0,22,12,12,19,0,12,12,19,0,12,12,19,0,12,12,19,22,0,2,19,22,5,0,22,12,12,19,0,7,9,19,0,12,11,11,0,12,12,19,22,0,1,11,22,0,0,22,0,2,19,0,0,2,19,0,12,9,0,0,12,9,0,22,0,0,0,22,0,0,19,0,2,16,0,0,2,19,0,12,9,0,0,10,8,0,19,0,0,0,22,2,19,0,12,9,0,22,0,2,19,0,12,9,0,22,0,2,19,0,12,9,0,22,2,19,22,12,12,19,22,0,2,19,0,12,9,0,22,12,12,19,22,12,9,0,22,2,19,22,12,12,19,22,0,2,19,0,12,9,0,22,12,12,19,22,12,9,0,22,1,7,22,4,6,19,8,0,1,7,0,4,3,0,8,12,11,7,22,4,3,0,8,0,0,22,0,2,19,0,0,0,0,0,0,0,0,0,12,9,0,22,0,0,0,0,0,1,22,0,3,19,1,0,0,0,0,0,0,0,1,12,10,1,22,0,0,0,0,2,19,22,12,12,19,22,0,0,0,0,0,0,0,22,12,12,19,22,12,9,0,0,2,19,22,12,12,19,22,0,0,4,0,3,2,0,22,12,12,19,22,12,9,0,5,2,19,22,12,12,19,22,0,2,19,0,12,9,0,22,12,12,19,22,12,9,0,22,2,19,22,12,12,19,22,0,2,19,0,12,9,0,22,12,12,19,22,12,9,0,22,2,19,17,12,12,15,22,0,2,19,0,12,9,0,22,9,10,19,17,12,9,0,22,2,19,0,12,9,0,22,0,2,19,0,12,9,0,22,0,2,19,0,12,9,0,22,10,19,19,12,12,17,22,11,11,19,0,12,12,17,22,11,11,19,19,12,12,17,22,11,19,22,12,12,19,22,12,12,19,0,12,12,19,22,12,12,19,22,12,12,19,22,11,17,22,11,11,19,19,12,12,17,0,11,11,19,19,12,12,17,22,11,11,19,19,14,7,24,0,2,22,7,17,9,0,0,0,2,22,7,17,9,0,22,7,10,19,0,25,25,28,0,2,28,25,27,9,0,0,0,2,28,25,27,9,0,22,25,25,19,0,8,0,22,0,2,19,0,12,9,0,0,0,2,19,0,12,9,0,22,0,2,19,0
1,6,29,11,0,26,21,0,16,29,1,6,29,11,0,26,21,0,16,29,1,6,29,1,6,25,10,0,23,19,0,14,25,1,6,25,10,0,23,19,0,14,25,1,6,25,0,0,0,0,0,0,0,0,0,0,0,0,0,0,0,0,0,0,0,0,0,0,0,0,0,0,0,0,0,0,0,0,0,0,0,0,0,0,0,0,0,0,0,0,0,0,17,17,17,17,17,17,17,17,17,17,17,17,17,17,17,17,17,17,17,17,17,17,17,0,0,0,0,0,0,0,0,0,0,0,0,0,0,0,0,0,0,0,0,7,7,7,0,2,10,4,0,9,8,0,6,10,0,2,10,4,0,9,8,0,0,0,28,25,25,1,6,29,11,0,26,21,0,16,29,1,6,29,11,0,26,21,0,0,0,28,3,6,1,6,29,11,0,26,21,0,16,29,1,6,29,11,0,26,21,0,0,0,28,3,22,1,6,29,11,0,26,21,0,16,29,1,6,29,11,0,26,21,0,0,0,28,3,22,1,6,29,11,0,26,21,0,16,29,1,6,29,11,0,26,21,0,0,0,28,3,22,1,6,29,11,0,26,21,0,16,29,1,6,29,11,0,26,21,0,0,0,28,3,22,1,6,29,11,0,26,21,0,16,29,1,6,29,11,0,26,21,0,0,0,28,3,6,0,0,1,0,0,1,1,0,1,1,0,0,1,0,0,1,1,0,0,0,28,24,23,0,0,0,0,0,0,0,0,0,0,0,0,0,0,0,0,0,0,0,0,8,8,8,17,17,17,17,17,17,17,17,17,17,17,17,17,17,17,17,17,17,17,17,17,17,17,0,0,0,0,0,0,0,0,0,0,0,0,0,0,17,17,17,17,17,17,17,17,17,0,0,0,0,0,0,0,0,0,0,0,0,0,0,14,14,14,14,14,14,14,14,14,0,3,0,0,0,0,0,2,1,0,0,10,6,1,0,0,0,1,10,0,0,0,3,3,18,0,0,0,0,0,13,8,0,0,13,9,15,0,8,8,18,22,0,0,0,22,3,18,0,0,0,0,0,13,8,0,0,13,9,15,0,10,9,18,22,0,0,0,22,3,18,0,0,0,0,0,13,8,0,0,13,9,15,0,10,9,18,22,0,0,0,22,3,18,0,0,0,0,0,13,8,0,0,13,9,15,0,10,9,18,22,0,0,0,3
0,0,0,0,0,0,0,0,0,0,0,0,0,0,0,0,0,0,0,0,0,0,0,0,0,0,0,0,0,0,0,0,0,0,0,0,0,0,0,0,0,0,0,0,0,0,0,0,0,0,18,2,4,15,0,11,7,3,18,0,3,15,4,11,7,0,18,2,4,0,0,0,0,21,13,12,18,0,13,12,18,22,0,3,17,22,13,8,0,21,13,12,0,0,0,0,0,13,12,18,0,0,3,18,22,0,0,0,22,13,8,0,0,13,12,0,0,0,4,11,20,12,18,0,11,14,18,22,0,8,11,25,13,8,4,11,20,12,0,0,0,7,20,20,10,18,0,20,20,13,22,0,14,20,20,13,8,7,20,20,10,0,0,0,0,6,7,10,18,0,3,7,7,24,0,1,7,7,18,8,0,6,7,10,0,0,0,0,23,25,25,18,0,13,26,25,27,0,3,28,25,27,8,0,23,25,25,0,0,0,0,22,0,3,18,0,13,8,0,22,0,3,18,0,13,8,0,22,0,3,21,0,3,17,22,13,12,18,21,13,12,17,22,13,12,18,21,13,12,17,22,13,12,22,0,3,18,22,13,12,18,22,13,12,18,22,13,12,18,22,13,12,18,22,13,12,22,0,3,18,22,13,12,18,22,13,12,18,22,13,12,18,22,13,12,18,22,13,12,22,0,3,18,22,13,12,18,22,13,12,18,22,13,12,18,22,13,12,18,22,13,12,0,0,0,0,22,0,3,18,0,13,8,0,22,0,3,18,0,13,8,0,22,0,3,0,0,0,0,22,0,3,18,0,13,8,0,22,0,3,18,0,13,8,0,22,0,3,0,0,0,0,22,0,3,18,0,13,8,0,22,0,3,18,0,13,8,0,22,0,3,0,0,0,0,22,0,3,18,0,13,8,0,22,0,3,18,0,13,8,0,22,0,3,0,0,0,0,22,0,3,18,0,13,8,0,22,0,3,18,0,13,8,0,22,0,3,0,0,0,0,2,0,0,1,0,1,0,0,2,0,0,1,0,1,0,0,2,0,0,11,0,0,14,17,17,17,17,17,17,17,17,17,17,17,17,17,17,17,17,17,17,17,0,0,0,0,0,0,0,0,0,0,0,0,0,0,0,0,0,0,0,0,0,0,0,0,0,0,0,0,0,0,0,0,0,0,0,0,0,0,0,0,0,0,0,0,0,0
19,1,0,3,8,8,2,16,29,1,6,8,8,8,2,16,29,1,6,8,8,0,4,0,0,0,11,27,27,27,29,29,28,27,27,26,0,20,29,29,28,27,27,26,0,0,0,0,0,8,20,20,20,20,20,20,20,20,19,0,15,20,20,20,20,20,19,0,0,7,7,7,7,7,7,7,7,7,7,7,7,7,7,7,7,7,7,7,7,7,7,7,8,8,8,8,8,8,8,8,8,8,8,8,8,8,8,8,8,8,8,8,8,8,8,0,0,15,19,19,19,19,19,19,19,19,19,19,19,19,19,19,19,19,19,19,19,15,0,0,9,12,12,12,12,12,12,12,12,12,12,12,12,12,12,12,12,12,12,18,23,0,0,0,0,0,0,8,5,0,0,0,0,0,14,0,0,0,0,0,2,12,8,23,0,0,0,0,0,0,13,8,0,0,0,0,0,22,0,0,0,0,0,3,18,8,23,0,0,0,0,0,0,10,6,0,0,0,0,0,17,0,0,0,0,0,3,14,8,23,0,0,12,17,17,17,17,17,17,17,17,17,17,17,3,6,17,17,17,17,17,21,23,0,0,10,14,14,14,14,14,14,14,14,14,14,14,2,5,14,14,14,14,14,19,23,0,0,0,0,0,0,0,0,0,29,29,29,29,29,29,29,29,29,29,29,25,8,23,0,0,0,0,0,0,0,0,0,2,2,2,2,2,2,2,2,2,2,2,2,8,23,17,17,17,17,17,17,17,17,17,17,17,17,17,17,17,17,17,17,17,17,6,8,23,0,0,0,0,0,0,0,0,0,0,0,0,0,0,0,0,0,0,0,0,0,8,23,0,0,0,0,0,0,0,0,0,0,0,0,0,0,0,0,0,0,0,0,0,8,23,2,27,27,27,27,27,27,27,27,27,27,27,27,27,27,27,27,27,27,27,26,8,23,2,20,29,27,20,20,20,26,29,21,20,20,23,29,24,20,20,20,29,27,19,8,23,0,0,26,21,0,0,0,16,29,1,0,0,6,29,11,0,0,0,26,21,0,8,23,2,21,29,27,20,0,16,26,29,22,5,9,23,29,25,13,2,21,29,27,20,8,23,2,26,26,26,25,0,20,26,26,26,7,11,26,26,26,16,2,26,26,26,25,8,23,0,0,0,0,0,0,0,0,0,0,0,0,0,0,0,0,0,0,0,0,0,8,23
1,6,0,0,0,0,3,18,8,0,3,18,0,13,8,0,0,0,0,0,0,0,0,17,17,17,17,17,17,17,19,17,17,4,18,0,9,18,17,17,17,17,17,17,17,17,0,0,0,0,8,17,17,17,17,17,17,14,0,0,0,0,0,0,0,0,0,2,17,0,0,0,0,0,0,0,0,0,0,0,0,0,0,0,0,0,0,0,0,0,0,0,17,17,17,17,17,17,17,17,17,17,17,17,17,17,17,17,17,17,17,17,17,17,17,0,0,9,9,9,9,0,7,9,9,9,2,4,9,9,9,5,0,9,9,9,9,9,0,2,29,29,29,27,0,22,29,29,29,7,12,29,29,29,17,2,29,29,29,29,29,0,0,8,27,24,8,0,6,20,29,10,2,3,13,29,17,5,0,8,27,24,8,8,0,13,8,26,21,0,3,18,16,29,1,0,22,6,29,11,22,0,0,26,21,13,8,0,13,8,26,21,0,3,18,16,29,1,0,22,6,29,11,22,0,0,26,21,13,8,0,5,3,26,21,0,1,6,16,29,1,0,8,6,29,11,8,0,0,26,21,5,3,0,2,29,29,29,29,29,29,29,29,29,29,29,29,29,29,29,29,29,29,29,29,29,0,1,18,18,18,18,18,18,18,18,18,18,18,18,18,18,18,18,18,18,18,18,18,0,0,0,0,0,0,0,0,0,0,0,0,0,0,0,0,0,0,0,0,0,0,0,7,7,7,7,7,7,7,7,7,7,7,7,7,7,7,7,7,7,7,7,7,7,7,8,8,8,8,8,8,8,8,8,8,8,8,8,8,8,8,8,8,8,8,8,8,8,27,27,27,27,27,27,27,27,27,27,27,27,27,27,27,27,27,27,27,27,27,27,27,4,4,12,24,4,4,4,4,4,4,12,24,4,4,4,4,4,4,12,24,4,4,4,12,0,8,23,0,0,0,0,12,0,8,23,0,0,0,0,12,0,8,23,0,0,0,22,9,14,23,6,6,3,0,22,9,14,23,6,6,3,0,22,9,14,23,6,6,3,22,10,14,23,16,13,8,0,22,10,14,23,16,13,8,0,22,10,14,23,16,13,8,22,10,14,23,16,10,6,0,22,10,14,23,16,10,6,0,22,10,14,23,16,10,6,22,0,9,23,10,0,0,0,22,0,9,23,10,0,0,0,22,0,9,23,10,0,0
0,0,0,0,6,29,11,0,26,21,0,16,29,1,0,0,0,0,0,0,0,0,0,7,0,0,0,6,29,11,0,26,21,0,16,29,1,0,0,1,7,7,7,7,7,7,8,0,0,0,6,29,11,0,26,21,0,16,29,1,0,0,1,8,8,8,8,8,8,0,0,0,0,6,29,11,0,26,21,0,16,29,1,0,0,0,5,19,19,19,19,19,0,0,0,0,6,29,11,0,26,21,0,16,29,1,0,0,0,8,29,28,28,28,28,0,0,0,0,6,29,11,0,26,21,0,16,29,1,0,0,0,8,23,0,0,0,0,0,0,0,0,6,29,11,0,26,21,0,16,29,1,0,0,0,8,23,9,17,17,17,0,0,0,0,6,29,11,0,26,21,0,16,29,1,0,0,0,8,23,0,0,0,0,0,0,0,0,6,29,11,0,26,21,0,16,29,1,0,0,0,8,24,1,1,1,1,0,0,0,0,6,29,11,0,26,21,0,16,29,1,0,0,0,8,29,29,29,29,29,0,0,0,0,6,29,11,0,10,8,0,6,11,0,0,0,0,8,27,17,17,17,17,0,0,0,0,6,29,11,0,0,0,0,0,0,0,0,0,0,8,23,0,0,0,0,1,1,0,0,6,29,11,0,26,21,0,16,29,1,0,0,0,8,23,8,17,17,17,13,8,0,0,6,29,11,0,26,21,0,16,29,1,0,0,0,8,23,0,0,0,0,13,8,0,0,6,29,11,0,26,21,0,16,29,1,0,0,0,8,23,0,21,29,29,13,8,0,0,6,29,11,0,26,21,0,16,29,1,0,0,0,8,23,0,13,18,18,10,6,0,0,6,29,11,0,26,21,0,16,29,1,0,0,0,8,23,0,0,0,0,0,0,0,0,6,29,11,0,26,21,0,16,29,1,0,0,0,8,28,23,23,23,10,0,0,0,0,6,27,11,0,26,21,0,16,29,1,0,0,0,2,8,8,8,8,3,0,0,0,0,0,0,0,0,26,21,0,16,29,1,0,0,0,0,0,0,0,0,0,0,0,0,0,3,14,5,0,26,21,0,16,29,1,0,0,0,0,0,0,19,25,25,0,0,0,0,6,29,11,0,26,21,0,16,29,1,0,0,0,0,0,0,16,22,22,0,0,0,0,6,29,11,0,26,21,0,16,29,1,0,0,0,0,0,0,0,0,0
25,1,5,25,9,0,22,18,0,14,25,1,0,0,13,8,0,0,0,14,25,1,5,29,1,6,29,11,0,26,21,0,16,29,1,0,0,13,8,0,0,0,16,29,1,6,29,1,6,29,11,0,26,21,0,16,29,1,0,0,13,8,0,0,0,16,29,1,6,29,1,6,29,11,0,26,21,0,16,29,1,0,0,13,8,0,0,0,16,29,1,6,29,1,6,29,11,0,26,21,0,16,29,1,0,0,13,8,0,0,0,16,29,1,6,0,0,0,0,0,0,0,0,0,0,0,0,0,0,13,8,0,0,0,0,0,0,0,0,0,0,0,0,0,0,0,0,0,0,0,0,0,13,8,0,0,0,0,0,0,0,0,0,0,0,0,0,0,0,0,0,0,0,0,0,13,8,0,0,0,0,0,0,0,17,17,17,17,17,17,17,17,17,17,17,0,0,0,13,8,0,8,17,17,17,17,17,0,0,0,4,9,9,9,9,9,9,3,0,0,0,13,8,0,0,0,0,0,0,0,0,0,0,14,29,29,29,29,29,29,11,0,0,0,13,8,0,0,0,0,0,0,0,18,1,0,4,13,29,17,8,13,29,11,0,0,0,4,2,0,0,0,10,18,1,4,29,1,0,18,6,29,11,18,6,29,11,0,0,0,0,0,0,0,0,16,29,1,6,29,1,0,22,6,29,11,22,6,29,11,0,6,29,11,0,26,21,0,16,29,1,6,29,1,0,22,6,29,11,22,6,29,11,0,6,29,11,0,26,21,0,16,29,1,6,29,1,0,3,6,29,11,3,6,29,11,0,6,29,11,0,26,21,0,16,29,1,6,5,0,0,11,28,29,28,16,6,29,11,0,1,5,2,0,5,4,0,3,5,0,1,0,0,0,8,20,20,20,12,6,26,10,0,0,0,0,0,0,0,0,0,0,0,0,7,7,7,7,7,7,7,7,7,7,7,7,7,7,7,7,7,7,7,7,7,7,7,8,8,8,8,8,8,8,8,8,8,8,8,8,8,8,8,8,8,8,8,8,8,8,0,0,0,0,0,0,0,0,0,0,9,11,7,0,0,5,11,11,11,11,11,11,0,29,1,6,29,11,0,0,0,0,0,22,29,18,0,0,12,29,29,29,29,29,28,0,29,1,6,29,11,0,0,0,0,0,5,10,18,0,0,3,6,6,6,6,6,24,0
15,12,16,22,2,9,16,22,15,10,2,22,15,12,16,4,17,12,16,22,4,6,16,10,6,3,15,15,28,15,20,14,28,16,15,3,5,11,25,27,11,15,24,29,10,11,0,0,0,0,15,6,0,0,0,5,16,0,0,0,0,22,0,0,0,0,15,6,0,0,5,14,0,15,6,0,19,0,5,16,0,13,6,0,22,0,5,14,0,15,6,0,0,5,16,0,15,6,0,22,0,5,16,0,15,6,0,22,0,5,16,0,15,6,0,14,12,16,21,15,6,0,22,0,5,16,21,15,12,15,22,0,5,16,0,15,12,15,15,12,16,22,15,11,11,22,11,10,16,22,15,12,16,22,11,10,16,16,15,12,16,15,12,16,22,15,12,16,22,15,12,16,22,15,12,16,22,15,12,16,22,15,12,16,2,7,16,3,15,12,16,22,15,12,16,3,15,7,2,22,15,12,16,22,15,7,2,0,5,16,0,15,10,9,22,8,9,16,0,15,6,0,22,8,9,16,12,15,6,0,4,8,16,6,15,8,5,22,4,8,16,6,15,8,5,22,4,8,16,6,15,8,5,15,12,16,22,15,12,16,22,15,12,16,22,15,12,16,22,15,12,16,22,15,12,16,15,8,3,22,15,12,16,22,15,12,16,22,3,7,16,22,15,12,16,22,15,12,16,1,1,1,2,15,7,1,5,1,6,16,2,1,1,1,22,1,2,3,2,15,7,1,10,10,16,14,15,10,10,0,10,10,16,14,15,10,10,22,10,4,0,14,15,10,10,15,12,16,22,15,12,16,0,15,12,16,22,15,12,16,22,15,6,0,22,15,12,16,15,12,16,22,15,12,16,0,15,12,16,22,15,12,16,22,15,6,0,22,15,12,16,15,12,16,22,15,12,16,0,15,12,16,22,15,12,16,22,15,6,0,22,15,12,16,7,9,16,10,15,12,16,0,15,12,16,10,15,9,7,22,15,6,0,22,15,9,7,0,5,16,0,15,12,16,0,15,12,16,0,15,6,0,22,15,6,0,22,15,6,0,0,2,8,0,7,9,16,0,15,9,7,0,7,3,0,10,15,6,0,22,7,3,0,0,0,0,0,0,8,16,0,15,9,0,0,0,0,0,1,17,6,0,23,2,0,0,0,0,0,0,6,29,16,0,15,29,8,0,0,0,0,16,29,6,0,25,28,0,0
9,0,0,0,16,0,8,26,9,0,0,0,16,0,8,26,9,0,2,13,0,0,0,13,0,0,0,0,0,5,18,13,0,0,0,0,0,5,18,13,0,0,0,0,0,0,17,17,17,17,17,17,17,17,17,17,17,17,17,17,17,17,17,17,17,17,17,17,17,0,0,0,0,0,0,0,0,0,0,0,0,0,0,0,0,0,0,0,0,0,0,0,29,29,29,10,0,0,0,0,0,0,0,0,0,0,0,0,3,15,0,11,7,0,19,18,18,18,6,0,0,0,0,0,5,25,9,0,22,18,0,3,18,0,13,8,0,22,15,0,2,12,0,1,1,1,0,6,29,11,0,26,21,0,3,18,0,13,8,0,22,22,0,3,18,8,29,29,27,0,6,29,11,0,26,21,0,3,18,0,13,8,0,22,16,0,2,13,0,19,14,0,0,6,29,11,0,26,21,0,3,18,0,13,8,0,22,19,19,19,7,0,18,13,0,0,6,29,11,0,26,21,0,3,20,3,16,8,0,23,28,28,28,10,0,18,13,0,0,0,0,0,0,0,0,0,3,29,28,29,8,0,23,0,0,0,0,0,18,13,0,0,0,0,0,0,0,0,2,5,18,3,13,9,3,22,0,0,0,0,0,18,13,0,0,0,0,0,0,0,0,13,12,18,22,13,12,18,22,17,17,17,1,0,18,13,8,17,17,17,17,0,0,0,13,12,18,22,13,12,18,22,17,17,0,14,17,25,23,17,17,17,0,0,0,0,0,13,11,10,22,7,9,18,13,14,14,0,12,14,24,21,14,14,14,0,0,0,0,0,13,8,0,22,0,4,18,1,0,0,0,0,1,18,14,1,0,0,0,0,0,0,0,13,8,0,22,13,12,18,22,15,0,3,15,16,18,14,15,15,9,5,0,0,0,0,13,8,0,22,13,12,18,22,22,0,3,18,16,18,14,15,22,13,8,0,0,0,0,13,8,0,22,13,12,18,22,20,0,3,18,16,18,14,15,20,13,8,0,0,0,0,0,0,0,22,13,12,18,22,0,0,2,10,2,18,14,2,0,13,8,0,0,0,0,0,0,0,18,13,12,15,22,3,3,3,3,3,20,16,1,0,2,1,0,0,0,0,0,0,0,0,13,8,0,22,28,28,28,28,28,28,28,12,0,0,0,0,0,0,0,0,0,0,0,13,8,0,22
12,12,12,12,12,12,12,12,12,12,12,12,12,12,12,12,12,12,12,12,12,12,12,3,3,3,3,3,3,3,3,3,3,3,3,3,3,3,3,3,3,3,3,3,3,3,9,6,0,16,0,2,13,0,9,6,0,16,0,2,13,0,9,6,0,16,0,2,13,13,8,0,22,0,3,18,0,13,8,0,22,0,3,18,0,13,8,0,22,0,3,18,13,8,0,22,0,3,18,0,13,8,0,22,0,3,18,0,13,8,0,22,0,3,18,13,8,0,22,0,3,18,0,13,8,0,22,0,3,18,0,13,8,0,22,0,3,18,13,8,0,22,0,3,18,0,13,8,0,22,0,3,18,0,13,8,0,22,0,3,18,13,11,10,22,7,9,18,13,13,11,10,22,7,9,18,13,13,11,10,22,7,9,18,13,12,18,22,13,12,18,22,13,12,18,22,13,12,18,22,13,12,18,22,13,12,18,13,12,18,22,13,12,18,22,13,12,18,22,13,12,18,22,13,12,18,22,13,12,18,13,12,18,22,13,12,18,22,13,12,18,22,13,12,18,22,13,12,18,22,13,12,18,13,10,6,22,4,6,18,7,13,10,6,22,4,6,18,7,13,10,6,22,4,6,18,13,18,12,25,0,3,23,12,20,8,0,23,12,15,18,0,13,18,12,25,0,3,23,9,19,19,26,0,2,19,19,24,8,0,15,19,21,18,0,9,19,19,26,0,2,19,8,8,5,22,0,6,8,8,13,8,3,8,8,6,18,0,8,8,5,22,0,6,8,23,24,18,22,0,16,23,27,13,8,8,23,26,12,18,0,23,24,18,22,0,16,23,0,3,18,22,0,0,0,22,13,8,0,0,13,12,18,0,0,3,18,22,0,0,0,6,8,18,22,0,1,9,22,13,8,0,11,13,12,18,0,6,8,18,22,0,1,9,13,11,11,22,0,3,18,13,13,8,0,22,8,9,18,0,13,11,11,22,0,3,18,13,19,14,25,0,3,24,14,21,8,0,23,14,16,18,0,13,19,14,25,0,3,24,8,17,17,17,0,2,17,17,17,5,0,14,17,17,11,0,8,17,17,17,0,2,17,2,2,2,2,2,2,2,2,2,2,2,2,2,2,2,2,2,2,2,2,2,2,2,13,13,13,13,13,13,13,13,13,13,13,13,13,13,13,13,13,13,13,13,13,13,13
3,14,5,0,13,10,0,0,0,0,0,0,12,25,25,25,0,3,25,25,25,7,0,6,29,11,0,26,21,0,16,28,1,0,0,13,14,9,24,0,3,21,10,17,8,0,6,29,11,0,26,21,0,16,29,1,0,0,13,12,18,22,0,3,18,22,13,8,0,6,29,11,0,26,21,0,16,29,1,0,0,3,6,18,22,0,1,5,22,13,8,0,6,29,11,0,26,21,0,16,29,1,0,0,1,5,18,22,0,1,1,23,13,8,0,6,29,11,0,26,21,0,16,29,1,0,0,29,29,18,22,0,20,29,28,13,8,10,6,27,11,0,25,20,0,16,29,1,0,0,0,0,0,22,0,0,0,0,13,8,0,0,0,0,0,0,0,0,16,29,1,0,0,13,27,27,28,0,3,27,27,28,8,0,1,1,1,1,1,0,0,16,29,1,0,0,13,12,4,23,0,3,20,4,16,8,0,14,14,14,14,14,0,0,16,29,1,0,13,13,11,11,22,8,9,18,13,13,11,11,0,0,0,0,0,0,0,16,29,1,0,22,13,12,18,22,13,12,18,22,13,12,18,2,8,3,0,8,6,0,16,29,1,0,22,13,12,18,22,13,12,18,22,13,12,18,6,29,11,0,26,21,0,16,29,1,0,22,13,12,18,22,13,12,18,22,13,12,18,6,29,11,0,26,21,0,16,29,1,0,6,13,10,5,22,4,6,18,6,13,10,5,6,29,11,0,26,21,0,16,29,1,0,0,13,8,0,22,0,3,18,0,13,8,0,6,29,11,0,26,21,0,16,29,1,0,0,13,8,0,22,0,3,18,0,13,8,0,3,15,6,0,14,11,0,16,29,1,0,0,13,8,0,22,0,3,18,0,13,8,0,0,0,0,0,0,0,0,16,29,1,0,0,13,8,0,22,0,3,18,0,13,8,0,0,0,0,0,0,0,0,16,29,1,0,0,6,3,0,9,0,1,8,0,6,3,0,11,11,11,11,11,0,0,16,29,1,0,5,11,11,11,11,11,11,11,11,11,11,11,4,4,4,4,4,0,0,16,29,1,0,2,4,4,4,4,4,4,4,4,4,4,4,0,0,0,0,0,0,0,16,29,1,0,0,7,15,15,15,0,2,15,15,15,4,0,0,0,0,0,0,0,0,15,26,1,0,0,12,19,17,24,0,3,23,17,21,8,0
3,18,0,13,8,0,22,0,3,18,0,13,8,0,22,0,0,0,0,13,8,0,22,3,18,0,13,8,0,22,0,3,18,0,13,8,0,22,0,0,0,0,13,8,0,22,3,18,0,13,8,0,22,0,3,18,0,13,8,0,22,0,0,0,0,13,8,0,22,3,18,0,13,8,0,22,0,3,18,0,13,8,0,22,0,0,0,0,13,8,0,22,2,10,0,7,4,0,12,0,2,10,0,7,4,0,12,0,0,0,0,7,4,0,12,7,7,7,7,7,7,7,7,7,7,7,7,7,7,7,7,7,7,7,7,7,7,7,8,8,8,8,8,8,8,8,8,8,8,8,8,8,8,8,8,8,8,8,8,8,8,0,0,0,0,0,0,0,0,0,0,0,0,0,0,0,0,0,0,0,0,0,0,0,21,0,16,29,1,6,29,11,0,26,21,0,16,29,1,6,29,11,0,26,21,0,16,21,0,16,29,1,6,29,11,0,26,21,0,16,29,1,6,29,11,0,26,21,0,16,21,0,16,29,1,6,29,11,0,26,21,0,16,29,1,6,29,11,0,26,21,0,16,21,0,16,29,1,6,29,11,0,26,21,0,16,29,1,6,29,11,0,26,21,0,16,21,0,16,29,1,6,29,11,0,26,21,0,16,29,1,6,29,11,0,26,21,0,16,21,0,16,29,1,6,29,11,0,26,21,0,16,29,1,6,29,11,0,26,21,0,16,8,0,6,11,0,2,11,4,0,10,8,0,6,11,0,2,11,4,0,10,8,0,6,0,0,0,0,0,0,0,0,0,0,0,0,0,0,0,0,0,0,0,0,0,0,0,17,17,17,17,17,17,17,17,17,17,17,17,17,17,17,17,17,17,17,17,17,17,17,0,0,0,0,0,0,0,0,0,0,0,0,0,0,0,0,0,0,0,0,0,0,0,0,0,0,0,0,0,0,0,0,0,0,0,0,0,0,0,0,0,0,0,0,0,0,18,0,14,25,1,5,25,9,0,22,18,0,14,25,1,5,25,9,0,22,18,0,14,21,0,16,29,1,6,29,11,0,26,21,0,16,29,1,6,29,11,0,26,21,0,16,21,0,16,29,1,6,29,11,0,26,21,0,16,29,1,6,29,11,0,26,21,0,16,21,0,16,29,1,6,29,11,0,26,21,0,16,29,1,6,29,11,0,26,21,0,16
0,13,8,0,0,0,16,29,1,0,0,7,15,25,4,13,8,0,22,6,29,11,0,0,13,8,0,0,0,16,29,1,0,0,17,22,22,10,13,8,0,22,6,29,11,0,0,13,8,0,0,0,16,29,1,0,0,0,0,0,0,5,3,0,8,6,29,11,0,0,13,8,0,0,0,3,5,0,0,0,0,0,0,0,4,27,27,27,28,29,28,16,0,7,4,0,0,0,0,0,0,0,0,0,0,0,0,3,20,20,20,20,20,20,12,7,7,7,7,7,7,7,7,7,7,7,7,7,7,7,7,7,7,7,7,7,7,7,8,8,8,8,8,8,8,8,8,8,8,8,8,8,8,8,8,8,8,8,8,8,8,0,0,0,1,11,11,11,11,11,11,11,11,11,11,11,11,0,0,0,0,0,9,11,0,0,7,10,14,14,14,14,14,8,4,4,4,4,4,4,0,0,0,4,9,14,14,0,0,23,6,6,6,6,6,6,2,0,0,12,0,0,0,0,0,0,13,13,6,6,0,0,22,0,0,8,5,0,0,0,0,0,22,0,0,0,0,0,0,13,8,0,2,0,0,22,0,0,13,8,0,0,0,0,0,22,0,0,0,0,0,0,13,8,0,3,0,0,22,0,0,10,6,0,0,0,0,0,16,0,0,0,0,0,0,13,8,0,2,0,0,22,0,0,13,15,15,15,15,15,15,15,15,15,15,15,10,0,13,8,0,7,0,0,22,2,13,14,14,14,14,14,14,14,14,14,14,14,5,18,0,13,8,11,14,0,0,22,0,6,20,2,2,2,2,2,2,2,2,2,2,4,18,0,13,8,2,23,0,0,22,0,3,18,0,14,17,17,17,17,17,17,17,6,3,18,0,13,8,0,22,0,0,22,0,3,18,0,0,0,0,0,0,0,0,0,0,3,18,0,13,8,0,22,0,0,22,0,3,24,13,13,13,13,13,13,13,13,13,13,4,18,0,13,8,0,23,0,0,22,1,12,14,14,14,3,2,2,2,2,2,2,2,4,18,0,13,8,9,14,0,0,22,0,5,5,24,4,0,0,0,0,16,0,0,0,3,18,0,13,8,4,5,0,0,22,0,3,18,22,0,0,0,0,0,22,0,0,0,3,18,0,13,8,0,22,0,0,22,0,3,18,22,0,0,0,0,0,22,0,0,0,3,18,0,13,8,0,22
12,13,11,10,0,0,16,29,1,6,29,11,0,26,21,0,0,0,0,0,0,0,5,17,23,8,0,0,0,16,29,1,6,29,11,0,26,21,0,8,14,0,0,0,0,12,14,21,8,0,0,0,16,29,1,6,29,11,0,26,21,0,16,29,1,0,0,0,3,0,13,8,0,0,0,16,29,1,6,29,11,0,26,21,0,16,29,1,0,0,9,13,0,13,8,0,0,0,16,29,1,6,29,11,0,26,21,0,16,29,1,0,0,13,18,0,13,8,0,0,0,16,29,1,6,29,11,0,26,21,0,16,29,1,0,0,0,4,0,13,8,0,0,0,16,29,1,6,29,11,0,26,21,0,5,9,0,0,0,0,12,0,13,8,0,0,0,16,29,1,6,29,11,0,26,21,0,0,0,0,0,0,0,3,0,2,1,0,0,0,16,29,1,6,29,11,0,26,21,0,0,0,0,0,0,0,0,17,17,17,6,0,0,16,29,1,6,29,11,0,26,21,0,0,0,0,14,17,17,17,0,0,0,0,0,0,16,29,1,6,29,11,0,26,21,0,0,0,0,0,0,0,0,21,21,6,0,0,0,16,29,1,6,29,11,0,26,21,0,0,0,0,0,28,29,29,10,19,8,0,0,0,16,29,1,6,29,11,0,26,21,0,5,8,0,0,28,20,18,16,13,8,0,0,0,16,29,1,6,29,11,0,26,21,0,16,29,1,0,28,4,1,22,13,8,0,0,0,16,29,1,6,29,11,0,26,21,0,16,29,1,0,28,7,14,22,13,8,0,0,0,16,29,1,6,29,11,0,26,21,0,16,29,1,0,28,3,0,28,13,8,0,0,0,16,29,1,6,29,11,0,26,21,0,16,29,1,0,28,14,11,4,13,8,0,0,0,16,29,1,6,29,11,0,26,21,0,16,29,1,0,28,29,29,23,26,8,0,0,0,16,29,1,0,1,0,0,1,1,0,16,29,1,0,28,10,6,8,18,8,0,0,0,16,29,1,2,10,4,0,9,8,0,16,29,1,0,28,3,0,10,13,10,8,0,0,16,29,1,6,29,11,0,26,21,0,16,29,1,0,28,6,17,22,13,12,18,0,0,16,29,1,6,29,11,0,26,21,0,16,29,1,0,28,3,3,22,13,12,18,0,0,16,29,1,6,29,11,0,26,21,0,16,29,1,0,28,3,11
0,0,12,9,0,0,5,29,12,0,25,22,0,15,29,2,5,29,12,0,0,22,0,0,0,12,9,0,0,5,29,12,0,25,22,0,15,29,2,5,29,12,0,0,22,0,0,0,12,9,0,0,5,29,12,0,25,22,0,15,29,2,5,29,12,0,0,22,0,0,0,12,9,0,0,0,1,0,0,1,1,0,1,1,0,0,1,0,0,0,22,0,0,0,12,9,0,0,0,0,0,0,0,0,0,0,0,0,0,0,0,0,0,22,0,0,0,12,9,0,7,17,17,17,17,17,17,17,17,17,17,17,12,0,0,0,22,0,0,0,12,9,0,0,0,0,0,0,0,0,0,0,0,0,0,0,0,0,0,22,0,0,0,12,9,0,0,0,4,2,0,4,3,0,2,4,0,0,4,2,0,0,22,0,0,0,12,9,0,0,5,29,12,0,25,22,0,15,29,2,5,29,12,0,0,22,0,0,0,12,9,0,0,5,29,12,0,25,22,0,15,29,2,5,29,12,0,0,22,0,0,0,12,9,0,0,5,29,12,0,25,22,0,15,29,2,5,29,12,0,0,22,0,0,0,12,9,0,0,5,29,12,0,25,22,0,15,29,2,5,29,12,0,0,22,0,0,0,12,9,0,0,3,19,8,0,17,15,0,10,19,1,3,19,8,0,0,22,0,0,0,12,9,0,0,0,0,0,0,0,0,0,0,0,0,0,0,0,0,0,22,0,0,0,12,9,0,0,0,0,0,0,0,0,0,0,0,0,0,0,0,0,0,22,0,0,0,12,9,0,3,7,7,7,7,7,7,7,7,7,7,7,5,0,0,0,22,0,0,0,12,9,0,4,8,8,8,8,8,8,8,8,8,8,8,6,0,0,0,22,0,0,0,12,9,0,0,0,0,0,0,0,0,0,0,0,0,0,0,0,0,0,22,0,0,0,12,9,0,0,0,0,0,0,0,0,0,0,0,0,0,0,0,0,0,22,0,0,0,0,0,0,0,5,28,12,0,25,22,0,15,28,2,5,28,12,0,0,0,0,0,8,0,5,10,1,5,29,12,0,25,22,0,15,29,2,5,29,12,0,9,8,0,0,21,0,15,29,2,5,29,12,0,25,22,0,15,29,2,5,29,12,0,25,22,0,0,21,0,15,29,2,5,29,12,0,25,22,0,15,29,2,5,29,12,0,25,22,0
1,6,25,10,0,23,19,0,14,25,1,6,25,10,0,23,19,0,14,25,1,6,25,1,6,29,11,0,26,21,0,16,29,1,6,29,11,0,26,21,0,16,29,1,6,29,1,6,29,11,0,26,21,0,16,29,1,6,29,11,0,26,21,0,16,29,1,6,29,1,6,29,11,0,26,21,0,16,29,1,6,29,11,0,26,21,0,16,29,1,6,29,1,6,29,11,0,26,21,0,16,29,1,6,29,11,0,26,21,0,16,29,1,6,29,1,6,29,11,0,26,21,0,16,29,1,6,29,11,0,26,21,0,16,29,1,6,29,1,3,17,6,0,15,12,0,9,17,1,3,17,6,0,15,12,0,9,17,1,3,17,0,0,0,0,0,0,0,0,0,0,0,0,0,0,0,0,0,0,0,0,0,0,0,12,12,12,12,12,12,12,12,12,12,12,12,12,12,12,12,12,12,12,12,12,12,12,3,3,3,3,3,3,3,3,3,3,3,3,3,3,3,3,3,3,3,3,3,3,3,0,0,0,0,0,0,0,0,0,0,0,0,0,0,0,0,0,0,0,0,0,0,0,1,4,19,7,0,17,14,0,11,19,1,4,19,7,0,17,14,0,11,19,1,4,19,1,6,29,11,0,26,21,0,16,29,1,6,29,11,0,26,21,0,16,29,1,6,29,1,6,29,11,0,26,21,0,16,29,1,6,29,11,0,26,21,0,16,29,1,6,29,1,6,29,11,0,26,21,0,16,29,1,6,29,11,0,26,21,0,16,29,1,6,29,1,6,29,11,0,26,21,0,16,29,1,6,29,11,0,26,21,0,16,29,1,6,29,0,1,4,1,0,4,3,0,2,4,0,1,4,1,0,4,3,0,2,4,0,1,4,0,0,0,0,0,0,0,0,0,0,0,0,0,0,0,0,0,0,0,0,0,0,0,0,0,0,0,0,0,0,0,0,0,0,0,0,0,0,0,0,0,0,0,0,0,0,17,17,17,17,17,17,17,17,17,17,17,17,17,17,17,17,17,17,17,17,17,17,17,0,0,0,0,0,0,0,0,0,0,0,0,0,0,0,0,0,0,0,0,0,0,0,0,0,0,0,0,0,0,0,0,0,0,0,0,0,0,0,0,0,0,0,0,0,0,0,2,9,3,0,8,7,0,5,9,0,2,9,3,0,8,7,0,5,9,0,2,9
1,6,25,10,0,23,19,0,14,25,1,6,25,10,0,23,19,0,14,25,1,6,25,1,6,29,11,0,26,21,0,16,29,1,6,29,11,0,26,21,0,16,29,1,6,29,1,6,29,11,0,26,21,0,16,29,1,6,29,11,0,26,21,0,16,29,1,6,29,1,6,29,11,0,26,21,0,16,29,1,6,29,11,0,26,21,0,16,29,1,6,29,1,6,29,11,0,26,21,0,16,29,1,6,29,11,0,26,21,0,16,29,1,6,29,1,6,29,11,0,26,21,0,16,29,1,6,29,11,0,26,21,0,16,29,1,6,29,1,3,17,6,0,15,12,0,9,17,1,3,17,6,0,15,12,0,9,17,1,3,17,0,0,0,0,0,0,0,0,0,0,0,0,0,0,0,0,0,0,0,0,0,0,0,12,12,12,12,12,12,12,12,12,12,12,12,12,12,12,12,12,12,12,12,12,12,12,3,3,3,3,3,3,3,3,3,3,3,3,3,3,3,3,3,3,3,3,3,3,3,0,0,0,0,0,0,0,0,0,0,0,0,0,0,0,0,0,0,0,0,0,0,0,1,4,19,7,0,17,14,0,11,19,1,4,19,7,0,17,14,0,11,19,1,4,19,1,6,29,11,0,26,21,0,16,29,1,6,29,11,0,26,21,0,16,29,1,6,29,1,6,29,11,0,26,21,0,16,29,1,6,29,11,0,26,21,0,16,29,1,6,29,1,6,29,11,0,26,21,0,16,29,1,6,29,11,0,26,21,0,16,29,1,6,29,1,6,29,11,0,26,21,0,16,29,1,6,29,11,0,26,21,0,16,29,1,6,29,0,1,4,1,0,4,3,0,2,4,0,1,4,1,0,4,3,0,2,4,0,1,4,0,0,0,0,0,0,0,0,0,0,0,0,0,0,0,0,0,0,0,0,0,0,0,0,0,0,0,0,0,0,0,0,0,0,0,0,0,0,0,0,0,0,0,0,0,0,17,17,17,17,17,17,17,17,17,17,17,17,17,17,17,17,17,17,17,17,17,17,17,0,0,0,0,0,0,0,0,0,0,0,0,0,0,0,0,0,0,0,0,0,0,0,0,0,0,0,0,0,0,0,0,0,0,0,0,0,0,0,0,0,0,0,0,0,0,0,2,9,3,0,8,7,0,5,9,0,2,9,3,0,8,7,0,5,9,0,2,9
4,19,7,0,17,14,0,16,29,1,0,0,13,10,8,22,0,3,18,9,13,8,0,0,0,0,0,0,0,0,16,29,1,0,0,13,22,19,26,0,3,26,19,24,8,0,0,0,0,0,0,0,0,16,29,1,0,0,6,12,12,12,0,1,12,12,12,3,0,7,7,7,7,7,0,0,16,29,1,0,3,7,7,7,7,7,7,7,7,7,7,7,8,8,8,8,8,0,0,16,29,1,0,4,8,8,8,8,8,8,8,8,8,8,8,0,0,0,0,0,0,0,16,29,1,0,0,7,4,0,12,0,2,10,0,7,4,0,0,0,0,0,0,0,0,16,29,1,0,0,13,8,0,22,0,3,18,0,13,8,0,6,28,11,0,26,21,0,16,29,1,0,0,13,8,0,22,0,3,18,0,13,8,0,6,29,11,0,26,21,0,16,29,1,0,0,13,8,0,22,0,3,18,0,13,8,0,6,29,11,0,26,21,0,3,5,0,0,0,13,8,0,22,0,3,18,0,13,8,0,6,29,11,0,26,21,0,3,6,0,0,9,13,10,7,22,5,7,18,9,13,10,7,6,25,10,0,23,19,0,16,29,1,0,22,13,12,18,22,13,12,18,22,13,12,18,0,0,0,0,0,0,0,16,29,1,0,22,13,12,18,22,13,12,18,22,13,12,18,0,0,0,0,0,0,0,16,29,1,0,22,13,12,18,22,13,12,18,22,13,12,18,17,17,17,17,17,0,0,16,29,1,0,11,13,10,9,22,6,8,18,11,13,10,9,0,0,0,0,0,0,0,16,29,1,0,0,13,14,7,24,0,3,21,7,18,8,0,2,10,4,0,9,8,0,16,29,1,0,0,11,25,25,27,0,3,25,25,27,8,0,6,29,11,0,26,21,0,16,29,1,0,0,3,3,2,22,0,2,3,3,13,8,1,6,29,11,0,26,21,0,16,29,1,0,0,28,29,18,22,0,20,28,28,13,8,10,6,29,11,0,26,21,0,16,29,1,0,0,0,3,18,22,0,0,0,22,13,8,0,6,29,11,0,26,21,0,16,29,1,0,0,4,6,18,22,0,1,6,22,13,8,0,6,29,11,0,26,21,0,16,29,1,0,0,13,12,18,22,0,3,18,22,13,8,0,6,29,11,0,26,21,0,16,29,1,0,0,13,16,10,25,0,3,22,10,19,8,0
8,6,29,13,6,0,0,6,29,11,0,0,0,13,8,0,22,0,3,18,0,13,8,0,0,28,3,0,0,0,6,29,11,0,0,0,13,8,0,22,0,3,18,0,13,8,0,0,28,3,0,0,0,2,9,3,0,0,0,13,25,23,27,0,3,27,23,26,8,0,0,28,3,0,0,0,0,0,0,0,0,0,13,15,8,24,0,3,22,8,18,8,0,0,28,3,0,0,0,0,0,0,0,0,19,13,12,15,22,11,11,18,19,13,12,0,0,28,3,14,17,17,17,11,0,0,0,22,13,12,18,22,13,12,18,22,13,12,7,7,29,10,7,7,5,0,0,0,0,0,22,12,12,18,20,13,12,17,22,12,12,25,25,29,25,25,25,17,0,0,0,0,0,22,0,3,18,0,13,8,0,22,0,3,0,0,28,3,0,0,0,0,0,0,0,0,22,0,3,18,16,13,11,13,22,0,3,4,11,28,12,5,6,7,0,0,0,0,0,22,0,3,18,22,13,12,18,22,0,3,9,15,28,14,9,18,22,0,0,0,0,0,22,0,3,18,22,13,12,18,22,0,3,9,15,28,14,9,18,22,0,0,0,0,0,6,0,3,18,22,13,12,18,22,0,1,8,7,28,9,3,4,22,0,0,0,0,0,0,0,3,18,22,13,12,18,22,0,0,0,0,28,3,0,0,11,0,0,0,0,0,0,0,0,2,22,1,5,18,3,0,0,23,23,29,24,2,0,0,0,0,0,0,0,0,0,0,0,22,0,3,18,0,0,0,8,8,8,8,0,0,0,0,0,0,0,0,7,0,1,6,22,4,6,18,7,0,1,17,17,17,17,17,17,17,17,11,0,0,0,22,0,3,18,22,13,12,18,22,0,3,0,0,0,0,0,0,0,0,0,0,0,0,22,0,3,18,22,13,12,18,22,0,3,0,18,15,0,11,20,1,4,20,8,0,0,22,0,3,18,0,13,9,0,22,0,3,0,26,21,0,16,29,1,6,29,11,0,0,22,0,0,1,18,1,4,15,2,0,3,0,26,21,0,16,29,1,6,29,11,0,0,22,0,0,0,22,0,3,18,0,0,3,0,26,21,0,16,29,1,6,29,11,0,0,22,7,5,0,22,13,12,18,0,7,9,0,26,21,0,16,29,1,6,29,11,0,0,22,13,8,0,22,13,12,18,0,13,12
0,0,0,0,0,0,0,0,0,0,0,0,0,0,0,0,0,0,0,0,0,0,0,0,0,0,0,0,0,0,0,0,0,0,0,0,0,0,0,0,0,0,0,0,0,0,0,0,0,0,0,0,0,0,0,0,0,0,0,0,0,0,0,0,0,0,0,0,0,0,0,0,0,0,0,0,0,0,0,0,0,0,0,0,0,0,0,0,0,0,0,0,0,0,0,0,0,0,0,0,0,0,0,0,0,0,0,0,0,0,0,0,0,0,0,0,0,0,0,0,0,0,0,0,0,0,0,0,0,0,0,0,0,0,0,0,0,0,6,12,11,15,22,9,10,19,17,12,11,15,22,9,10,19,17,12,11,15,22,9,7,8,12,12,19,22,12,12,19,22,12,12,19,22,12,12,19,22,12,12,19,22,12,9,8,12,12,19,22,12,12,19,22,12,12,19,22,12,12,19,22,12,12,19,22,12,9,8,12,12,19,22,12,12,19,22,12,12,19,22,12,12,19,22,12,12,19,22,12,9,1,12,10,2,22,1,4,19,3,12,10,2,22,1,4,19,3,12,10,2,22,1,1,0,12,9,0,22,0,2,19,0,12,9,0,22,0,2,19,0,12,9,0,22,0,0,0,12,9,0,22,0,2,19,0,12,9,0,22,0,2,19,0,12,9,0,22,0,0,0,12,9,0,22,0,2,19,0,12,9,0,22,0,2,19,0,12,9,0,22,0,0,0,12,9,0,22,0,2,19,0,12,9,0,22,0,2,19,0,12,9,0,22,0,0,0,3,2,0,6,0,0,5,0,3,2,0,6,0,0,5,0,3,2,0,6,0,0,5,17,17,17,17,17,17,17,17,17,17,17,17,17,17,17,17,17,17,17,17,17,1,0,0,0,0,0,0,0,0,0,0,0,0,0,0,0,0,0,0,0,0,0,0,0,0,0,0,0,0,0,0,0,0,0,0,0,0,0,0,0,0,0,0,0,0,0,0,0,0,0,0,0,0,0,0,0,0,0,0,0,0,0,0,0,0,0,0,0,0,0,0,0,0,0,0,0,0,0,0,0,0,0,0,0,0,0,0,0,0,0,0,0,0,0,0,0,0,0,0,0,0,0,0,0,0,0,0,0,0,0,0,0,0,0,0,0,0,0,0,0,0,0,0,0,0,0,0,0,0,0,0,0,0,0,0,0,0,0,0
4,25,17,8,0,0,0,10,29,7,0,0,7,14,0,17,4,0,22,0,7,14,0,0,22,9,0,0,0,0,10,29,7,0,0,7,14,0,17,4,0,22,0,7,14,0,0,22,9,0,0,0,0,3,9,2,0,0,7,26,23,27,4,0,26,23,25,14,0,0,22,9,0,0,0,0,0,0,0,0,0,7,19,8,21,4,0,24,8,14,14,0,0,22,9,0,0,0,0,0,0,0,0,14,12,14,19,17,11,12,22,14,12,14,19,0,22,9,10,17,17,17,15,0,0,0,17,12,14,22,17,12,14,22,17,12,14,22,6,24,15,7,7,7,0,0,0,0,0,17,12,13,22,16,12,14,20,17,12,13,22,20,28,26,25,25,22,0,0,0,0,0,17,4,0,22,0,7,14,0,17,4,0,22,0,22,9,0,0,0,0,0,0,0,0,17,4,0,22,13,11,14,16,17,4,0,22,11,22,13,8,7,5,1,0,0,0,0,17,4,0,22,17,12,14,22,17,4,0,22,15,22,14,11,22,17,4,0,0,0,0,17,4,0,22,17,12,14,22,17,4,0,22,15,22,14,11,22,17,4,0,0,0,0,5,1,0,22,17,12,14,22,17,4,0,6,7,22,12,5,5,17,4,0,0,0,0,0,0,0,22,17,12,14,22,17,4,0,0,0,22,9,0,0,8,2,0,0,0,0,0,0,0,3,17,6,1,22,2,0,0,0,19,28,25,7,0,0,0,0,0,0,0,0,0,0,0,17,4,0,22,0,0,0,0,7,8,8,2,0,0,0,0,0,0,0,5,1,0,7,17,7,4,22,5,1,0,7,13,17,17,17,17,17,17,15,0,0,0,17,4,0,22,17,12,14,22,17,4,0,22,0,0,0,0,0,0,0,0,0,0,0,17,4,0,22,17,12,14,22,17,4,0,22,0,20,12,0,14,19,0,7,20,5,0,17,4,0,22,0,8,14,0,17,4,0,22,0,29,17,0,20,27,0,10,29,7,0,17,4,0,2,14,4,1,18,1,0,0,22,0,29,17,0,20,27,0,10,29,7,0,17,4,0,0,17,4,0,22,0,0,0,22,0,29,17,0,20,27,0,10,29,7,0,17,9,8,0,17,12,13,22,0,4,8,22,0,29,17,0,20,27,0,10,29,7,0,17,12,14,0,17,12,14,22,0,7,14,22
1,6,25,10,0,23,19,0,14,25,1,6,25,10,0,23,19,0,14,25,1,6,25,1,6,29,11,0,26,21,0,16,29,1,6,29,11,0,26,21,0,16,29,1,6,29,1,6,29,11,0,26,21,0,16,29,1,6,29,11,0,26,21,0,16,29,1,6,29,1,6,29,11,0,26,21,0,16,29,1,6,29,11,0,26,21,0,16,29,1,6,29,1,6,29,11,0,26,21,0,16,29,1,6,29,11,0,26,21,0,16,29,1,6,29,1,6,29,11,0,26,21,0,16,29,1,6,29,11,0,26,21,0,16,29,1,6,29,1,3,17,6,0,15,12,0,9,17,1,3,17,6,0,15,12,0,9,17,1,3,17,0,0,0,0,0,0,0,0,0,0,0,0,0,0,0,0,0,0,0,0,0,0,0,12,12,12,12,12,12,12,12,12,12,12,12,12,12,12,12,12,12,12,12,12,12,9,3,3,3,3,3,3,3,3,3,3,3,3,3,3,3,3,3,3,3,3,3,3,2,0,0,0,0,0,0,0,0,0,0,0,0,0,0,0,0,0,0,0,0,0,0,0,1,4,19,7,0,17,14,0,11,19,1,4,19,7,0,17,14,0,11,19,1,4,19,1,6,29,11,0,26,21,0,16,29,1,6,29,11,0,26,21,0,16,29,1,6,29,1,6,29,11,0,26,21,0,16,29,1,6,29,11,0,26,21,0,16,29,1,6,29,1,6,29,11,0,26,21,0,16,29,1,6,29,11,0,26,21,0,16,29,1,6,29,1,6,29,11,0,26,21,0,16,29,1,6,29,11,0,26,21,0,16,29,1,6,29,0,1,4,1,0,4,3,0,2,4,0,1,4,1,0,4,3,0,2,4,0,1,4,0,0,0,0,0,0,0,0,0,0,0,0,0,0,0,0,0,0,0,0,0,0,0,0,0,0,0,0,0,0,0,0,0,0,0,0,0,0,0,0,0,0,0,0,0,0,17,17,17,17,17,17,17,17,17,17,17,17,17,17,17,17,17,17,17,17,17,17,11,0,0,0,0,0,0,0,0,0,0,0,0,0,0,0,0,0,0,0,0,0,0,0,0,0,0,0,0,0,0,0,0,0,0,0,0,0,0,0,0,0,0,0,0,0,0,0,2,9,3,0,8,7,0,5,9,0,2,9,3,0,8,7,0,5,9,0,2,9
0,0,0,0,0,0,0,0,0,0,0,0,0,0,0,0,0,0,0,0,0,0,0,0,0,0,0,0,0,0,0,0,0,0,0,0,0,0,0,0,0,0,0,0,0,0,8,8,8,8,8,8,8,8,8,8,8,8,8,8,8,8,8,8,8,8,8,8,8,7,7,7,7,7,7,7,7,7,7,7,7,7,7,7,7,7,7,7,7,7,7,7,19,0,15,20,20,20,5,14,25,1,0,0,0,0,0,14,25,1,15,20,20,20,5,26,0,20,29,29,28,7,16,29,1,0,0,0,0,0,16,29,1,20,29,29,28,7,2,1,0,16,29,2,3,16,29,1,0,0,0,0,0,16,29,2,3,16,29,1,0,13,8,0,16,29,5,18,16,29,1,0,0,0,0,0,16,29,5,18,16,29,1,0,13,8,0,16,29,5,18,16,29,1,0,0,0,0,0,16,29,5,18,16,29,1,0,11,7,0,16,29,5,15,16,29,1,0,0,0,0,0,16,29,5,15,16,29,1,0,8,8,8,20,29,10,8,20,29,1,0,0,0,0,0,16,29,10,8,20,29,10,8,29,29,29,29,29,29,29,29,29,1,0,0,0,0,0,16,29,29,29,29,29,29,29,9,9,9,9,9,9,9,9,9,0,0,0,0,0,0,5,9,9,9,9,9,9,9,17,17,17,17,17,17,17,17,17,17,17,17,17,17,17,17,17,17,17,17,17,17,17,0,0,0,0,0,0,0,0,0,0,0,0,0,0,0,0,0,0,0,0,0,0,0,6,6,6,6,6,6,6,6,6,0,0,0,0,0,0,2,6,6,6,6,6,6,6,29,29,29,29,29,29,29,29,27,0,0,0,0,0,0,11,29,29,29,29,29,29,29,11,11,11,22,29,13,11,11,11,0,0,0,0,0,0,4,11,11,11,22,29,13,11,0,0,0,16,29,1,0,0,0,0,0,0,0,0,0,0,0,0,0,16,29,1,0,14,14,3,16,29,1,11,14,13,0,0,0,0,0,0,6,14,14,3,16,29,1,11,9,9,2,5,9,0,7,9,9,0,0,0,0,0,0,4,9,9,2,5,9,0,7,0,0,0,0,0,0,0,0,0,0,0,0,0,0,0,0,0,0,0,0,0,0,0,0,0,0,0,0,0,0,0,0,0,0,0,0,0,0,0,0,0,0,0,0,0,0
3,3,3,0,3,3,3,3,3,3,3,3,3,3,3,3,3,3,3,3,3,3,3,29,29,27,0,22,29,29,29,29,29,29,29,29,29,29,29,29,29,29,29,29,29,29,28,25,13,0,11,23,29,15,14,14,18,29,20,14,14,14,28,25,14,14,14,23,29,26,21,0,0,0,16,29,1,0,0,6,29,11,0,0,0,26,21,0,0,0,16,29,29,29,26,0,21,29,29,28,7,12,28,29,28,16,2,27,29,29,26,0,21,29,29,20,20,19,0,16,20,20,20,5,9,20,20,20,12,2,20,20,20,19,0,16,20,20,0,0,0,0,0,0,0,0,0,0,0,0,0,0,0,0,0,0,0,0,0,0,0,28,0,0,0,0,0,23,29,29,29,29,29,29,29,29,29,29,29,29,29,29,29,29,6,3,3,3,3,3,6,6,6,6,6,6,6,6,6,6,6,6,6,6,6,6,6,12,12,12,12,12,12,12,12,12,12,12,12,12,12,12,12,12,12,12,12,12,12,12,0,0,0,0,0,0,0,0,5,7,7,7,7,7,7,0,5,7,7,7,7,7,7,0,0,0,0,0,0,0,0,21,29,29,29,29,29,27,0,21,29,29,29,29,29,27,13,12,18,0,13,12,17,0,8,21,29,12,10,10,10,0,8,21,29,12,10,10,10,13,12,18,0,13,12,18,0,0,16,29,1,0,0,0,0,0,16,29,1,0,0,0,13,12,18,0,13,12,18,0,0,16,29,1,16,23,23,23,4,16,29,1,6,23,23,13,12,18,0,13,12,18,0,0,16,29,1,6,8,8,8,1,16,29,1,2,8,8,13,12,18,0,13,12,18,0,2,18,29,5,3,3,3,3,3,18,29,5,3,3,3,0,3,18,0,13,8,0,0,21,29,29,29,29,29,29,29,29,29,29,29,29,29,27,0,3,18,0,13,8,0,0,10,14,14,14,14,14,14,14,14,14,14,14,14,14,13,13,4,18,0,13,8,11,13,13,13,13,13,13,13,13,13,13,13,13,13,13,13,13,2,4,18,0,13,8,2,2,2,2,2,2,2,2,2,2,2,2,2,2,2,2,2,6,8,18,0,13,10,9,0,0,4,9,9,9,9,9,9,6,0,0,1,1,1,1,2,2,3,0,2,2,3,0,0,2,4,4,4,4,4,4,3,0,0,4,4,4,4
14,0,3,8,8,2,16,29,1,6,8,8,8,2,16,29,1,6,8,8,0,0,11,0,0,11,27,27,27,29,29,28,7,11,27,27,27,29,29,28,27,27,26,0,0,0,0,0,8,20,20,20,20,20,20,5,8,20,20,20,20,20,20,20,20,19,0,0,0,3,7,7,7,7,7,7,7,7,7,7,7,7,7,7,7,7,7,7,7,7,7,7,4,8,8,8,8,8,8,8,8,8,8,8,8,8,8,8,8,8,8,8,8,8,8,5,19,19,19,19,19,19,19,19,19,19,19,19,19,19,19,19,19,19,19,19,5,0,8,26,12,12,12,12,12,12,12,12,12,12,12,12,12,12,12,12,12,12,12,3,0,8,23,2,12,0,0,0,0,0,8,5,0,0,0,0,0,14,0,0,0,0,0,0,8,23,3,18,0,0,0,0,0,13,8,0,0,0,0,0,22,0,0,0,0,0,0,8,23,3,14,0,0,0,0,0,10,6,0,0,0,0,0,17,0,0,0,0,0,0,8,27,17,17,17,17,17,15,0,12,17,17,17,17,17,17,17,17,17,17,17,3,0,8,26,14,14,14,14,14,12,0,10,14,14,14,14,14,14,14,14,14,14,14,2,0,8,23,10,29,29,29,29,29,29,29,29,29,29,29,15,0,0,0,0,0,0,0,0,8,23,1,2,2,2,2,2,2,2,2,2,2,2,1,0,0,0,0,0,0,0,0,8,23,0,14,17,17,17,17,17,17,17,17,17,17,17,17,17,17,17,17,17,17,17,8,23,0,0,0,0,0,0,0,0,0,0,0,0,0,0,0,0,0,0,0,0,0,8,23,0,0,0,0,0,0,0,0,0,0,0,0,0,0,0,0,0,0,0,0,0,8,23,12,27,27,27,27,27,27,27,27,27,27,27,27,27,27,27,27,27,27,27,16,8,23,9,23,29,24,20,20,20,29,27,20,20,20,26,29,21,20,20,23,29,24,12,8,23,0,6,29,11,0,0,0,26,21,0,0,0,16,29,1,0,0,6,29,11,0,8,23,9,23,29,25,13,2,21,29,27,20,0,16,26,29,22,5,9,23,29,25,13,8,23,11,26,26,26,16,2,26,26,26,25,0,20,26,26,26,7,11,26,26,26,16,8,23,0,0,0,0,0,0,0,0,0,0,0,0,0,0,0,0,0,0,0,0,0
11,0,14,17,17,17,17,17,17,17,17,17,17,17,17,17,17,17,17,17,17,17,17,11,0,0,0,0,0,0,0,0,0,0,0,0,0,0,0,0,0,0,0,0,0,0,11,0,0,0,0,0,0,0,0,0,0,0,0,0,0,0,0,0,0,0,0,0,0,11,0,17,13,0,10,18,1,4,18,7,0,17,13,0,10,18,1,4,18,7,0,0,11,0,26,21,0,16,29,1,6,29,11,0,26,21,0,16,29,1,6,29,11,0,0,11,0,26,21,0,16,29,1,6,29,11,0,26,21,0,16,29,1,6,29,11,0,0,11,0,26,21,0,16,29,1,6,29,11,0,26,21,0,16,29,1,6,29,11,0,0,11,0,26,21,0,16,29,1,6,29,11,0,26,21,0,16,29,1,6,29,11,0,0,11,0,5,4,0,3,5,0,1,5,2,0,5,4,0,3,5,0,1,5,2,0,0,11,0,0,0,0,0,0,0,0,0,0,0,0,0,0,0,0,0,0,0,0,0,0,11,0,6,7,7,7,7,7,7,7,7,7,7,7,7,7,7,7,7,7,7,0,0,11,0,7,8,8,8,8,8,8,8,8,8,8,8,8,8,8,8,8,8,8,0,0,11,0,0,0,0,0,0,0,0,0,0,0,0,7,19,19,19,11,5,25,9,0,0,11,0,26,21,0,16,29,1,6,29,11,0,0,11,29,29,29,17,6,29,11,0,0,11,0,26,21,0,16,29,1,6,29,11,0,0,3,6,29,11,3,6,29,11,0,0,11,0,26,21,0,16,29,1,6,29,11,0,0,22,6,29,11,22,6,29,11,0,0,11,0,26,21,0,16,29,1,6,29,11,0,0,22,6,29,11,22,6,29,11,0,0,11,0,26,21,0,16,29,1,6,29,11,0,0,19,6,29,11,19,6,29,11,0,0,11,0,26,21,0,16,29,1,6,29,11,0,0,3,13,29,16,7,13,29,11,0,0,11,0,10,8,0,6,11,0,2,11,4,0,0,14,29,29,29,29,29,29,11,0,0,11,0,0,0,0,0,0,0,0,0,0,0,0,5,10,10,10,10,10,10,4,0,0,11,0,14,17,17,17,17,17,17,17,17,17,17,17,17,17,17,17,17,17,17,0,0,11,0,0,0,0,0,0,0,0,0,0,0,0,7,7,7,1,0,0,0,0,0,0
18,15,0,0,0,0,0,0,0,0,0,0,0,0,0,0,0,0,0,0,0,0,0,17,17,17,17,17,17,17,17,17,17,17,17,17,17,17,17,17,17,17,17,17,17,17,0,0,0,0,0,0,0,0,0,0,0,0,0,0,0,0,0,0,0,0,0,0,0,0,0,0,0,0,0,0,0,0,0,0,0,0,0,0,0,0,0,0,0,0,0,0,5,8,0,2,8,3,0,8,6,0,5,8,0,2,8,3,0,8,6,0,5,8,0,16,29,1,6,29,11,0,26,21,0,16,29,1,6,29,11,0,26,21,0,16,29,1,16,29,1,6,29,11,0,26,21,0,16,29,1,6,29,11,0,26,21,0,16,29,1,16,29,1,6,29,11,0,26,21,0,16,29,1,6,29,11,0,26,21,0,16,29,1,16,29,1,6,29,11,0,26,21,0,16,29,1,6,29,11,0,26,21,0,16,29,1,9,15,1,3,15,6,0,14,11,0,9,15,1,3,15,6,0,14,11,0,9,15,1,0,0,0,0,0,0,0,0,0,0,0,0,0,0,0,0,0,0,0,0,0,0,0,0,0,0,0,0,0,0,0,0,0,0,0,0,0,0,0,0,0,0,0,0,0,0,17,17,17,17,17,17,17,17,17,17,17,17,17,17,17,17,17,17,17,17,17,17,17,0,13,17,17,8,0,0,0,0,0,0,0,0,0,0,0,0,0,0,0,0,0,0,0,11,14,24,13,0,0,18,15,0,11,20,1,4,20,8,0,18,15,0,11,20,1,0,8,5,18,13,0,0,26,21,0,16,29,1,6,29,11,0,26,21,0,16,29,1,0,13,8,18,13,0,0,26,21,0,16,29,1,6,29,11,0,26,21,0,16,29,1,0,13,8,18,13,0,0,26,21,0,16,29,1,6,29,11,0,26,21,0,16,29,1,0,13,8,18,13,0,0,26,21,0,16,29,1,6,29,11,0,26,21,0,16,29,1,0,13,8,18,13,0,0,26,21,0,16,29,1,6,29,11,0,26,21,0,16,29,1,0,3,3,20,13,0,0,19,16,0,12,21,1,5,21,8,0,19,16,0,12,21,1,0,22,28,28,13,0,0,0,0,0,0,0,0,0,0,0,0,0,0,0,0,0,0,7,7,7,7,7,7,7,7,7,7,7,7,7,7,7,7,7,7,7,7,7,7,7
6,7,18,0,13,10,8,22,0,3,18,9,13,8,0,22,6,7,18,0,13,10,8,19,21,18,0,13,22,19,26,0,3,26,19,24,8,0,23,19,21,18,0,13,22,19,12,12,8,0,6,12,12,12,0,1,12,12,12,3,0,10,12,12,8,0,6,12,12,7,7,7,7,7,7,7,7,7,7,7,7,7,7,7,7,7,7,7,7,7,7,7,8,8,8,8,8,8,8,8,8,8,8,8,8,8,8,8,8,8,8,8,8,8,8,0,2,10,0,7,4,0,12,0,2,10,0,7,4,0,12,0,2,10,0,7,4,0,0,3,18,0,13,8,0,22,0,3,18,0,13,8,0,22,0,3,18,0,13,8,0,0,3,18,0,13,8,0,22,0,3,18,0,13,8,0,22,0,3,18,0,13,8,0,0,3,18,0,13,8,0,22,0,3,18,0,13,8,0,22,0,3,18,0,13,8,0,0,3,18,0,13,8,0,22,0,3,18,0,13,8,0,22,0,3,18,0,13,8,0,5,7,18,9,13,10,7,22,5,7,18,9,13,10,7,22,5,7,18,9,13,10,7,13,12,18,22,13,12,18,22,13,12,18,22,13,12,18,22,13,12,18,22,13,12,18,13,12,18,22,13,12,18,22,13,12,18,22,13,12,18,22,13,12,18,22,13,12,18,13,12,18,22,13,12,18,22,13,12,18,22,13,12,18,22,13,12,18,22,13,12,18,6,8,18,11,13,10,9,22,6,8,18,11,13,10,9,22,6,8,18,11,13,10,9,7,10,18,0,13,14,7,24,0,3,21,7,18,8,0,23,7,10,18,0,13,14,7,25,25,18,0,11,25,25,27,0,3,25,25,27,8,0,20,25,25,18,0,11,25,25,3,5,18,0,3,3,2,22,0,2,3,3,13,8,1,3,3,5,18,0,3,3,2,29,12,18,0,28,29,18,22,0,20,28,28,13,8,10,28,29,12,18,0,28,29,18,13,12,18,0,0,3,18,22,0,0,0,22,13,8,0,0,13,12,18,0,0,3,18,13,12,18,0,4,6,18,22,0,1,6,22,13,8,0,7,13,12,18,0,4,6,18,13,12,18,0,13,12,18,22,0,3,18,22,13,8,0,22,13,12,18,0,13,12,18,10,12,18,0,13,16,10,25,0,3,22,10,19,8,0,23,10,12,18,0,13,16,10
8,8,8,8,8,8,8,8,8,8,8,8,8,8,8,8,8,8,8,8,8,8,8,27,27,27,27,27,27,27,27,27,27,27,27,27,27,22,0,0,0,0,0,0,0,0,4,4,4,29,8,4,4,4,4,4,4,4,4,4,3,0,0,0,0,0,0,0,0,0,0,1,28,5,2,9,0,0,3,15,9,1,0,0,7,13,8,0,0,7,4,0,12,8,15,28,14,9,18,0,0,3,18,22,10,5,0,16,13,8,0,0,13,8,0,13,9,15,28,14,9,18,0,0,3,18,22,10,5,0,16,13,8,0,0,13,8,0,10,7,15,28,14,9,15,0,0,3,18,22,10,5,0,16,13,8,0,0,13,8,0,0,0,1,28,5,0,0,0,0,3,18,22,10,5,0,16,13,8,0,0,13,8,0,13,13,13,29,16,13,8,0,0,0,4,5,2,1,0,4,3,2,0,0,13,8,0,18,18,18,18,18,18,12,0,0,0,0,0,0,0,0,0,0,0,0,0,13,8,0,17,17,17,17,17,17,17,17,17,17,17,17,17,17,17,17,17,17,17,0,13,8,0,0,0,0,0,0,0,0,0,0,0,0,0,0,0,0,0,0,0,0,0,13,8,0,0,0,0,0,0,0,0,0,0,0,0,0,0,0,0,0,0,0,0,0,13,8,0,27,27,27,27,27,27,27,27,27,27,27,27,27,27,27,16,0,0,0,0,13,8,0,20,20,29,27,20,20,20,26,29,21,20,20,23,29,24,12,0,0,0,0,13,8,0,9,5,26,21,0,2,12,16,29,4,12,0,6,29,11,0,0,0,0,0,13,8,0,13,8,26,21,0,3,18,16,29,5,18,0,6,29,11,0,0,0,0,0,13,8,0,9,6,26,21,0,2,13,16,29,4,13,0,6,29,11,0,0,0,0,0,13,8,0,17,17,28,26,16,0,13,24,29,18,4,7,20,29,22,10,0,0,0,0,13,8,0,29,29,29,29,27,0,22,29,29,29,7,12,29,29,29,17,0,0,0,0,13,8,0,0,0,0,0,0,0,0,0,0,0,0,0,0,0,0,0,0,0,0,0,13,8,0,17,17,17,17,17,17,17,17,17,17,17,17,17,17,17,17,17,17,17,0,13,8,0,0,0,0,0,1,1,1,1,1,1,1,1,1,1,1,1,0,0,0,0,13,8,0
0,17,29,29,29,29,29,27,0,0,0,22,25,0,12,29,5,2,29,15,0,22,25,0,4,6,6,6,6,10,27,0,0,0,22,25,0,12,29,5,2,29,15,0,13,15,0,0,0,0,0,0,4,27,0,0,0,22,25,0,12,29,5,2,29,15,0,0,0,14,17,17,17,17,17,7,27,0,0,0,22,25,0,12,29,5,2,29,15,0,0,0,8,9,9,9,9,3,4,27,0,0,0,22,25,0,12,29,5,2,29,15,0,0,0,25,29,29,29,29,11,4,27,0,0,0,22,25,0,12,29,5,2,29,15,0,0,0,25,20,8,8,8,3,4,27,0,0,0,22,25,0,12,29,5,2,29,15,0,0,0,25,15,0,3,3,3,8,27,0,0,0,22,25,0,12,29,5,2,29,15,0,0,0,25,15,0,23,28,28,28,27,0,0,0,22,25,0,12,29,5,2,29,15,0,0,0,25,15,0,0,0,0,0,0,0,0,0,1,1,0,0,1,0,0,1,1,0,9,11,25,18,5,5,5,2,0,0,0,0,0,0,0,0,0,0,0,0,0,0,0,22,25,25,29,29,29,29,11,0,0,0,0,0,0,0,0,0,0,0,0,0,0,0,22,25,11,12,12,12,12,5,0,0,0,0,0,0,0,0,0,0,0,0,0,0,0,22,25,6,7,7,7,7,7,7,7,6,0,0,5,7,7,7,7,7,7,1,0,0,22,25,7,8,8,8,8,8,8,8,7,0,0,6,8,8,8,8,8,8,1,0,0,22,25,24,27,27,27,27,27,27,27,16,0,0,0,0,0,0,0,0,0,0,0,0,22,25,4,4,4,4,4,4,4,17,17,0,0,22,25,0,12,29,5,2,29,15,0,22,25,13,6,4,15,15,15,11,14,17,0,0,22,25,0,12,29,5,2,29,15,0,22,25,25,11,8,29,29,29,21,14,17,0,0,22,25,0,12,29,5,2,29,15,0,22,25,4,1,0,5,29,17,2,14,17,0,0,22,25,0,12,29,5,2,29,15,0,22,25,9,9,9,11,29,20,7,14,17,0,0,22,25,0,12,29,5,2,29,15,0,22,25,25,29,29,29,29,29,21,14,17,0,0,22,25,0,12,29,5,2,29,15,0,22,25,7,8,8,8,8,8,6,14,17,0,0,9,10,0,5,11,2,1,11,6,0,9,10
0,11,19,1,0,0,0,8,8,5,6,29,11,3,8,8,8,5,6,29,11,3,8,0,0,0,0,0,0,1,27,27,27,28,29,28,16,1,27,27,27,28,29,28,27,27,0,0,0,0,0,0,1,20,20,20,20,20,20,12,1,20,20,20,20,20,20,20,20,7,7,2,0,1,7,7,7,7,7,7,7,7,7,7,7,7,7,7,7,7,7,7,8,8,3,0,1,8,8,8,8,8,8,8,8,8,8,8,8,8,8,8,8,8,8,0,0,0,0,0,19,19,19,19,19,19,19,19,19,19,19,19,19,19,19,19,19,19,0,0,0,0,0,28,15,12,12,12,12,12,12,12,12,12,12,12,12,12,12,12,12,0,16,28,1,0,28,3,14,0,0,0,0,0,2,12,0,0,0,0,0,8,5,0,0,16,29,1,0,28,3,22,0,0,0,0,0,3,18,0,0,0,0,0,13,8,0,0,16,29,1,0,28,3,17,0,0,0,0,0,3,14,0,0,0,0,0,10,6,0,0,16,29,1,0,28,19,17,17,17,17,17,3,6,17,17,17,17,17,17,17,17,17,0,14,25,1,0,28,16,14,14,14,14,14,2,5,14,14,14,14,14,14,14,14,14,0,0,0,0,0,28,4,29,29,29,29,29,29,29,29,29,29,29,25,0,0,0,0,0,0,0,0,0,28,4,2,2,2,2,2,2,2,2,2,2,2,2,0,0,0,0,17,17,6,0,0,28,3,8,17,17,17,17,17,17,17,17,17,17,17,17,17,17,17,0,0,0,0,0,28,3,0,0,0,0,0,0,0,0,0,0,0,0,0,0,0,0,0,6,10,0,0,28,3,0,0,0,0,0,0,0,0,0,0,0,0,0,0,0,0,0,16,29,1,0,28,6,27,27,27,27,27,27,27,27,27,27,27,27,27,27,27,27,0,16,29,1,0,28,6,20,29,27,20,20,20,26,29,21,20,20,23,29,24,20,20,0,16,29,1,0,28,3,0,26,21,0,0,0,16,29,1,0,0,6,29,11,0,0,0,16,29,1,0,28,6,21,29,27,20,0,16,26,29,22,5,9,23,29,25,13,2,0,16,29,1,0,28,6,26,26,26,25,0,20,26,26,26,7,11,26,26,26,16,2,0,16,29,1,0,28,3,0,0,0,0,0,0,0,0,0,0,0,0,0,0,0,0
12,18,18,18,18,18,18,18,18,18,18,18,18,18,18,18,18,18,18,18,18,18,5,9,13,13,13,13,24,21,13,13,13,13,13,13,24,21,13,13,13,13,13,13,21,8,4,0,0,0,0,18,13,0,5,0,0,0,0,18,13,0,5,0,0,0,0,13,8,18,0,0,2,1,18,14,9,22,0,0,2,1,18,14,9,22,0,0,2,1,13,8,18,0,3,18,16,18,14,15,22,0,3,18,16,18,14,15,22,0,3,18,16,13,8,18,0,3,18,16,18,14,15,22,0,3,18,16,18,14,15,22,0,3,18,16,13,8,18,0,0,0,15,18,14,5,22,0,0,0,15,18,14,5,22,0,0,0,15,13,8,18,0,0,0,2,20,13,0,22,0,0,0,2,20,13,0,22,0,0,0,2,16,8,0,0,0,0,13,27,13,0,0,0,0,0,13,27,13,0,0,0,0,0,13,27,8,5,8,8,8,8,8,8,8,8,8,8,8,8,8,8,8,8,8,8,8,8,8,6,5,7,7,7,7,7,7,7,7,7,7,7,7,7,7,7,7,7,7,7,7,7,5,0,3,20,20,20,20,20,20,12,2,20,20,20,19,0,16,20,20,20,5,0,0,0,0,4,27,27,27,28,29,28,16,2,27,29,29,26,0,21,29,29,28,7,0,0,0,0,5,3,0,8,6,29,11,0,5,3,26,21,5,3,0,16,29,1,0,0,0,0,3,13,8,0,22,6,29,11,0,13,8,26,21,13,8,0,16,29,1,0,0,0,0,1,13,8,0,22,6,29,11,0,13,8,26,21,13,8,0,16,29,1,0,0,0,0,0,1,10,10,10,15,29,18,10,10,10,28,24,10,10,10,21,29,12,2,0,0,0,0,4,29,29,29,29,29,29,29,29,29,29,29,29,29,29,29,29,29,7,0,0,0,0,1,7,7,7,7,7,7,7,7,7,7,7,7,7,7,7,7,7,2,0,0,0,0,0,0,0,0,0,0,0,0,0,0,0,0,0,0,0,0,0,0,0,0,0,0,0,0,15,17,17,17,17,17,17,17,17,17,17,17,17,17,17,17,17,17,17,17,11,5,8,0,7,8,8,8,8,8,8,2,0,0,0,0,0,0,0,0,0,0,0,0,13,19,0,16,19,19,19,19,19,19,5,0,0,0,0,0,0,0,0,0,0,0,0
6,25,10,0,23,19,0,14,25,1,0,0,0,0,0,0,0,14,25,1,0,0,4,6,29,11,0,26,21,0,16,29,1,0,0,0,0,0,0,0,16,29,1,0,3,23,6,29,11,0,26,21,0,16,29,1,0,0,0,0,0,0,0,16,29,1,0,3,18,6,29,11,0,26,21,0,16,29,1,0,0,0,3,14,0,0,16,29,1,0,3,18,6,29,11,0,26,21,0,16,29,1,0,0,0,3,18,0,0,16,29,1,0,3,18,6,29,11,0,26,21,0,16,29,1,0,0,0,3,18,0,0,16,29,1,0,3,18,3,17,6,0,15,12,0,9,17,1,0,0,0,3,18,0,0,16,29,1,0,3,18,0,0,0,0,0,0,0,0,0,0,0,0,0,3,18,0,0,16,29,1,0,3,18,12,12,12,12,12,12,12,0,0,0,0,0,0,3,18,0,0,16,29,1,0,3,18,3,3,3,3,3,3,3,0,0,0,0,0,0,3,18,0,0,16,29,1,0,3,18,0,0,0,0,0,0,0,0,0,0,0,0,0,3,18,0,0,16,29,1,0,3,18,4,19,7,0,17,14,0,11,19,1,0,0,0,3,18,0,0,16,29,1,0,3,18,6,29,11,0,26,21,0,16,29,1,0,0,0,3,18,0,0,16,29,1,0,3,18,6,29,11,0,26,21,0,16,29,1,0,2,0,3,18,0,0,16,29,1,0,3,18,6,29,11,0,26,21,0,16,29,1,0,22,0,3,18,0,0,16,29,1,0,3,18,6,29,11,0,26,21,0,16,29,1,0,22,0,3,18,0,0,16,29,1,0,3,18,1,4,1,0,4,3,0,2,4,0,0,22,0,3,18,0,0,2,4,0,0,3,18,0,0,0,0,0,0,0,0,0,0,0,22,0,3,18,0,0,0,0,0,0,3,23,0,0,0,0,0,0,0,0,0,0,0,22,0,3,18,0,0,0,0,0,0,0,0,17,17,17,17,17,17,17,0,0,0,0,22,0,3,18,0,0,8,17,17,17,17,17,0,0,0,0,0,0,0,0,0,0,0,22,0,3,18,0,0,0,0,0,0,0,0,0,0,0,0,0,0,0,0,0,0,0,22,0,3,18,0,0,0,0,0,0,0,0,2,9,3,0,8,7,0,5,9,0,0,19,0,3,16,0,0,5,9,0,0,0,0
10,0,7,15,15,15,0,2,15,15,15,4,0,12,15,15,10,0,7,15,15,15,0,4,0,3,6,6,6,0,0,6,6,6,2,0,5,6,6,4,0,3,6,6,6,0,13,13,13,13,13,13,13,13,13,13,13,13,13,13,13,13,13,13,13,13,13,13,13,2,2,2,2,2,2,2,2,2,2,2,2,2,2,2,2,2,2,2,2,2,2,2,13,0,9,6,0,16,0,2,13,0,10,6,0,16,0,2,13,0,9,6,0,16,0,18,0,13,8,0,22,0,3,18,0,13,8,0,22,0,3,18,0,13,8,0,22,0,18,0,13,8,0,22,0,3,18,0,13,8,0,22,0,3,18,0,13,8,0,22,0,18,0,13,8,0,22,0,3,18,0,13,8,0,22,0,3,18,0,13,8,0,22,0,18,0,13,8,0,22,0,3,18,0,13,8,0,22,0,3,18,0,13,8,0,22,0,18,13,13,11,11,22,8,9,18,13,13,11,11,22,8,9,18,13,13,11,11,22,8,18,22,13,12,18,22,13,12,18,22,13,12,18,22,13,12,18,22,13,12,18,22,13,18,22,13,12,18,22,13,12,18,22,13,12,18,22,13,12,18,22,13,12,18,22,13,18,22,13,12,18,22,13,12,18,22,13,12,18,22,13,12,18,22,13,12,18,22,13,18,6,13,10,5,22,4,6,18,6,13,10,5,22,4,6,18,6,13,10,5,22,4,18,0,13,18,13,25,0,3,24,13,21,8,0,23,13,16,18,0,13,18,13,25,0,12,0,13,22,18,18,0,3,25,18,18,5,0,23,18,18,12,0,13,22,18,18,0,9,2,13,10,9,9,5,3,18,7,9,8,0,22,4,9,9,2,13,10,9,9,5,22,5,13,12,27,22,13,3,18,23,22,20,0,22,13,25,22,5,13,12,27,22,13,0,0,13,12,18,0,0,3,18,22,0,0,0,22,13,8,0,0,13,12,18,0,0,10,0,13,12,18,12,0,3,18,22,7,4,0,22,13,11,10,0,13,12,18,12,0,18,0,13,11,10,22,0,3,18,13,13,8,0,22,7,9,18,0,13,11,10,22,0,18,0,13,20,15,26,0,3,24,15,22,8,0,23,15,17,18,0,13,20,15,26,0,10,0,7,17,17,16,0,2,17,17,17,5,0,13,17,17,10,0,7,17,17,16,0
10,0,7,15,15,15,0,2,15,15,15,4,0,12,15,15,10,0,7,15,15,15,0,4,0,3,6,6,6,0,0,6,6,6,2,0,5,6,6,4,0,3,6,6,6,0,13,13,13,13,13,13,13,13,13,13,13,13,13,13,13,13,13,13,13,13,13,13,13,2,2,2,2,2,2,2,2,2,2,2,2,2,2,2,2,2,2,2,2,2,2,2,13,0,9,6,0,16,0,2,13,0,10,6,0,16,0,2,13,0,9,6,0,16,0,18,0,13,8,0,22,0,3,18,0,13,8,0,22,0,3,18,0,13,8,0,22,0,18,0,13,8,0,22,0,3,18,0,13,8,0,22,0,3,18,0,13,8,0,22,0,18,0,13,8,0,22,0,3,18,0,13,8,0,22,0,3,18,0,13,8,0,22,0,18,0,13,8,0,22,0,3,18,0,13,8,0,22,0,3,18,0,13,8,0,22,0,18,13,13,11,11,22,8,9,18,13,13,11,11,22,8,9,18,13,13,11,11,22,8,18,22,13,12,18,22,13,12,18,22,13,12,18,22,13,12,18,22,13,12,18,22,13,18,22,13,12,18,22,13,12,18,22,13,12,18,22,13,12,18,22,13,12,18,22,13,18,22,13,12,18,22,13,12,18,22,13,12,18,22,13,12,18,22,13,12,18,22,13,18,6,13,10,5,22,4,6,18,6,13,10,5,22,4,6,18,6,13,10,5,22,4,18,0,13,18,13,25,0,3,24,13,21,8,0,23,13,16,18,0,13,18,13,25,0,12,0,13,22,18,18,0,3,25,18,18,5,0,23,18,18,12,0,13,22,18,18,0,9,2,13,10,9,9,5,3,18,7,9,8,0,22,4,9,9,2,13,10,9,9,5,22,5,13,12,27,22,13,3,18,23,22,20,0,22,13,25,22,5,13,12,27,22,13,0,0,13,12,18,0,0,3,18,22,0,0,0,22,13,8,0,0,13,12,18,0,0,10,0,13,12,18,12,0,3,18,22,7,4,0,22,13,11,10,0,13,12,18,12,0,18,0,13,11,10,22,0,3,18,13,13,8,0,22,7,9,18,0,13,11,10,22,0,18,0,13,20,15,26,0,3,24,15,22,8,0,23,15,17,18,0,13,20,15,26,0,10,0,7,17,17,16,0,2,17,17,17,5,0,13,17,17,10,0,7,17,17,16,0
0,6,29,7,0,5,3,0,4,5,0,0,0,17,6,3,3,1,7,14,3,0,0,0,6,29,7,0,6,4,0,4,6,0,0,0,17,12,29,28,12,7,14,27,6,0,0,6,29,7,0,29,17,0,20,27,0,0,0,17,12,14,0,0,7,14,22,0,0,0,6,29,7,0,29,17,0,20,27,0,0,0,17,12,14,7,0,7,14,22,0,0,0,6,29,7,0,29,17,0,20,27,0,0,0,17,11,11,22,0,7,14,17,0,0,0,6,29,7,0,29,17,0,20,27,0,0,0,17,13,9,23,0,7,19,9,2,0,0,6,29,7,0,29,17,0,20,27,0,0,0,13,22,22,19,0,6,22,22,5,0,0,6,29,7,0,29,17,0,20,27,0,0,0,0,0,0,0,0,0,0,0,0,0,0,6,29,7,0,29,17,0,20,27,0,0,10,17,17,17,17,17,17,17,17,3,0,0,6,29,7,0,29,17,0,20,27,0,0,0,3,0,0,4,0,1,2,0,0,0,0,6,29,7,0,29,17,0,20,27,0,0,0,17,4,0,22,0,7,14,0,0,0,0,6,27,7,0,29,17,0,20,27,0,0,0,17,4,0,22,0,7,14,0,0,0,0,0,0,0,0,29,17,0,20,27,0,0,0,17,4,0,22,0,7,14,0,0,0,0,3,14,3,0,29,17,0,20,27,0,0,0,17,4,0,22,0,7,14,0,0,0,0,6,29,7,0,29,17,0,20,27,0,0,1,17,5,0,22,1,8,14,1,0,0,0,6,29,7,0,29,17,0,20,27,0,0,22,17,12,14,22,17,12,14,22,0,0,0,6,29,7,0,29,17,0,20,27,0,0,22,17,12,14,22,17,12,14,22,0,0,0,6,29,7,0,29,17,0,20,27,0,0,22,17,12,14,22,17,12,14,22,0,0,0,6,29,7,0,29,17,0,20,27,0,0,19,17,11,12,22,14,12,14,19,0,0,0,6,29,7,0,29,17,0,20,27,0,0,0,17,4,0,22,0,7,14,0,0,0,0,6,29,7,0,29,17,0,20,27,0,0,0,17,28,27,24,0,7,28,27,6,0,0,6,29,7,0,29,17,0,20,27,0,0,0,2,4,4,23,0,1,4,4,1,0,0,6,29,7,0,29,17,0,20,27,0,0,3,23,23,11,22,0,19,23,19,0,0
9,7,6,8,12,0,2,10,0,7,6,8,12,6,6,10,0,7,4,0,12,6,6,0,13,8,0,22,0,3,18,0,13,8,0,22,0,3,18,0,13,8,0,22,0,3,16,13,11,13,22,10,10,18,16,13,11,13,22,10,10,18,16,13,11,13,22,10,10,22,13,12,18,22,13,12,18,22,13,12,18,22,13,12,18,22,13,12,18,22,13,12,22,13,12,18,22,13,12,18,22,13,12,18,22,13,12,18,22,13,12,18,22,13,12,23,0,3,20,3,16,8,0,23,3,7,18,0,13,11,3,23,0,3,20,3,16,8,28,0,3,29,28,29,8,0,23,28,29,18,0,13,29,28,28,0,3,29,28,29,8,22,0,3,18,0,13,8,0,22,0,3,18,0,13,8,0,22,0,3,18,0,13,8,22,0,3,18,0,13,8,0,22,0,3,18,0,13,8,0,22,0,3,18,0,13,8,22,0,3,18,0,13,8,0,22,0,3,18,0,13,8,0,22,0,3,18,0,13,8,22,0,3,18,0,13,8,0,22,0,3,18,0,13,8,0,22,0,3,18,0,13,8,22,0,3,18,0,13,8,0,22,0,3,18,0,13,8,0,22,0,3,18,0,13,8,15,0,2,12,0,9,5,0,15,0,2,12,0,9,5,0,15,0,2,12,0,9,5,3,3,3,3,3,3,3,3,3,3,3,3,3,3,3,3,3,3,3,3,3,3,3,12,12,12,12,12,12,12,12,12,12,12,12,12,12,12,12,12,12,12,12,12,12,12,0,0,0,0,0,0,0,0,0,0,0,0,0,0,0,0,0,0,0,0,0,0,0,26,10,0,24,19,0,15,26,1,6,26,10,0,24,19,0,15,26,1,6,26,10,0,29,11,0,26,21,0,16,29,1,6,29,11,0,26,21,0,16,29,1,6,29,11,0,29,11,0,26,21,0,16,29,1,6,29,11,0,26,21,0,16,29,1,6,29,11,0,29,11,0,26,21,0,16,29,1,6,29,11,0,26,21,0,16,29,1,6,29,11,0,29,11,0,26,21,0,16,29,1,6,29,11,0,26,21,0,16,29,1,6,29,11,0,29,11,0,26,21,0,16,29,1,6,29,11,0,26,21,0,16,29,1,6,29,11,0,15,6,0,14,11,0,9,15,1,3,15,6,0,14,11,0,9,15,1,3,15,6,0
0,6,29,7,0,29,17,0,20,27,0,0,0,17,8,6,22,0,7,14,9,0,0,0,6,29,7,0,29,17,0,20,27,0,0,0,17,21,19,24,0,7,24,19,4,0,0,6,29,7,0,29,17,0,20,27,0,0,0,7,12,12,10,0,3,12,12,3,0,0,6,29,7,0,29,17,0,20,27,0,0,5,7,7,7,7,7,7,7,7,1,0,0,6,29,7,0,29,17,0,20,27,0,0,5,8,8,8,8,8,8,8,8,2,0,0,6,29,7,0,29,17,0,20,27,0,0,0,9,2,0,12,0,4,7,0,0,0,0,6,29,7,0,29,17,0,20,27,0,0,0,17,4,0,22,0,7,14,0,0,0,0,6,29,7,0,29,17,0,20,27,0,0,0,17,4,0,22,0,7,14,0,0,0,0,6,29,7,0,29,17,0,20,27,0,0,0,17,4,0,22,0,7,14,0,0,0,0,6,29,7,0,5,3,0,4,5,0,0,0,17,4,0,22,0,7,14,0,0,0,0,6,29,7,0,6,4,0,4,6,0,0,9,17,8,5,22,7,9,14,9,0,0,0,6,29,7,0,29,17,0,20,27,0,0,22,17,12,14,22,17,12,14,22,0,0,0,6,29,7,0,29,17,0,20,27,0,0,22,17,12,14,22,17,12,14,22,0,0,0,6,29,7,0,29,17,0,20,27,0,0,22,17,12,14,22,17,12,14,22,0,0,0,6,29,7,0,29,17,0,20,27,0,0,11,17,8,7,22,8,10,14,11,0,0,0,6,29,7,0,29,17,0,20,27,0,0,0,17,11,7,23,0,7,18,7,1,0,0,6,29,7,0,29,17,0,20,27,0,0,0,14,25,25,24,0,6,25,25,5,0,0,6,29,7,0,29,17,0,20,27,0,0,0,3,3,1,22,0,3,3,3,0,0,0,6,29,7,0,29,17,0,20,27,0,0,4,28,29,14,22,0,24,28,24,0,0,0,6,29,7,0,29,17,0,20,27,0,0,0,0,7,14,22,0,0,0,22,0,0,0,6,27,7,0,29,17,0,20,27,0,0,0,5,9,14,22,0,2,4,22,0,0,0,0,0,0,0,29,17,0,20,27,0,0,0,17,12,14,22,0,7,14,22,0,0,0,3,14,3,0,29,17,0,20,27,0,0,0,17,13,10,23,0,7,19,10,2,0
29,1,6,29,11,0,26,21,0,16,29,1,6,29,11,0,26,21,0,16,29,1,6,29,1,6,29,11,0,26,21,0,16,29,1,6,29,11,0,26,21,0,16,29,1,6,29,1,6,29,11,0,26,21,0,16,29,1,6,29,11,0,26,21,0,16,29,1,6,29,1,6,29,11,0,26,21,0,16,29,1,6,29,11,0,26,21,0,16,29,1,6,15,1,3,15,6,0,14,11,0,9,15,1,3,15,6,0,14,11,0,9,15,1,3,0,0,0,0,0,0,0,0,0,0,0,0,0,0,0,0,0,0,0,0,0,0,0,0,0,0,0,0,0,0,0,0,0,0,0,0,0,0,0,0,0,0,0,0,0,0,17,17,17,17,17,17,17,17,17,17,17,17,17,17,17,17,17,17,17,17,17,17,6,0,0,0,0,0,0,0,0,0,0,0,0,0,0,0,0,0,0,0,0,0,0,0,20,1,4,20,8,0,18,15,0,11,20,1,4,20,8,0,18,15,0,11,20,1,4,29,1,6,29,11,0,26,21,0,16,29,1,6,29,11,0,26,21,0,16,29,1,6,29,1,6,29,11,0,26,21,0,16,29,1,6,29,11,0,26,21,0,16,29,1,6,29,1,6,29,11,0,26,21,0,16,29,1,6,29,11,0,26,21,0,16,29,1,6,29,1,6,29,11,0,26,21,0,16,29,1,6,29,11,0,26,21,0,16,29,1,6,29,1,6,29,11,0,26,21,0,16,29,1,6,29,11,0,26,21,0,16,29,1,6,21,1,5,21,8,0,19,16,0,12,21,1,5,21,8,0,19,16,0,12,21,1,5,0,0,0,0,0,0,0,0,0,0,0,0,0,0,0,0,0,0,0,0,0,0,0,7,7,7,7,7,7,7,7,7,7,7,7,7,7,7,7,7,7,7,7,7,7,7,8,8,8,8,8,8,8,8,8,8,8,8,8,8,8,8,8,8,8,8,8,8,8,0,1,9,0,6,4,0,11,0,1,9,0,6,4,0,11,0,1,9,0,6,4,0,0,3,18,0,13,8,0,22,0,3,18,0,13,8,0,22,0,3,18,0,13,8,0,0,3,18,0,13,8,0,22,0,3,18,0,13,8,0,22,0,3,18,0,13,8,0,0,3,18,0,13,8,0,22,0,3,18,0,13,8,0,22,0,3,18,0,13,8,0
0,0,0,0,0,0,0,0,0,0,0,0,0,0,0,0,0,0,0,0,0,16,29,0,13,27,8,0,22,27,0,0,0,0,0,23,27,0,3,27,19,0,0,0,3,5,0,2,16,8,0,23,4,0,0,0,0,0,4,23,0,3,20,3,0,0,0,0,0,0,9,13,8,0,22,5,3,0,9,0,1,7,22,0,3,18,9,0,1,7,0,5,0,22,13,8,0,22,13,8,0,22,0,3,18,22,0,3,18,22,0,3,18,0,13,6,22,13,8,0,22,13,10,6,22,5,7,18,22,0,3,18,22,5,7,18,0,13,18,22,13,8,0,22,13,12,18,22,13,12,18,22,0,3,18,22,13,12,18,0,13,18,22,13,8,0,22,13,12,18,22,13,12,18,22,0,3,18,22,13,12,18,0,13,18,22,13,8,0,22,13,12,18,22,13,12,18,22,0,3,18,22,13,12,18,0,13,13,22,9,6,0,16,13,11,13,22,9,10,18,16,0,2,13,22,9,10,18,0,13,0,22,0,0,3,0,13,9,0,3,0,4,18,0,2,1,0,22,0,0,3,0,2,18,22,13,12,18,22,13,12,18,3,13,12,18,22,13,12,18,22,13,9,3,0,2,18,22,13,12,18,22,13,12,18,22,13,12,18,22,13,12,18,22,13,12,18,0,13,6,22,5,7,18,8,13,10,6,22,5,7,18,8,13,10,6,22,5,7,18,0,13,0,22,6,8,18,10,13,8,0,22,0,3,18,10,13,10,8,22,0,3,18,0,13,1,22,13,12,18,22,13,9,1,22,0,4,18,22,13,12,18,22,0,4,18,0,13,18,22,13,12,18,22,13,12,18,22,13,12,18,22,13,12,18,22,13,12,18,0,13,18,22,10,10,18,17,13,12,18,22,13,12,18,17,13,12,14,22,13,12,18,0,13,18,22,0,3,18,0,13,12,18,22,13,12,18,0,13,8,0,22,13,12,18,0,13,0,22,0,3,18,0,13,8,0,22,0,3,18,0,13,8,0,22,0,3,18,0,13,0,22,0,3,18,0,13,8,0,22,0,3,18,0,13,8,0,22,0,3,18,0,13,0,22,0,0,0,0,13,8,0,0,0,3,18,0,0,0,0,22,0,0,0,0,0,10,23,25,11,15,20,27,11,10,3,7,9,28,25,11,10,25,28,7,5,3,0,2
18,0,0,1,9,9,0,0,8,11,6,4,0,0,2,4,4,29,8,4,4,3,0,18,0,0,3,18,16,0,0,15,22,13,8,0,0,1,1,6,28,8,2,0,0,1,18,0,0,3,18,16,0,0,15,22,13,8,0,0,13,9,15,28,14,9,18,0,13,18,0,0,3,18,16,0,0,15,22,13,8,0,0,13,9,15,28,14,9,18,0,13,18,0,0,3,18,16,0,0,13,22,13,8,0,0,13,9,13,28,13,7,10,0,13,4,0,0,3,14,2,0,0,0,3,6,4,0,0,2,1,0,28,3,0,0,0,2,0,0,0,0,0,0,8,13,13,13,13,13,13,13,13,13,13,29,16,13,13,13,13,0,0,0,0,0,0,12,18,18,18,18,18,18,18,18,18,18,18,18,18,18,18,18,17,17,17,17,17,17,17,17,17,17,17,17,17,17,17,17,17,17,17,17,17,17,17,0,0,0,0,0,0,0,0,0,0,0,0,0,0,0,0,0,0,0,0,0,0,0,0,0,0,0,0,0,0,0,0,0,0,0,0,0,0,0,0,0,0,0,2,10,4,0,12,27,27,27,27,27,27,3,0,2,27,27,27,27,27,27,27,11,0,6,29,11,0,9,20,20,20,20,20,29,3,0,2,20,20,20,20,20,23,29,11,0,6,29,11,7,7,7,7,7,7,0,28,3,0,0,0,0,0,0,0,6,29,11,0,6,29,11,8,8,8,8,8,8,0,28,16,13,13,13,13,13,13,9,6,29,11,0,6,29,11,0,0,0,0,0,0,0,28,20,18,18,18,18,18,18,13,6,29,11,0,6,29,11,0,11,25,25,25,25,25,29,3,0,1,17,17,17,17,17,20,29,11,0,6,29,11,0,9,22,22,22,22,22,22,3,0,2,29,29,29,29,29,29,29,11,0,0,1,0,0,0,0,0,0,0,0,0,0,0,0,0,0,0,0,0,0,0,0,0,0,0,0,0,0,14,17,17,17,17,17,17,17,17,17,17,17,17,17,17,17,17,11,0,0,0,0,0,0,4,9,9,9,9,9,9,6,0,0,0,0,0,0,0,0,0,0,0,0,0,0,0,3,6,6,6,6,6,10,18,0,0,0,4,3,0,2,4,0,1,4,1,0,0,0,0,2,17,17,26,0,3,18,4,0,0,26,21,0,16,29,1,6,29,11
19,0,15,29,2,0,22,12,10,5,24,12,12,21,5,12,12,19,22,2,8,19,22,21,0,15,29,2,0,4,8,9,28,26,11,11,26,29,8,6,3,14,12,27,17,19,21,0,4,7,0,0,0,0,2,19,0,0,0,0,22,0,0,0,0,12,9,0,0,21,0,2,4,0,0,20,0,2,19,0,11,8,0,22,0,2,17,0,12,9,0,20,21,0,15,29,2,0,22,0,2,19,0,12,9,0,22,0,2,19,0,12,9,0,22,21,0,15,29,2,0,22,12,12,19,0,12,9,0,22,12,12,19,22,12,9,0,22,21,0,15,29,2,0,22,12,12,19,16,12,12,14,22,12,12,19,22,12,12,14,22,21,0,15,29,2,0,22,12,12,19,22,12,12,19,22,12,12,19,22,12,12,19,22,21,0,15,29,2,0,22,1,4,19,22,12,12,19,22,1,4,19,3,12,12,19,22,21,0,15,29,2,0,22,0,2,19,11,12,11,9,22,0,2,19,0,12,11,9,22,21,0,15,29,2,0,22,4,6,19,7,12,10,6,22,4,6,19,7,12,10,6,22,21,0,15,29,2,0,22,12,12,19,22,12,12,19,22,12,12,19,22,12,12,19,22,21,0,15,29,2,0,4,12,12,19,22,12,12,19,22,12,10,3,22,12,12,19,22,21,0,15,29,2,0,3,0,3,19,1,2,2,1,22,0,1,2,1,12,10,1,4,21,0,15,29,2,0,22,8,9,19,15,0,1,13,22,8,9,19,15,12,11,13,0,21,0,15,29,2,0,22,12,12,19,22,0,2,19,22,12,12,19,22,12,12,19,0,21,0,15,29,2,0,22,12,12,19,22,0,2,19,22,12,12,19,22,12,12,19,0,21,0,15,29,2,0,22,12,12,19,22,0,2,19,22,12,12,19,22,12,12,19,0,21,0,15,29,2,0,22,5,7,19,22,0,2,19,22,5,7,19,9,12,12,19,0,21,0,15,29,2,0,22,0,2,19,22,0,2,19,22,0,2,19,0,12,12,19,0,21,0,15,29,2,0,10,0,1,8,22,0,2,19,9,0,1,9,0,5,7,19,0,21,0,15,29,2,0,0,0,0,3,23,0,2,21,2,0,0,0,0,0,6,19,0,21,0,15,29,2,2,14,6,0,23,28,0,2,28,21,0,0,0,0,3,28,19,0
7,14,5,20,12,14,23,5,8,14,22,17,6,5,23,17,12,17,4,17,12,14,22,5,9,27,26,11,12,25,28,10,9,4,11,11,28,22,15,11,26,24,11,4,2,14,0,0,22,0,0,0,0,17,4,0,0,0,7,14,0,0,0,0,22,0,0,0,0,0,0,22,0,7,13,0,17,4,0,20,0,7,14,0,16,4,0,22,0,7,13,0,0,0,22,0,7,14,0,17,4,0,22,0,7,14,0,17,4,0,22,0,7,14,0,7,14,22,0,7,14,0,17,12,14,22,17,12,14,0,17,4,0,22,17,12,14,22,7,14,22,13,11,14,16,17,12,14,22,17,12,14,16,17,10,10,22,17,12,14,22,7,14,22,17,12,14,22,17,12,14,22,17,12,14,22,17,12,14,22,17,12,14,22,1,1,22,17,12,14,22,17,6,1,22,2,8,14,22,17,12,14,22,2,8,14,3,0,0,22,8,10,14,11,17,4,0,22,0,7,14,11,17,8,7,22,0,7,14,0,2,4,22,5,9,14,7,17,7,4,22,5,9,14,7,17,7,4,22,5,9,14,7,7,14,22,17,12,14,22,17,12,14,22,17,12,14,22,17,12,14,22,17,12,14,22,7,14,22,17,12,14,22,17,12,14,4,17,12,14,22,17,12,14,22,17,6,2,22,0,0,22,1,1,2,1,17,5,0,3,1,8,14,1,3,1,0,22,1,1,1,1,5,9,22,11,3,0,15,17,10,9,22,11,11,14,15,0,5,9,22,11,11,14,15,7,14,22,17,4,0,22,17,12,14,22,17,12,14,22,0,7,14,22,17,12,14,22,7,14,22,17,4,0,22,17,12,14,22,17,12,14,22,0,7,14,22,17,12,14,22,7,14,22,17,4,0,22,17,12,14,22,17,12,14,22,0,7,14,22,17,12,14,22,3,6,22,17,4,0,22,17,8,6,22,7,10,14,22,0,7,14,22,7,10,14,9,0,0,22,17,4,0,22,17,4,0,22,0,7,14,22,0,7,14,22,0,7,14,0,0,0,9,17,4,0,22,7,2,0,10,0,3,6,22,0,7,14,9,0,3,6,0,0,0,2,19,4,0,23,3,0,0,0,0,0,3,23,0,7,17,2,0,0,0,0,5,0,18,28,4,0,27,26,0,0,0,0,0,28,24,0,7,28,16,0,0,0,0
25,0,3,25,25,25,7,0,20,25,25,16,0,12,25,25,25,0,3,25,25,25,7,24,0,3,21,10,17,8,0,23,8,11,18,0,13,14,9,24,0,3,21,10,17,8,22,0,3,18,22,13,8,0,22,13,12,18,0,13,12,18,22,0,3,18,22,13,8,22,0,1,5,22,13,8,0,6,13,12,18,0,3,6,18,22,0,1,5,22,13,8,22,0,1,1,23,13,8,0,1,15,12,18,0,1,5,18,22,0,1,1,23,13,8,22,0,20,29,28,13,8,10,29,29,12,18,0,29,29,18,22,0,20,29,28,13,8,22,0,0,0,0,13,8,0,0,0,4,18,0,0,0,0,22,0,0,0,0,13,8,28,0,3,27,27,28,8,0,22,27,28,18,0,13,27,27,28,0,3,27,27,28,8,23,0,3,20,4,16,8,0,23,4,8,18,0,13,12,4,23,0,3,20,4,16,8,22,8,9,18,13,13,11,11,22,8,9,18,13,13,11,11,22,8,9,18,13,13,11,22,13,12,18,22,13,12,18,22,13,12,18,22,13,12,18,22,13,12,18,22,13,12,22,13,12,18,22,13,12,18,22,13,12,18,22,13,12,18,22,13,12,18,22,13,12,22,13,12,18,22,13,12,18,22,13,12,18,22,13,12,18,22,13,12,18,22,13,12,22,4,6,18,6,13,10,5,22,4,6,18,6,13,10,5,22,4,6,18,6,13,10,22,0,3,18,0,13,8,0,22,0,3,18,0,13,8,0,22,0,3,18,0,13,8,22,0,3,18,0,13,8,0,22,0,3,18,0,13,8,0,22,0,3,18,0,13,8,22,0,3,18,0,13,8,0,22,0,3,18,0,13,8,0,22,0,3,18,0,13,8,22,0,3,18,0,13,8,0,22,0,3,18,0,13,8,0,22,0,3,18,0,13,8,9,0,1,8,0,6,3,0,9,0,1,8,0,6,3,0,9,0,1,8,0,6,3,11,11,11,11,11,11,11,11,11,11,11,11,11,11,11,11,11,11,11,11,11,11,11,4,4,4,4,4,4,4,4,4,4,4,4,4,4,4,4,4,4,4,4,4,4,4,15,0,2,15,15,15,4,0,12,15,15,10,0,7,15,15,15,0,2,15,15,15,4,24,0,3,23,17,21,8,0,21,17,18,17,0,12,19,17,24,0,3,23,17,21,8
25,0,3,25,25,25,7,0,20,25,25,16,0,12,25,25,25,0,3,25,25,25,7,24,0,3,21,10,17,8,0,23,8,11,18,0,13,14,9,24,0,3,21,10,17,8,22,0,3,18,22,13,8,0,22,13,12,18,0,13,12,18,22,0,3,18,22,13,8,22,0,1,5,22,13,8,0,6,13,12,18,0,3,6,18,22,0,1,5,22,13,8,22,0,1,1,23,13,8,0,1,15,12,18,0,1,5,18,22,0,1,1,23,13,8,22,0,20,29,28,13,8,10,29,29,12,18,0,29,29,18,22,0,20,29,28,13,8,22,0,0,0,0,13,8,0,0,0,4,18,0,0,0,0,22,0,0,0,0,13,8,28,0,3,27,27,28,8,0,22,27,28,18,0,13,27,27,28,0,3,27,27,28,8,23,0,3,20,4,16,8,0,23,4,8,18,0,13,12,4,23,0,3,20,4,16,8,22,8,9,18,13,13,11,11,22,8,9,18,13,13,11,11,22,8,9,18,13,13,11,22,13,12,18,22,13,12,18,22,13,12,18,22,13,12,18,22,13,12,18,22,13,12,22,13,12,18,22,13,12,18,22,13,12,18,22,13,12,18,22,13,12,18,22,13,12,22,13,12,18,22,13,12,18,22,13,12,18,22,13,12,18,22,13,12,18,22,13,12,22,4,6,18,6,13,10,5,22,4,6,18,6,13,10,5,22,4,6,18,6,13,10,22,0,3,18,0,13,8,0,22,0,3,18,0,13,8,0,22,0,3,18,0,13,8,22,0,3,18,0,13,8,0,22,0,3,18,0,13,8,0,22,0,3,18,0,13,8,22,0,3,18,0,13,8,0,22,0,3,18,0,13,8,0,22,0,3,18,0,13,8,22,0,3,18,0,13,8,0,22,0,3,18,0,13,8,0,22,0,3,18,0,13,8,9,0,1,8,0,6,3,0,9,0,1,8,0,6,3,0,9,0,1,8,0,6,3,11,11,11,11,11,11,11,11,11,11,11,11,11,11,11,11,11,11,11,11,11,11,11,4,4,4,4,4,4,4,4,4,4,4,4,4,4,4,4,4,4,4,4,4,4,4,15,0,2,15,15,15,4,0,12,15,15,10,0,7,15,15,15,0,2,15,15,15,4,24,0,3,23,17,21,8,0,21,17,18,17,0,12,19,17,24,0,3,23,17,21,8
25,10,0,23,19,0,14,25,1,6,25,10,0,23,19,0,14,25,1,6,25,10,0,29,11,0,26,21,0,16,29,1,6,29,11,0,26,21,0,16,29,1,6,29,11,0,29,11,0,26,21,0,16,29,1,6,29,11,0,26,21,0,16,29,1,6,29,11,0,29,11,0,26,21,0,16,29,1,6,29,11,0,26,21,0,16,29,1,6,29,11,0,29,11,0,26,21,0,16,29,1,6,29,11,0,26,21,0,16,29,1,6,29,11,0,29,11,0,26,21,0,16,29,1,6,29,11,0,26,21,0,16,29,1,6,29,11,0,17,6,0,15,12,0,9,17,1,3,17,6,0,15,12,0,9,17,1,3,17,6,0,0,0,0,0,0,0,0,0,0,0,0,0,0,0,0,0,0,0,0,0,0,0,0,12,12,12,12,12,12,12,12,12,12,12,12,12,12,12,12,12,12,12,12,12,12,12,3,3,3,3,3,3,3,3,3,3,3,3,3,3,3,3,3,3,3,3,3,3,3,0,0,0,0,0,0,0,0,0,0,0,0,0,0,0,0,0,0,0,0,0,0,0,19,7,0,17,14,0,11,19,1,4,19,7,0,17,14,0,11,19,1,4,19,7,0,29,11,0,26,21,0,16,29,1,6,29,11,0,26,21,0,16,29,1,6,29,11,0,29,11,0,26,21,0,16,29,1,6,29,11,0,26,21,0,16,29,1,6,29,11,0,29,11,0,26,21,0,16,29,1,6,29,11,0,26,21,0,16,29,1,6,29,11,0,29,11,0,26,21,0,16,29,1,6,29,11,0,26,21,0,16,29,1,6,29,11,0,4,1,0,4,3,0,2,4,0,1,4,1,0,4,3,0,2,4,0,1,4,1,0,0,0,0,0,0,0,0,0,0,0,0,0,0,0,0,0,0,0,0,0,0,0,0,0,0,0,0,0,0,0,0,0,0,0,0,0,0,0,0,0,0,0,0,0,0,0,17,17,17,17,17,17,17,17,17,17,17,17,17,17,17,17,17,17,17,17,17,17,17,0,0,0,0,0,0,0,0,0,0,0,0,0,0,0,0,0,0,0,0,0,0,0,0,0,0,0,0,0,0,0,0,0,0,0,0,0,0,0,0,0,0,0,0,0,0,9,3,0,8,7,0,5,9,0,2,9,3,0,8,7,0,5,9,0,2,9,3,0
6,4,3,5,6,0,1,5,0,4,3,5,6,4,3,5,0,4,2,0,6,4,3,22,5,7,18,9,0,1,7,0,5,7,18,9,13,10,7,0,5,3,0,9,13,10,22,0,3,18,0,0,0,0,0,0,3,18,0,13,8,0,0,0,0,0,0,13,8,22,0,4,18,0,0,0,0,0,0,4,18,0,13,9,0,0,0,0,0,0,13,9,22,13,12,18,22,0,0,0,0,13,12,18,22,13,12,18,0,0,0,0,22,13,12,22,13,12,18,22,0,0,3,0,13,12,18,22,13,12,18,0,2,1,0,22,13,12,22,13,12,18,22,0,3,18,0,13,12,18,22,13,12,18,0,13,8,0,22,13,12,22,13,12,18,22,0,3,18,0,13,12,18,22,13,12,18,0,13,8,0,22,13,12,18,13,12,15,22,0,3,18,0,13,12,15,22,11,11,18,0,13,8,0,22,11,11,0,13,8,0,22,0,3,18,0,13,8,0,22,0,3,18,0,13,8,0,22,0,3,19,13,12,15,22,11,11,18,19,13,12,15,22,11,11,18,19,13,12,15,22,11,11,22,13,12,18,22,13,12,18,22,13,12,18,22,13,12,18,22,13,12,18,22,13,12,22,12,12,18,20,13,12,17,22,12,12,18,20,13,12,17,22,12,12,18,20,13,12,24,0,3,21,6,17,8,0,23,6,10,18,0,13,13,6,24,0,3,21,6,17,8,28,0,3,28,25,27,8,0,23,25,26,18,0,13,27,25,28,0,3,28,25,27,8,22,0,3,18,0,13,8,0,22,0,3,18,0,13,8,0,22,0,3,18,0,13,8,22,0,3,18,0,13,8,0,22,0,3,18,0,13,8,0,22,0,3,18,0,13,8,22,0,3,18,0,13,8,0,22,0,3,18,0,13,8,0,22,0,3,18,0,13,8,22,0,3,18,0,13,8,0,22,0,3,18,0,13,8,0,22,0,3,18,0,13,8,22,0,3,18,0,13,8,0,22,0,3,18,0,13,8,0,22,0,3,18,0,13,8,13,0,2,10,0,7,5,0,13,0,2,10,0,7,5,0,13,0,2,10,0,7,5,6,6,6,6,6,6,6,6,6,6,6,6,6,6,6,6,6,6,6,6,6,6,6,9,9,9,9,9,9,9,9,9,9,9,9,9,9,9,9,9,9,9,9,9,9,9
11,18,19,13,12,15,22,11,11,18,19,13,12,15,22,11,11,18,19,13,12,15,22,3,18,0,13,8,0,22,0,3,18,0,13,8,0,22,0,3,18,0,13,8,0,22,28,18,0,13,28,27,28,0,3,29,27,28,8,0,23,27,28,18,0,13,28,27,28,8,18,0,2,4,4,23,0,0,4,4,16,8,0,3,4,8,18,0,2,4,4,23,11,18,0,23,23,15,22,0,16,23,23,13,8,8,23,23,11,18,0,23,23,15,22,12,18,0,8,11,18,22,0,6,8,24,13,8,3,8,18,12,18,0,8,11,18,22,12,18,0,0,3,18,22,0,0,0,22,13,8,0,0,13,12,18,0,0,3,18,22,12,18,0,13,12,18,22,0,3,18,22,13,8,0,22,13,12,18,0,13,12,18,22,4,18,0,13,9,1,22,0,3,18,2,13,8,0,22,1,4,18,0,13,9,1,22,29,18,0,13,29,29,28,0,3,29,29,29,8,0,23,29,29,18,0,13,29,29,28,2,1,0,1,2,2,2,0,0,2,2,2,0,0,2,2,2,1,0,1,2,2,2,17,17,17,17,17,17,17,17,17,17,17,17,17,17,17,17,17,17,17,17,17,17,17,0,0,0,0,0,0,0,0,0,0,0,0,0,0,0,0,0,0,0,0,0,0,0,3,16,0,12,7,0,19,0,3,16,0,12,7,0,19,0,3,16,0,12,7,0,19,3,18,0,13,8,0,22,0,3,18,0,13,8,0,22,0,3,18,0,13,8,0,22,3,18,0,13,8,0,22,0,3,18,0,13,8,0,22,0,3,18,0,13,8,0,22,3,18,0,13,8,0,22,0,3,18,0,13,8,0,22,0,3,18,0,13,8,0,22,3,18,0,13,8,0,22,0,3,18,0,13,8,0,22,0,3,18,0,13,8,0,22,10,18,16,13,11,13,22,10,10,18,16,13,11,13,22,10,10,18,16,13,11,13,22,12,18,22,13,12,18,22,13,12,18,22,13,12,18,22,13,12,18,22,13,12,18,22,12,18,22,13,12,18,22,13,12,18,22,13,12,18,22,13,12,18,22,13,12,18,22,12,18,22,13,12,18,22,13,12,18,22,13,12,18,22,13,12,18,22,13,12,18,22,5,18,3,13,9,3,22,2,5,18,3,13,9,3,22,2,5,18,3,13,9,3,22
11,18,19,13,12,15,22,11,11,18,19,13,12,15,22,11,11,18,19,13,12,15,22,3,18,0,13,8,0,22,0,3,18,0,13,8,0,22,0,3,18,0,13,8,0,22,28,18,0,13,28,27,28,0,3,29,27,28,8,0,23,27,28,18,0,13,28,27,28,8,18,0,2,4,4,23,0,0,4,4,16,8,0,3,4,8,18,0,2,4,4,23,11,18,0,23,23,15,22,0,16,23,23,13,8,8,23,23,11,18,0,23,23,15,22,12,18,0,8,11,18,22,0,6,8,24,13,8,3,8,18,12,18,0,8,11,18,22,12,18,0,0,3,18,22,0,0,0,22,13,8,0,0,13,12,18,0,0,3,18,22,12,18,0,13,12,18,22,0,3,18,22,13,8,0,22,13,12,18,0,13,12,18,22,4,18,0,13,9,1,22,0,3,18,2,13,8,0,22,1,4,18,0,13,9,1,22,29,18,0,13,29,29,28,0,3,29,29,29,8,0,23,29,29,18,0,13,29,29,28,2,1,0,1,2,2,2,0,0,2,2,2,0,0,2,2,2,1,0,1,2,2,2,17,17,17,17,17,17,17,17,17,17,17,17,17,17,17,17,17,17,17,17,17,17,17,0,0,0,0,0,0,0,0,0,0,0,0,0,0,0,0,0,0,0,0,0,0,0,3,16,0,12,7,0,19,0,3,16,0,12,7,0,19,0,3,16,0,12,7,0,19,3,18,0,13,8,0,22,0,3,18,0,13,8,0,22,0,3,18,0,13,8,0,22,3,18,0,13,8,0,22,0,3,18,0,13,8,0,22,0,3,18,0,13,8,0,22,3,18,0,13,8,0,22,0,3,18,0,13,8,0,22,0,3,18,0,13,8,0,22,3,18,0,13,8,0,22,0,3,18,0,13,8,0,22,0,3,18,0,13,8,0,22,10,18,16,13,11,13,22,10,10,18,16,13,11,13,22,10,10,18,16,13,11,13,22,12,18,22,13,12,18,22,13,12,18,22,13,12,18,22,13,12,18,22,13,12,18,22,12,18,22,13,12,18,22,13,12,18,22,13,12,18,22,13,12,18,22,13,12,18,22,12,18,22,13,12,18,22,13,12,18,22,13,12,18,22,13,12,18,22,13,12,18,22,5,18,3,13,9,3,22,2,5,18,3,13,9,3,22,2,5,18,3,13,9,3,22
18,0,13,10,8,22,6,7,18,0,13,8,0,22,6,7,18,9,13,8,0,22,0,18,4,13,9,3,22,2,5,18,4,13,9,3,22,2,5,18,4,13,9,3,22,2,18,22,13,12,18,22,13,12,18,22,13,12,18,22,13,12,18,22,13,12,18,22,13,18,22,13,12,18,22,13,12,18,22,13,12,18,22,13,12,18,22,13,12,18,22,13,10,22,7,8,18,12,13,11,10,22,7,8,18,12,13,11,10,22,7,8,18,12,13,0,23,17,19,18,0,13,21,17,26,0,3,25,17,23,8,0,23,17,19,18,0,13,0,23,14,16,18,0,13,19,14,25,0,3,24,14,21,8,0,23,14,16,18,0,13,0,22,0,3,18,0,13,8,0,22,0,3,18,0,13,8,0,22,0,3,18,0,13,0,22,0,3,18,0,13,8,0,22,0,3,18,0,13,8,0,22,0,3,18,0,13,0,22,0,3,18,0,13,8,0,22,0,3,18,0,13,8,0,22,0,3,18,0,13,0,22,0,3,18,0,13,8,0,22,0,3,18,0,13,8,0,22,0,3,18,0,13,0,22,0,3,18,0,13,8,0,22,0,3,18,0,13,8,0,22,0,3,18,0,13,0,4,0,0,3,0,2,1,0,4,0,0,3,0,2,1,0,4,0,0,3,0,2,17,17,17,17,17,17,17,17,17,17,17,17,17,17,17,17,17,17,17,17,17,17,17,0,0,0,0,0,0,0,0,0,0,0,0,0,0,0,0,0,0,0,0,0,0,0,0,6,10,0,2,10,4,0,9,8,0,6,10,0,2,10,4,0,9,8,0,6,10,0,16,29,1,6,29,11,0,26,21,0,16,29,1,6,29,11,0,26,21,0,16,29,0,16,29,1,6,29,11,0,26,21,0,16,29,1,6,29,11,0,26,21,0,16,29,0,16,29,1,6,29,11,0,26,21,0,16,29,1,6,29,11,0,26,21,0,16,29,0,16,29,1,6,29,11,0,26,21,0,16,29,1,6,29,11,0,26,21,0,16,29,0,16,29,1,6,29,11,0,26,21,0,16,29,1,6,29,11,0,26,21,0,16,29,0,16,29,1,6,29,11,0,26,21,0,16,29,1,6,29,11,0,26,21,0,16,29,0,16,29,1,0,1,0,0,1,1,0,1,1,0,0,1,0,0,1,1,0,1,1
21,0,15,29,2,0,22,0,0,1,18,1,3,15,2,0,2,19,0,1,3,15,2,21,0,15,29,2,0,22,0,0,0,22,0,2,19,0,0,2,19,0,0,2,19,0,21,0,15,29,2,0,22,7,5,0,22,12,12,19,0,7,8,19,13,0,2,19,21,21,0,15,29,2,0,22,12,9,0,22,12,12,19,0,12,12,19,22,0,2,19,22,21,0,15,29,2,0,22,12,10,5,24,12,12,21,5,12,12,19,22,2,8,19,22,4,0,3,5,0,0,4,8,9,28,26,11,11,26,29,8,6,3,14,12,27,17,19,5,0,3,6,0,0,0,0,2,19,0,0,0,0,22,0,0,0,0,12,9,0,0,21,0,15,29,2,0,20,0,2,19,0,11,8,0,22,0,2,17,0,12,9,0,20,21,0,15,29,2,0,22,0,2,19,0,12,9,0,22,0,2,19,0,12,9,0,22,21,0,15,29,2,0,22,12,12,19,0,12,9,0,22,12,12,19,22,12,9,0,22,21,0,15,29,2,0,22,12,12,19,16,12,12,14,22,12,12,19,22,12,12,14,22,21,0,15,29,2,0,22,12,12,19,22,12,12,19,22,12,12,19,22,12,12,19,22,21,0,15,29,2,0,22,1,4,19,22,12,12,19,22,1,4,19,3,12,12,19,22,21,0,15,29,2,0,22,0,2,19,11,12,11,9,22,0,2,19,0,12,11,9,22,21,0,15,29,2,0,22,4,6,19,7,12,10,6,22,4,6,19,7,12,10,6,22,21,0,15,29,2,0,22,12,12,19,22,12,12,19,22,12,12,19,22,12,12,19,22,21,0,15,29,2,0,4,12,12,19,22,12,12,19,22,12,10,3,22,12,12,19,22,21,0,15,29,2,0,3,0,3,19,1,2,2,1,22,0,1,2,1,12,10,1,4,21,0,15,29,2,0,22,8,9,19,15,0,1,13,22,8,9,19,15,12,11,13,0,21,0,15,29,2,0,22,12,12,19,22,0,2,19,22,12,12,19,22,12,12,19,0,21,0,15,29,2,0,22,12,12,19,22,0,2,19,22,12,12,19,22,12,12,19,0,21,0,15,29,2,0,22,12,12,19,22,0,2,19,22,12,12,19,22,12,12,19,0,21,0,15,29,2,0,22,5,7,19,22,0,2,19,22,5,7,19,9,12,12,19,0
8,0,0,0,16,29,1,6,29,11,0,26,21,0,16,29,1,6,29,11,0,26,21,8,0,0,0,0,0,0,0,0,0,0,0,0,0,0,0,0,0,0,0,0,0,0,8,0,0,0,0,0,0,0,0,0,0,0,0,0,0,0,0,0,0,0,0,0,0,8,0,0,0,0,0,0,0,0,0,0,0,0,0,0,0,0,0,0,0,0,0,0,8,0,0,0,8,17,17,17,17,17,17,17,17,17,17,17,17,17,17,17,17,17,17,8,0,0,0,0,0,0,0,0,0,0,0,0,0,0,0,0,0,0,0,0,0,0,8,0,0,0,0,0,0,0,0,0,0,0,0,0,0,0,0,0,0,0,0,0,0,8,0,0,0,10,18,1,4,18,7,0,17,13,0,10,18,1,4,18,7,0,17,13,8,0,0,0,16,29,1,6,29,11,0,26,21,0,16,29,1,6,29,11,0,26,21,8,0,0,0,16,29,1,6,29,11,0,26,21,0,16,29,1,6,29,11,0,26,21,8,0,0,0,16,29,1,6,29,11,0,26,21,0,16,29,1,6,29,11,0,26,21,8,0,0,0,16,29,1,6,29,11,0,26,21,0,16,29,1,6,29,11,0,26,21,8,0,0,0,3,5,0,1,5,2,0,5,4,0,3,5,0,1,5,2,0,5,4,8,0,0,0,0,0,0,0,0,0,0,0,0,0,0,0,0,0,0,0,0,0,0,8,0,0,0,3,7,7,7,7,7,7,7,7,7,7,7,7,7,7,7,7,7,7,8,0,0,0,4,8,8,8,8,8,8,8,8,8,8,8,8,8,8,8,8,8,8,8,0,0,0,0,0,0,0,0,0,0,0,0,0,0,0,0,0,0,0,0,0,0,8,0,0,0,16,29,1,6,29,11,0,26,21,0,16,29,1,6,29,11,0,26,21,8,0,0,0,16,29,1,6,29,11,0,26,21,0,16,29,1,6,29,11,0,26,21,8,0,0,0,16,29,1,6,29,11,0,26,21,0,16,29,1,6,29,11,0,26,21,8,0,0,0,16,29,1,6,29,11,0,26,21,0,16,29,1,6,29,11,0,26,21,8,0,0,0,16,29,1,6,29,11,0,26,21,0,16,29,1,6,29,11,0,26,21,6,0,0,0,16,29,1,6,29,11,0,26,21,0,16,29,1,6,29,11,0,26,21
4,4,1,13,9,4,4,2,3,18,3,4,4,0,22,2,4,4,1,13,9,4,4,23,15,0,13,25,23,23,0,3,27,23,23,7,0,23,23,23,15,0,13,25,23,23,11,18,0,13,15,8,24,0,3,22,8,18,8,0,23,8,11,18,0,13,15,8,24,8,18,10,13,10,8,22,6,8,18,10,13,10,8,22,6,8,18,10,13,10,8,22,12,18,22,13,12,18,22,13,12,18,22,13,12,18,22,13,12,18,22,13,12,18,22,12,18,22,13,12,18,22,13,12,18,22,13,12,18,22,13,12,18,22,13,12,18,22,12,18,22,13,12,18,22,13,12,18,22,13,12,18,22,13,12,18,22,13,12,18,22,7,18,9,13,10,8,22,6,7,18,9,13,10,8,22,6,7,18,9,13,10,8,22,3,18,0,13,8,0,22,0,3,18,0,13,8,0,22,0,3,18,0,13,8,0,22,3,18,0,13,8,0,22,0,3,18,0,13,8,0,22,0,3,18,0,13,8,0,22,3,18,0,13,8,0,22,0,3,18,0,13,8,0,22,0,3,18,0,13,8,0,22,3,18,0,13,8,0,22,0,3,18,0,13,8,0,22,0,3,18,0,13,8,0,22,2,10,0,7,5,0,13,0,2,10,0,7,5,0,13,0,2,10,0,7,5,0,13,7,7,7,7,7,7,7,7,7,7,7,7,7,7,7,7,7,7,7,7,7,7,7,8,8,8,8,8,8,8,8,8,8,8,8,8,8,8,8,8,8,8,8,8,8,8,11,7,0,5,11,11,11,0,1,11,11,11,3,0,9,11,11,7,0,5,11,11,11,22,18,0,13,23,20,27,0,3,26,20,25,8,0,23,20,22,18,0,13,23,20,27,9,18,0,13,11,12,22,0,3,18,15,13,8,0,22,9,9,18,0,13,11,12,22,12,18,0,10,10,18,22,0,2,13,22,13,8,0,16,13,12,18,0,10,10,18,22,12,18,0,0,3,18,22,0,0,0,22,13,8,0,0,13,12,18,0,0,3,18,22,12,18,0,17,19,18,22,0,12,17,26,13,8,6,17,23,12,18,0,17,19,18,22,8,18,0,14,14,9,22,0,10,14,14,13,8,5,14,14,8,18,0,14,14,9,22,16,18,0,6,13,13,25,0,1,13,13,21,8,0,11,13,16,18,0,6,13,13,25
4,4,1,13,9,4,4,2,3,18,3,4,4,0,22,2,4,4,1,13,9,4,4,23,15,0,13,25,23,23,0,3,27,23,23,7,0,23,23,23,15,0,13,25,23,23,11,18,0,13,15,8,24,0,3,22,8,18,8,0,23,8,11,18,0,13,15,8,24,8,18,10,13,10,8,22,6,8,18,10,13,10,8,22,6,8,18,10,13,10,8,22,12,18,22,13,12,18,22,13,12,18,22,13,12,18,22,13,12,18,22,13,12,18,22,12,18,22,13,12,18,22,13,12,18,22,13,12,18,22,13,12,18,22,13,12,18,22,12,18,22,13,12,18,22,13,12,18,22,13,12,18,22,13,12,18,22,13,12,18,22,7,18,9,13,10,8,22,6,7,18,9,13,10,8,22,6,7,18,9,13,10,8,22,3,18,0,13,8,0,22,0,3,18,0,13,8,0,22,0,3,18,0,13,8,0,22,3,18,0,13,8,0,22,0,3,18,0,13,8,0,22,0,3,18,0,13,8,0,22,3,18,0,13,8,0,22,0,3,18,0,13,8,0,22,0,3,18,0,13,8,0,22,3,18,0,13,8,0,22,0,3,18,0,13,8,0,22,0,3,18,0,13,8,0,22,2,10,0,7,5,0,13,0,2,10,0,7,5,0,13,0,2,10,0,7,5,0,13,7,7,7,7,7,7,7,7,7,7,7,7,7,7,7,7,7,7,7,7,7,7,7,8,8,8,8,8,8,8,8,8,8,8,8,8,8,8,8,8,8,8,8,8,8,8,11,7,0,5,11,11,11,0,1,11,11,11,3,0,9,11,11,7,0,5,11,11,11,22,18,0,13,23,20,27,0,3,26,20,25,8,0,23,20,22,18,0,13,23,20,27,9,18,0,13,11,12,22,0,3,18,15,13,8,0,22,9,9,18,0,13,11,12,22,12,18,0,10,10,18,22,0,2,13,22,13,8,0,16,13,12,18,0,10,10,18,22,12,18,0,0,3,18,22,0,0,0,22,13,8,0,0,13,12,18,0,0,3,18,22,12,18,0,17,19,18,22,0,12,17,26,13,8,6,17,23,12,18,0,17,19,18,22,8,18,0,14,14,9,22,0,10,14,14,13,8,5,14,14,8,18,0,14,14,9,22,16,18,0,6,13,13,25,0,1,13,13,21,8,0,11,13,16,18,0,6,13,13,25
12,18,0,7,10,18,22,0,5,7,24,13,8,2,7,18,12,18,0,7,10,18,22,11,18,0,25,25,15,22,0,17,25,24,13,8,9,25,25,11,18,0,25,25,15,22,7,18,0,1,3,3,23,0,0,3,3,16,8,0,3,3,7,18,0,1,3,3,23,29,18,0,13,29,28,28,0,3,29,28,29,8,0,23,28,29,18,0,13,29,28,28,3,18,0,13,8,0,22,0,3,18,0,13,8,0,22,0,3,18,0,13,8,0,22,11,18,18,13,12,15,22,11,11,18,18,13,12,15,22,11,11,18,18,13,12,15,22,12,18,22,13,12,18,22,13,12,18,22,13,12,18,22,13,12,18,22,13,12,18,22,12,18,22,13,12,18,22,13,12,18,22,13,12,18,22,13,12,18,22,13,12,18,22,12,18,22,13,12,18,22,13,12,18,22,13,12,18,22,13,12,18,22,13,12,18,22,4,18,2,13,9,1,22,1,4,18,2,13,9,1,22,1,4,18,2,13,9,1,22,3,18,0,13,8,0,22,0,3,18,0,13,8,0,22,0,3,18,0,13,8,0,22,3,18,0,13,8,0,22,0,3,18,0,13,8,0,22,0,3,18,0,13,8,0,22,3,18,0,13,8,0,22,0,3,18,0,13,8,0,22,0,3,18,0,13,8,0,22,3,18,0,13,8,0,22,0,3,18,0,13,8,0,22,0,3,18,0,13,8,0,22,0,4,0,3,2,0,5,0,0,4,0,3,2,0,5,0,0,4,0,3,2,0,5,17,17,17,17,17,17,17,17,17,17,17,17,17,17,17,17,17,17,17,17,17,17,17,0,0,0,0,0,0,0,0,0,0,0,0,0,0,0,0,0,0,0,0,0,0,0,21,13,0,10,21,21,21,0,2,21,21,21,6,0,17,21,21,13,0,10,21,21,21,13,18,0,13,16,10,25,0,3,23,10,19,8,0,23,10,13,18,0,13,16,10,25,10,18,0,13,11,13,22,0,3,18,16,13,8,0,22,10,10,18,0,13,11,13,22,10,7,0,13,12,18,9,0,3,18,22,5,3,0,22,13,10,7,0,13,12,18,9,8,0,0,13,12,18,0,0,3,18,22,0,0,0,22,13,8,0,0,13,12,18,0,28,27,6,13,12,29,27,15,3,18,23,27,25,0,22,13,28,27,6,13,12,29,27
12,18,0,7,10,18,22,0,5,7,24,13,8,2,7,18,12,18,0,7,10,18,22,11,18,0,25,25,15,22,0,17,25,24,13,8,9,25,25,11,18,0,25,25,15,22,7,18,0,1,3,3,23,0,0,3,3,16,8,0,3,3,7,18,0,1,3,3,23,29,18,0,13,29,28,28,0,3,29,28,29,8,0,23,28,29,18,0,13,29,28,28,3,18,0,13,8,0,22,0,3,18,0,13,8,0,22,0,3,18,0,13,8,0,22,11,18,18,13,12,15,22,11,11,18,18,13,12,15,22,11,11,18,18,13,12,15,22,12,18,22,13,12,18,22,13,12,18,22,13,12,18,22,13,12,18,22,13,12,18,22,12,18,22,13,12,18,22,13,12,18,22,13,12,18,22,13,12,18,22,13,12,18,22,12,18,22,13,12,18,22,13,12,18,22,13,12,18,22,13,12,18,22,13,12,18,22,4,18,2,13,9,1,22,1,4,18,2,13,9,1,22,1,4,18,2,13,9,1,22,3,18,0,13,8,0,22,0,3,18,0,13,8,0,22,0,3,18,0,13,8,0,22,3,18,0,13,8,0,22,0,3,18,0,13,8,0,22,0,3,18,0,13,8,0,22,3,18,0,13,8,0,22,0,3,18,0,13,8,0,22,0,3,18,0,13,8,0,22,3,18,0,13,8,0,22,0,3,18,0,13,8,0,22,0,3,18,0,13,8,0,22,0,4,0,3,2,0,5,0,0,4,0,3,2,0,5,0,0,4,0,3,2,0,5,17,17,17,17,17,17,17,17,17,17,17,17,17,17,17,17,17,17,17,17,17,17,17,0,0,0,0,0,0,0,0,0,0,0,0,0,0,0,0,0,0,0,0,0,0,0,21,13,0,10,21,21,21,0,2,21,21,21,6,0,17,21,21,13,0,10,21,21,21,13,18,0,13,16,10,25,0,3,23,10,19,8,0,23,10,13,18,0,13,16,10,25,10,18,0,13,11,13,22,0,3,18,16,13,8,0,22,10,10,18,0,13,11,13,22,10,7,0,13,12,18,9,0,3,18,22,5,3,0,22,13,10,7,0,13,12,18,9,8,0,0,13,12,18,0,0,3,18,22,0,0,0,22,13,8,0,0,13,12,18,0,28,27,6,13,12,29,27,15,3,18,23,27,25,0,22,13,28,27,6,13,12,29,27
0,0,2,19,22,12,12,19,22,0,0,0,0,12,12,19,22,12,12,19,0,0,0,8,0,2,19,22,12,12,19,22,0,2,17,0,12,12,19,22,12,12,19,0,11,8,8,0,2,19,22,12,12,19,22,0,2,19,0,12,12,19,22,12,12,19,0,12,9,8,0,2,19,22,12,12,19,22,0,2,19,0,12,12,19,22,12,12,19,0,12,9,8,0,2,19,2,12,10,1,22,0,2,19,0,12,10,1,22,1,3,19,0,12,9,8,6,8,19,12,12,11,10,22,6,8,19,12,12,11,10,22,6,8,19,12,12,9,8,12,12,19,22,12,12,19,22,12,12,19,22,12,12,19,22,12,12,19,22,12,9,8,12,12,19,22,12,12,19,22,12,12,19,22,12,12,19,22,12,12,19,22,12,9,1,12,10,3,22,2,4,19,4,12,10,3,22,2,4,19,4,12,10,3,22,2,1,0,12,28,27,29,0,2,29,27,28,9,0,22,27,28,19,0,12,28,27,29,0,0,0,12,13,4,24,0,2,21,4,15,9,0,22,4,7,19,0,12,13,4,24,0,0,0,12,9,0,22,0,2,19,0,12,9,0,22,0,2,19,0,12,9,0,22,0,0,0,12,9,0,22,0,2,19,0,12,9,0,22,0,2,19,0,12,9,0,22,0,0,0,12,9,0,22,0,2,19,0,12,9,0,22,0,2,19,0,12,9,0,22,0,0,0,12,9,0,22,0,2,19,0,12,9,0,22,0,2,19,0,12,9,0,22,0,0,0,11,8,0,19,0,2,17,0,11,8,0,19,0,2,17,0,11,8,0,19,0,0,0,0,0,0,0,0,0,0,0,0,0,0,0,0,0,0,0,0,0,0,0,0,0,5,17,17,17,17,17,17,17,17,17,17,17,17,17,17,17,17,17,17,17,17,17,1,0,0,1,1,1,0,0,1,1,1,0,0,1,1,1,1,0,0,1,1,1,0,0,0,12,29,29,29,0,2,29,29,29,9,0,22,29,29,19,0,12,29,29,29,0,0,0,12,10,2,23,0,2,20,2,13,9,0,22,1,4,19,0,12,10,2,23,0,0,0,12,12,19,22,0,2,19,22,12,9,0,22,12,12,19,0,12,12,19,22,0,0,0,0,3,19,22,0,0,1,22,12,9,0,1,12,12,19,0,0,3,19,22,0,0
19,18,0,13,21,17,26,0,3,25,17,23,8,0,23,17,19,18,0,13,21,17,26,16,18,0,6,14,14,25,0,1,14,14,21,8,0,11,14,16,18,0,6,14,14,25,8,18,0,13,13,8,22,0,9,13,13,13,8,5,13,13,8,18,0,13,13,8,22,12,18,0,18,20,18,22,0,13,18,26,13,8,6,18,24,12,18,0,18,20,18,22,12,18,0,0,3,18,22,0,0,0,22,13,8,0,0,13,12,18,0,0,3,18,22,12,18,0,9,9,18,22,0,2,12,22,13,8,0,15,13,12,18,0,9,9,18,22,10,18,0,13,11,13,22,0,3,18,16,13,8,0,22,9,10,18,0,13,11,13,22,21,18,0,13,22,19,26,0,3,26,19,24,8,0,23,19,21,18,0,13,22,19,26,12,8,0,6,12,12,12,0,1,12,12,12,3,0,10,12,12,8,0,6,12,12,12,7,7,7,7,7,7,7,7,7,7,7,7,7,7,7,7,7,7,7,7,7,7,7,8,8,8,8,8,8,8,8,8,8,8,8,8,8,8,8,8,8,8,8,8,8,8,2,10,0,6,4,0,12,0,1,9,0,7,4,0,11,0,2,10,0,6,4,0,12,3,18,0,13,8,0,22,0,3,18,0,13,8,0,22,0,3,18,0,13,8,0,22,3,18,0,13,8,0,22,0,3,18,0,13,8,0,22,0,3,18,0,13,8,0,22,3,18,0,13,8,0,22,0,3,18,0,13,8,0,22,0,3,18,0,13,8,0,22,3,18,0,13,8,0,22,0,3,18,0,13,8,0,22,0,3,18,0,13,8,0,22,7,18,9,13,10,7,22,5,7,18,9,13,10,7,22,5,7,18,9,13,10,7,22,12,18,22,13,12,18,22,13,12,18,22,13,12,18,22,13,12,18,22,13,12,18,22,12,18,22,13,12,18,22,13,12,18,22,13,12,18,22,13,12,18,22,13,12,18,22,12,18,22,13,12,18,22,13,12,18,22,13,12,18,22,13,12,18,22,13,12,18,22,8,18,11,13,10,9,22,6,8,18,11,13,10,9,22,6,8,18,11,13,10,9,22,10,18,0,13,14,7,24,0,3,21,7,18,8,0,23,7,10,18,0,13,14,7,24,25,15,0,13,26,25,24,0,3,28,25,25,7,0,23,25,25,15,0,13,26,25,24
19,18,0,13,21,17,26,0,3,25,17,23,8,0,23,17,19,18,0,13,21,17,26,16,18,0,6,14,14,25,0,1,14,14,21,8,0,11,14,16,18,0,6,14,14,25,8,18,0,13,13,8,22,0,9,13,13,13,8,5,13,13,8,18,0,13,13,8,22,12,18,0,18,20,18,22,0,13,18,26,13,8,6,18,24,12,18,0,18,20,18,22,12,18,0,0,3,18,22,0,0,0,22,13,8,0,0,13,12,18,0,0,3,18,22,12,18,0,9,9,18,22,0,2,12,22,13,8,0,15,13,12,18,0,9,9,18,22,10,18,0,13,11,13,22,0,3,18,16,13,8,0,22,9,10,18,0,13,11,13,22,21,18,0,13,22,19,26,0,3,26,19,24,8,0,23,19,21,18,0,13,22,19,26,12,8,0,6,12,12,12,0,1,12,12,12,3,0,10,12,12,8,0,6,12,12,12,7,7,7,7,7,7,7,7,7,7,7,7,7,7,7,7,7,7,7,7,7,7,7,8,8,8,8,8,8,8,8,8,8,8,8,8,8,8,8,8,8,8,8,8,8,8,2,10,0,6,4,0,12,0,1,9,0,7,4,0,11,0,2,10,0,6,4,0,12,3,18,0,13,8,0,22,0,3,18,0,13,8,0,22,0,3,18,0,13,8,0,22,3,18,0,13,8,0,22,0,3,18,0,13,8,0,22,0,3,18,0,13,8,0,22,3,18,0,13,8,0,22,0,3,18,0,13,8,0,22,0,3,18,0,13,8,0,22,3,18,0,13,8,0,22,0,3,18,0,13,8,0,22,0,3,18,0,13,8,0,22,7,18,9,13,10,7,22,5,7,18,9,13,10,7,22,5,7,18,9,13,10,7,22,12,18,22,13,12,18,22,13,12,18,22,13,12,18,22,13,12,18,22,13,12,18,22,12,18,22,13,12,18,22,13,12,18,22,13,12,18,22,13,12,18,22,13,12,18,22,12,18,22,13,12,18,22,13,12,18,22,13,12,18,22,13,12,18,22,13,12,18,22,8,18,11,13,10,9,22,6,8,18,11,13,10,9,22,6,8,18,11,13,10,9,22,10,18,0,13,14,7,24,0,3,21,7,18,8,0,23,7,10,18,0,13,14,7,24,25,15,0,13,26,25,24,0,3,28,25,25,7,0,23,25,25,15,0,13,26,25,24
26,21,1,28,29,29,27,0,21,29,29,29,7,11,29,29,29,17,0,0,6,29,11,26,21,1,1,26,21,0,0,2,16,29,1,0,3,6,29,11,3,0,0,6,29,11,26,21,13,8,26,21,0,3,18,16,29,1,0,22,6,29,11,22,0,0,6,29,11,26,21,13,8,26,21,0,3,18,16,29,1,0,22,6,29,11,22,0,0,6,29,11,26,21,11,7,26,21,0,3,15,16,29,1,0,19,6,29,11,19,0,0,6,29,11,26,24,7,7,27,24,7,7,7,20,29,9,7,7,13,29,16,5,0,0,6,29,11,26,29,29,29,29,29,29,29,29,29,29,29,29,29,29,29,29,20,0,0,2,11,4,9,10,10,10,10,10,10,10,10,10,10,10,10,10,10,10,10,7,0,0,0,0,0,17,17,17,17,17,17,17,17,17,17,17,17,17,17,17,17,17,17,17,17,17,17,17,0,0,0,0,0,0,0,0,0,0,0,0,0,0,0,0,0,0,0,0,0,0,0,4,5,5,5,5,5,5,5,5,5,5,5,5,5,5,5,5,3,0,0,0,0,0,21,29,29,29,29,29,29,29,29,29,29,29,29,29,29,29,29,17,0,0,5,25,9,9,12,12,12,28,25,12,12,12,12,12,12,28,25,12,12,12,7,0,0,6,29,11,0,0,0,0,26,21,0,0,0,0,0,0,26,21,0,0,0,0,0,0,6,29,11,10,13,13,0,26,21,1,13,13,13,13,0,26,21,1,13,13,8,0,0,6,29,11,14,18,17,0,26,21,1,18,18,18,17,0,26,21,1,18,18,11,0,0,6,29,11,13,17,17,17,28,26,17,17,17,10,1,17,28,26,17,17,17,10,0,0,0,0,0,21,29,29,29,29,29,29,29,29,17,1,29,29,29,29,29,29,17,0,0,0,0,0,0,0,0,0,0,0,0,0,0,0,0,0,0,0,0,0,0,0,0,0,0,0,0,17,17,17,17,17,17,17,17,17,17,17,17,17,17,17,17,17,17,17,11,0,0,14,9,9,9,9,9,9,9,9,9,9,9,9,9,9,9,9,9,9,9,4,0,0,0,22,22,22,22,22,22,22,22,22,22,22,22,22,22,22,22,22,22,27,13,0,0,0,0,0,0,6,0,0,0,0,0,1,5,0,0,0,0,0,4,2,18,13,0,0,0
21,0,15,29,2,0,22,0,0,0,19,0,2,16,0,0,2,19,0,0,2,16,0,21,0,15,29,2,0,22,0,2,19,0,12,9,0,22,0,2,19,0,12,9,0,22,21,0,15,29,2,0,22,0,2,19,22,12,12,19,22,0,2,19,0,12,12,19,22,11,0,15,29,2,0,22,0,2,19,22,12,12,19,22,0,2,19,0,12,12,19,22,0,0,15,29,2,0,8,0,1,7,22,4,6,19,8,0,1,7,0,4,6,19,8,19,0,15,29,2,0,0,0,0,0,22,0,2,19,0,0,0,0,0,0,2,19,0,21,0,15,29,2,0,0,0,0,1,22,0,3,19,1,0,0,0,0,0,3,19,1,21,0,4,7,0,0,0,0,2,19,22,12,12,19,22,0,0,0,0,12,12,19,22,21,0,2,4,0,0,5,0,2,19,22,12,12,19,22,0,0,4,0,12,12,19,22,21,0,15,29,2,0,22,0,2,19,22,12,12,19,22,0,2,19,0,12,12,19,22,21,0,15,29,2,0,22,0,2,19,22,12,12,19,22,0,2,19,0,12,12,19,22,21,0,15,29,2,0,22,0,2,19,17,12,12,15,22,0,2,19,0,12,12,15,22,21,0,15,29,2,0,22,0,2,19,0,12,9,0,22,0,2,19,0,12,9,0,22,21,0,15,29,2,0,22,11,11,19,19,12,12,17,22,11,11,19,19,12,12,17,22,21,0,15,29,2,0,22,12,12,19,22,12,12,19,22,12,12,19,22,12,12,19,22,21,0,15,29,2,0,19,12,12,17,22,11,11,19,19,12,12,17,22,11,11,19,19,21,0,15,29,2,0,0,12,15,7,24,0,2,22,7,17,9,0,22,7,10,19,0,21,0,15,29,2,0,0,12,26,25,28,0,2,28,25,27,9,0,22,25,25,19,0,21,0,15,29,2,0,0,12,9,0,22,0,2,19,0,12,9,0,22,0,2,19,0,21,0,15,29,2,0,0,12,9,0,22,0,2,19,0,12,9,0,22,0,2,19,0,21,0,15,29,2,0,0,12,9,0,22,0,2,19,0,12,9,0,22,0,2,19,0,21,0,15,29,2,0,0,12,9,0,22,0,2,19,0,12,9,0,22,0,2,19,0,21,0,15,29,2,0,0,12,9,0,22,0,2,19,0,12,9,0,22,0,2,19,0
0,0,0,0,0,0,0,0,0,0,0,0,0,0,0,0,0,0,0,0,0,0,0,0,0,0,0,0,0,0,0,0,0,0,0,0,0,0,0,0,0,0,0,0,0,0,8,8,8,8,8,8,8,8,8,8,8,8,8,8,8,8,8,8,8,8,8,8,8,7,7,7,7,7,7,7,7,7,7,7,7,7,7,7,7,7,7,7,7,7,7,7,2,10,0,7,5,0,13,0,2,10,0,7,5,0,13,0,2,10,0,7,5,0,13,3,18,0,13,8,0,22,0,3,18,0,13,8,0,22,0,3,18,0,13,8,0,22,3,18,0,13,8,0,22,0,3,18,0,13,8,0,22,0,3,18,0,13,8,0,22,3,18,0,13,8,0,22,0,3,18,0,13,8,0,22,0,3,18,0,13,8,0,22,3,18,0,13,8,0,22,0,3,18,0,13,8,0,22,0,3,18,0,13,8,0,22,7,18,9,13,10,8,22,6,7,18,9,13,10,8,22,6,7,18,9,13,10,8,22,12,18,22,13,12,18,22,13,12,18,22,13,12,18,22,13,12,18,22,13,12,18,22,12,18,22,13,12,18,22,13,12,18,22,13,12,18,22,13,12,18,22,13,12,18,22,12,18,22,13,12,18,22,13,12,18,22,13,12,18,22,13,12,18,22,13,12,18,22,8,18,10,13,10,8,22,6,8,18,10,13,10,8,22,6,8,18,10,13,10,8,22,11,18,0,13,15,8,24,0,3,22,8,18,8,0,23,8,11,18,0,13,15,8,24,24,18,0,11,23,23,27,0,3,23,23,26,8,0,19,23,24,18,0,11,23,23,27,5,18,0,4,4,3,22,0,3,4,4,13,8,1,4,4,5,18,0,4,4,3,22,12,18,0,27,28,18,22,0,19,27,28,13,8,10,27,28,12,18,0,27,28,18,22,12,18,0,0,3,18,22,0,0,0,22,13,8,0,0,13,12,18,0,0,3,18,22,12,18,0,5,7,18,22,0,1,6,22,13,8,0,8,13,12,18,0,5,7,18,22,4,6,0,4,4,6,7,0,1,6,7,4,2,0,7,4,4,6,0,4,4,6,7,0,0,0,0,0,0,0,0,0,0,0,0,0,0,0,0,0,0,0,0,0,0,0,0,0,0,0,0,0,0,0,0,0,0,0,0,0,0,0,0,0,0,0,0,0,0
0,0,0,0,0,0,0,0,0,0,0,0,0,0,0,0,0,0,0,0,0,0,0,0,0,0,0,0,0,0,0,0,0,0,0,0,0,0,0,0,0,0,0,0,0,0,8,8,8,8,8,8,8,8,8,8,8,8,8,8,8,8,8,8,8,8,8,8,8,7,7,7,7,7,7,7,7,7,7,7,7,7,7,7,7,7,7,7,7,7,7,7,2,10,0,7,5,0,13,0,2,10,0,7,5,0,13,0,2,10,0,7,5,0,13,3,18,0,13,8,0,22,0,3,18,0,13,8,0,22,0,3,18,0,13,8,0,22,3,18,0,13,8,0,22,0,3,18,0,13,8,0,22,0,3,18,0,13,8,0,22,3,18,0,13,8,0,22,0,3,18,0,13,8,0,22,0,3,18,0,13,8,0,22,3,18,0,13,8,0,22,0,3,18,0,13,8,0,22,0,3,18,0,13,8,0,22,7,18,9,13,10,8,22,6,7,18,9,13,10,8,22,6,7,18,9,13,10,8,22,12,18,22,13,12,18,22,13,12,18,22,13,12,18,22,13,12,18,22,13,12,18,22,12,18,22,13,12,18,22,13,12,18,22,13,12,18,22,13,12,18,22,13,12,18,22,12,18,22,13,12,18,22,13,12,18,22,13,12,18,22,13,12,18,22,13,12,18,22,8,18,10,13,10,8,22,6,8,18,10,13,10,8,22,6,8,18,10,13,10,8,22,11,18,0,13,15,8,24,0,3,22,8,18,8,0,23,8,11,18,0,13,15,8,24,24,18,0,11,23,23,27,0,3,23,23,26,8,0,19,23,24,18,0,11,23,23,27,5,18,0,4,4,3,22,0,3,4,4,13,8,1,4,4,5,18,0,4,4,3,22,12,18,0,27,28,18,22,0,19,27,28,13,8,10,27,28,12,18,0,27,28,18,22,12,18,0,0,3,18,22,0,0,0,22,13,8,0,0,13,12,18,0,0,3,18,22,12,18,0,5,7,18,22,0,1,6,22,13,8,0,8,13,12,18,0,5,7,18,22,4,6,0,4,4,6,7,0,1,6,7,4,2,0,7,4,4,6,0,4,4,6,7,0,0,0,0,0,0,0,0,0,0,0,0,0,0,0,0,0,0,0,0,0,0,0,0,0,0,0,0,0,0,0,0,0,0,0,0,0,0,0,0,0,0,0,0,0,0
0,26,21,0,16,29,1,6,29,11,0,0,22,0,3,18,0,6,29,11,0,0,3,0,0,0,0,0,0,0,0,0,0,0,0,22,0,3,18,0,0,0,0,0,0,3,0,0,0,0,0,0,0,0,0,0,0,0,22,0,3,18,0,0,0,0,0,0,3,0,0,0,0,0,0,0,0,0,0,0,0,22,0,3,18,0,0,0,0,0,0,0,17,17,17,17,17,17,17,17,0,0,0,0,22,0,3,18,0,0,8,17,17,17,17,0,0,0,0,0,0,0,0,0,0,0,0,22,0,3,18,0,0,0,0,0,0,0,0,0,0,0,0,0,0,0,0,0,0,0,22,0,3,18,0,0,0,0,0,0,0,0,17,13,0,10,18,1,4,18,7,0,0,22,0,3,18,0,4,18,7,0,0,0,0,26,21,0,16,29,1,6,29,11,0,0,22,0,3,18,0,6,29,11,0,0,5,0,26,21,0,16,29,1,6,29,11,0,0,22,0,3,18,0,6,29,11,0,0,9,0,26,21,0,16,29,1,6,29,11,0,0,22,0,3,18,0,6,29,11,0,0,0,0,26,21,0,16,29,1,6,29,11,0,0,22,0,3,18,0,6,29,11,0,0,0,0,5,4,0,3,5,0,1,5,2,0,0,22,0,3,18,0,1,5,2,0,0,0,0,0,0,0,0,0,0,0,0,0,0,0,22,0,3,18,0,0,0,0,0,0,0,7,7,7,7,7,7,7,7,0,0,0,0,22,0,3,18,0,0,3,7,7,7,7,8,8,8,8,8,8,8,8,0,0,0,0,22,0,3,18,0,0,4,8,8,8,8,0,0,0,0,0,0,0,0,0,0,0,0,22,0,3,18,0,0,0,0,13,27,27,0,26,21,0,16,29,1,6,29,11,0,0,22,0,3,18,0,0,0,0,2,4,4,0,26,21,0,16,29,1,6,29,11,0,0,22,0,3,18,0,0,0,0,12,0,0,0,26,21,0,16,29,1,6,29,11,0,0,22,0,3,18,0,0,0,0,22,6,4,0,26,21,0,16,29,1,6,29,11,0,0,22,0,3,18,0,0,0,0,22,13,9,0,26,21,0,16,29,1,6,29,11,0,0,22,0,2,13,0,0,0,0,22,10,7,0,26,21,0,16,29,1,6,29,11,0,0,17,0,0,0,0,0,0,0,22,0,0
8,0,22,0,2,19,0,12,9,0,0,0,2,19,0,12,9,0,22,0,2,19,0,8,0,22,0,2,19,0,12,9,0,0,0,2,19,0,12,9,0,22,0,2,19,0,24,23,28,0,2,27,23,26,9,0,0,0,2,27,23,26,9,0,22,23,24,19,0,14,8,25,0,2,22,8,18,9,0,0,0,2,22,8,18,9,0,22,8,11,19,0,11,16,22,10,11,19,19,12,12,16,0,10,11,19,19,12,12,16,22,10,11,19,19,11,19,22,12,12,19,22,12,12,19,0,12,12,19,22,12,12,19,22,12,12,19,22,11,19,20,12,12,17,22,11,11,19,0,12,12,17,22,11,11,19,20,12,12,17,22,2,19,0,12,9,0,22,0,2,19,0,12,9,0,22,0,2,19,0,12,9,0,22,2,19,16,12,12,14,22,0,2,19,0,12,9,0,22,9,10,19,16,12,9,0,22,2,19,22,12,12,19,22,0,2,19,0,12,9,0,22,12,12,19,22,12,9,0,22,2,19,22,12,12,19,22,0,2,19,0,12,9,0,22,12,12,19,22,12,9,0,22,2,19,22,12,12,19,22,0,0,5,0,3,2,0,22,12,12,19,22,12,9,0,6,2,19,22,12,12,19,22,0,0,0,0,0,0,0,22,12,12,19,22,12,9,0,0,0,2,22,1,4,19,3,0,0,0,0,0,0,0,3,12,10,2,22,1,1,0,0,0,0,22,0,2,19,0,0,0,0,0,0,0,0,0,12,9,0,22,0,0,0,0,0,6,22,4,6,19,7,0,0,6,0,4,3,0,7,12,10,6,22,4,3,0,7,2,19,22,12,12,19,22,0,2,19,0,12,9,0,22,12,12,19,22,12,9,0,22,2,19,22,12,12,19,22,0,2,19,0,12,9,0,22,12,12,19,22,12,9,0,22,2,19,0,12,10,0,22,0,2,19,0,12,9,0,22,0,3,19,0,12,9,0,22,0,1,18,1,3,15,2,0,2,19,0,12,9,0,2,10,8,1,18,1,0,0,22,0,0,22,0,2,19,0,0,2,19,0,12,9,0,0,12,9,0,22,0,0,0,22,5,0,22,12,12,19,0,7,8,19,0,12,11,11,0,12,12,18,22,0,1,11,22,8,0,22,12,12,19,0,12,12,19,0,12,12,19,0,12,12,19,22,0,2,19,22
4,15,2,11,7,1,0,13,8,0,2,11,7,1,18,1,0,0,22,0,0,6,29,3,18,0,13,8,0,0,13,8,0,0,13,8,0,22,0,0,0,22,0,0,6,29,3,18,21,13,8,0,13,13,11,10,0,13,12,17,22,0,2,10,22,0,0,6,29,3,18,22,13,8,0,22,13,12,18,0,13,12,18,22,0,3,18,22,0,0,6,29,9,18,22,13,13,3,22,13,12,18,4,17,12,18,23,5,5,18,22,0,0,6,29,27,17,19,12,27,18,14,2,4,12,23,26,11,16,21,28,11,12,4,0,0,1,5,8,0,0,0,3,18,0,0,0,0,22,0,0,0,0,13,8,0,0,0,0,1,6,8,0,20,0,3,18,0,12,8,0,22,0,3,17,0,13,8,0,20,0,0,6,29,8,0,22,0,3,18,0,13,8,0,22,0,3,18,0,13,8,0,22,0,0,6,29,8,0,22,0,3,18,22,13,12,18,22,0,3,18,0,13,12,18,22,0,0,6,29,11,13,22,10,10,18,22,13,12,18,22,10,10,18,16,13,12,18,22,0,0,6,29,12,18,22,13,12,18,22,13,12,18,22,13,12,18,22,13,12,18,22,0,0,6,29,12,18,22,13,12,18,3,13,9,2,22,13,12,18,22,13,9,2,22,0,0,6,29,10,9,22,6,8,18,0,13,8,0,22,6,8,18,11,13,8,0,22,0,0,6,29,10,6,22,4,6,18,7,13,10,6,22,4,6,18,7,13,10,6,22,0,0,6,29,12,18,22,13,12,18,22,13,12,18,22,13,12,18,22,13,12,18,22,0,0,6,29,12,18,22,13,12,18,22,2,5,18,22,13,12,18,22,13,12,18,4,0,0,6,29,9,1,4,0,4,18,1,1,1,1,22,0,1,3,1,13,9,1,3,0,0,6,29,11,12,0,9,9,18,15,13,11,12,22,9,5,0,15,13,11,12,22,0,0,6,29,12,18,0,13,12,18,22,13,12,18,22,13,8,0,22,13,12,18,22,0,0,6,29,12,18,0,13,12,18,22,13,12,18,22,13,8,0,22,13,12,18,22,0,0,6,29,12,18,0,13,12,18,22,13,12,18,22,13,8,0,22,13,12,18,22,0,0,6,29,12,18,0,13,12,18,9,13,10,8,22,13,8,0,22,13,10,8,22,0,0,6,29
0,22,13,8,0,22,13,8,0,22,0,3,18,22,0,3,18,22,0,3,18,0,13,6,22,13,8,0,22,13,10,6,22,5,7,18,22,0,3,18,22,5,7,18,8,13,18,22,13,8,0,22,13,12,18,22,13,12,18,22,0,3,18,22,13,12,18,22,13,18,22,13,8,0,22,13,12,18,22,13,12,18,22,0,3,18,22,13,12,18,22,13,18,22,13,8,0,22,13,12,18,22,13,12,18,22,0,3,18,22,13,12,18,22,13,13,22,9,6,0,16,13,11,13,22,9,10,18,16,0,2,13,22,9,10,18,16,13,0,22,0,0,3,0,13,9,0,3,0,4,18,0,2,1,0,22,0,0,3,0,13,18,22,13,12,18,22,13,12,18,3,13,12,18,22,13,12,18,22,13,9,3,22,13,18,22,13,12,18,22,13,12,18,22,13,12,18,22,13,12,18,22,13,12,18,22,13,6,22,5,7,18,8,13,10,6,22,5,7,18,8,13,10,6,22,5,7,18,8,13,0,22,6,8,18,10,13,8,0,22,0,3,18,10,13,10,8,22,0,3,18,0,13,1,22,13,12,18,22,13,9,1,22,0,4,18,22,13,12,18,22,0,4,18,1,13,18,22,13,12,18,22,13,12,18,22,13,12,18,22,13,12,18,22,13,12,18,22,13,18,22,10,10,18,17,13,12,18,22,13,12,18,17,13,12,14,22,13,12,18,22,13,18,22,0,3,18,0,13,12,18,22,13,12,18,0,13,8,0,22,13,12,18,22,13,0,22,0,3,18,0,13,8,0,22,0,3,18,0,13,8,0,22,0,3,18,0,13,0,22,0,3,18,0,13,8,0,22,0,3,18,0,13,8,0,22,0,3,18,0,13,0,22,0,0,0,0,13,8,0,0,0,3,18,0,0,0,0,22,0,0,0,0,13,10,23,25,11,15,20,27,11,10,3,7,9,28,25,11,10,25,28,7,5,3,13,13,18,5,17,12,18,23,6,6,18,22,13,9,6,24,13,12,21,6,13,12,18,22,3,18,0,13,12,18,22,0,3,18,22,13,8,0,22,13,12,18,0,13,12,18,22,0,11,0,13,12,18,22,0,2,11,22,8,5,0,22,13,12,18,0,8,9,18,13,0,0,0,13,8,0,22,0,0,0,22,0,0,0,22,0,3,18,0,0,3,18,0,0
16,29,1,6,29,11,0,26,21,0,16,29,1,0,0,0,3,18,22,0,3,18,0,16,29,1,6,29,11,0,26,21,0,16,29,1,0,0,0,3,18,22,0,3,18,0,16,29,1,6,29,11,0,26,21,0,16,29,1,0,0,0,1,8,22,0,3,18,0,11,19,1,4,19,7,0,17,14,0,11,19,1,0,2,5,5,5,24,0,3,18,0,0,0,0,0,0,0,0,0,0,0,0,0,0,0,5,10,10,10,10,0,3,18,0,0,0,0,0,0,0,0,0,0,0,0,0,0,0,0,2,17,17,17,17,17,13,0,7,7,7,7,0,0,0,0,0,6,7,7,7,7,7,7,7,7,7,7,7,7,7,8,8,8,8,0,0,0,0,0,7,8,8,8,8,8,8,8,8,8,8,8,8,8,0,0,0,0,0,0,0,0,0,0,0,0,0,1,19,19,19,18,0,22,18,0,0,0,0,0,0,0,0,0,0,0,0,0,0,0,1,28,29,29,27,0,26,21,0,0,16,28,1,6,28,11,0,26,21,0,0,0,0,1,1,26,21,1,1,26,21,0,0,16,29,1,6,29,11,0,26,21,0,0,0,0,13,8,26,21,13,8,26,21,0,0,16,29,1,6,29,11,0,26,21,0,0,0,0,13,8,26,21,13,8,26,21,0,0,16,29,1,6,29,11,0,26,21,0,0,0,0,11,7,26,21,11,7,26,21,0,0,14,25,1,6,25,10,0,23,19,0,0,0,0,1,7,27,24,7,7,27,21,0,0,0,0,0,0,0,0,0,0,0,0,0,0,0,4,29,29,29,29,29,29,21,0,0,0,0,0,0,0,0,0,0,0,0,0,0,0,1,10,10,10,10,10,10,8,0,0,17,17,17,17,0,0,0,0,0,14,17,17,17,17,17,17,17,17,17,17,17,6,8,0,0,0,0,0,0,0,0,0,0,0,0,0,0,0,0,0,0,0,0,0,0,0,6,10,0,2,10,4,0,9,8,0,0,25,29,29,29,29,29,29,1,0,0,0,0,16,29,1,6,29,11,0,26,21,0,0,15,25,29,19,18,25,29,1,0,0,0,0,16,29,1,6,29,11,0,26,21,0,1,8,16,29,3,8,16,29,1,0,0,0,0,16,29,1,6,29,11,0,26,21,0,3,18,16,29,5,18,16,29,1,0,0,0,6
12,12,12,12,12,12,12,12,12,12,12,12,12,12,12,12,12,12,12,12,12,12,12,3,3,3,3,3,3,3,3,3,3,3,3,3,3,3,3,3,3,3,3,3,3,3,17,16,0,2,17,17,17,5,0,13,17,17,10,0,7,17,17,16,0,2,17,17,17,15,26,0,3,24,15,22,8,0,23,15,17,18,0,13,20,15,26,0,3,24,15,22,10,22,0,3,18,13,13,8,0,22,7,9,18,0,13,11,10,22,0,3,18,13,13,18,13,0,3,18,22,7,5,0,22,13,11,10,0,13,12,18,13,0,3,18,22,7,18,0,0,3,18,22,0,0,0,22,13,8,0,0,13,12,18,0,0,3,18,22,0,27,22,13,3,18,23,22,20,0,22,13,25,22,5,13,12,27,22,13,3,18,23,22,9,9,5,3,18,7,9,8,0,22,4,9,9,2,13,10,9,9,5,3,18,7,9,18,18,0,3,25,18,18,5,0,23,18,18,12,0,13,22,18,18,0,3,25,18,18,13,25,0,3,24,13,21,8,0,23,13,16,18,0,13,18,13,25,0,3,24,13,21,5,22,4,6,18,6,13,10,5,22,4,6,18,6,13,10,5,22,4,6,18,6,13,18,22,13,12,18,22,13,12,18,22,13,12,18,22,13,12,18,22,13,12,18,22,13,18,22,13,12,18,22,13,12,18,22,13,12,18,22,13,12,18,22,13,12,18,22,13,18,22,13,12,18,22,13,12,18,22,13,12,18,22,13,12,18,22,13,12,18,22,13,11,22,8,9,18,13,13,11,11,22,8,9,18,13,13,11,11,22,8,9,18,13,13,0,22,0,3,18,0,13,8,0,22,0,3,18,0,13,8,0,22,0,3,18,0,13,0,22,0,3,18,0,13,8,0,22,0,3,18,0,13,8,0,22,0,3,18,0,13,0,22,0,3,18,0,13,8,0,22,0,3,18,0,13,8,0,22,0,3,18,0,13,0,22,0,3,18,0,13,8,0,22,0,3,18,0,13,8,0,22,0,3,18,0,13,0,16,0,2,13,0,10,6,0,16,0,2,13,0,10,6,0,16,0,2,13,0,10,2,2,2,2,2,2,2,2,2,2,2,2,2,2,2,2,2,2,2,2,2,2,2,13,13,13,13,13,13,13,13,13,13,13,13,13,13,13,13,13,13,13,13,13,13,13
0,0,0,0,0,0,0,0,0,0,0,0,0,0,0,0,0,0,0,0,0,0,0,0,0,0,0,0,0,0,0,0,0,0,0,0,0,0,0,0,0,0,0,0,0,0,0,0,0,0,0,0,0,0,0,0,0,0,0,0,0,0,0,0,0,0,0,0,0,0,0,0,0,0,0,0,0,0,0,0,0,0,0,0,0,0,0,0,0,0,0,0,0,0,0,0,0,0,0,0,0,0,0,0,0,0,0,0,0,0,0,0,0,0,0,0,0,0,0,0,0,0,0,0,0,0,0,0,0,0,0,0,0,0,0,0,0,0,0,0,0,0,0,0,0,0,0,0,0,0,0,0,26,21,0,0,0,0,0,0,0,17,17,17,17,17,17,17,17,17,17,17,0,0,0,26,21,0,8,17,17,17,17,17,0,6,0,1,5,0,3,2,0,6,0,0,0,0,26,21,0,0,0,0,0,0,0,0,22,0,3,18,0,13,8,0,22,0,0,0,0,26,21,0,13,22,1,5,22,9,0,22,0,3,18,0,13,8,0,22,0,0,0,0,26,21,0,16,29,1,6,29,11,0,22,0,3,18,0,13,8,0,22,0,0,0,0,26,21,0,16,29,1,6,29,11,0,22,0,3,18,0,13,8,0,22,0,0,0,0,26,21,0,16,29,1,6,29,11,2,22,1,5,18,3,13,9,2,22,1,1,0,0,26,21,0,16,29,1,6,29,11,18,22,13,12,18,22,13,12,18,22,13,8,0,0,26,21,0,16,29,1,6,29,11,18,22,13,12,18,22,13,12,18,22,13,8,0,0,26,21,0,11,19,1,4,19,7,18,22,13,12,18,22,13,12,18,22,13,8,0,0,26,21,0,0,0,0,0,0,0,0,0,0,0,0,0,0,0,0,0,0,0,0,0,0,0,0,0,0,0,0,0,0,0,0,0,0,0,0,0,0,0,0,0,0,0,0,0,0,0,0,0,0,0,0,0,0,0,0,0,0,0,0,0,0,0,0,0,0,0,0,0,0,0,0,0,0,0,0,0,0,0,0,0,0,0,0,0,0,0,0,0,0,0,0,0,0,0,0,0,0,0,0,0,0,0,0,0,0,0,0,0,0,0,0,0,0,0,0,0,0,0,0,0,0,0,0,0,0,0,0,0,0,0,0,0,0,0,0,0,0,0,0,0,0,0,0,0
0,13,29,4,3,29,14,0,23,25,0,0,0,0,12,17,17,17,17,17,17,7,0,0,13,29,4,3,29,14,0,23,25,0,0,0,0,0,0,0,0,0,0,0,0,0,0,13,29,4,3,29,14,0,23,25,0,0,0,0,0,18,1,0,19,0,9,10,0,0,13,29,4,3,29,14,0,23,25,0,0,0,0,0,20,1,0,21,0,10,11,0,0,13,29,4,3,29,14,0,23,25,0,0,0,0,0,20,1,0,21,0,10,11,0,0,13,29,4,3,29,14,0,23,25,0,0,0,0,0,20,1,0,21,0,10,11,0,0,13,29,4,3,29,14,0,23,25,0,0,0,0,0,20,1,0,21,0,10,11,0,0,13,29,4,3,29,14,0,23,25,0,0,0,0,16,20,10,9,21,15,12,11,0,0,13,29,4,3,29,14,0,23,25,0,0,0,0,21,20,12,12,21,20,12,11,0,0,8,17,2,2,17,8,0,14,14,0,0,0,0,21,20,12,12,21,20,12,11,0,0,0,0,0,0,0,0,0,0,0,0,0,0,0,21,20,12,12,21,20,12,11,0,0,11,25,4,3,25,12,0,20,20,0,0,0,0,3,20,3,2,21,3,11,11,0,0,13,29,4,3,29,14,0,23,25,0,0,0,0,0,20,18,18,21,0,10,13,0,0,13,29,4,3,29,14,0,23,25,0,0,0,0,0,10,14,15,21,0,5,6,0,0,13,29,4,3,29,14,0,23,25,0,0,0,0,3,13,13,6,21,0,13,6,0,0,13,29,4,3,29,14,0,23,25,0,0,0,0,5,18,23,12,21,0,17,8,0,0,13,29,4,3,29,14,0,23,25,0,0,0,0,0,0,10,12,21,0,0,0,0,0,13,29,4,3,29,14,0,23,25,0,0,0,0,0,13,12,12,21,0,7,7,0,0,13,29,4,3,29,14,0,23,25,0,0,0,0,0,20,6,6,21,0,10,11,0,0,13,29,4,3,29,14,0,23,25,0,0,0,0,0,20,20,20,21,0,10,13,0,0,13,29,4,3,29,14,0,23,25,0,0,0,0,0,9,12,12,9,0,4,6,0,0,13,29,4,3,29,14,0,23,25,0,0,0,0,5,7,7,7,7,7,7,3,0,0,13,29,4,3,29,14,0,23,25,0,0,0,0,6,8,8,8,8,8,8,4,0
8,8,8,8,8,8,8,8,8,8,8,8,8,8,8,8,8,8,8,8,8,8,8,0,0,0,27,27,27,27,27,27,27,27,27,27,27,27,27,27,27,27,27,27,27,27,0,0,0,4,4,4,4,4,4,4,4,4,4,12,24,4,4,4,4,4,4,12,24,13,9,6,0,1,2,8,18,0,0,0,11,1,9,23,1,0,0,0,11,1,9,23,13,9,15,0,10,9,18,22,0,0,0,22,10,14,23,16,12,7,0,22,10,14,23,13,9,15,0,10,9,18,22,0,0,0,22,10,14,23,16,13,8,0,22,10,14,23,13,9,15,0,10,9,18,22,0,0,0,19,10,14,23,16,10,6,0,19,10,14,23,13,9,15,0,10,9,18,22,0,0,0,0,1,9,23,1,0,0,0,0,1,9,23,3,2,4,0,2,2,4,5,0,0,0,10,13,18,26,13,13,13,5,6,13,18,26,0,0,0,0,0,0,0,0,0,0,0,14,18,18,18,18,18,18,6,9,18,22,27,17,17,17,17,17,17,17,17,17,17,17,17,17,17,17,17,17,17,17,7,0,8,23,0,0,0,0,0,0,0,0,0,0,0,0,0,0,0,0,0,0,0,0,0,8,23,0,0,0,0,0,0,0,0,0,0,0,0,0,0,0,0,0,0,0,0,0,8,23,0,0,21,27,27,27,27,27,27,27,27,27,27,27,27,27,27,27,27,19,0,8,23,0,0,16,26,29,21,20,20,23,29,24,20,20,20,29,27,20,20,20,14,0,8,23,0,0,0,16,29,1,0,15,6,29,11,15,0,0,26,21,9,5,0,15,0,8,23,0,0,0,16,29,1,0,22,6,29,11,22,0,0,26,21,13,8,0,22,0,28,29,0,0,0,16,29,1,0,16,6,29,11,16,0,0,26,21,9,6,0,16,0,2,2,0,0,13,24,29,18,4,7,20,29,22,10,1,17,28,26,17,17,17,12,0,0,0,0,0,22,29,29,29,7,12,29,29,29,17,2,29,29,29,29,29,29,20,0,0,0,0,0,0,0,0,0,0,0,0,0,0,0,0,0,0,0,0,0,0,0,0,0,0,17,17,17,17,17,17,17,17,17,17,17,17,17,17,17,17,17,17,17,17,17,17,17,0,0,1,1,1,1,1,1,1,1,1,1,1,1,0,0,0,0,0,0,1,1,1
0,6,29,7,0,29,17,0,20,27,0,0,10,17,17,17,17,17,17,17,17,3,0,0,6,29,7,0,29,17,0,20,27,0,0,0,0,0,0,0,0,0,0,0,0,0,0,6,29,7,0,29,17,0,20,27,0,0,0,15,4,0,19,0,6,12,0,0,0,0,6,29,7,0,29,17,0,20,27,0,0,0,17,4,0,22,0,7,14,0,0,0,0,1,7,2,0,29,17,0,20,27,0,0,0,17,4,0,22,0,7,14,0,0,0,0,1,4,1,0,29,17,0,20,27,0,0,0,17,4,0,22,0,7,14,0,0,0,0,6,29,7,0,29,17,0,20,27,0,0,0,17,4,0,22,0,7,14,0,0,0,0,6,29,7,0,29,17,0,20,27,0,0,16,17,10,10,22,13,11,14,16,0,0,0,6,29,7,0,29,17,0,20,27,0,0,22,17,12,14,22,17,12,14,22,0,0,0,6,29,7,0,29,17,0,20,27,0,0,22,17,12,14,22,17,12,14,22,0,0,0,6,29,7,0,29,17,0,20,27,0,0,22,17,12,14,22,17,12,14,22,0,0,0,6,29,7,0,29,17,0,20,27,0,0,3,17,6,2,22,2,8,14,3,0,0,0,6,29,7,0,29,17,0,20,27,0,0,0,17,19,17,24,0,7,23,17,4,0,0,6,29,7,0,29,17,0,20,27,0,0,0,8,14,14,23,0,3,14,14,3,0,0,6,29,7,0,29,17,0,20,27,0,0,2,13,13,6,22,0,11,13,11,0,0,0,6,29,7,0,29,17,0,20,27,0,0,3,18,21,14,22,0,15,18,24,0,0,0,6,29,7,0,29,17,0,20,27,0,0,0,0,7,14,22,0,0,0,22,0,0,0,6,29,7,0,29,17,0,20,27,0,0,0,11,11,14,22,0,5,9,22,0,0,0,6,29,7,0,29,17,0,20,27,0,0,0,17,8,6,22,0,7,14,9,0,0,0,6,29,7,0,29,17,0,20,27,0,0,0,17,21,19,24,0,7,24,19,4,0,0,6,29,7,0,29,17,0,20,27,0,0,0,7,12,12,10,0,3,12,12,3,0,0,6,29,7,0,25,15,0,18,24,0,0,5,7,7,7,7,7,7,7,7,1,0,0,6,29,7,0,0,0,0,0,0,0,0,5,8,8,8,8,8,8,8,8,2,0
8,8,8,8,8,8,8,8,8,8,8,8,8,8,8,8,3,0,0,2,13,0,9,27,27,27,27,27,27,27,27,27,27,27,21,0,0,0,0,0,0,0,0,0,0,0,4,12,24,4,4,4,4,4,4,12,24,3,0,0,1,0,0,0,0,0,0,0,0,1,9,23,1,0,0,0,11,1,9,23,1,0,3,18,0,0,0,0,0,0,0,10,10,14,23,16,12,7,0,22,10,14,23,16,12,11,18,0,0,0,0,0,0,0,13,10,14,23,16,13,8,0,22,10,14,23,16,13,12,18,0,0,0,0,3,17,0,13,10,14,23,16,10,6,0,19,10,14,23,16,10,9,13,0,0,0,0,3,18,0,13,1,9,23,1,0,0,0,0,1,9,23,1,0,0,0,0,0,0,0,3,18,0,13,13,18,26,13,13,13,5,6,13,18,26,13,13,13,5,0,0,0,0,3,18,0,13,18,18,18,18,18,18,6,9,18,22,27,18,18,18,6,0,0,0,0,3,18,12,13,17,17,17,17,17,17,17,7,0,8,23,2,17,17,17,17,6,0,0,3,18,22,13,0,0,0,0,0,0,0,0,0,8,23,0,0,0,0,0,0,0,0,3,18,22,13,0,0,0,0,0,0,0,0,0,8,23,0,0,0,0,0,0,0,0,0,3,22,2,27,27,27,27,27,27,27,19,0,8,23,0,0,0,0,5,8,0,0,0,0,23,27,20,20,29,27,20,20,20,14,0,8,23,0,0,0,0,16,29,1,0,0,0,23,4,0,0,26,21,9,5,0,15,0,8,23,0,0,0,0,16,29,1,0,0,0,22,0,0,0,26,21,13,8,0,22,0,28,29,29,7,0,0,16,29,1,0,0,0,22,0,0,0,26,21,9,6,0,16,0,2,2,2,0,0,0,16,29,1,0,0,0,22,0,1,17,28,26,17,17,17,12,0,0,0,0,0,0,0,9,15,1,0,0,0,22,0,2,29,29,29,29,29,29,20,0,0,0,0,0,0,0,0,0,0,0,0,0,19,0,0,0,0,0,0,0,0,0,0,0,0,0,0,0,0,0,0,0,0,0,0,0,0,17,17,17,17,17,17,17,17,17,17,17,17,17,17,17,17,17,17,17,17,17,17,17,1,1,0,0,0,0,0,0,1,1,1,1,1,1,1,1,1,1,1,1,0,0,0
11,11,11,11,11,11,11,11,11,11,11,11,11,11,11,11,4,0,0,0,12,10,0,4,4,4,4,4,4,4,4,4,4,4,4,4,4,4,4,1,0,0,0,26,21,0,0,12,15,15,10,0,7,15,15,15,0,2,15,15,15,4,0,0,0,0,26,21,0,0,23,17,18,18,0,13,20,17,26,0,3,25,17,23,8,0,0,0,0,26,21,0,0,22,7,8,18,0,13,11,10,22,0,3,18,12,13,8,0,0,0,0,26,21,0,0,22,13,11,11,0,13,12,18,13,0,3,18,22,8,5,0,0,0,0,26,21,0,0,22,13,8,0,0,13,12,18,0,0,3,18,22,0,0,0,0,0,0,26,21,0,0,22,13,24,21,5,13,12,27,21,12,3,18,23,21,19,0,0,0,0,26,21,0,0,22,5,10,10,2,13,10,10,10,6,3,18,8,10,9,0,0,0,0,26,21,0,0,23,17,17,11,0,13,21,17,17,0,3,25,17,17,5,0,0,0,0,26,21,0,0,23,14,16,18,0,13,19,14,25,0,3,24,14,21,8,0,0,0,0,26,21,0,5,22,3,6,18,6,13,10,5,22,3,6,18,6,13,10,5,0,0,0,26,21,0,18,22,13,12,18,22,13,12,18,22,13,12,18,22,13,12,18,0,0,0,26,21,0,18,22,13,12,18,22,13,12,18,22,13,12,18,22,13,12,18,0,0,0,26,21,0,18,22,13,12,18,22,13,12,18,22,13,12,18,22,13,12,18,0,0,0,26,21,0,12,22,8,9,18,14,13,11,12,22,8,9,18,14,13,11,12,0,0,0,26,21,0,0,22,0,3,18,0,13,8,0,22,0,3,18,0,13,8,0,0,0,0,26,21,0,0,22,0,3,18,0,13,8,0,22,0,3,18,0,13,8,0,0,0,0,26,21,0,0,22,0,3,18,0,13,8,0,22,0,3,18,0,13,8,0,0,0,0,26,21,0,0,22,0,3,18,0,13,8,0,22,0,3,18,0,13,8,0,0,0,0,10,8,0,0,17,0,3,14,0,10,6,0,17,0,3,14,0,10,6,0,0,0,0,0,0,0,1,1,1,1,1,1,1,1,1,1,1,1,1,1,1,1,0,0,0,0,0,0,0,14,14,14,14,14,14,14,14,14,14,14,14,14,14,14,14,5,0,0,0,0,0,2
6,29,11,0,26,21,0,0,26,21,0,8,27,24,8,0,0,16,29,1,6,29,11,6,29,11,0,26,21,0,0,26,21,11,7,26,21,11,7,0,16,29,1,6,29,11,6,29,11,0,26,21,0,0,26,21,13,8,26,21,13,8,0,16,29,1,6,29,11,6,29,11,0,26,21,0,0,26,21,13,8,26,21,13,8,0,16,29,1,6,29,11,4,19,7,0,17,14,0,0,26,21,2,1,26,21,2,1,0,11,19,1,4,19,7,0,0,0,0,0,0,0,0,26,29,27,27,29,29,27,0,0,0,0,0,0,0,0,0,0,0,0,0,0,0,0,18,20,20,20,20,20,20,0,0,0,0,0,0,0,0,7,7,7,7,7,7,7,7,7,7,7,7,7,7,7,7,7,7,7,7,7,7,7,8,8,8,8,8,8,8,8,8,8,8,8,8,8,8,8,8,8,8,8,8,8,8,0,0,0,0,0,0,0,0,0,0,0,0,0,0,0,0,0,0,0,0,0,0,0,0,0,0,0,0,0,0,0,0,0,0,0,0,0,0,0,0,0,0,0,0,0,0,6,28,11,0,0,0,0,0,0,0,6,28,11,0,26,21,0,16,28,1,6,28,11,6,29,11,0,0,0,0,0,0,0,6,29,11,0,26,21,0,16,29,1,6,29,11,6,29,11,0,0,0,0,0,0,0,6,29,11,0,26,21,0,16,29,1,6,29,11,6,29,11,0,0,1,1,0,0,0,6,29,11,0,26,21,0,16,29,1,6,29,11,6,29,11,0,0,16,29,1,0,0,6,25,10,0,23,19,0,14,25,1,6,25,10,6,29,11,0,0,16,29,1,0,0,0,0,0,0,0,0,0,0,0,0,0,0,0,6,29,11,0,0,16,29,1,0,0,0,0,0,0,0,0,0,0,0,0,0,0,0,6,29,11,0,0,16,29,1,0,0,14,17,17,17,17,17,17,17,17,17,17,17,17,6,29,11,0,0,16,29,1,0,0,1,4,1,0,0,0,0,0,0,0,0,0,0,6,29,11,0,0,16,29,1,0,0,6,29,11,11,29,29,29,17,0,0,2,10,4,6,29,11,0,0,16,29,1,0,0,6,29,11,7,21,29,23,11,0,0,6,29,11,6,29,11,0,0,16,29,1,0,0,6,29,11,10,6,29,11,10,0,0,6,29,11
0,0,0,0,0,0,0,0,0,0,0,0,0,0,0,0,0,0,0,26,29,29,29,0,0,0,0,0,0,0,0,0,0,0,0,0,0,0,0,0,0,0,0,0,0,0,17,17,17,17,17,17,17,17,17,17,17,17,17,17,17,17,17,17,17,17,17,17,17,0,0,0,0,0,0,0,0,0,0,0,0,0,0,0,0,0,0,0,0,0,2,9,0,0,0,4,20,8,0,18,15,0,11,20,1,0,0,0,0,0,0,0,0,6,29,0,0,0,6,29,11,0,26,21,0,16,29,1,0,0,0,0,0,0,0,0,6,29,0,0,0,6,29,11,0,26,21,0,16,29,1,0,0,0,0,0,0,0,0,6,29,0,0,0,6,29,11,0,26,21,0,16,29,1,0,0,0,2,11,0,0,0,6,29,0,0,0,6,29,11,0,26,21,0,16,29,1,0,0,0,3,18,0,0,0,6,29,0,0,0,6,29,11,0,26,21,0,16,29,1,0,0,0,3,18,0,0,0,6,29,0,0,0,5,21,8,0,19,16,0,12,21,1,0,0,0,3,18,0,0,0,6,29,0,0,0,0,0,0,0,0,0,0,0,0,0,0,0,0,3,18,0,0,0,6,26,0,6,7,7,7,7,7,7,7,7,7,7,7,2,0,0,3,18,0,1,7,7,7,0,7,8,8,8,8,8,8,8,8,8,8,8,3,0,0,3,18,0,1,8,8,8,0,0,0,0,0,0,0,0,0,0,0,0,0,0,0,0,3,18,0,0,0,0,0,0,0,0,3,14,5,0,13,10,0,8,14,0,0,0,0,3,18,0,0,8,14,0,0,0,0,6,29,11,0,26,21,0,16,29,1,0,0,0,3,18,0,0,16,29,1,0,0,0,6,29,11,0,26,21,0,16,29,1,0,0,0,3,18,0,0,16,29,1,0,0,0,6,29,11,0,26,21,0,16,29,1,0,0,0,3,18,0,0,16,29,1,0,0,0,6,29,11,0,26,21,0,16,29,1,0,0,0,3,18,0,0,16,29,1,0,0,0,2,9,3,0,8,7,0,5,9,0,0,0,0,3,18,0,0,5,9,0,0,0,0,0,0,0,0,0,0,0,0,0,0,0,0,0,3,18,0,0,0,0,0,0,0,0,0,0,0,0,0,0,0,0,0,0,0,0,0,3,18,0,0,0,0,0
11,18,22,0,6,8,24,13,8,0,0,0,6,8,24,13,8,3,8,18,12,18,0,3,18,22,0,0,0,22,13,8,0,0,0,0,0,22,13,8,0,0,13,12,18,0,12,18,22,0,3,18,22,13,8,0,0,0,3,18,22,13,8,0,22,13,12,18,0,9,1,22,0,3,18,2,13,8,0,0,0,3,18,2,13,8,0,22,1,4,18,0,29,29,28,0,3,29,29,29,8,0,0,0,3,29,29,29,8,0,23,29,29,18,0,2,2,2,0,0,2,2,2,0,0,0,0,0,2,2,2,0,0,2,2,2,1,0,17,17,17,17,17,17,17,17,17,6,0,2,17,17,17,17,17,17,17,17,17,17,17,0,0,0,0,0,0,0,0,0,0,0,0,0,0,0,0,0,0,0,0,0,0,0,7,0,19,0,3,15,0,11,7,0,0,0,3,15,0,11,7,0,19,0,3,15,0,8,0,22,0,3,18,0,13,8,0,0,0,3,18,0,13,8,0,22,0,3,18,0,8,0,22,0,3,18,0,13,8,0,0,0,3,18,0,13,8,0,22,0,3,18,0,8,0,22,0,3,18,0,13,8,0,0,0,3,18,0,13,8,0,22,0,3,18,0,8,0,22,0,3,18,0,13,8,0,0,0,3,18,0,13,8,0,22,0,3,18,0,11,3,23,0,3,20,3,16,8,0,0,0,3,20,3,16,8,0,23,3,7,18,0,29,28,28,0,3,29,28,29,8,0,0,0,3,29,28,29,8,0,23,28,29,18,0,9,3,22,2,5,18,3,13,9,3,0,2,5,18,3,13,9,3,22,2,5,18,3,12,18,22,13,12,18,22,13,12,18,0,13,12,18,22,13,12,18,22,13,12,18,22,12,18,22,13,12,18,22,13,12,18,0,13,12,18,22,13,12,18,22,13,12,18,22,9,18,13,13,11,10,22,7,9,18,0,13,11,10,22,7,9,18,13,13,11,10,22,3,18,1,13,9,1,22,0,3,18,0,13,8,0,22,0,4,18,1,13,8,0,22,3,18,22,13,12,18,22,0,3,18,0,13,8,0,22,13,12,18,22,13,8,0,22,3,18,22,13,12,18,22,0,3,18,0,13,8,0,22,13,12,18,22,13,8,0,22,3,18,22,13,12,18,22,0,3,18,0,13,8,0,22,13,12,18,22,13,8,0,22
15,15,10,0,7,15,15,15,0,2,15,15,15,4,0,12,15,15,10,0,7,15,15,6,6,4,0,3,6,6,6,0,0,6,6,6,2,0,5,6,6,4,0,3,6,6,13,13,13,13,13,13,13,13,13,13,13,13,13,13,13,13,13,13,13,13,13,13,13,2,2,2,2,2,2,2,2,2,2,2,2,2,2,2,2,2,2,2,2,2,2,2,0,2,13,0,9,6,0,16,0,2,13,0,10,6,0,16,0,2,13,0,9,6,0,0,3,18,0,13,8,0,22,0,3,18,0,13,8,0,22,0,3,18,0,13,8,0,0,3,18,0,13,8,0,22,0,3,18,0,13,8,0,22,0,3,18,0,13,8,0,0,3,18,0,13,8,0,22,0,3,18,0,13,8,0,22,0,3,18,0,13,8,0,0,3,18,0,13,8,0,22,0,3,18,0,13,8,0,22,0,3,18,0,13,8,0,8,9,18,13,13,11,11,22,8,9,18,13,13,11,11,22,8,9,18,13,13,11,11,13,12,18,22,13,12,18,22,13,12,18,22,13,12,18,22,13,12,18,22,13,12,18,13,12,18,22,13,12,18,22,13,12,18,22,13,12,18,22,13,12,18,22,13,12,18,13,12,18,22,13,12,18,22,13,12,18,22,13,12,18,22,13,12,18,22,13,12,18,4,6,18,6,13,10,5,22,4,6,18,6,13,10,5,22,4,6,18,6,13,10,5,13,16,18,0,13,18,13,25,0,3,24,13,21,8,0,23,13,16,18,0,13,18,13,18,18,12,0,13,22,18,18,0,3,25,18,18,5,0,23,18,18,12,0,13,22,18,4,9,9,2,13,10,9,9,5,3,18,7,9,8,0,22,4,9,9,2,13,10,9,13,25,22,5,13,12,27,22,13,3,18,23,22,20,0,22,13,25,22,5,13,12,27,13,8,0,0,13,12,18,0,0,3,18,22,0,0,0,22,13,8,0,0,13,12,18,13,11,10,0,13,12,18,12,0,3,18,22,7,4,0,22,13,11,10,0,13,12,18,7,9,18,0,13,11,10,22,0,3,18,13,13,8,0,22,7,9,18,0,13,11,10,15,17,18,0,13,20,15,26,0,3,24,15,22,8,0,23,15,17,18,0,13,20,15,17,17,10,0,7,17,17,16,0,2,17,17,17,5,0,13,17,17,10,0,7,17,17
18,0,7,10,18,22,0,5,7,24,13,8,2,7,18,12,18,0,7,10,18,22,0,18,0,25,25,15,22,0,17,25,24,13,8,9,25,25,11,18,0,25,25,15,22,0,18,0,1,3,3,23,0,0,3,3,16,8,0,3,3,7,18,0,1,3,3,23,0,18,0,13,29,28,28,0,3,29,28,29,8,0,23,28,29,18,0,13,29,28,28,0,18,0,13,8,0,22,0,3,18,0,13,8,0,22,0,3,18,0,13,8,0,22,0,18,18,13,12,15,22,11,11,18,18,13,12,15,22,11,11,18,18,13,12,15,22,11,18,22,13,12,18,22,13,12,18,22,13,12,18,22,13,12,18,22,13,12,18,22,13,18,22,13,12,18,22,13,12,18,22,13,12,18,22,13,12,18,22,13,12,18,22,13,18,22,13,12,18,22,13,12,18,22,13,12,18,22,13,12,18,22,13,12,18,22,13,18,2,13,9,1,22,1,4,18,2,13,9,1,22,1,4,18,2,13,9,1,22,1,18,0,13,8,0,22,0,3,18,0,13,8,0,22,0,3,18,0,13,8,0,22,0,18,0,13,8,0,22,0,3,18,0,13,8,0,22,0,3,18,0,13,8,0,22,0,18,0,13,8,0,22,0,3,18,0,13,8,0,22,0,3,18,0,13,8,0,22,0,18,0,13,8,0,22,0,3,18,0,13,8,0,22,0,3,18,0,13,8,0,22,0,4,0,3,2,0,5,0,0,4,0,3,2,0,5,0,0,4,0,3,2,0,5,0,17,17,17,17,17,17,17,17,17,17,17,17,17,17,17,17,17,17,17,17,17,17,17,0,0,0,0,0,0,0,0,0,0,0,0,0,0,0,0,0,0,0,0,0,0,0,13,0,10,21,21,21,0,2,21,21,21,6,0,17,21,21,13,0,10,21,21,21,0,18,0,13,16,10,25,0,3,23,10,19,8,0,23,10,13,18,0,13,16,10,25,0,18,0,13,11,13,22,0,3,18,16,13,8,0,22,10,10,18,0,13,11,13,22,0,7,0,13,12,18,9,0,3,18,22,5,3,0,22,13,10,7,0,13,12,18,9,0,0,0,13,12,18,0,0,3,18,22,0,0,0,22,13,8,0,0,13,12,18,0,0,27,6,13,12,29,27,15,3,18,23,27,25,0,22,13,28,27,6,13,12,29,27,15
18,0,7,10,18,22,0,5,7,24,13,8,2,7,18,12,18,0,7,10,18,22,0,18,0,25,25,15,22,0,17,25,24,13,8,9,25,25,11,18,0,25,25,15,22,0,18,0,1,3,3,23,0,0,3,3,16,8,0,3,3,7,18,0,1,3,3,23,0,18,0,13,29,28,28,0,3,29,28,29,8,0,23,28,29,18,0,13,29,28,28,0,18,0,13,8,0,22,0,3,18,0,13,8,0,22,0,3,18,0,13,8,0,22,0,18,18,13,12,15,22,11,11,18,18,13,12,15,22,11,11,18,18,13,12,15,22,11,18,22,13,12,18,22,13,12,18,22,13,12,18,22,13,12,18,22,13,12,18,22,13,18,22,13,12,18,22,13,12,18,22,13,12,18,22,13,12,18,22,13,12,18,22,13,18,22,13,12,18,22,13,12,18,22,13,12,18,22,13,12,18,22,13,12,18,22,13,18,2,13,9,1,22,1,4,18,2,13,9,1,22,1,4,18,2,13,9,1,22,1,18,0,13,8,0,22,0,3,18,0,13,8,0,22,0,3,18,0,13,8,0,22,0,18,0,13,8,0,22,0,3,18,0,13,8,0,22,0,3,18,0,13,8,0,22,0,18,0,13,8,0,22,0,3,18,0,13,8,0,22,0,3,18,0,13,8,0,22,0,18,0,13,8,0,22,0,3,18,0,13,8,0,22,0,3,18,0,13,8,0,22,0,4,0,3,2,0,5,0,0,4,0,3,2,0,5,0,0,4,0,3,2,0,5,0,17,17,17,17,17,17,17,17,17,17,17,17,17,17,17,17,17,17,17,17,17,17,17,0,0,0,0,0,0,0,0,0,0,0,0,0,0,0,0,0,0,0,0,0,0,0,13,0,10,21,21,21,0,2,21,21,21,6,0,17,21,21,13,0,10,21,21,21,0,18,0,13,16,10,25,0,3,23,10,19,8,0,23,10,13,18,0,13,16,10,25,0,18,0,13,11,13,22,0,3,18,16,13,8,0,22,10,10,18,0,13,11,13,22,0,7,0,13,12,18,9,0,3,18,22,5,3,0,22,13,10,7,0,13,12,18,9,0,0,0,13,12,18,0,0,3,18,22,0,0,0,22,13,8,0,0,13,12,18,0,0,27,6,13,12,29,27,15,3,18,23,27,25,0,22,13,28,27,6,13,12,29,27,15
0,0,0,0,0,0,0,0,0,0,0,0,0,0,0,0,0,0,14,29,3,4,22,12,27,10,0,20,27,2,0,0,0,0,21,27,0,1,27,21,0,2,5,0,4,22,2,14,10,0,21,5,0,0,0,0,0,3,23,0,1,22,3,0,0,0,0,4,22,8,12,10,0,21,5,4,0,8,0,0,8,21,0,1,20,8,0,0,8,0,4,19,21,12,10,0,21,12,10,0,21,0,1,20,21,0,1,20,21,0,1,20,0,0,0,21,12,10,0,21,12,11,7,21,5,6,20,21,0,1,20,21,5,6,20,0,2,13,21,12,10,0,21,12,12,20,21,12,12,20,21,0,1,20,21,12,12,20,0,4,22,21,12,10,0,21,12,12,20,21,12,12,20,21,0,1,20,21,12,12,20,0,4,22,21,12,10,0,21,12,12,20,21,12,12,20,21,0,1,20,21,12,12,20,0,4,22,21,9,7,0,15,12,12,14,21,9,9,20,15,0,1,14,21,9,9,20,0,4,22,21,1,0,3,0,12,11,0,3,0,2,20,0,2,1,0,21,1,0,3,0,4,22,21,12,12,20,21,12,12,20,3,12,12,20,21,12,12,20,21,12,11,3,0,4,22,21,12,12,20,21,12,12,20,21,12,12,20,21,12,12,20,21,12,12,20,0,4,22,21,5,6,20,8,12,11,7,21,5,6,20,8,12,11,7,21,5,6,20,0,4,22,21,6,7,20,10,12,10,0,21,0,1,20,10,12,11,9,21,0,1,20,0,4,22,21,12,12,20,21,12,11,1,21,1,2,20,21,12,12,20,21,1,2,20,0,4,22,21,12,12,20,21,12,12,20,21,12,12,20,21,12,12,20,21,12,12,20,0,4,22,21,10,10,20,16,12,12,20,21,12,12,20,16,12,12,16,21,12,12,20,0,0,4,21,0,1,20,0,11,12,20,21,12,12,20,0,11,10,0,21,12,12,20,0,0,0,21,0,1,20,0,11,10,0,21,0,1,20,0,11,10,0,21,0,1,20,0,0,0,21,0,1,20,0,11,10,0,21,0,1,20,0,11,10,0,21,0,1,20,0,0,0,21,0,0,0,0,11,10,0,0,0,1,20,0,0,0,0,21,0,0,0,0,0,0,21,26,11,17,19,27,12,11,3,6,8,28,25,10,10,25,28,7,6,3,0,4,22
18,0,13,8,0,22,0,3,18,0,13,8,0,22,0,3,18,0,13,8,0,22,0,18,0,13,8,0,22,0,3,18,0,13,8,0,22,0,3,18,0,13,8,0,22,0,18,0,13,8,0,22,0,3,18,0,13,8,0,22,0,3,18,0,13,8,0,22,0,18,0,13,8,0,22,0,3,18,0,13,8,0,22,0,3,18,0,13,8,0,22,0,10,0,7,4,0,12,0,2,10,0,7,4,0,12,0,2,10,0,7,4,0,12,0,7,7,7,7,7,7,7,7,7,7,7,7,7,7,7,7,7,7,7,7,7,7,7,8,8,8,8,8,8,8,8,8,8,8,8,8,8,8,8,8,8,8,8,8,8,8,0,0,0,0,0,0,0,0,0,0,0,0,0,0,0,0,0,0,0,0,0,0,0,0,16,29,1,6,29,11,0,26,21,0,16,29,1,6,29,11,0,26,21,0,16,29,0,16,29,1,6,29,11,0,26,21,0,16,29,1,6,29,11,0,26,21,0,16,29,0,16,29,1,6,29,11,0,26,21,0,16,29,1,6,29,11,0,26,21,0,16,29,0,16,29,1,6,29,11,0,26,21,0,16,29,1,6,29,11,0,26,21,0,16,29,0,16,29,1,6,29,11,0,26,21,0,16,29,1,6,29,11,0,26,21,0,16,29,0,16,29,1,6,29,11,0,26,21,0,16,29,1,6,29,11,0,26,21,0,16,29,0,6,11,0,2,11,4,0,10,8,0,6,11,0,2,11,4,0,10,8,0,6,11,0,0,0,0,0,0,0,0,0,0,0,0,0,0,0,0,0,0,0,0,0,0,0,17,17,17,17,17,17,17,17,17,17,17,17,17,17,17,17,17,17,17,17,17,17,17,0,0,0,0,0,0,0,0,0,0,0,0,0,0,0,0,0,0,0,0,0,0,0,0,0,0,0,0,0,0,0,0,0,0,0,0,0,0,0,0,0,0,0,0,0,0,0,14,25,1,5,25,9,0,22,18,0,14,25,1,5,25,9,0,22,18,0,14,25,0,16,29,1,6,29,11,0,26,21,0,16,29,1,6,29,11,0,26,21,0,16,29,0,16,29,1,6,29,11,0,26,21,0,16,29,1,6,29,11,0,26,21,0,16,29,0,16,29,1,6,29,11,0,26,21,0,16,29,1,6,29,11,0,26,21,0,16,29
0,0,0,0,0,0,0,0,0,0,0,0,0,0,0,0,0,0,0,0,0,0,0,0,0,0,0,0,0,0,0,0,0,0,0,0,0,0,0,0,0,0,0,0,0,0,8,8,8,8,8,8,8,8,8,8,8,8,8,8,8,8,8,8,8,8,8,8,8,7,7,7,7,7,7,7,7,7,7,7,7,7,7,7,7,7,7,7,7,7,7,7,15,20,20,20,5,8,20,20,20,12,6,25,10,0,0,1,0,0,6,25,10,8,20,20,29,29,28,7,11,28,29,28,16,6,29,11,0,6,29,11,0,6,29,11,11,28,0,16,29,2,3,0,6,29,11,3,6,29,11,0,6,29,11,0,6,29,11,3,6,0,16,29,5,18,0,6,29,11,22,6,29,11,0,6,29,11,0,6,29,11,22,6,0,16,29,5,18,0,6,29,11,22,6,29,11,0,6,29,11,0,6,29,11,22,6,0,16,29,5,15,0,6,29,11,18,6,29,11,0,6,29,11,0,6,29,11,18,6,8,20,29,10,8,8,13,29,17,8,13,29,11,0,6,29,11,0,6,29,17,8,13,29,29,29,29,29,29,29,29,29,29,29,29,11,0,2,10,4,0,6,29,29,29,29,9,9,9,9,9,9,9,9,9,9,9,9,3,0,0,0,0,0,2,9,9,9,9,17,17,17,17,17,17,17,17,17,17,17,17,17,17,17,17,17,17,17,17,17,17,17,0,0,0,0,0,0,0,0,0,0,0,0,0,0,0,0,0,0,0,0,0,0,0,6,6,6,6,6,6,6,6,6,6,6,6,1,0,0,0,0,0,0,6,6,6,6,29,29,29,29,29,29,29,29,29,29,29,29,7,0,6,25,10,0,1,29,29,29,29,19,11,11,11,11,11,16,29,19,11,11,11,3,0,6,29,11,0,0,11,11,11,16,11,0,0,0,0,0,6,29,11,0,0,0,0,0,6,29,11,0,0,0,0,0,6,11,6,14,14,14,8,6,29,11,6,14,14,3,0,6,29,11,0,1,14,14,8,6,3,4,9,9,9,5,2,9,3,4,9,9,2,0,2,9,3,0,0,9,9,5,2,0,0,0,0,0,0,0,0,0,0,0,0,0,0,0,0,0,0,0,0,0,0,0,0,0,0,0,0,0,0,0,0,0,0,0,0,0,0,0,0,0,0,0,0,0,0
0,22,13,8,0,22,13,8,0,22,0,3,18,22,0,3,18,22,0,3,18,0,13,6,22,13,8,0,22,13,10,6,22,5,7,18,22,0,3,18,22,5,7,18,0,13,18,22,13,8,0,22,13,12,18,22,13,12,18,22,0,3,18,22,13,12,18,0,13,18,22,13,8,0,22,13,12,18,22,13,12,18,22,0,3,18,22,13,12,18,0,13,18,22,13,8,0,22,13,12,18,22,13,12,18,22,0,3,18,22,13,12,18,0,13,13,22,9,6,0,16,13,11,13,22,9,10,18,16,0,2,13,22,9,10,18,0,13,0,22,0,0,3,0,13,9,0,3,0,4,18,0,2,1,0,22,0,0,3,0,2,18,22,13,12,18,22,13,12,18,3,13,12,18,22,13,12,18,22,13,9,3,0,2,18,22,13,12,18,22,13,12,18,22,13,12,18,22,13,12,18,22,13,12,18,0,13,6,22,5,7,18,8,13,10,6,22,5,7,18,8,13,10,6,22,5,7,18,0,13,0,22,6,8,18,10,13,8,0,22,0,3,18,10,13,10,8,22,0,3,18,0,13,1,22,13,12,18,22,13,9,1,22,0,4,18,22,13,12,18,22,0,4,18,0,13,18,22,13,12,18,22,13,12,18,22,13,12,18,22,13,12,18,22,13,12,18,0,13,18,22,10,10,18,17,13,12,18,22,13,12,18,17,13,12,14,22,13,12,18,0,13,18,22,0,3,18,0,13,12,18,22,13,12,18,0,13,8,0,22,13,12,18,0,13,0,22,0,3,18,0,13,8,0,22,0,3,18,0,13,8,0,22,0,3,18,0,13,0,22,0,3,18,0,13,8,0,22,0,3,18,0,13,8,0,22,0,3,18,0,13,0,22,0,0,0,0,13,8,0,0,0,3,18,0,0,0,0,22,0,0,0,0,0,10,23,25,11,15,20,27,11,10,3,7,9,28,25,11,10,25,28,7,5,3,0,2,18,5,17,12,18,23,6,6,18,22,13,9,6,24,13,12,21,6,13,12,18,0,13,18,0,13,12,18,22,0,3,18,22,13,8,0,22,13,12,18,0,13,12,18,0,13,11,0,13,12,18,22,0,2,11,22,8,5,0,22,13,12,18,0,8,9,18,0,13,0,0,13,8,0,22,0,0,0,22,0,0,0,22,0,3,18,0,0,3,18,0,13
0,11,17,17,17,17,17,17,17,0,0,0,0,17,29,0,7,29,10,0,27,20,0,0,0,0,0,0,0,0,0,0,0,0,0,0,17,29,0,7,29,10,0,27,20,0,0,4,15,0,12,6,0,19,0,0,0,0,0,17,29,0,7,29,10,0,27,20,0,0,4,17,0,14,7,0,22,0,0,0,0,0,17,29,0,7,29,10,0,27,20,0,0,4,17,0,14,7,0,22,0,0,0,0,0,17,29,0,7,29,10,0,27,20,0,0,4,17,0,14,7,0,22,0,0,0,0,0,17,29,0,7,29,10,0,27,20,0,0,4,17,0,14,7,0,22,0,0,0,0,0,17,29,0,7,29,10,0,27,20,0,0,4,17,16,14,11,13,22,10,5,0,0,0,17,29,0,7,29,10,0,27,20,0,0,4,17,22,14,12,17,22,14,7,0,0,0,17,29,0,7,29,10,0,27,20,0,0,4,17,22,14,12,17,22,14,7,0,0,0,10,17,0,4,17,6,0,16,12,0,0,4,17,22,14,12,17,22,14,7,0,0,0,0,0,0,0,0,0,0,0,0,0,0,4,17,3,14,8,2,22,2,1,0,0,0,14,25,0,6,25,9,0,23,17,0,0,14,17,0,14,21,17,25,0,0,0,0,0,17,29,0,7,29,10,0,27,20,0,0,12,17,0,7,14,14,25,0,0,4,3,0,17,29,0,7,29,10,0,27,20,0,0,4,17,0,13,13,8,22,0,0,27,20,0,17,29,0,7,29,10,0,27,20,0,0,4,17,1,18,20,17,22,0,0,27,20,0,17,29,0,7,29,10,0,27,20,0,0,4,17,0,0,4,17,22,0,0,27,20,0,17,29,0,7,29,10,0,27,20,0,0,4,17,0,9,10,17,22,0,0,27,20,0,17,29,0,7,29,10,0,27,20,0,0,4,17,0,14,10,7,22,0,0,18,13,0,17,29,0,7,29,10,0,27,20,0,0,15,17,0,14,22,19,26,0,0,0,0,0,17,29,0,7,29,10,0,27,20,0,0,9,7,0,6,12,12,12,0,0,0,0,0,17,29,0,7,29,10,0,27,20,0,0,5,7,7,7,7,7,7,7,0,0,0,0,17,29,0,7,29,10,0,27,20,0,0,6,8,8,8,8,8,8,8,0,0,0,0,17,29,0,7,29,10,0,27,20,0
8,0,22,0,3,18,0,13,8,0,22,0,0,0,16,29,1,0,0,0,9,22,19,8,0,22,0,3,18,0,13,8,0,22,0,0,0,16,29,1,0,0,2,22,22,22,8,0,22,0,3,18,0,13,8,0,22,0,0,0,16,29,1,0,0,0,0,0,0,8,0,22,0,3,18,0,13,8,0,22,0,0,0,3,5,0,0,0,0,0,0,0,4,0,12,0,2,10,0,7,4,0,12,0,0,0,0,0,0,0,0,0,0,0,0,7,7,7,7,7,7,7,7,7,7,7,7,7,7,7,7,7,7,7,7,7,7,7,8,8,8,8,8,8,8,8,8,8,8,8,8,8,8,8,8,8,8,8,8,8,8,0,0,0,0,0,0,0,0,0,0,0,0,5,11,11,11,11,11,11,11,11,11,11,0,0,0,0,0,0,0,0,0,0,1,9,12,14,14,14,14,14,5,4,4,4,4,0,0,0,0,0,0,0,0,0,0,3,21,6,6,6,6,6,6,0,0,2,10,0,0,0,0,0,0,0,0,0,0,0,3,18,0,0,14,0,0,0,0,0,3,18,0,0,0,3,17,0,0,0,0,0,0,3,18,0,0,22,0,0,0,0,0,3,18,0,0,0,3,18,0,0,0,0,0,0,3,18,0,0,16,0,0,0,0,0,2,13,0,0,0,3,18,0,0,0,0,0,0,3,18,0,2,15,15,15,15,15,15,15,15,15,0,0,3,18,0,0,0,0,0,0,3,18,6,14,14,14,14,14,14,14,14,14,14,0,0,3,18,0,0,0,0,0,0,3,18,1,15,11,2,2,2,2,2,2,2,2,0,0,3,18,0,0,0,0,0,0,3,18,0,13,8,2,17,17,17,17,17,17,17,0,0,3,18,0,0,0,0,0,0,3,18,0,13,8,0,0,0,0,0,0,0,0,0,0,3,18,0,0,0,0,0,0,3,18,0,13,18,13,13,13,13,13,13,13,13,0,0,3,18,0,0,0,0,0,0,3,18,5,13,14,14,11,2,2,2,2,2,2,0,0,3,18,0,0,0,0,0,0,3,18,2,5,8,20,3,0,0,0,2,13,0,6,0,3,18,0,0,0,0,0,0,3,18,0,13,12,18,0,0,0,0,3,18,0,22,0,3,18,0,0,0,0,0,0,3,18,0,13,12,18,0,0,0,0,3,18,0
0,0,0,0,0,5,14,1,5,29,12,0,25,22,0,0,0,4,0,0,0,0,0,0,0,0,0,0,11,29,2,5,29,12,0,25,22,0,0,0,4,0,0,0,0,0,0,0,0,0,0,11,29,2,5,29,12,0,25,22,0,0,0,4,0,0,0,0,0,0,0,0,0,0,11,29,2,5,29,12,0,5,4,0,0,0,4,0,0,0,0,0,0,0,0,0,0,11,29,2,5,29,12,0,0,0,0,0,0,2,0,0,0,0,0,0,0,0,0,0,11,29,2,5,29,12,0,0,0,1,7,7,3,0,0,0,0,0,0,0,0,0,0,11,29,2,5,29,12,0,0,0,1,8,8,3,0,0,0,0,0,0,0,0,0,0,11,29,2,5,29,12,0,0,0,0,0,0,0,0,0,0,0,0,0,0,0,0,0,11,29,2,5,29,12,0,25,22,0,15,29,2,0,0,0,0,0,0,0,0,0,0,11,29,2,5,29,12,0,25,22,0,15,29,2,0,0,0,0,0,0,0,0,0,0,11,29,2,5,29,12,0,25,22,0,15,29,2,0,0,0,0,0,0,0,0,0,0,11,29,2,5,29,12,0,25,22,0,15,29,2,0,0,0,0,0,0,0,0,0,0,11,29,2,5,29,12,0,25,22,0,15,29,2,0,0,0,0,0,0,0,0,0,0,11,29,2,5,29,12,0,25,22,0,15,29,2,0,0,0,0,0,0,0,0,0,0,11,29,2,5,29,12,0,10,9,0,6,11,1,0,0,0,0,0,0,0,0,0,0,11,29,2,5,29,12,0,0,0,0,0,0,0,0,0,0,0,0,0,0,0,0,0,11,29,2,3,15,6,0,0,0,2,17,17,6,0,0,0,0,0,0,0,0,0,0,11,29,2,0,0,0,0,0,0,0,0,0,0,0,0,0,0,0,0,0,0,0,0,11,29,2,5,26,11,0,0,0,0,0,0,0,0,0,0,0,0,0,0,0,0,0,11,29,2,5,29,12,0,21,19,0,13,25,2,0,0,0,0,0,0,0,0,0,0,11,29,2,5,29,12,0,25,22,0,15,29,2,0,0,0,0,0,0,0,0,0,0,11,29,2,5,29,12,0,25,22,0,15,29,2,0,0,0,0,0,0,0,0,0,0,11,29,2,5,29,12,0,25,22,0,15,29,2,0,0,0,0,0
0,25,23,0,0,0,0,0,0,0,0,0,0,0,0,0,0,0,0,0,0,22,22,0,25,23,0,0,0,0,0,0,0,0,0,0,0,0,0,0,0,0,0,0,0,0,0,25,23,0,0,0,0,13,17,17,17,7,0,0,0,0,7,17,17,17,17,17,13,0,25,23,0,0,0,0,0,0,0,0,0,0,0,0,0,0,0,4,9,9,9,7,0,8,7,0,10,20,2,3,20,9,0,17,16,0,10,20,2,0,12,29,29,29,22,0,0,0,0,14,29,3,4,29,13,0,25,23,0,14,29,3,0,3,12,29,18,6,0,0,0,0,14,29,3,4,29,13,0,25,23,0,14,29,3,0,17,5,29,13,11,16,0,0,0,14,29,3,4,29,13,0,25,23,0,14,29,3,0,21,5,29,13,14,21,0,0,0,14,29,3,4,29,13,0,25,23,0,14,29,3,0,21,5,29,13,14,21,0,0,0,14,29,3,4,29,13,0,25,23,0,14,29,3,0,3,5,29,13,2,21,0,0,0,10,21,2,3,21,10,0,18,17,0,10,21,2,0,9,28,29,28,18,21,0,0,0,0,0,0,0,0,0,0,0,0,0,0,0,0,0,6,20,20,20,13,21,0,0,0,0,0,0,6,7,7,7,7,7,7,7,7,7,7,7,7,7,7,6,18,0,0,0,0,0,0,6,8,8,8,8,8,8,8,8,8,8,8,8,8,8,6,0,0,0,0,0,0,0,0,0,0,0,0,0,0,0,0,0,0,0,0,0,0,0,10,0,0,0,7,14,1,2,14,6,0,12,11,0,7,14,1,2,14,6,0,12,11,21,0,0,0,14,29,3,4,29,13,0,25,23,0,14,29,3,4,29,13,0,25,22,21,0,0,0,14,29,3,4,29,13,0,25,23,0,14,29,3,4,29,13,0,25,22,21,0,0,0,14,29,3,4,29,13,0,25,23,0,14,29,3,4,29,13,0,25,22,21,0,0,0,14,29,3,4,29,13,0,25,23,0,14,29,3,4,29,13,0,25,22,21,0,0,0,14,29,3,1,9,4,0,8,7,0,4,9,1,1,9,4,0,8,7,21,0,0,0,14,29,3,0,0,0,0,0,0,0,0,0,0,0,0,0,0,0,0,21,0,0,0,14,29,3,0,0,0,0,0,0,0,0,0,0,0,0,0,0,0,0
0,0,13,8,0,6,13,13,13,13,13,16,18,0,0,19,0,0,0,16,29,1,6,0,0,13,8,0,1,2,2,2,2,2,6,18,0,0,22,0,0,0,16,29,1,6,0,0,13,15,9,9,9,9,9,0,0,3,18,0,0,22,0,0,0,16,29,1,6,0,0,13,29,29,29,29,29,27,0,0,3,21,7,2,14,0,0,0,16,29,1,6,0,0,13,15,8,8,8,8,8,0,0,3,29,29,7,0,0,0,0,6,11,0,2,0,0,13,8,0,0,0,0,0,0,0,1,10,10,2,0,0,0,0,0,0,0,0,0,0,13,8,14,17,17,17,17,17,17,17,17,17,17,17,17,17,17,17,17,17,17,0,0,13,8,0,0,0,0,0,0,0,0,0,0,0,0,0,0,0,0,0,0,0,0,0,13,8,2,21,21,21,21,21,21,13,2,21,21,21,21,21,21,13,0,0,0,0,0,13,8,2,26,26,26,27,29,28,16,2,26,26,28,29,27,26,16,0,0,5,0,0,13,8,0,0,0,0,6,29,11,0,0,0,0,16,29,1,0,0,0,0,6,0,0,13,20,15,15,15,0,6,29,11,11,23,23,6,16,29,1,19,23,20,0,6,0,0,0,0,0,0,0,0,6,29,11,4,8,8,2,16,29,1,7,8,7,0,6,0,0,0,0,1,19,19,19,22,29,23,19,19,19,19,25,29,20,19,11,0,0,6,0,0,0,0,2,28,28,28,28,28,28,28,28,28,28,28,28,28,28,17,0,0,0,0,0,0,0,0,0,0,0,0,0,0,0,0,0,0,0,0,0,0,0,0,0,0,0,0,0,0,0,0,0,0,0,0,0,0,0,0,0,0,0,0,0,0,0,0,0,17,17,17,17,17,17,17,17,17,17,17,17,17,17,17,17,17,17,17,17,17,17,17,0,0,0,0,0,0,0,0,0,0,0,0,0,0,0,3,9,9,9,9,9,9,1,0,0,13,8,0,18,0,0,0,0,0,0,0,0,0,11,29,29,29,29,29,29,3,0,0,13,8,0,22,0,8,17,17,17,17,23,8,0,3,8,8,8,8,8,29,3,0,0,13,8,0,22,0,0,0,0,0,0,13,17,11,11,11,11,11,11,4,28,3,0,14,13,8,0,16,17,17,17,17,17,1,13,12,4,4,4,4,4,4,1,28,3
22,0,3,18,0,13,8,0,22,0,3,18,0,13,8,0,22,0,3,18,0,13,8,22,0,2,12,0,13,8,0,14,0,3,18,0,8,5,0,22,0,2,12,0,13,8,24,0,0,0,0,13,13,3,3,2,9,18,0,0,0,0,23,5,2,3,4,17,8,26,12,10,9,20,12,27,18,22,13,27,17,20,6,8,17,21,28,12,18,23,26,11,0,13,12,18,22,0,3,18,22,13,8,0,22,13,12,18,0,13,12,18,22,0,3,0,13,12,18,22,0,3,18,22,13,8,0,22,13,12,18,0,13,12,18,22,0,3,0,3,6,18,6,0,3,18,14,13,8,0,6,13,10,5,0,13,11,12,22,0,1,0,0,3,18,0,0,3,18,0,13,8,0,0,13,8,0,0,13,8,0,22,0,0,8,0,3,18,0,5,5,9,8,6,5,6,0,13,8,0,8,6,5,6,11,5,3,22,0,3,18,0,13,10,6,22,4,6,18,0,13,8,0,22,4,6,18,7,13,8,22,0,3,18,0,13,12,18,22,13,12,18,0,13,8,0,22,13,12,18,22,13,8,22,0,3,18,0,13,12,18,22,13,12,18,0,13,8,0,22,13,12,18,22,13,8,0,0,0,0,0,0,4,18,0,13,9,0,0,0,0,0,0,13,9,0,22,0,0,0,0,0,0,0,0,3,18,0,13,8,0,0,0,0,0,0,13,8,0,22,0,0,9,0,0,0,0,5,7,18,9,13,10,7,0,0,0,0,9,13,10,7,22,5,3,22,0,0,0,0,13,12,18,22,13,12,18,0,0,0,0,22,13,12,18,22,13,8,22,0,2,10,0,13,12,18,22,13,12,18,0,7,5,0,22,13,12,18,22,13,8,22,0,3,18,0,13,12,18,22,13,12,18,0,13,8,0,22,13,12,18,22,13,8,22,0,3,18,0,13,12,18,22,13,12,18,0,13,8,0,22,13,12,18,22,13,8,22,0,3,18,0,13,10,8,22,6,7,18,0,13,8,0,22,6,7,18,9,13,8,22,2,5,18,4,13,9,3,22,2,5,18,4,13,9,3,22,2,5,18,4,13,9,22,13,12,18,22,13,12,18,22,13,12,18,22,13,12,18,22,13,12,18,22,13,12,22,13,12,18,22,13,12,18,22,13,12,18,22,13,12,18,22,13,12,18,22,13,12
8,0,0,0,16,29,1,6,29,11,0,26,21,0,16,29,1,6,29,11,0,26,21,8,0,0,0,16,29,1,6,29,11,0,26,21,0,16,29,1,6,29,11,0,26,21,8,0,0,0,16,29,1,6,29,11,0,26,21,0,16,29,1,6,29,11,0,26,21,8,0,0,0,16,29,1,6,29,11,0,26,21,0,16,29,1,6,29,11,0,26,21,8,0,0,0,9,15,1,3,15,6,0,14,11,0,9,15,1,3,15,6,0,14,11,8,0,0,0,0,0,0,0,0,0,0,0,0,0,0,0,0,0,0,0,0,0,0,8,0,0,0,0,0,0,0,0,0,0,0,0,0,0,0,0,0,0,0,0,0,0,8,0,0,0,8,17,17,17,17,17,17,17,17,17,17,17,17,17,17,17,17,17,17,8,0,0,0,0,0,0,0,0,0,0,0,0,0,0,0,0,0,0,0,0,0,0,8,0,0,0,11,20,1,4,20,8,0,18,15,0,11,20,1,4,20,8,0,18,15,8,0,0,0,16,29,1,6,29,11,0,26,21,0,16,29,1,6,29,11,0,26,21,8,0,0,0,16,29,1,6,29,11,0,26,21,0,16,29,1,6,29,11,0,26,21,8,0,0,0,16,29,1,6,29,11,0,26,21,0,16,29,1,6,29,11,0,26,21,8,0,0,0,16,29,1,6,29,11,0,26,21,0,16,29,1,6,29,11,0,26,21,8,0,0,0,16,29,1,6,29,11,0,26,21,0,16,29,1,6,29,11,0,26,21,0,0,0,0,12,21,1,5,21,8,0,19,16,0,12,21,1,5,21,8,0,19,16,0,0,0,0,0,0,0,0,0,0,0,0,0,0,0,0,0,0,0,0,0,0,0,7,7,7,7,7,7,7,7,7,7,7,7,7,7,7,7,7,7,7,7,7,7,7,8,8,8,8,8,8,8,8,8,8,8,8,8,8,8,8,8,8,8,8,8,8,8,11,0,1,9,0,6,4,0,11,0,1,9,0,6,4,0,11,0,1,9,0,6,4,22,0,3,18,0,13,8,0,22,0,3,18,0,13,8,0,22,0,3,18,0,13,8,22,0,3,18,0,13,8,0,22,0,3,18,0,13,8,0,22,0,3,18,0,13,8,22,0,3,18,0,13,8,0,22,0,3,18,0,13,8,0,22,0,3,18,0,13,8
0,0,3,18,0,13,8,0,8,13,8,0,0,0,0,5,3,0,0,0,22,0,0,11,17,17,13,0,13,8,14,17,18,18,17,17,17,17,17,17,17,17,17,19,0,0,0,0,0,0,0,10,18,17,17,17,17,17,11,0,0,0,0,0,0,0,0,0,0,0,0,0,0,0,0,0,0,0,0,0,0,0,0,0,0,0,0,0,0,0,0,0,11,17,17,17,17,17,17,17,17,17,17,17,17,17,17,17,17,17,17,17,17,17,11,4,9,9,9,5,0,9,9,9,9,0,7,9,9,9,2,0,0,0,0,0,0,0,12,29,29,29,17,2,29,29,29,27,0,22,29,29,29,7,0,0,0,0,0,0,0,3,13,29,17,5,0,8,27,24,8,0,6,20,29,10,2,0,0,10,18,1,0,0,18,6,29,11,22,0,0,26,21,13,8,0,16,29,5,18,0,0,16,29,1,0,0,18,6,29,11,22,0,0,26,21,13,8,0,16,29,5,18,0,0,16,29,1,0,0,6,6,29,11,8,0,0,26,21,5,3,0,16,29,3,6,0,0,16,29,1,0,0,19,29,29,29,29,29,29,29,29,29,29,29,29,29,29,7,0,0,16,29,1,0,0,12,18,18,18,18,18,18,18,18,18,18,18,18,18,18,5,0,0,3,5,0,0,0,0,0,0,0,0,0,0,0,0,0,0,0,0,0,0,0,0,0,0,0,0,0,0,5,7,7,7,7,7,7,7,7,7,7,7,7,7,7,7,7,7,7,7,7,7,5,5,8,8,8,8,8,8,8,8,8,8,8,8,8,8,8,8,8,8,8,8,8,6,18,27,27,27,27,27,27,27,27,27,27,27,27,27,27,27,27,27,27,27,27,27,8,3,4,4,4,4,20,16,4,4,4,4,4,4,20,16,4,4,4,4,4,4,16,8,10,0,0,0,0,18,13,0,12,0,0,0,0,18,13,0,12,0,0,0,0,13,8,18,0,1,8,6,18,14,14,22,0,1,8,6,18,14,14,22,0,1,8,6,13,8,18,0,3,18,16,18,14,15,22,0,3,18,16,18,14,15,22,0,3,18,16,13,8,18,0,2,13,16,18,14,15,22,0,2,13,16,18,14,15,22,0,2,13,16,13,8,18,0,0,0,10,18,14,1,22,0,0,0,10,18,14,1,22,0,0,0,10,13,8
20,4,0,0,2,13,0,18,20,4,0,0,2,13,0,18,20,4,0,0,2,13,0,19,7,0,0,0,0,0,12,19,7,0,0,0,0,0,12,19,7,0,0,0,0,0,17,17,17,17,17,17,17,17,17,17,17,17,17,17,17,17,17,17,17,17,17,17,17,0,0,0,0,0,0,0,0,0,0,0,0,0,0,0,0,0,0,0,0,0,0,0,28,28,28,27,0,22,28,28,28,28,28,28,0,0,0,0,0,0,0,0,0,0,0,19,28,27,18,0,15,25,29,20,19,19,19,0,0,0,0,0,0,0,0,0,21,17,5,26,21,8,5,0,16,29,4,12,0,8,5,0,0,0,0,0,0,0,0,26,21,8,26,21,13,8,0,16,29,5,18,0,13,8,18,29,29,17,0,0,0,0,26,21,6,26,21,10,6,0,16,29,4,13,0,10,6,1,29,5,1,0,0,0,0,26,21,18,28,27,18,18,18,25,29,19,18,18,18,0,0,28,3,0,0,0,0,0,26,21,29,29,29,29,29,29,29,29,29,29,29,29,0,0,28,3,0,0,0,0,0,0,0,0,0,0,0,0,0,0,0,0,0,0,0,0,0,28,3,0,0,0,0,0,0,0,0,0,0,0,0,0,0,0,0,0,0,0,0,0,28,3,0,0,0,0,0,0,0,17,17,17,17,17,17,17,17,17,17,17,13,0,0,28,3,14,17,17,17,11,0,0,0,0,0,7,17,17,17,17,17,17,11,2,17,17,29,18,17,17,11,0,0,0,0,1,0,0,6,15,15,29,17,15,15,11,2,15,15,29,17,15,15,11,0,0,0,0,8,0,0,0,0,0,28,4,0,0,0,0,0,0,28,4,0,0,0,0,0,0,0,8,0,0,10,7,15,28,14,8,12,0,10,7,15,28,14,8,12,14,0,0,0,0,8,0,0,13,9,15,28,14,9,18,0,13,9,15,28,14,9,18,22,0,0,0,0,8,0,0,13,9,15,28,14,9,17,0,13,9,15,28,14,9,17,22,0,0,0,0,7,0,0,7,5,3,28,6,1,0,0,7,5,3,28,6,1,0,22,0,0,0,0,2,2,2,2,2,2,29,6,2,2,2,2,2,2,29,6,0,0,4,0,0,0,0,29,29,29,29,29,29,29,29,29,29,29,29,29,29,29,29,2,0,0,0,0,0,0
0,0,0,0,0,26,21,0,0,13,8,0,0,0,0,0,0,13,8,0,22,0,0,17,17,11,0,0,26,21,0,0,13,8,0,0,0,0,0,0,13,8,0,22,0,8,0,0,0,0,0,26,21,0,0,13,8,0,0,0,0,0,0,13,8,0,22,0,0,0,1,4,1,0,23,19,0,0,13,8,0,0,0,0,0,0,13,8,0,18,17,17,1,6,29,11,0,0,0,0,0,13,8,0,0,0,0,0,0,13,8,14,17,19,18,1,6,29,11,0,0,0,0,0,13,8,0,0,0,0,0,0,13,8,0,8,13,8,1,6,29,11,0,0,2,11,0,13,8,0,0,0,0,0,0,13,8,0,22,13,8,1,6,29,11,0,0,3,18,0,13,8,0,0,0,0,0,0,13,8,0,22,13,8,1,4,19,7,0,0,3,18,0,13,8,0,0,0,0,0,0,13,8,4,6,17,13,0,0,0,0,0,0,3,18,0,13,8,0,0,0,0,0,0,13,11,13,14,14,14,0,0,0,0,0,0,3,18,0,13,8,0,0,0,0,0,0,6,12,12,12,12,12,7,7,5,0,0,0,3,18,0,13,8,0,0,6,7,7,7,7,7,7,7,7,7,8,8,6,0,0,0,3,18,0,13,8,0,0,7,8,8,8,8,8,8,8,8,8,0,0,0,0,0,0,3,18,0,13,8,0,0,0,0,0,0,0,0,0,0,3,19,0,0,0,0,0,0,3,18,0,13,8,0,0,0,0,0,0,0,0,0,0,4,28,1,6,28,11,0,0,3,18,0,13,8,0,0,0,0,0,0,0,0,0,0,4,2,1,6,29,11,0,0,3,18,0,13,8,0,0,0,0,0,0,16,21,21,13,13,8,1,6,29,11,0,0,3,18,0,13,8,0,0,0,0,0,0,8,16,26,6,13,8,1,6,29,11,0,0,3,18,0,13,8,0,0,0,0,0,0,0,8,23,0,2,10,1,6,25,10,0,0,3,18,0,13,8,0,0,0,0,0,0,0,8,23,0,4,29,0,0,0,0,0,0,3,18,0,13,8,0,0,0,0,0,0,0,8,23,0,1,8,0,0,0,0,0,0,3,18,0,13,8,0,0,0,0,0,0,0,8,23,0,0,0,17,17,11,0,0,0,3,18,0,13,8,0,0,14,17,17,17,11,8,23,0,0,15
12,12,12,12,12,12,12,12,12,12,12,12,12,12,12,12,12,12,12,12,12,12,12,3,3,3,3,3,3,3,3,3,3,3,3,3,3,3,3,3,3,3,3,3,3,3,0,9,6,0,16,0,2,13,0,9,6,0,16,0,2,13,0,9,6,0,16,0,2,0,13,8,0,22,0,3,18,0,13,8,0,22,0,3,18,0,13,8,0,22,0,3,0,13,8,0,22,0,3,18,0,13,8,0,22,0,3,18,0,13,8,0,22,0,3,0,13,8,0,22,0,3,18,0,13,8,0,22,0,3,18,0,13,8,0,22,0,3,0,13,8,0,22,0,3,18,0,13,8,0,22,0,3,18,0,13,8,0,22,0,3,13,13,11,10,22,7,9,18,13,13,11,10,22,7,9,18,13,13,11,10,22,7,9,22,13,12,18,22,13,12,18,22,13,12,18,22,13,12,18,22,13,12,18,22,13,12,22,13,12,18,22,13,12,18,22,13,12,18,22,13,12,18,22,13,12,18,22,13,12,22,13,12,18,22,13,12,18,22,13,12,18,22,13,12,18,22,13,12,18,22,13,12,7,13,10,6,22,4,6,18,7,13,10,6,22,4,6,18,7,13,10,6,22,4,6,12,20,8,0,23,12,15,18,0,13,18,12,25,0,3,23,12,20,8,0,23,12,15,19,24,8,0,15,19,21,18,0,9,19,19,26,0,2,19,19,24,8,0,15,19,21,8,13,8,3,8,8,6,18,0,8,8,5,22,0,6,8,8,13,8,3,8,8,6,27,13,8,8,23,26,12,18,0,23,24,18,22,0,16,23,27,13,8,8,23,26,12,22,13,8,0,0,13,12,18,0,0,3,18,22,0,0,0,22,13,8,0,0,13,12,22,13,8,0,11,13,12,18,0,6,8,18,22,0,1,9,22,13,8,0,11,13,12,13,13,8,0,22,8,9,18,0,13,11,11,22,0,3,18,13,13,8,0,22,8,9,14,21,8,0,23,14,16,18,0,13,19,14,25,0,3,24,14,21,8,0,23,14,16,17,17,5,0,14,17,17,11,0,8,17,17,17,0,2,17,17,17,5,0,14,17,17,2,2,2,2,2,2,2,2,2,2,2,2,2,2,2,2,2,2,2,2,2,2,2,13,13,13,13,13,13,13,13,13,13,13,13,13,13,13,13,13,13,13,13,13,13,13
0,6,29,7,0,29,17,0,20,27,0,0,22,0,0,0,19,0,6,12,0,0,0,0,6,29,7,0,29,17,0,20,27,0,0,22,0,7,14,0,17,4,0,22,0,0,0,6,29,7,0,29,17,0,20,27,0,0,22,0,7,14,22,17,12,14,22,0,0,0,6,29,7,0,15,9,0,20,27,0,0,22,0,7,14,22,17,12,14,22,0,0,0,6,29,7,0,0,0,0,20,27,0,0,8,0,2,5,22,6,9,14,8,0,0,0,6,29,7,0,26,16,0,20,27,0,0,0,0,0,0,22,0,7,14,0,0,0,0,6,29,7,0,29,17,0,20,27,0,0,0,0,0,0,22,1,8,14,1,0,0,0,6,29,7,0,29,17,0,5,7,0,0,0,0,7,14,22,17,12,14,22,0,0,0,6,29,7,0,29,17,0,3,4,0,0,5,0,7,14,22,17,12,14,22,0,0,0,6,29,7,0,29,17,0,20,27,0,0,22,0,7,14,22,17,12,14,22,0,0,0,6,29,7,0,29,17,0,20,27,0,0,22,0,7,14,22,17,12,14,22,0,0,0,6,29,7,0,29,17,0,20,27,0,0,22,0,7,14,17,17,11,11,22,0,0,0,6,29,7,0,29,17,0,20,27,0,0,22,0,7,14,0,17,4,0,22,0,0,0,6,29,7,0,29,17,0,20,27,0,0,22,15,12,14,19,17,11,12,22,0,0,0,6,29,7,0,29,17,0,20,27,0,0,22,17,12,14,22,17,12,14,22,0,0,0,1,7,2,0,29,17,0,20,27,0,0,19,17,11,12,22,15,12,14,19,0,0,0,1,4,1,0,29,17,0,20,27,0,0,0,17,11,7,23,0,7,18,7,1,0,0,6,29,7,0,29,17,0,20,27,0,0,0,17,25,25,24,0,7,27,25,5,0,0,6,29,7,0,29,17,0,20,27,0,0,0,17,4,0,22,0,7,14,0,0,0,0,6,29,7,0,29,17,0,20,27,0,0,0,17,4,0,22,0,7,14,0,0,0,0,6,29,7,0,29,17,0,20,27,0,0,0,17,4,0,22,0,7,14,0,0,0,0,6,29,7,0,29,17,0,20,27,0,0,0,17,4,0,22,0,7,14,0,0,0,0,6,29,7,0,29,17,0,20,27,0,0,0,17,4,0,22,0,7,14,0,0,0
18,0,13,12,18,0,13,12,18,0,13,8,0,22,13,8,0,22,13,8,0,22,0,18,8,13,12,18,0,13,12,18,8,13,10,6,22,13,8,0,22,13,10,6,22,5,18,22,13,12,18,0,13,12,18,22,13,12,18,22,13,8,0,22,13,12,18,22,13,18,22,13,12,18,0,13,12,18,22,13,12,18,22,13,8,0,22,13,12,18,22,13,18,22,13,12,18,0,13,12,18,22,13,12,18,22,13,8,0,22,13,12,18,22,13,18,16,13,11,13,0,9,10,18,16,13,11,13,22,9,6,0,16,13,11,13,22,9,3,0,13,9,0,3,0,4,18,0,2,1,0,22,0,0,3,0,13,9,0,3,0,3,22,13,12,18,22,13,12,18,22,2,5,18,22,13,12,18,22,13,12,18,3,13,18,22,13,12,18,22,13,12,18,22,13,12,18,22,13,12,18,22,13,12,18,22,13,18,8,13,10,6,22,5,7,18,8,13,10,6,22,5,7,18,8,13,10,6,22,5,18,0,13,10,8,22,6,8,18,0,13,8,0,22,6,8,18,10,13,8,0,22,0,18,1,13,12,18,22,13,12,18,1,13,9,1,22,13,12,18,22,13,9,1,22,0,18,22,13,12,18,22,13,12,18,22,13,12,18,22,13,12,18,22,13,12,18,22,13,18,22,13,12,14,22,10,10,18,22,13,12,18,22,10,10,18,17,13,12,18,22,13,18,22,13,8,0,22,0,3,18,22,13,12,18,22,0,3,18,0,13,12,18,22,13,18,0,13,8,0,22,0,3,18,0,13,8,0,22,0,3,18,0,13,8,0,22,0,18,0,13,8,0,22,0,3,18,0,13,8,0,22,0,3,18,0,13,8,0,22,0,0,0,13,8,0,0,0,3,18,0,0,0,0,22,0,0,0,0,13,8,0,0,0,3,13,13,27,16,19,12,26,18,13,2,3,10,23,25,11,15,20,27,11,10,3,7,18,22,3,10,18,22,13,13,4,22,13,12,18,5,17,12,18,23,6,6,18,22,13,18,22,0,3,18,22,13,8,0,22,13,12,18,0,13,12,18,22,0,3,18,22,13,18,13,0,3,18,22,13,8,0,13,13,11,11,0,13,12,18,22,0,2,11,22,8,18,0,0,3,18,0,13,8,0,0,13,8,0,0,13,8,0,22,0,0,0,22,0
0,0,0,0,0,0,0,0,0,0,0,0,0,0,0,0,0,0,0,0,0,0,0,0,0,0,0,0,0,0,0,0,0,0,0,0,0,0,0,0,0,0,0,0,0,0,0,0,0,0,0,0,0,0,0,0,0,0,0,0,0,0,0,0,0,0,0,0,0,0,0,0,0,0,0,0,0,0,0,0,0,0,0,0,0,0,0,0,0,0,0,0,0,0,0,0,0,0,0,0,0,0,0,0,0,0,0,0,0,0,0,0,0,0,0,0,0,0,0,0,0,0,0,0,0,0,0,0,0,0,0,0,0,0,0,0,0,0,0,0,0,0,0,0,0,0,0,0,0,0,0,0,16,28,1,0,0,0,0,0,0,17,17,17,17,17,17,17,17,17,17,17,17,0,0,16,29,1,0,8,17,17,17,17,2,0,6,0,1,5,0,3,2,0,6,0,0,0,16,29,1,0,0,0,0,0,0,8,0,22,0,3,18,0,13,8,0,22,0,0,0,16,29,1,5,22,9,0,20,16,8,0,22,0,3,18,0,13,8,0,22,0,0,0,16,29,1,6,29,11,0,26,21,8,0,22,0,3,18,0,13,8,0,22,0,0,0,16,29,1,6,29,11,0,26,21,8,0,22,0,3,18,0,13,8,0,22,0,0,0,16,29,1,6,29,11,0,26,21,9,2,22,1,5,18,3,13,9,2,22,1,1,0,16,29,1,6,29,11,0,26,21,12,18,22,13,12,18,22,13,12,18,22,13,8,0,16,29,1,6,29,11,0,26,21,12,18,22,13,12,18,22,13,12,18,22,13,8,0,16,29,1,4,19,7,0,17,14,12,18,22,13,12,18,22,13,12,18,22,13,8,0,16,28,1,0,0,0,0,0,0,0,0,0,0,0,0,0,0,0,0,0,0,0,0,0,0,0,0,0,0,0,0,0,0,0,0,0,0,0,0,0,0,0,0,0,0,0,0,0,0,0,0,0,0,0,0,0,0,0,0,0,0,0,0,0,0,0,0,0,0,0,0,0,0,0,0,0,0,0,0,0,0,0,0,0,0,0,0,0,0,0,0,0,0,0,0,0,0,0,0,0,0,0,0,0,0,0,0,0,0,0,0,0,0,0,0,0,0,0,0,0,0,0,0,0,0,0,0,0,0,0,0,0,0,0,0,0,0,0,0,0,0,0,0,0,0,0,0
25,25,16,0,12,25,25,25,0,3,25,25,25,7,0,20,25,25,16,0,12,25,25,8,11,18,0,13,14,9,24,0,3,21,10,17,8,0,23,8,11,18,0,13,14,9,13,12,18,0,13,12,18,22,0,3,18,22,13,8,0,22,13,12,18,0,13,12,18,13,12,18,0,3,6,18,22,0,1,5,22,13,8,0,6,13,12,18,0,3,6,18,15,12,18,0,1,5,18,22,0,1,1,23,13,8,0,1,15,12,18,0,1,5,18,29,12,18,0,29,29,18,22,0,20,29,28,13,8,10,29,29,12,18,0,29,29,18,0,4,18,0,0,0,0,22,0,0,0,0,13,8,0,0,0,4,18,0,0,0,0,27,28,18,0,13,27,27,28,0,3,27,27,28,8,0,22,27,28,18,0,13,27,27,4,8,18,0,13,12,4,23,0,3,20,4,16,8,0,23,4,8,18,0,13,12,4,8,9,18,13,13,11,11,22,8,9,18,13,13,11,11,22,8,9,18,13,13,11,11,13,12,18,22,13,12,18,22,13,12,18,22,13,12,18,22,13,12,18,22,13,12,18,13,12,18,22,13,12,18,22,13,12,18,22,13,12,18,22,13,12,18,22,13,12,18,13,12,18,22,13,12,18,22,13,12,18,22,13,12,18,22,13,12,18,22,13,12,18,4,6,18,6,13,10,5,22,4,6,18,6,13,10,5,22,4,6,18,6,13,10,5,0,3,18,0,13,8,0,22,0,3,18,0,13,8,0,22,0,3,18,0,13,8,0,0,3,18,0,13,8,0,22,0,3,18,0,13,8,0,22,0,3,18,0,13,8,0,0,3,18,0,13,8,0,22,0,3,18,0,13,8,0,22,0,3,18,0,13,8,0,0,3,18,0,13,8,0,22,0,3,18,0,13,8,0,22,0,3,18,0,13,8,0,0,1,8,0,6,3,0,9,0,1,8,0,6,3,0,9,0,1,8,0,6,3,0,11,11,11,11,11,11,11,11,11,11,11,11,11,11,11,11,11,11,11,11,11,11,11,4,4,4,4,4,4,4,4,4,4,4,4,4,4,4,4,4,4,4,4,4,4,4,15,15,10,0,7,15,15,15,0,2,15,15,15,4,0,12,15,15,10,0,7,15,15,17,18,17,0,12,19,17,24,0,3,23,17,21,8,0,21,17,18,17,0,12,19,17
21,0,16,29,1,0,0,13,8,0,22,0,3,18,0,13,8,0,22,0,3,18,0,21,0,16,29,1,0,0,13,8,0,22,0,3,18,0,13,8,0,22,0,3,18,0,21,0,16,29,1,0,0,13,8,0,22,0,3,18,0,13,8,0,22,0,3,18,0,21,0,3,5,0,0,0,13,8,0,22,0,3,18,0,13,8,0,22,0,3,18,0,21,0,0,0,0,0,0,7,4,0,12,0,2,10,0,7,4,0,12,0,2,10,0,21,0,0,0,0,6,7,7,7,7,7,7,7,7,7,7,7,7,7,7,7,7,7,21,0,0,0,0,7,8,8,8,8,8,8,8,8,8,8,8,8,8,8,8,8,8,21,0,0,0,0,0,0,0,0,0,0,0,0,0,0,0,0,0,0,0,0,0,0,21,0,16,29,1,6,29,11,0,26,21,0,16,29,1,6,29,11,0,26,21,0,16,21,0,16,29,1,6,29,11,0,26,21,0,16,29,1,6,29,11,0,26,21,0,16,21,0,16,29,1,6,29,11,0,26,21,0,16,29,1,6,29,11,0,26,21,0,16,21,0,16,29,1,6,29,11,0,26,21,0,16,29,1,6,29,11,0,26,21,0,16,21,0,16,29,1,6,29,11,0,26,21,0,16,29,1,6,29,11,0,26,21,0,16,21,0,16,29,1,6,29,11,0,26,21,0,16,29,1,6,29,11,0,26,21,0,16,21,0,6,11,0,2,11,4,0,10,8,0,6,11,0,2,11,4,0,10,8,0,6,21,0,0,0,0,0,0,0,0,0,0,0,0,0,0,0,0,0,0,0,0,0,0,11,0,0,0,0,14,17,17,17,17,17,17,17,17,17,17,17,17,17,17,17,17,17,0,0,0,0,0,0,0,0,0,0,0,0,0,0,0,0,0,0,0,0,0,0,0,19,0,0,0,0,0,0,0,0,0,0,0,0,0,0,0,0,0,0,0,0,0,0,21,0,14,25,1,5,25,9,0,22,18,0,14,25,1,5,25,9,0,22,18,0,14,21,0,16,29,1,6,29,11,0,26,21,0,16,29,1,6,29,11,0,26,21,0,16,21,0,16,29,1,6,29,11,0,26,21,0,16,29,1,6,29,11,0,26,21,0,16,21,0,16,29,1,6,29,11,0,26,21,0,16,29,1,6,29,11,0,26,21,0,16
0,0,0,0,0,0,0,0,0,0,0,0,0,0,6,29,29,29,29,29,29,20,0,0,0,0,0,0,0,0,0,0,0,0,0,0,0,0,0,0,0,0,0,0,0,0,17,17,17,17,17,17,17,17,17,17,17,17,17,17,17,17,17,17,17,17,17,17,17,0,0,0,0,0,0,0,0,0,0,0,0,0,0,0,0,0,5,9,9,9,9,9,0,11,20,1,4,20,8,0,18,15,0,0,0,0,0,0,0,16,29,29,29,29,29,0,16,29,1,6,29,11,0,26,21,0,0,0,0,0,0,0,16,29,10,8,20,29,0,16,29,1,6,29,11,0,26,21,0,0,0,0,0,0,0,16,29,5,15,16,29,0,16,29,1,6,29,11,0,26,21,0,0,8,5,0,0,0,16,29,5,18,16,29,0,16,29,1,6,29,11,0,26,21,0,0,13,8,0,0,0,16,29,5,18,16,29,0,16,29,1,6,29,11,0,26,21,0,0,13,8,0,0,0,16,29,2,3,16,29,0,12,21,1,5,21,8,0,19,16,0,0,13,8,0,0,0,16,29,1,20,29,29,0,0,0,0,0,0,0,0,0,0,0,0,13,8,0,0,0,15,26,1,15,20,20,7,7,7,7,7,7,7,7,7,0,0,0,13,8,0,3,7,7,7,7,7,7,7,8,8,8,8,8,8,8,8,8,0,0,0,13,8,0,4,8,8,8,8,8,8,8,0,0,0,0,0,0,0,0,0,0,0,0,13,8,0,0,0,0,0,0,0,0,0,0,8,14,0,3,14,5,0,13,10,0,0,13,8,0,0,0,0,13,10,0,8,14,0,16,29,1,6,29,11,0,26,21,0,0,13,8,0,0,0,0,26,21,0,16,29,0,16,29,1,6,29,11,0,26,21,0,0,13,8,0,0,0,0,26,21,0,16,29,0,16,29,1,6,29,11,0,26,21,0,0,13,8,0,0,0,0,26,21,0,16,29,0,16,29,1,6,29,11,0,26,21,0,0,13,8,0,0,0,0,26,21,0,16,29,0,5,9,0,2,9,3,0,8,7,0,0,13,8,0,0,0,0,8,7,0,5,9,0,0,0,0,0,0,0,0,0,0,0,0,13,8,0,0,0,0,0,0,0,0,0,0,0,0,0,0,0,0,0,0,0,0,0,13,8,0,0,0,0,0,0,0,0,0
0,25,15,0,18,24,0,10,29,7,0,17,4,0,0,14,4,0,19,0,0,0,22,0,0,0,0,0,0,0,10,29,7,0,17,4,0,22,0,7,14,0,17,4,0,22,0,0,0,0,0,0,0,10,29,7,0,17,4,0,22,17,12,14,22,17,4,0,22,13,17,17,15,0,0,0,10,29,7,0,17,4,0,22,17,12,14,22,17,4,0,22,0,0,0,0,0,0,0,10,29,7,0,6,1,0,8,17,7,5,22,6,1,0,8,0,10,6,0,7,10,0,10,29,7,0,0,0,0,0,17,4,0,22,0,0,0,0,0,29,17,0,20,27,0,10,29,7,0,0,0,0,1,17,5,0,22,1,0,0,0,0,29,17,0,20,27,0,10,29,7,0,0,0,0,22,17,12,14,22,17,4,0,0,0,29,17,0,20,27,0,10,29,7,0,4,1,0,22,17,12,14,22,17,4,0,5,0,29,17,0,20,27,0,10,27,7,0,17,4,0,22,17,12,14,22,17,4,0,22,0,29,17,0,20,27,0,0,0,0,0,17,4,0,22,17,12,14,22,17,4,0,22,0,29,17,0,20,27,0,5,14,3,0,17,4,0,22,13,11,14,17,17,4,0,22,0,29,17,0,20,27,0,10,29,7,0,17,4,0,22,0,7,14,0,17,4,0,22,0,29,17,0,20,27,0,10,29,7,0,17,11,12,22,15,12,14,19,17,11,12,22,0,29,17,0,20,27,0,10,29,7,0,17,12,14,22,17,12,14,22,17,12,14,22,0,29,17,0,20,27,0,10,29,7,0,15,12,14,19,17,11,12,22,15,12,14,19,0,29,17,0,20,27,0,10,29,7,0,0,7,18,7,21,4,0,24,7,13,14,0,0,29,17,0,20,27,0,10,29,7,0,0,7,27,25,27,4,0,27,25,26,14,0,0,29,17,0,20,27,0,10,29,7,0,0,7,14,0,17,4,0,22,0,7,14,0,0,29,17,0,20,27,0,10,29,7,0,0,7,14,0,17,4,0,22,0,7,14,0,0,29,17,0,20,27,0,10,29,7,0,0,7,14,0,17,4,0,22,0,7,14,0,0,29,17,0,20,27,0,10,29,7,0,0,7,14,0,17,4,0,22,0,7,14,0,0,29,17,0,20,27,0,10,29,7,0,0,7,14,0,17,4,0,22,0,7,14,0
29,1,6,29,11,0,26,21,0,16,29,1,6,29,11,0,26,21,0,16,29,1,6,29,1,6,29,11,0,26,21,0,16,29,1,6,29,11,0,26,21,0,16,29,1,6,29,1,6,29,11,0,26,21,0,16,29,1,6,29,11,0,26,21,0,16,29,1,6,29,1,6,29,11,0,26,21,0,16,29,1,6,29,11,0,26,21,0,16,29,1,6,15,1,3,15,6,0,14,11,0,9,15,1,3,15,6,0,14,11,0,9,15,1,3,0,0,0,0,0,0,0,0,0,0,0,0,0,0,0,0,0,0,0,0,0,0,0,0,0,0,0,0,0,0,0,0,0,0,0,0,0,0,0,0,0,0,0,0,0,0,17,17,17,17,17,17,17,17,17,17,17,17,17,17,17,17,17,17,17,17,17,17,17,0,0,0,0,0,0,0,0,0,0,0,0,0,0,0,0,0,0,0,0,0,0,0,20,1,4,20,8,0,18,15,0,11,20,1,4,20,8,0,18,15,0,11,20,1,4,29,1,6,29,11,0,26,21,0,16,29,1,6,29,11,0,26,21,0,16,29,1,6,29,1,6,29,11,0,26,21,0,16,29,1,6,29,11,0,26,21,0,16,29,1,6,29,1,6,29,11,0,26,21,0,16,29,1,6,29,11,0,26,21,0,16,29,1,6,29,1,6,29,11,0,26,21,0,16,29,1,6,29,11,0,26,21,0,16,29,1,6,29,1,6,29,11,0,26,21,0,16,29,1,6,29,11,0,26,21,0,16,29,1,6,21,1,5,21,8,0,19,16,0,12,21,1,5,21,8,0,19,16,0,12,21,1,5,0,0,0,0,0,0,0,0,0,0,0,0,0,0,0,0,0,0,0,0,0,0,0,7,7,7,7,7,7,7,7,7,7,7,7,7,7,7,7,7,7,7,7,7,7,7,8,8,8,8,8,8,8,8,8,8,8,8,8,8,8,8,8,8,8,8,8,8,8,0,1,9,0,6,4,0,11,0,1,9,0,6,4,0,11,0,0,0,0,6,4,0,0,3,18,0,13,8,0,22,0,3,18,0,13,8,0,22,0,0,0,0,13,8,0,0,3,18,0,13,8,0,22,0,3,18,0,13,8,0,22,0,0,0,0,13,8,0,0,3,18,0,13,8,0,22,0,3,18,0,13,8,0,22,0,0,0,0,13,8,0
4,2,3,18,3,4,4,0,22,2,4,4,1,13,9,4,4,2,3,18,3,4,4,23,0,3,27,23,23,7,0,23,23,23,15,0,13,25,23,23,0,3,27,23,23,7,24,0,3,22,8,18,8,0,23,8,11,18,0,13,15,8,24,0,3,22,8,18,8,22,6,8,18,10,13,10,8,22,6,8,18,10,13,10,8,22,6,8,18,10,13,10,22,13,12,18,22,13,12,18,22,13,12,18,22,13,12,18,22,13,12,18,22,13,12,22,13,12,18,22,13,12,18,22,13,12,18,22,13,12,18,22,13,12,18,22,13,12,22,13,12,18,22,13,12,18,22,13,12,18,22,13,12,18,22,13,12,18,22,13,12,22,6,7,18,9,13,10,8,22,6,7,18,9,13,10,8,22,6,7,18,9,13,10,22,0,3,18,0,13,8,0,22,0,3,18,0,13,8,0,22,0,3,18,0,13,8,22,0,3,18,0,13,8,0,22,0,3,18,0,13,8,0,22,0,3,18,0,13,8,22,0,3,18,0,13,8,0,22,0,3,18,0,13,8,0,22,0,3,18,0,13,8,22,0,3,18,0,13,8,0,22,0,3,18,0,13,8,0,22,0,3,18,0,13,8,13,0,2,10,0,7,5,0,13,0,2,10,0,7,5,0,13,0,2,10,0,7,5,7,7,7,7,7,7,7,7,7,7,7,7,7,7,7,7,7,7,7,7,7,7,7,8,8,8,8,8,8,8,8,8,8,8,8,8,8,8,8,8,8,8,8,8,8,8,11,0,1,11,11,11,3,0,9,11,11,7,0,5,11,11,11,0,1,11,11,11,3,27,0,3,26,20,25,8,0,23,20,22,18,0,13,23,20,27,0,3,26,20,25,8,22,0,3,18,15,13,8,0,22,9,9,18,0,13,11,12,22,0,3,18,15,13,8,22,0,2,13,22,13,8,0,16,13,12,18,0,10,10,18,22,0,2,13,22,13,8,22,0,0,0,22,13,8,0,0,13,12,18,0,0,3,18,22,0,0,0,22,13,8,22,0,12,17,26,13,8,6,17,23,12,18,0,17,19,18,22,0,12,17,26,13,8,22,0,10,14,14,13,8,5,14,14,8,18,0,14,14,9,22,0,10,14,14,13,8,25,0,1,13,13,21,8,0,11,13,16,18,0,6,13,13,25,0,1,13,13,21,8
4,2,3,18,3,4,4,0,22,2,4,4,1,13,9,4,4,2,3,18,3,4,4,23,0,3,27,23,23,7,0,23,23,23,15,0,13,25,23,23,0,3,27,23,23,7,24,0,3,22,8,18,8,0,23,8,11,18,0,13,15,8,24,0,3,22,8,18,8,22,6,8,18,10,13,10,8,22,6,8,18,10,13,10,8,22,6,8,18,10,13,10,22,13,12,18,22,13,12,18,22,13,12,18,22,13,12,18,22,13,12,18,22,13,12,22,13,12,18,22,13,12,18,22,13,12,18,22,13,12,18,22,13,12,18,22,13,12,22,13,12,18,22,13,12,18,22,13,12,18,22,13,12,18,22,13,12,18,22,13,12,22,6,7,18,9,13,10,8,22,6,7,18,9,13,10,8,22,6,7,18,9,13,10,22,0,3,18,0,13,8,0,22,0,3,18,0,13,8,0,22,0,3,18,0,13,8,22,0,3,18,0,13,8,0,22,0,3,18,0,13,8,0,22,0,3,18,0,13,8,22,0,3,18,0,13,8,0,22,0,3,18,0,13,8,0,22,0,3,18,0,13,8,22,0,3,18,0,13,8,0,22,0,3,18,0,13,8,0,22,0,3,18,0,13,8,13,0,2,10,0,7,5,0,13,0,2,10,0,7,5,0,13,0,2,10,0,7,5,7,7,7,7,7,7,7,7,7,7,7,7,7,7,7,7,7,7,7,7,7,7,7,8,8,8,8,8,8,8,8,8,8,8,8,8,8,8,8,8,8,8,8,8,8,8,11,0,1,11,11,11,3,0,9,11,11,7,0,5,11,11,11,0,1,11,11,11,3,27,0,3,26,20,25,8,0,23,20,22,18,0,13,23,20,27,0,3,26,20,25,8,22,0,3,18,15,13,8,0,22,9,9,18,0,13,11,12,22,0,3,18,15,13,8,22,0,2,13,22,13,8,0,16,13,12,18,0,10,10,18,22,0,2,13,22,13,8,22,0,0,0,22,13,8,0,0,13,12,18,0,0,3,18,22,0,0,0,22,13,8,22,0,12,17,26,13,8,6,17,23,12,18,0,17,19,18,22,0,12,17,26,13,8,22,0,10,14,14,13,8,5,14,14,8,18,0,14,14,9,22,0,10,14,14,13,8,25,0,1,13,13,21,8,0,11,13,16,18,0,6,13,13,25,0,1,13,13,21,8
21,17,0,0,5,23,9,0,21,17,0,13,23,1,5,23,9,0,21,17,0,13,23,26,21,0,0,0,1,0,0,1,1,0,1,1,0,0,1,0,0,1,1,0,1,1,20,16,0,0,0,0,0,0,0,0,0,0,0,0,0,0,0,0,0,0,0,0,0,11,11,11,11,11,11,11,11,11,11,11,11,11,11,11,11,11,11,11,11,11,11,11,4,4,4,4,4,4,4,4,4,4,4,4,4,4,4,4,4,4,4,4,4,4,4,0,6,15,15,0,0,1,15,15,15,15,15,15,4,0,0,0,2,15,15,15,15,15,0,12,29,28,0,0,2,29,29,29,29,29,29,8,0,0,0,3,29,29,29,29,29,0,1,2,23,0,0,0,2,2,2,2,2,15,8,0,0,0,3,20,2,2,2,2,18,0,0,23,17,17,17,17,17,17,6,0,13,8,0,0,0,3,18,0,2,17,17,18,0,0,22,0,0,0,0,0,0,0,0,13,8,0,0,0,3,18,0,0,0,0,18,0,0,22,0,0,1,13,13,13,13,13,21,8,0,0,0,3,24,13,13,13,13,9,5,11,25,0,0,2,29,29,29,29,29,29,8,0,0,0,3,29,29,29,29,29,0,12,29,28,0,0,0,4,4,4,4,4,16,8,0,0,0,3,20,4,4,4,4,0,3,6,6,0,0,0,0,0,0,0,0,13,8,0,0,0,3,18,0,0,0,0,17,17,17,17,17,17,17,17,17,17,17,11,13,8,0,0,0,3,18,8,17,17,17,0,0,0,0,0,0,0,0,0,0,0,0,13,8,0,0,0,3,18,0,0,0,0,25,25,24,0,19,25,25,25,25,25,24,0,13,8,0,0,0,3,18,0,19,25,25,25,22,21,0,17,26,29,23,22,22,21,0,13,8,0,0,0,3,18,0,17,22,22,11,0,0,0,0,16,29,1,0,0,0,0,13,8,0,0,0,3,18,0,0,0,0,11,12,27,27,9,16,29,1,2,17,17,17,21,8,0,0,0,3,23,17,17,17,6,11,2,4,4,1,16,29,1,0,0,0,0,0,0,0,0,0,0,0,0,0,0,0,26,23,23,23,23,27,29,24,23,23,22,0,0,0,0,0,0,0,0,0,18,23,23,25,25,25,25,25,25,25,25,25,25,23,0,0,0,0,0,0,0,0,0,19,25,25
21,0,0,0,0,0,0,0,0,0,0,0,0,0,0,0,0,0,18,18,18,3,0,21,0,0,0,0,0,0,13,17,17,17,17,17,17,17,17,17,17,17,17,17,17,13,10,0,0,0,0,0,0,0,0,0,0,0,0,0,0,0,0,0,0,0,0,0,0,0,0,0,0,0,0,0,0,0,0,0,0,0,0,0,0,0,0,0,0,0,0,0,18,0,0,0,4,8,1,1,8,4,0,7,7,0,4,8,1,1,8,4,0,7,6,21,0,0,0,14,29,3,4,29,13,0,25,23,0,14,29,3,4,29,13,0,25,22,21,0,0,0,14,29,3,4,29,13,0,25,23,0,14,29,3,4,29,13,0,25,22,21,0,0,0,14,29,3,4,29,13,0,25,23,0,14,29,3,4,29,13,0,25,22,21,0,0,0,14,29,3,4,29,13,0,25,23,0,14,29,3,4,29,13,0,25,22,21,0,0,0,7,15,2,2,15,7,0,13,12,0,7,15,2,2,15,7,0,13,12,21,0,0,0,0,0,0,0,0,0,0,0,0,0,0,0,0,0,0,0,0,0,0,21,0,0,0,0,0,0,0,0,0,0,0,0,0,0,0,0,0,0,0,0,0,0,21,0,0,0,0,1,17,17,17,17,17,17,17,17,17,17,17,17,17,17,17,17,13,6,0,0,0,0,0,0,0,0,0,0,0,0,0,0,0,0,0,0,0,6,17,13,0,0,0,0,10,20,2,3,20,9,0,17,16,0,10,20,2,0,0,0,5,14,11,18,0,0,0,14,29,3,4,29,13,0,25,23,0,14,29,3,0,0,0,1,12,0,21,0,0,0,14,29,3,4,29,13,0,25,23,0,14,29,3,0,0,0,1,20,0,21,0,0,0,14,29,3,4,29,13,0,25,23,0,14,29,3,0,0,0,1,20,0,21,0,0,0,14,29,3,4,29,13,0,25,23,0,14,29,3,0,0,0,1,20,0,21,0,0,0,14,29,3,4,29,13,0,25,23,0,14,29,3,0,0,0,1,20,0,21,0,0,0,10,21,2,3,21,10,0,18,17,0,10,21,2,0,0,0,1,3,3,21,0,0,0,0,0,0,0,0,0,0,0,0,0,0,0,0,0,0,0,10,28,22,21,0,0,0,3,7,7,7,7,7,7,7,7,7,7,7,7,7,7,7,7,7,6
0,0,0,0,0,11,29,2,5,29,12,0,25,22,0,2,19,0,0,0,0,0,0,0,0,0,0,0,11,29,2,5,29,12,0,25,22,0,1,12,0,0,0,0,0,0,0,0,0,0,0,11,29,2,5,29,12,0,25,22,0,0,0,0,0,0,0,0,0,0,0,0,0,0,11,29,2,5,29,12,0,25,22,0,1,9,4,0,0,0,0,0,0,0,0,0,0,11,29,2,5,29,12,0,25,22,0,2,19,4,0,0,0,0,0,0,0,0,0,0,11,29,2,5,29,12,0,25,22,0,2,19,4,0,0,0,0,0,0,0,0,0,0,11,29,2,5,29,12,0,25,22,0,2,19,1,0,0,0,0,0,0,0,0,0,0,11,29,2,5,29,12,0,25,22,0,2,19,0,0,0,0,0,0,0,0,0,0,0,11,29,2,5,29,12,0,25,22,0,2,19,0,0,0,0,0,0,0,0,0,0,0,11,29,2,5,29,12,0,25,22,0,2,19,0,0,0,0,0,0,0,0,0,0,0,11,29,2,5,29,12,0,25,22,0,2,19,0,0,0,0,0,0,0,0,0,0,0,11,29,2,1,5,2,0,25,22,0,2,19,0,0,0,0,0,0,0,0,0,0,0,11,29,2,1,6,3,0,25,22,0,0,0,0,0,0,0,0,0,0,0,0,0,0,11,29,2,5,29,12,0,25,22,0,0,0,0,0,0,0,0,0,0,0,0,0,0,11,29,2,5,29,12,0,24,21,0,0,0,0,0,0,0,0,0,0,0,0,0,0,11,29,2,5,29,12,0,0,0,0,0,0,0,0,0,0,0,0,0,0,0,0,0,11,29,2,5,29,12,0,12,11,0,1,11,0,0,0,0,0,0,0,0,0,0,0,11,29,2,5,29,12,0,25,22,0,2,19,0,0,0,0,0,0,0,0,0,0,0,11,29,2,5,29,12,0,25,22,0,2,19,0,0,0,0,0,0,0,0,0,0,0,11,29,2,5,29,12,0,25,22,0,2,19,0,0,0,0,0,0,0,0,0,0,0,11,29,2,5,29,12,0,25,22,0,2,19,0,0,0,0,0,0,0,0,0,0,0,11,29,2,5,29,12,0,25,22,0,2,19,4,0,0,0,0,0,0,0,0,0,0,11,27,2,5,29,12,0,25,22,0,2,19,4,0,0,0,0,0
14,25,1,6,25,10,0,23,19,0,14,25,1,6,25,10,0,23,19,0,14,25,1,16,29,1,6,29,11,0,26,21,0,16,29,1,6,29,11,0,26,21,0,16,29,1,16,29,1,6,29,11,0,26,21,0,16,29,1,6,29,11,0,26,21,0,16,29,1,16,29,1,6,29,11,0,26,21,0,16,29,1,6,29,11,0,26,21,0,16,29,1,16,29,1,6,29,11,0,26,21,0,16,29,1,6,29,11,0,26,21,0,16,29,1,16,29,1,6,29,11,0,26,21,0,16,29,1,6,29,11,0,26,21,0,16,29,1,9,17,1,3,17,6,0,15,12,0,9,17,1,3,17,6,0,15,12,0,9,17,1,0,0,0,0,0,0,0,0,0,0,0,0,0,0,0,0,0,0,0,0,0,0,0,12,12,12,12,12,12,12,12,12,12,12,12,12,12,12,12,12,12,12,12,12,12,12,3,3,3,3,3,3,3,3,3,3,3,3,3,3,3,3,3,3,3,3,3,3,3,0,0,0,0,0,0,0,0,0,0,0,0,0,0,0,0,0,0,0,0,0,0,0,11,19,1,4,19,7,0,17,14,0,11,19,1,4,19,7,0,17,14,0,11,19,1,16,29,1,6,29,11,0,26,21,0,16,29,1,6,29,11,0,26,21,0,16,29,1,16,29,1,6,29,11,0,26,21,0,16,29,1,6,29,11,0,26,21,0,16,29,1,16,29,1,6,29,11,0,26,21,0,16,29,1,6,29,11,0,26,21,0,16,29,1,16,29,1,6,29,11,0,26,21,0,16,29,1,6,29,11,0,26,21,0,16,29,1,2,4,0,1,4,1,0,4,3,0,2,4,0,1,4,1,0,4,3,0,2,4,0,0,0,0,0,0,0,0,0,0,0,0,0,0,0,0,0,0,0,0,0,0,0,0,0,0,0,0,0,0,0,0,0,0,0,0,0,0,0,0,0,0,0,0,0,0,0,17,17,17,17,17,17,17,17,17,17,17,17,17,17,17,17,17,17,17,17,17,17,17,0,0,0,0,0,0,0,0,0,0,0,0,0,0,0,0,0,0,0,0,0,0,0,0,0,0,0,0,0,0,0,0,0,0,0,0,0,0,0,0,0,0,0,0,0,0,5,9,0,2,9,3,0,8,7,0,5,9,0,2,9,3,0,8,7,0,5,9,0
14,25,1,6,25,10,0,23,19,0,14,25,1,6,25,10,0,23,19,0,14,25,1,16,29,1,6,29,11,0,26,21,0,16,29,1,6,29,11,0,26,21,0,16,29,1,16,29,1,6,29,11,0,26,21,0,16,29,1,6,29,11,0,26,21,0,16,29,1,16,29,1,6,29,11,0,26,21,0,16,29,1,6,29,11,0,26,21,0,16,29,1,16,29,1,6,29,11,0,26,21,0,16,29,1,6,29,11,0,26,21,0,16,29,1,16,29,1,6,29,11,0,26,21,0,16,29,1,6,29,11,0,26,21,0,16,29,1,9,17,1,3,17,6,0,15,12,0,9,17,1,3,17,6,0,15,12,0,9,17,1,0,0,0,0,0,0,0,0,0,0,0,0,0,0,0,0,0,0,0,0,0,0,0,12,12,12,12,12,12,12,12,12,12,12,12,12,12,12,12,12,12,12,12,12,12,12,3,3,3,3,3,3,3,3,3,3,3,3,3,3,3,3,3,3,3,3,3,3,3,0,0,0,0,0,0,0,0,0,0,0,0,0,0,0,0,0,0,0,0,0,0,0,11,19,1,4,19,7,0,17,14,0,11,19,1,4,19,7,0,17,14,0,11,19,1,16,29,1,6,29,11,0,26,21,0,16,29,1,6,29,11,0,26,21,0,16,29,1,16,29,1,6,29,11,0,26,21,0,16,29,1,6,29,11,0,26,21,0,16,29,1,16,29,1,6,29,11,0,26,21,0,16,29,1,6,29,11,0,26,21,0,16,29,1,16,29,1,6,29,11,0,26,21,0,16,29,1,6,29,11,0,26,21,0,16,29,1,2,4,0,1,4,1,0,4,3,0,2,4,0,1,4,1,0,4,3,0,2,4,0,0,0,0,0,0,0,0,0,0,0,0,0,0,0,0,0,0,0,0,0,0,0,0,0,0,0,0,0,0,0,0,0,0,0,0,0,0,0,0,0,0,0,0,0,0,0,17,17,17,17,17,17,17,17,17,17,17,17,17,17,17,17,17,17,17,17,17,17,17,0,0,0,0,0,0,0,0,0,0,0,0,0,0,0,0,0,0,0,0,0,0,0,0,0,0,0,0,0,0,0,0,0,0,0,0,0,0,0,0,0,0,0,0,0,0,5,9,0,2,9,3,0,8,7,0,5,9,0,2,9,3,0,8,7,0,5,9,0
14,25,1,6,25,10,0,23,19,0,14,25,1,6,25,10,0,23,19,0,14,25,1,16,29,1,6,29,11,0,26,21,0,16,29,1,6,29,11,0,26,21,0,16,29,1,16,29,1,6,29,11,0,26,21,0,16,29,1,6,29,11,0,26,21,0,16,29,1,16,29,1,6,29,11,0,26,21,0,16,29,1,6,29,11,0,26,21,0,16,29,1,16,29,1,6,29,11,0,26,21,0,16,29,1,6,29,11,0,26,21,0,16,29,1,16,29,1,6,29,11,0,26,21,0,16,29,1,6,29,11,0,26,21,0,16,29,1,9,17,1,3,17,6,0,15,12,0,9,17,1,3,17,6,0,15,12,0,9,17,1,0,0,0,0,0,0,0,0,0,0,0,0,0,0,0,0,0,0,0,0,0,0,0,12,12,12,12,12,12,12,12,12,12,12,12,12,12,12,12,12,12,12,12,12,12,12,3,3,3,3,3,3,3,3,3,3,3,3,3,3,3,3,3,3,3,3,3,3,3,0,0,0,0,0,0,0,0,0,0,0,0,0,0,0,0,0,0,0,0,0,0,0,11,19,1,4,19,7,0,17,14,0,11,19,1,4,19,7,0,17,14,0,11,19,1,16,29,1,6,29,11,0,26,21,0,16,29,1,6,29,11,0,26,21,0,16,29,1,16,29,1,6,29,11,0,26,21,0,16,29,1,6,29,11,0,26,21,0,16,29,1,16,29,1,6,29,11,0,26,21,0,16,29,1,6,29,11,0,26,21,0,16,29,1,16,29,1,6,29,11,0,26,21,0,16,29,1,6,29,11,0,26,21,0,16,29,1,2,4,0,1,4,1,0,4,3,0,2,4,0,1,4,1,0,4,3,0,2,4,0,0,0,0,0,0,0,0,0,0,0,0,0,0,0,0,0,0,0,0,0,0,0,0,0,0,0,0,0,0,0,0,0,0,0,0,0,0,0,0,0,0,0,0,0,0,0,17,17,17,17,17,17,17,17,17,17,17,17,17,17,17,17,17,17,17,17,17,17,17,0,0,0,0,0,0,0,0,0,0,0,0,0,0,0,0,0,0,0,0,0,0,0,0,0,0,0,0,0,0,0,0,0,0,0,0,0,0,0,0,0,0,0,0,0,0,5,9,0,2,9,3,0,8,7,0,5,9,0,2,9,3,0,8,7,0,5,9,0
26,21,0,16,29,1,6,29,11,0,26,21,0,16,29,1,6,29,11,0,26,21,0,0,0,0,0,0,0,0,0,0,0,0,0,0,0,0,0,0,0,0,0,0,0,0,0,0,0,0,0,0,0,0,0,0,0,0,0,0,0,0,0,0,0,0,0,0,0,0,0,0,0,0,0,0,0,0,0,0,0,0,0,0,0,0,0,0,0,0,0,0,17,17,17,17,17,17,17,17,17,17,17,17,17,17,17,17,17,17,17,17,17,17,17,0,0,0,0,0,0,0,0,0,0,0,0,0,0,0,0,0,0,0,0,0,0,0,0,0,0,0,0,0,0,0,0,0,0,0,0,0,0,0,0,0,0,0,0,0,0,17,13,0,10,18,1,4,18,7,0,17,13,0,10,18,1,4,18,7,0,17,13,0,26,21,0,16,29,1,6,29,11,0,26,21,0,16,29,1,6,29,11,0,26,21,0,26,21,0,16,29,1,6,29,11,0,26,21,0,16,29,1,6,29,11,0,26,21,0,26,21,0,16,29,1,6,29,11,0,26,21,0,16,29,1,6,29,11,0,26,21,0,26,21,0,16,29,1,6,29,11,0,26,21,0,16,29,1,6,29,11,0,26,21,0,5,4,0,3,5,0,1,5,2,0,5,4,0,3,5,0,1,5,2,0,5,4,0,0,0,0,0,0,0,0,0,0,0,0,0,0,0,0,0,0,0,0,0,0,0,0,7,7,7,7,7,7,7,7,7,7,7,7,7,7,7,7,7,7,7,7,7,7,7,8,8,8,8,8,8,8,8,8,8,8,8,8,8,8,8,8,8,8,8,8,8,8,0,0,0,0,0,0,0,0,0,0,0,0,0,0,0,0,0,0,0,0,0,0,0,26,21,0,16,29,1,6,29,11,0,26,21,0,16,29,1,6,29,11,0,26,21,0,26,21,0,16,29,1,6,29,11,0,26,21,0,16,29,1,6,29,11,0,26,21,0,26,21,0,16,29,1,6,29,11,0,26,21,0,16,29,1,6,29,11,0,26,21,0,26,21,0,16,29,1,6,29,11,0,26,21,0,16,29,1,6,29,11,0,26,21,0,26,21,0,16,29,1,6,29,11,0,26,21,0,16,29,1,6,29,11,0,26,21,0,26,21,0,16,29,1,6,29,11,0,26,21,0,16,29,1,6,29,11,0,26,21,0
21,0,16,29,1,6,29,11,0,26,21,0,16,29,1,6,29,11,0,26,21,0,16,0,0,0,0,0,0,0,0,0,0,0,0,0,0,0,0,0,0,0,0,0,0,0,0,0,0,0,0,0,0,0,0,0,0,0,0,0,0,0,0,0,0,0,0,0,0,0,0,0,0,0,0,0,0,0,0,0,0,0,0,0,0,0,0,0,0,0,0,0,17,17,17,17,17,17,17,17,17,17,17,17,17,17,17,17,17,17,17,17,17,17,17,0,0,0,0,0,0,0,0,0,0,0,0,0,0,0,0,0,0,0,0,0,0,0,0,0,0,0,0,0,0,0,0,0,0,0,0,0,0,0,0,0,0,0,0,0,0,13,0,10,18,1,4,18,7,0,17,13,0,10,18,1,4,18,7,0,17,13,0,10,21,0,16,29,1,6,29,11,0,26,21,0,16,29,1,6,29,11,0,26,21,0,16,21,0,16,29,1,6,29,11,0,26,21,0,16,29,1,6,29,11,0,26,21,0,16,21,0,16,29,1,6,29,11,0,26,21,0,16,29,1,6,29,11,0,26,21,0,16,21,0,16,29,1,6,29,11,0,26,21,0,16,29,1,6,29,11,0,26,21,0,16,4,0,3,5,0,1,5,2,0,5,4,0,3,5,0,1,5,2,0,5,4,0,3,0,0,0,0,0,0,0,0,0,0,0,0,0,0,0,0,0,0,0,0,0,0,0,7,7,7,7,7,7,7,7,7,7,7,7,7,7,7,7,7,7,7,7,7,7,7,8,8,8,8,8,8,8,8,8,8,8,8,8,8,8,8,8,8,8,8,8,8,8,0,0,0,0,0,0,0,0,0,0,0,0,0,0,0,0,0,0,0,0,0,0,0,21,0,16,29,1,6,29,11,0,26,21,0,16,29,1,6,29,11,0,26,21,0,16,21,0,16,29,1,6,29,11,0,26,21,0,16,29,1,6,29,11,0,26,21,0,16,21,0,16,29,1,6,29,11,0,26,21,0,16,29,1,6,29,11,0,26,21,0,16,21,0,16,29,1,6,29,11,0,26,21,0,16,29,1,6,29,11,0,26,21,0,16,21,0,16,29,1,6,29,11,0,26,21,0,16,29,1,6,29,11,0,26,21,0,16,21,0,16,29,1,6,29,11,0,26,21,0,16,29,1,6,29,11,0,26,21,0,16
3,5,0,1,5,2,0,5,4,0,3,5,0,1,5,2,0,5,4,0,3,5,0,16,29,1,6,29,11,0,26,21,0,16,29,1,6,29,11,0,26,21,0,16,29,1,16,29,1,6,29,11,0,26,21,0,16,29,1,6,29,11,0,26,21,0,16,29,1,16,29,1,6,29,11,0,26,21,0,16,29,1,6,29,11,0,26,21,0,16,29,1,16,29,1,6,29,11,0,26,21,0,16,29,1,6,29,11,0,26,21,0,16,29,1,16,29,1,6,29,11,0,26,21,0,16,29,1,6,29,11,0,26,21,0,16,29,1,16,29,1,6,29,11,0,26,21,0,16,29,1,6,29,11,0,26,21,0,16,29,1,3,6,0,1,6,2,0,6,5,0,3,6,0,1,6,2,0,6,5,0,3,6,0,0,0,0,0,0,0,0,0,0,0,0,0,0,0,0,0,0,0,0,0,0,0,0,17,17,17,17,17,17,17,17,17,17,17,17,17,17,17,17,17,17,17,17,17,17,17,0,0,0,0,0,0,0,0,0,0,0,0,0,0,0,0,0,0,0,0,0,0,0,22,0,3,18,0,13,8,0,22,0,3,18,0,0,0,0,22,0,3,18,0,13,8,22,0,3,18,0,13,8,0,22,0,3,18,0,0,0,0,22,0,3,18,0,13,8,22,0,3,18,0,13,8,0,22,0,3,18,0,0,0,0,22,0,3,18,0,13,8,22,0,3,18,0,13,8,0,22,0,3,18,0,0,0,0,22,0,3,18,0,13,8,22,0,3,18,0,13,8,0,22,0,3,18,0,0,0,0,22,0,3,18,0,13,8,24,0,3,22,8,18,8,0,23,8,11,18,0,0,0,0,23,8,11,18,0,13,15,27,0,3,27,23,26,8,0,23,23,24,18,0,0,0,0,23,23,24,18,0,13,25,22,4,6,18,7,13,10,6,22,4,6,18,7,0,1,6,22,4,6,18,7,13,10,22,13,12,18,22,13,12,18,22,13,12,18,22,0,3,18,22,13,12,18,22,13,12,22,13,12,18,22,13,12,18,22,13,12,18,22,0,3,18,22,13,12,18,22,13,12,9,13,10,7,22,5,7,18,9,13,10,7,22,0,3,18,9,13,10,7,22,5,7,0,2,1,0,4,0,0,3,0,2,1,0,4,0,0,3,0,2,1,0,4,0,0
0,0,0,0,0,0,0,0,0,0,0,0,0,0,0,0,0,0,0,0,0,0,0,0,0,0,0,0,0,0,0,0,0,0,0,0,0,0,0,0,0,0,0,0,0,0,0,0,0,0,0,0,0,0,0,0,0,0,0,0,0,0,0,0,0,0,0,0,0,0,0,0,0,0,0,0,0,0,0,0,0,0,0,0,0,0,0,0,0,0,0,0,0,0,0,0,0,0,0,0,0,0,0,0,0,0,0,0,0,0,0,0,0,0,0,0,0,0,0,0,0,0,0,0,0,0,0,0,0,0,0,0,0,0,0,0,0,0,13,13,13,13,13,13,13,9,0,0,0,0,0,0,11,13,13,13,13,13,13,13,13,2,2,2,2,2,2,2,2,0,0,0,0,0,0,2,2,2,2,2,2,2,2,2,10,6,0,16,0,2,13,0,0,0,0,0,6,5,0,3,6,0,1,6,2,0,0,13,8,0,22,0,3,18,0,0,0,0,0,26,21,0,16,29,1,6,29,11,0,0,13,8,0,22,0,3,18,0,0,0,0,0,26,21,0,16,29,1,6,29,11,0,0,13,8,0,22,0,3,18,0,0,0,0,0,26,21,0,16,29,1,6,29,11,0,0,13,8,0,22,0,3,18,0,0,0,0,0,26,21,0,16,29,1,6,29,11,0,0,13,11,11,22,8,9,18,13,0,0,0,0,26,21,0,16,29,1,6,29,11,0,0,13,12,18,22,13,12,18,22,0,0,0,0,26,21,0,16,29,1,6,29,11,0,0,13,12,18,22,13,12,18,22,0,0,0,0,5,4,0,3,5,0,1,5,2,0,0,6,6,9,11,6,6,9,11,0,0,0,0,0,0,0,0,0,0,0,0,0,0,0,0,0,0,0,0,0,0,0,0,0,0,0,0,0,0,0,0,0,0,0,0,0,0,0,0,0,0,0,0,0,0,0,0,0,0,0,0,0,0,0,0,0,0,0,0,0,0,0,0,0,0,0,0,0,0,0,0,0,0,0,0,0,0,0,0,0,0,0,0,0,0,0,0,0,0,0,0,0,0,0,0,0,0,0,0,0,0,0,0,0,0,0,0,0,0,0,0,0,0,0,0,0,0,0,0,0,0,0,0,0,0,0,0,0,0,0,0,0,0,0,0,0,0,0,0,0,0,0,0,0,0,0,0,0,0,0,0,0
21,0,16,29,1,6,29,11,0,26,21,0,16,29,1,6,29,11,0,26,21,0,16,0,0,0,0,0,0,0,0,0,0,0,0,0,0,0,0,0,0,0,0,0,0,0,0,0,0,0,0,0,0,0,0,0,0,0,0,0,0,0,0,0,0,0,0,0,0,0,0,0,0,0,0,0,0,0,0,0,0,0,0,0,0,0,0,0,0,0,0,0,0,14,17,17,17,17,17,17,17,17,17,17,17,17,17,17,17,17,17,17,17,17,17,0,0,0,0,0,0,0,0,0,0,0,0,0,0,0,0,0,0,0,0,0,0,0,0,0,0,0,0,0,0,0,0,0,0,0,0,0,0,0,0,0,0,0,0,0,0,13,0,10,18,1,4,18,7,0,17,13,0,10,18,1,4,18,7,0,17,13,0,10,21,0,16,29,1,6,29,11,0,26,21,0,16,29,1,6,29,11,0,26,21,0,16,21,0,16,29,1,6,29,11,0,26,21,0,16,29,1,6,29,11,0,26,21,0,16,21,0,16,29,1,6,29,11,0,26,21,0,16,29,1,6,29,11,0,26,21,0,16,21,0,16,29,1,6,29,11,0,26,21,0,16,29,1,6,29,11,0,26,21,0,16,4,0,3,5,0,1,5,2,0,5,4,0,3,5,0,1,5,2,0,5,4,0,3,0,0,0,0,0,0,0,0,0,0,0,0,0,0,0,0,0,0,0,0,0,0,0,0,6,7,7,7,7,7,7,7,7,7,7,7,7,7,7,7,7,7,7,7,7,7,0,7,8,8,8,8,8,8,8,8,8,8,8,8,8,8,8,8,8,8,8,8,8,0,0,0,0,0,0,0,0,0,0,0,0,0,0,0,0,0,0,0,0,0,0,0,21,0,16,29,1,6,29,11,0,26,21,0,16,29,1,6,29,11,0,26,21,0,16,21,0,16,29,1,6,29,11,0,26,21,0,16,29,1,6,29,11,0,26,21,0,16,21,0,16,29,1,6,29,11,0,26,21,0,16,29,1,6,29,11,0,26,21,0,16,21,0,16,29,1,6,29,11,0,26,21,0,16,29,1,6,29,11,0,26,21,0,16,21,0,16,29,1,6,29,11,0,26,21,0,16,29,1,6,29,11,0,26,21,0,16,21,0,16,29,1,6,29,11,0,26,21,0,16,29,1,6,29,11,0,26,21,0,16
10,18,22,0,5,7,24,13,8,2,7,18,12,18,0,7,10,18,22,0,5,7,24,25,15,22,0,17,25,24,13,8,9,25,25,11,18,0,25,25,15,22,0,17,25,24,3,3,23,0,0,3,3,16,8,0,3,3,7,18,0,1,3,3,23,0,0,3,3,29,28,28,0,3,29,28,29,8,0,23,28,29,18,0,13,29,28,28,0,3,29,28,8,0,22,0,3,18,0,13,8,0,22,0,3,18,0,13,8,0,22,0,3,18,0,12,15,22,11,11,18,18,13,12,15,22,11,11,18,18,13,12,15,22,11,11,18,18,12,18,22,13,12,18,22,13,12,18,22,13,12,18,22,13,12,18,22,13,12,18,22,12,18,22,13,12,18,22,13,12,18,22,13,12,18,22,13,12,18,22,13,12,18,22,12,18,22,13,12,18,22,13,12,18,22,13,12,18,22,13,12,18,22,13,12,18,22,9,1,22,1,4,18,2,13,9,1,22,1,4,18,2,13,9,1,22,1,4,18,2,8,0,22,0,3,18,0,13,8,0,22,0,3,18,0,13,8,0,22,0,3,18,0,8,0,22,0,3,18,0,13,8,0,22,0,3,18,0,13,8,0,22,0,3,18,0,8,0,22,0,3,18,0,13,8,0,22,0,3,18,0,13,8,0,22,0,3,18,0,8,0,22,0,3,18,0,13,8,0,22,0,3,18,0,13,8,0,22,0,3,18,0,2,0,5,0,0,4,0,3,2,0,5,0,0,4,0,3,2,0,5,0,0,4,0,17,17,17,17,17,17,17,17,17,17,17,17,17,17,17,17,17,17,17,17,17,17,17,0,0,0,0,0,0,0,0,0,0,0,0,0,0,0,0,0,0,0,0,0,0,0,21,21,21,0,2,21,21,21,6,0,17,21,21,13,0,10,21,21,21,0,2,21,21,16,10,25,0,3,23,10,19,8,0,23,10,13,18,0,13,16,10,25,0,3,23,10,11,13,22,0,3,18,16,13,8,0,22,10,10,18,0,13,11,13,22,0,3,18,16,12,18,9,0,3,18,22,5,3,0,22,13,10,7,0,13,12,18,9,0,3,18,22,12,18,0,0,3,18,22,0,0,0,22,13,8,0,0,13,12,18,0,0,3,18,22,12,29,27,15,3,18,23,27,25,0,22,13,28,27,6,13,12,29,27,15,3,18,23
17,17,17,17,17,17,17,17,17,17,17,17,17,17,17,17,17,17,17,17,17,17,17,0,0,0,0,0,0,0,0,0,0,0,0,0,0,0,0,0,0,0,0,0,0,0,0,0,0,0,0,0,0,0,0,0,0,0,0,0,0,0,0,0,0,0,0,0,0,0,0,0,0,0,4,19,7,0,17,14,0,11,19,1,4,19,7,0,0,0,0,0,0,0,0,0,0,6,29,11,0,26,21,0,16,29,1,6,29,11,0,0,0,0,0,0,0,0,0,0,6,29,11,0,26,21,0,16,29,1,6,29,11,0,0,0,0,0,0,0,0,0,0,6,29,11,0,26,21,0,16,29,1,6,29,11,0,0,0,0,0,0,20,16,0,0,6,29,11,0,26,21,0,16,29,1,6,29,11,0,5,22,9,0,0,26,21,0,0,6,29,11,0,26,21,0,16,29,1,6,29,11,0,6,29,11,0,0,26,21,0,0,6,29,11,0,26,21,0,16,29,1,6,29,11,0,6,29,11,0,0,26,21,0,0,6,29,11,0,26,21,0,16,29,1,6,29,11,0,6,29,11,0,0,26,21,0,0,6,29,11,0,26,21,0,16,29,1,6,29,11,0,6,29,11,0,0,26,21,0,0,6,29,11,0,26,21,0,16,29,1,6,29,11,0,6,29,11,0,0,26,21,0,0,6,29,11,0,26,21,0,16,29,1,6,29,11,0,6,29,11,0,0,26,21,0,0,6,29,11,0,26,21,0,16,29,1,6,29,11,0,6,29,11,0,0,26,21,0,0,6,29,11,0,26,21,0,16,29,1,6,29,11,0,6,29,11,0,0,26,21,0,0,6,29,11,0,26,21,0,16,29,1,6,29,11,0,6,29,11,0,0,26,21,0,0,6,29,11,0,26,21,0,16,29,1,6,29,11,0,6,29,11,0,0,26,21,0,0,6,29,11,0,26,21,0,16,29,1,6,29,11,0,6,29,11,0,0,26,21,0,0,2,10,4,0,9,8,0,6,10,0,2,10,4,0,6,29,11,0,0,16,13,0,0,0,0,0,0,0,0,0,0,0,0,0,0,0,0,4,17,7,0,0,0,0,0,8,17,17,17,17,17,17,17,17,17,17,17,11,0,0,0,0,0,0,0,0,0,0,0,0,0,0,0,0,0,0,0,0,0,0,0,0,0,12,10,0,0
3,18,3,4,4,0,22,2,4,4,1,13,9,4,4,2,3,18,3,4,4,0,22,3,27,23,23,7,0,23,23,23,15,0,13,25,23,23,0,3,27,23,23,7,0,23,3,22,8,18,8,0,23,8,11,18,0,13,15,8,24,0,3,22,8,18,8,0,23,8,18,10,13,10,8,22,6,8,18,10,13,10,8,22,6,8,18,10,13,10,8,22,12,18,22,13,12,18,22,13,12,18,22,13,12,18,22,13,12,18,22,13,12,18,22,12,18,22,13,12,18,22,13,12,18,22,13,12,18,22,13,12,18,22,13,12,18,22,12,18,22,13,12,18,22,13,12,18,22,13,12,18,22,13,12,18,22,13,12,18,22,7,18,9,13,10,8,22,6,7,18,9,13,10,8,22,6,7,18,9,13,10,8,22,3,18,0,13,8,0,22,0,3,18,0,13,8,0,22,0,3,18,0,13,8,0,22,3,18,0,13,8,0,22,0,3,18,0,13,8,0,22,0,3,18,0,13,8,0,22,3,18,0,13,8,0,22,0,3,18,0,13,8,0,22,0,3,18,0,13,8,0,22,3,18,0,13,8,0,22,0,3,18,0,13,8,0,22,0,3,18,0,13,8,0,22,2,10,0,7,5,0,13,0,2,10,0,7,5,0,13,0,2,10,0,7,5,0,13,7,7,7,7,7,7,7,7,7,7,7,7,7,7,7,7,7,7,7,7,7,7,7,8,8,8,8,8,8,8,8,8,8,8,8,8,8,8,8,8,8,8,8,8,8,8,1,11,11,11,3,0,9,11,11,7,0,5,11,11,11,0,1,11,11,11,3,0,9,3,26,20,25,8,0,23,20,22,18,0,13,23,20,27,0,3,26,20,25,8,0,23,3,18,15,13,8,0,22,9,9,18,0,13,11,12,22,0,3,18,15,13,8,0,22,2,13,22,13,8,0,16,13,12,18,0,10,10,18,22,0,2,13,22,13,8,0,16,0,0,22,13,8,0,0,13,12,18,0,0,3,18,22,0,0,0,22,13,8,0,0,12,17,26,13,8,6,17,23,12,18,0,17,19,18,22,0,12,17,26,13,8,6,17,10,14,14,13,8,5,14,14,8,18,0,14,14,9,22,0,10,14,14,13,8,5,14,1,13,13,21,8,0,11,13,16,18,0,6,13,13,25,0,1,13,13,21,8,0,11
6,10,9,7,4,0,12,0,2,10,9,7,6,8,12,0,2,10,0,7,6,8,12,3,18,0,13,8,0,22,0,3,18,0,13,8,0,22,0,3,18,0,13,8,0,22,10,18,16,13,11,13,22,10,10,18,16,13,11,13,22,10,10,18,16,13,11,13,22,12,18,22,13,12,18,22,13,12,18,22,13,12,18,22,13,12,18,22,13,12,18,22,12,18,22,13,12,18,22,13,12,18,22,13,12,18,22,13,12,18,22,13,12,18,22,8,0,23,3,7,18,0,13,11,3,23,0,3,20,3,16,8,0,23,3,7,18,0,8,0,23,28,29,18,0,13,29,28,28,0,3,29,28,29,8,0,23,28,29,18,0,8,0,22,0,3,18,0,13,8,0,22,0,3,18,0,13,8,0,22,0,3,18,0,8,0,22,0,3,18,0,13,8,0,22,0,3,18,0,13,8,0,22,0,3,18,0,8,0,22,0,3,18,0,13,8,0,22,0,3,18,0,13,8,0,22,0,3,18,0,8,0,22,0,3,18,0,13,8,0,22,0,3,18,0,13,8,0,22,0,3,18,0,8,0,22,0,3,18,0,13,8,0,22,0,3,18,0,13,8,0,22,0,3,18,0,5,0,15,0,2,12,0,9,5,0,15,0,2,12,0,9,5,0,15,0,2,12,0,3,3,3,3,3,3,3,3,3,3,3,3,3,3,3,3,3,3,3,3,3,3,3,12,12,12,12,12,12,12,12,12,12,12,12,12,12,12,12,12,12,12,12,12,12,12,0,0,0,0,0,0,0,0,0,0,0,0,0,0,0,0,0,0,0,0,0,0,0,19,0,15,26,1,6,26,10,0,24,19,0,15,26,1,6,26,10,0,24,19,0,15,21,0,16,29,1,6,29,11,0,26,21,0,16,29,1,6,29,11,0,26,21,0,16,21,0,16,29,1,6,29,11,0,26,21,0,16,29,1,6,29,11,0,26,21,0,16,21,0,16,29,1,6,29,11,0,26,21,0,16,29,1,6,29,11,0,26,21,0,16,21,0,16,29,1,6,29,11,0,26,21,0,16,29,1,6,29,11,0,26,21,0,16,21,0,16,29,1,6,29,11,0,26,21,0,16,29,1,6,29,11,0,26,21,0,16,11,0,9,15,1,3,15,6,0,14,11,0,9,15,1,3,15,6,0,14,11,0,9
0,0,0,0,0,0,0,0,0,0,0,0,0,0,0,0,0,0,0,0,0,0,0,0,0,0,0,0,0,0,0,0,0,0,0,0,0,0,0,0,0,0,0,0,0,0,0,0,0,0,11,18,3,0,17,17,0,0,0,0,0,17,16,0,4,18,11,0,0,0,0,0,0,8,23,5,0,24,13,0,0,0,0,0,13,24,0,6,22,8,0,0,0,1,0,0,2,16,5,0,22,1,0,0,2,0,0,1,22,0,6,15,2,0,0,0,16,5,0,22,16,5,0,22,16,5,0,22,0,6,15,22,0,6,15,22,0,4,1,16,6,1,22,16,5,0,22,16,6,1,22,1,7,15,22,0,6,15,22,1,5,22,16,12,15,22,16,5,0,22,16,12,15,22,16,12,15,22,0,6,15,22,16,10,22,16,12,15,22,16,5,0,22,16,12,15,22,16,12,15,22,0,6,15,22,16,10,22,16,12,15,22,16,5,0,22,16,12,15,22,16,12,15,22,0,6,15,22,16,10,22,16,12,15,22,16,5,0,22,16,12,15,22,16,12,15,22,0,6,15,22,16,10,0,7,2,0,22,0,0,0,0,16,5,0,10,0,6,15,0,0,0,0,22,0,2,16,0,5,11,22,12,10,13,16,16,11,11,0,12,11,15,16,14,10,11,22,12,4,22,14,12,15,22,16,12,15,22,16,12,15,19,16,12,15,22,16,12,15,22,16,10,15,16,10,10,22,11,10,15,15,16,10,10,22,11,10,15,15,16,10,10,22,11,8,0,16,5,0,22,2,7,15,3,16,5,0,22,0,6,15,3,16,7,2,22,0,4,0,16,5,0,22,16,12,15,22,16,5,0,22,0,6,15,22,16,12,15,22,0,4,17,16,11,12,22,16,12,15,22,16,11,12,22,13,11,15,22,16,12,15,22,13,9,22,16,12,15,22,16,12,15,22,16,12,15,22,16,12,15,22,16,12,15,22,16,10,22,16,12,15,22,1,7,15,1,16,12,15,22,16,12,15,1,16,6,1,22,16,10,6,11,6,4,15,0,4,10,0,11,6,4,15,5,6,10,0,11,3,0,15,5,5,0,0,0,0,0,0,0,0,0,0,0,0,0,0,0,0,0,0,0,0,0,0,0,0,0,0,0,0,0,0,0,0,0,0,0,0,0,0,0,0,0,0,0,0,0,0
14,7,7,7,4,0,29,2,0,0,0,27,20,0,17,29,0,7,29,10,0,0,0,20,29,29,29,16,0,29,2,0,0,0,26,19,0,16,27,0,7,27,10,0,0,0,7,10,10,10,6,0,29,2,0,0,0,0,0,0,0,0,0,0,0,0,0,0,0,11,17,17,17,17,5,29,2,0,0,0,13,10,0,8,14,0,3,14,5,0,0,0,0,0,0,0,0,0,29,2,0,0,0,27,20,0,17,29,0,7,29,10,0,0,0,2,5,5,5,5,5,29,2,0,0,0,27,20,0,17,29,0,7,29,10,0,0,0,12,29,29,29,29,29,29,2,0,0,0,27,20,0,17,29,0,7,29,10,0,0,0,5,12,12,12,12,12,29,2,0,0,0,27,20,0,17,29,0,7,29,10,0,0,0,0,0,0,0,0,0,29,2,0,0,0,27,20,0,17,29,0,7,29,10,0,0,0,9,13,13,13,13,5,29,2,0,0,0,27,20,0,17,29,0,7,29,10,0,0,0,2,2,2,2,2,1,29,2,0,0,0,27,20,0,17,29,0,7,29,10,0,0,0,7,17,17,17,17,17,29,2,0,0,0,27,20,0,17,29,0,7,29,10,0,0,0,12,29,29,29,29,29,29,2,0,0,0,27,20,0,17,29,0,7,29,10,0,0,0,0,0,0,0,0,0,0,0,0,0,0,27,20,0,17,29,0,7,29,10,0,0,0,11,17,17,17,17,17,17,17,0,0,0,27,20,0,17,29,0,7,29,10,0,0,0,0,0,0,0,0,0,0,0,0,0,0,27,20,0,17,29,0,7,29,10,0,0,0,5,7,7,7,4,0,0,0,0,0,0,27,20,0,17,29,0,7,29,10,0,0,0,20,29,29,29,16,0,0,5,18,6,0,27,20,0,17,29,0,7,29,10,0,17,13,19,29,11,10,6,0,0,7,29,10,0,27,20,0,17,29,0,7,29,10,0,27,20,17,29,0,15,17,14,0,7,29,10,0,27,20,0,17,29,0,7,29,10,0,27,20,17,29,0,12,14,12,0,7,29,10,0,27,20,0,17,29,0,7,29,10,0,16,12,18,29,6,5,3,0,0,7,29,10,0,27,20,0,17,29,0,7,29,10,0,0,0,20,29,29,29,16,0,0,1,5,2,0,27,20,0,17,29,0,7,29,10,0,0,0
0,22,0,0,0,22,0,0,24,19,0,3,18,0,0,3,18,0,0,0,5,3,0,17,19,0,0,0,22,0,0,0,0,0,3,18,0,0,2,19,17,17,17,17,17,17,0,0,0,0,0,22,0,0,0,0,0,3,18,0,0,0,0,0,0,0,0,0,0,0,0,0,0,0,22,0,0,0,0,0,3,18,0,0,0,0,0,0,0,0,0,0,17,17,17,11,0,22,0,0,0,0,0,3,18,0,14,17,17,17,17,17,17,17,17,0,0,0,0,0,22,0,0,0,0,0,3,18,0,0,0,0,0,0,0,0,4,9,0,0,0,0,0,22,0,0,0,0,0,3,18,0,0,0,0,0,0,0,0,12,29,4,18,7,0,0,22,0,0,0,0,0,3,18,0,0,0,0,10,18,1,0,3,13,6,29,11,0,0,22,0,0,0,0,0,3,18,0,0,0,0,16,29,1,0,22,6,6,29,11,0,0,22,0,0,0,0,0,3,18,0,0,0,0,16,29,1,0,22,6,6,29,11,0,0,22,0,0,0,0,0,3,18,0,0,0,0,16,29,1,0,8,6,6,29,11,0,0,22,0,0,0,0,0,3,18,0,0,0,0,16,29,1,0,12,29,1,5,2,0,0,22,0,0,0,0,0,3,18,0,0,0,0,3,5,0,0,8,18,0,0,0,0,0,22,0,0,0,0,0,3,18,0,0,0,0,0,0,0,0,0,0,7,7,7,5,0,22,0,0,0,0,0,3,18,0,6,7,7,7,7,7,7,7,7,8,8,8,6,0,22,0,0,0,0,0,3,18,0,7,8,8,8,8,8,8,8,8,27,27,27,8,0,22,0,0,0,0,0,3,18,0,13,27,27,27,27,27,27,27,27,4,4,16,8,0,22,0,0,0,0,0,3,18,0,13,12,4,4,4,4,4,4,20,0,0,13,8,0,22,0,0,0,0,0,3,18,0,13,8,0,0,0,2,10,0,18,8,6,13,8,0,22,0,0,0,0,0,3,18,0,13,9,6,9,0,3,18,15,18,18,16,13,8,0,22,0,0,0,0,0,3,18,0,13,9,15,22,0,3,18,16,18,13,16,13,8,0,22,0,0,0,0,0,3,18,0,13,9,15,16,0,3,18,16,18,0,10,13,8,0,22,0,0,0,0,0,3,18,0,13,9,10,0,0,3,18,1,18
25,25,0,3,25,25,25,7,0,0,0,3,25,25,25,7,0,20,25,25,16,0,12,9,24,0,3,21,10,17,8,0,0,0,3,21,10,17,8,0,23,8,11,18,0,13,18,22,0,3,18,22,13,8,0,0,0,3,18,22,13,8,0,22,13,12,18,0,13,18,22,0,1,5,22,13,8,0,0,0,1,5,22,13,8,0,6,13,12,18,0,3,18,22,0,1,1,23,13,8,0,0,0,1,1,23,13,8,0,1,15,12,18,0,1,18,22,0,20,29,28,13,8,0,0,0,20,29,28,13,8,10,29,29,12,18,0,29,0,22,0,0,0,0,13,8,0,0,0,0,0,0,13,8,0,0,0,4,18,0,0,27,28,0,3,27,27,28,8,0,0,0,3,27,27,28,8,0,22,27,28,18,0,13,4,23,0,3,20,4,16,8,0,0,0,3,20,4,16,8,0,23,4,8,18,0,13,11,22,8,9,18,13,13,11,11,0,8,9,18,13,13,11,11,22,8,9,18,13,13,18,22,13,12,18,22,13,12,18,0,13,12,18,22,13,12,18,22,13,12,18,22,13,18,22,13,12,18,22,13,12,18,0,13,12,18,22,13,12,18,22,13,12,18,22,13,18,22,13,12,18,22,13,12,18,0,13,12,18,22,13,12,18,22,13,12,18,22,13,5,22,4,6,18,6,13,10,5,0,4,6,18,6,13,10,5,22,4,6,18,6,13,0,22,0,3,18,0,13,8,0,0,0,3,18,0,13,8,0,22,0,3,18,0,13,0,22,0,3,18,0,13,8,0,0,0,3,18,0,13,8,0,22,0,3,18,0,13,0,22,0,3,18,0,13,8,0,0,0,3,18,0,13,8,0,22,0,3,18,0,13,0,22,0,3,18,0,13,8,0,0,0,3,18,0,13,8,0,22,0,3,18,0,13,0,9,0,1,8,0,6,3,0,0,0,1,8,0,6,3,0,9,0,1,8,0,6,11,11,11,11,11,11,11,11,4,0,1,11,11,11,11,11,11,11,11,11,11,11,11,4,4,4,4,4,4,4,4,1,0,0,4,4,4,4,4,4,4,4,4,4,4,4,15,15,0,2,15,15,15,4,0,0,0,2,15,15,15,4,0,12,15,15,10,0,7,17,24,0,3,23,17,21,8,0,0,0,3,23,17,21,8,0,21,17,18,17,0,12
9,14,10,8,22,7,8,17,11,14,10,8,0,0,17,29,0,7,29,10,0,27,20,18,14,12,17,22,14,12,17,22,14,12,17,0,0,17,29,0,7,29,10,0,27,20,18,14,12,17,22,14,12,17,22,14,12,17,0,0,17,29,0,7,29,10,0,27,20,18,3,6,17,5,14,9,4,22,3,6,17,0,0,17,29,0,7,29,10,0,27,20,18,0,4,17,9,14,9,7,22,0,4,17,0,0,17,29,0,7,29,10,0,27,20,18,0,4,17,22,14,12,17,22,0,4,17,0,0,17,29,0,7,29,10,0,27,20,18,0,4,17,22,14,12,17,22,0,4,17,0,0,17,29,0,7,29,10,0,27,20,12,0,4,17,22,14,12,17,22,0,3,11,0,0,17,29,0,7,29,10,0,27,20,0,0,4,17,22,14,12,17,22,0,0,0,0,0,17,29,0,2,7,2,0,7,5,0,0,2,8,22,6,8,17,10,0,0,0,0,0,17,29,0,1,4,1,0,4,3,0,0,0,0,22,0,4,17,0,0,0,0,0,0,17,29,0,7,29,10,0,27,20,0,0,0,0,22,0,4,17,0,0,0,0,0,0,17,29,0,7,29,10,0,27,20,18,0,4,17,22,14,12,17,22,0,4,17,0,0,17,29,0,7,29,10,0,27,20,18,0,4,17,22,14,12,17,22,0,4,17,0,0,17,29,0,7,29,10,0,27,20,18,0,4,17,8,14,9,6,22,0,4,17,0,0,17,29,0,7,29,10,0,27,20,18,0,2,7,10,6,5,8,9,0,4,17,0,0,17,29,0,7,29,10,0,27,20,18,0,0,0,22,0,4,17,0,0,4,17,0,0,17,29,0,7,29,10,0,27,20,18,3,1,0,22,8,9,17,0,3,6,17,0,0,17,29,0,7,29,10,0,27,20,18,14,7,0,22,14,12,17,0,14,12,17,0,0,17,29,0,7,29,10,0,27,20,18,14,7,0,22,14,12,17,0,14,12,17,0,0,17,29,0,7,29,10,0,27,20,10,14,12,25,27,14,12,28,24,14,10,9,0,0,9,15,0,0,0,0,0,0,0,0,0,4,20,6,2,2,6,24,0,0,0,0,0,0,0,0,0,0,0,0,0,0,10,0,4,17,0,8,4,0,22,0,2,10,0,0,16,26,0,0,0,0,0,0,0
0,2,10,0,7,6,8,12,6,6,10,0,7,4,0,12,6,6,10,9,7,4,0,0,3,18,0,13,8,0,22,0,3,18,0,13,8,0,22,0,3,18,0,13,8,0,10,10,18,16,13,11,13,22,10,10,18,16,13,11,13,22,10,10,18,16,13,11,13,13,12,18,22,13,12,18,22,13,12,18,22,13,12,18,22,13,12,18,22,13,12,18,13,12,18,22,13,12,18,22,13,12,18,22,13,12,18,22,13,12,18,22,13,12,18,16,8,0,23,3,7,18,0,13,11,3,23,0,3,20,3,16,8,0,23,3,7,18,29,8,0,23,28,29,18,0,13,29,28,28,0,3,29,28,29,8,0,23,28,29,18,13,8,0,22,0,3,18,0,13,8,0,22,0,3,18,0,13,8,0,22,0,3,18,13,8,0,22,0,3,18,0,13,8,0,22,0,3,18,0,13,8,0,22,0,3,18,13,8,0,22,0,3,18,0,13,8,0,22,0,3,18,0,13,8,0,22,0,3,18,13,8,0,22,0,3,18,0,13,8,0,22,0,3,18,0,13,8,0,22,0,3,18,13,8,0,22,0,3,18,0,13,8,0,22,0,3,18,0,13,8,0,22,0,3,18,9,5,0,15,0,2,12,0,9,5,0,15,0,2,12,0,9,5,0,15,0,2,12,3,3,3,3,3,3,3,3,3,3,3,3,3,3,3,3,3,3,3,3,3,3,3,12,12,12,12,12,12,12,12,12,12,12,12,12,12,12,12,12,12,12,12,12,12,12,0,0,0,0,0,0,0,0,0,0,0,0,0,0,0,0,0,0,0,0,0,0,0,24,19,0,15,26,1,6,26,10,0,24,19,0,15,26,1,6,26,10,0,24,19,0,26,21,0,16,29,1,6,29,11,0,26,21,0,16,29,1,6,29,11,0,26,21,0,26,21,0,16,29,1,6,29,11,0,26,21,0,16,29,1,6,29,11,0,26,21,0,26,21,0,16,29,1,6,29,11,0,26,21,0,16,29,1,6,29,11,0,26,21,0,26,21,0,16,29,1,6,29,11,0,26,21,0,16,29,1,6,29,11,0,26,21,0,26,21,0,16,29,1,6,29,11,0,26,21,0,16,29,1,6,29,11,0,26,21,0,14,11,0,9,15,1,3,15,6,0,14,11,0,9,15,1,3,15,6,0,14,11,0
0,0,0,0,0,0,0,0,0,0,0,0,0,0,0,0,0,0,0,0,0,0,0,0,3,15,4,0,0,0,0,11,14,0,0,0,9,2,0,12,0,4,7,0,0,0,0,6,29,7,0,12,7,0,20,27,0,0,0,17,12,13,22,0,7,14,21,0,0,0,6,29,7,0,29,17,0,20,27,0,0,0,3,8,14,22,0,1,2,22,0,0,0,6,29,7,0,29,17,0,15,20,0,0,0,3,10,14,22,0,3,3,23,0,0,0,6,29,7,0,29,17,0,0,0,0,0,4,28,28,14,22,0,24,28,24,0,0,0,6,29,7,0,29,17,0,14,19,0,0,0,0,0,0,22,0,0,0,0,0,0,0,6,29,7,0,29,17,0,20,27,0,0,0,17,29,29,25,0,7,29,29,6,0,0,6,29,7,0,29,17,0,20,27,0,0,0,17,7,2,23,0,7,16,2,0,0,0,6,29,7,0,29,17,0,20,27,0,0,15,17,10,9,22,11,11,14,15,0,0,0,6,29,7,0,29,17,0,20,27,0,0,22,17,12,14,22,17,12,14,22,0,0,0,6,29,7,0,29,17,0,20,27,0,0,22,17,12,14,22,17,12,14,22,0,0,0,5,21,5,0,29,17,0,20,27,0,0,22,17,12,14,22,17,12,14,22,0,0,0,0,0,0,0,29,17,0,20,27,0,0,5,17,6,3,22,4,9,14,5,0,0,0,4,20,5,0,29,17,0,20,27,0,0,0,17,4,0,22,0,7,14,0,0,0,0,6,29,7,0,29,17,0,20,27,0,0,0,17,4,0,22,0,7,14,0,0,0,0,6,29,7,0,29,17,0,20,27,0,0,0,17,4,0,22,0,7,14,0,0,0,0,6,29,7,0,29,17,0,20,27,0,0,0,17,4,0,22,0,7,14,0,0,0,0,6,29,7,0,29,17,0,20,27,0,0,0,6,1,0,8,0,2,5,0,0,0,0,6,29,7,0,29,17,0,20,27,0,0,8,13,13,13,13,13,13,13,13,3,0,0,6,29,7,0,21,13,0,20,27,0,0,1,2,2,2,2,2,2,2,2,0,0,0,3,17,4,0,0,0,0,11,15,0,0,0,0,0,0,0,0,0,0,0,0,0,0,0,0,0,0,0,0,0,0,0,0,0,0,0,0,0,0,0,0,0,0,0,0
4,2,3,18,3,4,4,0,22,2,4,4,1,0,0,0,22,2,4,4,1,13,9,23,0,3,27,23,23,7,0,23,23,23,15,0,0,0,0,23,23,23,15,0,13,25,24,0,3,22,8,18,8,0,23,8,11,18,0,0,0,0,23,8,11,18,0,13,15,22,6,8,18,10,13,10,8,22,6,8,18,10,0,1,8,22,6,8,18,10,13,10,22,13,12,18,22,13,12,18,22,13,12,18,22,0,3,18,22,13,12,18,22,13,12,22,13,12,18,22,13,12,18,22,13,12,18,22,0,3,18,22,13,12,18,22,13,12,22,13,12,18,22,13,12,18,22,13,12,18,22,0,3,18,22,13,12,18,22,13,12,22,6,7,18,9,13,10,8,22,6,7,18,9,0,1,8,22,6,7,18,9,13,10,22,0,3,18,0,13,8,0,22,0,3,18,0,0,0,0,22,0,3,18,0,13,8,22,0,3,18,0,13,8,0,22,0,3,18,0,0,0,0,22,0,3,18,0,13,8,22,0,3,18,0,13,8,0,22,0,3,18,0,0,0,0,22,0,3,18,0,13,8,22,0,3,18,0,13,8,0,22,0,3,18,0,0,0,0,22,0,3,18,0,13,8,13,0,2,10,0,7,5,0,13,0,2,10,0,0,0,0,13,0,2,10,0,7,5,7,7,7,7,7,7,7,7,7,7,7,7,5,0,0,6,7,7,7,7,7,7,7,8,8,8,8,8,8,8,8,8,8,8,8,6,0,0,7,8,8,8,8,8,8,8,11,0,1,11,11,11,3,0,9,11,11,7,0,0,0,0,9,11,11,7,0,5,11,27,0,3,26,20,25,8,0,23,20,22,18,0,0,0,0,23,20,22,18,0,13,23,22,0,3,18,15,13,8,0,22,9,9,18,0,0,0,0,22,9,9,18,0,13,11,22,0,2,13,22,13,8,0,16,13,12,18,0,0,0,0,16,13,12,18,0,10,10,22,0,0,0,22,13,8,0,0,13,12,18,0,0,0,0,0,13,12,18,0,0,3,22,0,12,17,26,13,8,6,17,23,12,18,0,0,0,6,17,23,12,18,0,17,19,22,0,10,14,14,13,8,5,14,14,8,18,0,0,0,5,14,14,8,18,0,14,14,25,0,1,13,13,21,8,0,11,13,16,18,0,0,0,0,11,13,16,18,0,6,13
0,6,29,7,0,29,17,0,20,27,0,0,0,13,22,22,19,0,6,22,22,5,0,0,6,29,7,0,29,17,0,20,27,0,0,0,0,0,0,0,0,0,0,0,0,0,0,6,29,7,0,29,17,0,20,27,0,0,10,17,17,17,17,17,17,17,17,3,0,0,6,29,7,0,29,17,0,20,27,0,0,0,2,0,0,4,0,1,2,0,0,0,0,6,29,7,0,29,17,0,20,27,0,0,0,17,4,0,22,0,7,14,0,0,0,0,6,29,7,0,29,17,0,20,27,0,0,0,17,4,0,22,0,7,14,0,0,0,0,6,29,7,0,29,17,0,20,27,0,0,0,17,4,0,22,0,7,14,0,0,0,0,6,29,7,0,29,17,0,20,27,0,0,0,17,4,0,22,0,7,14,0,0,0,0,6,29,7,0,29,17,0,20,27,0,0,1,17,5,0,22,1,8,14,1,0,0,0,6,29,7,0,29,17,0,20,27,0,0,22,17,12,14,22,17,12,14,22,0,0,0,6,29,7,0,29,17,0,20,27,0,0,22,17,12,14,22,17,12,14,22,0,0,0,6,29,7,0,29,17,0,20,27,0,0,22,17,12,14,22,17,12,14,22,0,0,0,6,29,7,0,29,17,0,20,27,0,0,19,17,11,12,22,14,12,14,19,0,0,0,6,29,7,0,29,17,0,20,27,0,0,0,17,4,0,22,0,7,14,0,0,0,0,6,29,7,0,29,17,0,20,27,0,0,0,17,28,27,24,0,7,28,27,6,0,0,6,29,7,0,15,9,0,11,14,0,0,0,17,9,4,4,0,7,17,4,1,0,0,6,29,7,0,0,0,0,0,0,0,0,0,17,11,23,23,10,7,14,22,5,0,0,6,29,7,0,26,16,0,18,25,0,0,0,17,12,19,8,3,7,14,24,2,0,0,6,29,7,0,29,17,0,20,27,0,0,0,17,12,14,0,0,7,14,22,0,0,0,6,29,7,0,29,17,0,20,27,0,0,0,17,12,14,22,0,7,14,22,0,0,0,6,29,7,0,29,17,0,20,27,0,0,0,17,5,1,22,0,7,14,2,0,0,0,6,29,7,0,29,17,0,20,27,0,0,0,17,29,29,25,0,7,29,29,6,0,0,6,29,7,0,29,17,0,20,27,0,0,0,1,2,2,2,0,0,2,2,0,0
16,29,5,18,16,29,1,0,0,6,29,11,0,6,29,11,0,26,21,0,16,29,1,16,29,5,18,16,29,1,0,0,6,29,11,0,6,29,11,0,26,21,0,16,29,1,16,29,3,9,16,29,1,0,0,6,29,11,0,6,29,11,0,26,21,0,16,29,1,24,29,18,17,24,29,1,0,0,6,29,11,0,6,29,11,0,26,21,0,16,29,1,29,29,29,29,29,29,1,0,0,6,29,11,0,0,1,0,0,1,1,0,1,1,0,0,0,0,0,0,0,0,0,0,2,8,3,0,0,0,0,0,0,0,0,0,0,0,17,17,17,17,17,17,11,0,0,0,0,0,0,14,17,17,17,17,17,17,17,17,17,17,14,0,0,0,0,0,0,0,0,0,0,0,0,0,0,0,0,0,0,0,0,0,19,23,0,1,4,1,0,4,3,0,2,4,0,1,4,1,0,4,3,0,2,4,0,8,23,0,6,29,11,0,26,21,0,16,29,1,6,29,11,0,26,21,0,16,29,1,8,23,0,6,29,11,0,26,21,0,16,29,1,6,29,11,0,26,21,0,16,29,1,8,23,0,6,29,11,0,26,21,0,16,29,1,6,29,11,0,26,21,0,16,29,1,8,23,0,6,29,11,0,26,21,0,16,29,1,6,29,11,0,26,21,0,16,29,1,8,23,0,4,19,7,0,17,14,0,11,19,1,4,19,7,0,17,14,0,11,19,1,11,23,0,0,0,0,0,0,0,0,0,0,0,0,0,0,0,0,0,0,0,0,0,28,23,0,0,0,0,0,0,0,0,0,0,0,0,0,0,0,0,0,0,0,0,0,7,7,7,7,7,7,7,7,7,7,7,7,7,7,7,7,7,7,7,7,7,7,7,8,8,8,8,8,8,8,8,8,8,8,8,8,8,8,8,8,8,8,8,8,8,8,0,0,0,0,0,0,0,0,0,0,0,0,0,0,0,0,0,0,0,0,0,0,0,0,0,0,0,0,0,0,0,0,0,0,0,0,0,0,0,0,0,0,0,0,0,0,16,28,1,6,28,11,0,26,21,0,16,28,1,6,28,11,0,26,21,0,16,28,1,16,29,1,6,29,11,0,26,21,0,16,29,1,6,29,11,0,26,21,0,16,29,1,16,29,1,6,29,11,0,26,21,0,16,29,1,6,29,11,0,26,21,0,16,29,1
25,16,0,12,25,25,25,0,3,25,25,25,7,0,20,25,25,16,0,12,25,25,25,11,18,0,13,14,9,24,0,3,21,10,17,8,0,23,8,11,18,0,13,14,9,24,12,18,0,13,12,18,22,0,3,18,22,13,8,0,22,13,12,18,0,13,12,18,22,12,18,0,3,6,18,22,0,1,5,22,13,8,0,6,13,12,18,0,3,6,18,22,12,18,0,1,5,18,22,0,1,1,23,13,8,0,1,15,12,18,0,1,5,18,22,12,18,0,29,29,18,22,0,20,29,28,13,8,10,29,29,12,18,0,29,29,18,22,4,18,0,0,0,0,22,0,0,0,0,13,8,0,0,0,4,18,0,0,0,0,22,28,18,0,13,27,27,28,0,3,27,27,28,8,0,22,27,28,18,0,13,27,27,28,8,18,0,13,12,4,23,0,3,20,4,16,8,0,23,4,8,18,0,13,12,4,23,9,18,13,13,11,11,22,8,9,18,13,13,11,11,22,8,9,18,13,13,11,11,22,12,18,22,13,12,18,22,13,12,18,22,13,12,18,22,13,12,18,22,13,12,18,22,12,18,22,13,12,18,22,13,12,18,22,13,12,18,22,13,12,18,22,13,12,18,22,12,18,22,13,12,18,22,13,12,18,22,13,12,18,22,13,12,18,22,13,12,18,22,6,18,6,13,10,5,22,4,6,18,6,13,10,5,22,4,6,18,6,13,10,5,22,3,18,0,13,8,0,22,0,3,18,0,13,8,0,22,0,3,18,0,13,8,0,22,3,18,0,13,8,0,22,0,3,18,0,13,8,0,22,0,3,18,0,13,8,0,22,3,18,0,13,8,0,22,0,3,18,0,13,8,0,22,0,3,18,0,13,8,0,22,3,18,0,13,8,0,22,0,3,18,0,13,8,0,22,0,3,18,0,13,8,0,22,1,8,0,6,3,0,9,0,1,8,0,6,3,0,9,0,1,8,0,6,3,0,9,11,11,11,11,11,11,11,11,11,11,11,11,11,11,11,11,11,11,11,11,11,11,11,4,4,4,4,4,4,4,4,4,4,4,4,4,4,4,4,4,4,4,4,4,4,4,15,10,0,7,15,15,15,0,2,15,15,15,4,0,12,15,15,10,0,7,15,15,15,18,17,0,12,19,17,24,0,3,23,17,21,8,0,21,17,18,17,0,12,19,17,24
25,16,0,12,25,25,25,0,3,25,25,25,7,0,20,25,25,16,0,12,25,25,25,11,18,0,13,14,9,24,0,3,21,10,17,8,0,23,8,11,18,0,13,14,9,24,12,18,0,13,12,18,22,0,3,18,22,13,8,0,22,13,12,18,0,13,12,18,22,12,18,0,3,6,18,22,0,1,5,22,13,8,0,6,13,12,18,0,3,6,18,22,12,18,0,1,5,18,22,0,1,1,23,13,8,0,1,15,12,18,0,1,5,18,22,12,18,0,29,29,18,22,0,20,29,28,13,8,10,29,29,12,18,0,29,29,18,22,4,18,0,0,0,0,22,0,0,0,0,13,8,0,0,0,4,18,0,0,0,0,22,28,18,0,13,27,27,28,0,3,27,27,28,8,0,22,27,28,18,0,13,27,27,28,8,18,0,13,12,4,23,0,3,20,4,16,8,0,23,4,8,18,0,13,12,4,23,9,18,13,13,11,11,22,8,9,18,13,13,11,11,22,8,9,18,13,13,11,11,22,12,18,22,13,12,18,22,13,12,18,22,13,12,18,22,13,12,18,22,13,12,18,22,12,18,22,13,12,18,22,13,12,18,22,13,12,18,22,13,12,18,22,13,12,18,22,12,18,22,13,12,18,22,13,12,18,22,13,12,18,22,13,12,18,22,13,12,18,22,6,18,6,13,10,5,22,4,6,18,6,13,10,5,22,4,6,18,6,13,10,5,22,3,18,0,13,8,0,22,0,3,18,0,13,8,0,22,0,3,18,0,13,8,0,22,3,18,0,13,8,0,22,0,3,18,0,13,8,0,22,0,3,18,0,13,8,0,22,3,18,0,13,8,0,22,0,3,18,0,13,8,0,22,0,3,18,0,13,8,0,22,3,18,0,13,8,0,22,0,3,18,0,13,8,0,22,0,3,18,0,13,8,0,22,1,8,0,6,3,0,9,0,1,8,0,6,3,0,9,0,1,8,0,6,3,0,9,11,11,11,11,11,11,11,11,11,11,11,11,11,11,11,11,11,11,11,11,11,11,11,4,4,4,4,4,4,4,4,4,4,4,4,4,4,4,4,4,4,4,4,4,4,4,15,10,0,7,15,15,15,0,2,15,15,15,4,0,12,15,15,10,0,7,15,15,15,18,17,0,12,19,17,24,0,3,23,17,21,8,0,21,17,18,17,0,12,19,17,24
0,0,0,0,0,0,0,0,0,0,0,0,0,0,0,0,0,0,0,0,0,0,0,0,0,0,0,0,0,0,0,0,0,0,0,0,0,0,0,0,0,0,0,0,0,0,0,0,0,0,0,0,0,0,0,0,0,0,0,0,0,0,0,0,0,0,0,0,0,0,0,0,0,0,0,0,0,0,0,0,0,0,0,0,0,0,0,0,0,0,0,0,0,0,0,0,0,0,0,0,0,0,0,0,0,0,0,0,0,0,0,0,0,0,0,0,0,0,0,0,0,0,0,0,0,0,0,0,0,0,0,0,0,0,0,0,0,0,8,8,8,8,8,8,8,8,8,8,8,8,8,8,8,8,8,8,8,8,8,8,8,7,7,7,7,7,7,7,7,7,7,7,7,7,7,7,7,7,7,7,7,7,7,7,0,1,1,0,0,1,20,20,20,19,0,15,20,20,20,5,8,20,20,20,12,6,25,0,26,21,0,0,1,27,29,29,26,0,20,29,29,28,7,11,28,29,28,16,6,29,0,26,21,0,0,2,1,26,21,2,1,0,16,29,2,3,0,6,29,11,3,6,29,0,26,21,0,0,13,8,26,21,13,8,0,16,29,5,18,0,6,29,11,22,6,29,0,26,21,0,0,13,8,26,21,13,8,0,16,29,5,18,0,6,29,11,22,6,29,0,26,21,0,0,11,7,26,21,11,7,0,16,29,5,15,0,6,29,11,18,6,29,0,26,21,0,0,1,8,27,24,8,8,8,20,29,10,8,8,13,29,17,8,13,29,0,9,8,0,0,4,29,29,29,29,29,29,29,29,29,29,29,29,29,29,29,29,29,0,0,0,0,0,1,9,9,9,9,9,9,9,9,9,9,9,9,9,9,9,9,9,0,0,0,0,0,0,0,0,0,0,0,0,0,0,0,0,0,0,0,0,0,0,0,0,0,0,0,0,0,0,0,0,0,0,0,0,0,0,0,0,0,0,0,0,0,0,0,0,0,0,0,0,0,0,0,0,0,0,0,0,0,0,0,0,0,0,0,0,0,0,0,0,0,0,0,0,0,0,0,0,0,0,0,0,0,0,0,0,0,0,0,0,0,0,0,0,0,0,0,0,0,0,0,0,0,0,0,0,0,0,0,0,0,0,0,0,0,0,0,0,0,0,0,0,0,0,0,0,0,0,0,0,0,0,0,0,0,0
0,0,0,0,0,0,0,0,0,0,0,0,0,0,0,0,0,0,0,0,0,0,0,0,0,0,0,0,0,0,0,0,0,0,0,0,0,0,0,0,0,0,0,0,0,0,15,0,11,7,3,18,0,3,15,4,11,7,0,18,2,4,15,0,11,7,3,18,0,18,0,13,12,18,22,0,3,17,22,13,8,0,21,13,12,18,0,13,12,18,22,0,18,0,0,3,18,22,0,0,0,22,13,8,0,0,13,12,18,0,0,3,18,22,0,18,0,11,14,18,22,0,8,11,25,13,8,4,11,20,12,18,0,11,14,18,22,0,18,0,20,20,13,22,0,14,20,20,13,8,7,20,20,10,18,0,20,20,13,22,0,18,0,3,7,7,24,0,1,7,7,18,8,0,6,7,10,18,0,3,7,7,24,0,18,0,13,26,25,27,0,3,28,25,27,8,0,23,25,25,18,0,13,26,25,27,0,18,0,13,8,0,22,0,3,18,0,13,8,0,22,0,3,18,0,13,8,0,22,0,18,21,13,12,17,22,13,12,18,21,13,12,17,22,13,12,18,21,13,12,17,22,13,18,22,13,12,18,22,13,12,18,22,13,12,18,22,13,12,18,22,13,12,18,22,13,18,22,13,12,18,22,13,12,18,22,13,12,18,22,13,12,18,22,13,12,18,22,13,18,22,13,12,18,22,13,12,18,22,13,12,18,22,13,12,18,22,13,12,18,22,13,18,0,13,8,0,22,0,3,18,0,13,8,0,22,0,3,18,0,13,8,0,22,0,18,0,13,8,0,22,0,3,18,0,13,8,0,22,0,3,18,0,13,8,0,22,0,18,0,13,8,0,22,0,3,18,0,13,8,0,22,0,3,18,0,13,8,0,22,0,18,0,13,8,0,22,0,3,18,0,13,8,0,22,0,3,18,0,13,8,0,22,0,18,0,13,8,0,22,0,3,18,0,13,8,0,22,0,3,18,0,13,8,0,22,0,1,0,1,0,0,2,0,0,1,0,1,0,0,2,0,0,1,0,1,0,0,2,0,17,17,17,17,17,17,17,17,17,17,17,17,17,17,17,17,17,17,17,17,17,17,17,0,0,0,0,0,0,0,0,0,0,0,0,0,0,0,0,0,0,0,0,0,0,0,0,0,0,0,0,0,0,0,0,0,0,0,0,0,0,0,0,0,0,0,0,0,0
0,0,0,0,0,0,0,0,0,0,0,0,0,0,0,0,0,0,0,0,0,0,0,0,0,0,0,0,0,0,0,0,0,0,0,0,0,0,0,0,0,0,0,0,0,0,15,0,11,7,3,18,0,3,15,4,11,7,0,18,2,4,15,0,11,7,3,18,0,18,0,13,12,18,22,0,3,17,22,13,8,0,21,13,12,18,0,13,12,18,22,0,18,0,0,3,18,22,0,0,0,22,13,8,0,0,13,12,18,0,0,3,18,22,0,18,0,11,14,18,22,0,8,11,25,13,8,4,11,20,12,18,0,11,14,18,22,0,18,0,20,20,13,22,0,14,20,20,13,8,7,20,20,10,18,0,20,20,13,22,0,18,0,3,7,7,24,0,1,7,7,18,8,0,6,7,10,18,0,3,7,7,24,0,18,0,13,26,25,27,0,3,28,25,27,8,0,23,25,25,18,0,13,26,25,27,0,18,0,13,8,0,22,0,3,18,0,13,8,0,22,0,3,18,0,13,8,0,22,0,18,21,13,12,17,22,13,12,18,21,13,12,17,22,13,12,18,21,13,12,17,22,13,18,22,13,12,18,22,13,12,18,22,13,12,18,22,13,12,18,22,13,12,18,22,13,18,22,13,12,18,22,13,12,18,22,13,12,18,22,13,12,18,22,13,12,18,22,13,18,22,13,12,18,22,13,12,18,22,13,12,18,22,13,12,18,22,13,12,18,22,13,18,0,13,8,0,22,0,3,18,0,13,8,0,22,0,3,18,0,13,8,0,22,0,18,0,13,8,0,22,0,3,18,0,13,8,0,22,0,3,18,0,13,8,0,22,0,18,0,13,8,0,22,0,3,18,0,13,8,0,22,0,3,18,0,13,8,0,22,0,18,0,13,8,0,22,0,3,18,0,13,8,0,22,0,3,18,0,13,8,0,22,0,18,0,13,8,0,22,0,3,18,0,13,8,0,22,0,3,18,0,13,8,0,22,0,1,0,1,0,0,2,0,0,1,0,1,0,0,2,0,0,1,0,1,0,0,2,0,17,17,17,17,17,17,17,17,17,17,17,17,17,17,17,17,17,17,17,17,17,17,17,0,0,0,0,0,0,0,0,0,0,0,0,0,0,0,0,0,0,0,0,0,0,0,0,0,0,0,0,0,0,0,0,0,0,0,0,0,0,0,0,0,0,0,0,0,0
29,1,0,22,0,0,0,0,0,0,26,21,0,3,18,16,29,5,18,0,6,29,11,29,1,0,22,0,0,0,0,0,0,26,21,0,3,18,16,29,5,18,0,6,29,11,29,1,0,22,0,0,0,0,0,0,26,21,0,1,6,16,29,3,6,0,6,29,11,29,1,0,22,0,0,0,0,2,27,29,29,26,0,21,29,29,28,7,12,28,29,28,29,1,0,22,0,0,0,0,2,20,20,20,19,0,16,20,20,20,5,9,20,20,20,29,1,0,22,0,3,7,7,7,7,7,7,7,7,7,7,7,7,7,7,7,7,7,29,1,0,22,0,4,8,8,8,8,8,8,8,8,8,8,8,8,8,8,8,8,8,29,1,0,22,0,0,0,0,1,11,11,11,11,11,11,11,11,11,11,11,11,0,0,29,1,0,22,0,0,0,0,0,4,4,4,4,4,4,9,14,14,14,14,14,10,6,17,1,0,22,0,0,0,0,0,0,0,2,10,0,0,3,6,6,6,6,6,10,18,0,0,0,22,0,0,0,0,0,0,0,3,18,0,0,0,0,0,8,5,0,3,18,0,0,0,22,0,0,0,0,0,0,0,3,18,0,0,0,0,0,13,8,0,3,18,9,0,0,22,0,0,0,0,0,0,0,2,13,0,0,0,0,0,10,6,0,3,18,29,1,0,22,0,0,0,12,15,15,15,15,15,15,15,15,15,15,15,11,0,3,18,29,1,0,22,0,0,0,23,3,14,14,14,14,14,14,14,14,14,14,14,13,4,18,29,1,0,22,0,0,0,22,0,2,2,2,2,2,2,2,2,2,2,23,2,4,18,29,1,0,22,0,0,0,22,0,8,17,17,17,17,17,17,17,11,0,22,0,3,18,29,1,0,22,0,0,0,22,0,0,0,0,0,0,0,0,0,0,0,22,0,3,18,29,1,0,22,0,0,0,22,2,13,13,13,13,13,13,13,13,13,13,25,0,3,18,29,1,0,22,0,0,0,22,0,2,2,2,2,2,2,2,5,14,14,14,11,4,18,29,1,0,3,0,0,0,22,0,0,0,1,7,0,0,0,0,8,20,5,4,4,18,29,1,0,0,0,0,0,22,0,0,0,3,18,0,0,0,0,3,18,22,0,3,18,29,1,0,4,0,0,0,22,0,0,0,3,18,0,0,0,0,3,18,22,0,3,18
22,0,3,18,9,13,8,0,22,6,7,18,0,13,10,8,22,0,3,18,9,13,8,26,0,3,26,19,24,8,0,23,19,21,18,0,13,22,19,26,0,3,26,19,24,8,12,0,1,12,12,12,3,0,10,12,12,8,0,6,12,12,12,0,1,12,12,12,3,7,7,7,7,7,7,7,7,7,7,7,7,7,7,7,7,7,7,7,7,7,7,7,8,8,8,8,8,8,8,8,8,8,8,8,8,8,8,8,8,8,8,8,8,8,8,12,0,2,10,0,7,4,0,12,0,2,10,0,7,4,0,12,0,2,10,0,7,4,22,0,3,18,0,13,8,0,22,0,3,18,0,13,8,0,22,0,3,18,0,13,8,22,0,3,18,0,13,8,0,22,0,3,18,0,13,8,0,22,0,3,18,0,13,8,22,0,3,18,0,13,8,0,22,0,3,18,0,13,8,0,22,0,3,18,0,13,8,22,0,3,18,0,13,8,0,22,0,3,18,0,13,8,0,22,0,3,18,0,13,8,22,5,7,18,9,13,10,7,22,5,7,18,9,13,10,7,22,5,7,18,9,13,10,22,13,12,18,22,13,12,18,22,13,12,18,22,13,12,18,22,13,12,18,22,13,12,22,13,12,18,22,13,12,18,22,13,12,18,22,13,12,18,22,13,12,18,22,13,12,22,13,12,18,22,13,12,18,22,13,12,18,22,13,12,18,22,13,12,18,22,13,12,22,6,8,18,11,13,10,9,22,6,8,18,11,13,10,9,22,6,8,18,11,13,10,24,0,3,21,7,18,8,0,23,7,10,18,0,13,14,7,24,0,3,21,7,18,8,27,0,3,25,25,27,8,0,20,25,25,18,0,11,25,25,27,0,3,25,25,27,8,22,0,2,3,3,13,8,1,3,3,5,18,0,3,3,2,22,0,2,3,3,13,8,22,0,20,28,28,13,8,10,28,29,12,18,0,28,29,18,22,0,20,28,28,13,8,22,0,0,0,22,13,8,0,0,13,12,18,0,0,3,18,22,0,0,0,22,13,8,22,0,1,6,22,13,8,0,7,13,12,18,0,4,6,18,22,0,1,6,22,13,8,22,0,3,18,22,13,8,0,22,13,12,18,0,13,12,18,22,0,3,18,22,13,8,25,0,3,22,10,19,8,0,23,10,12,18,0,13,16,10,25,0,3,22,10,19,8
22,0,3,18,9,13,8,0,22,6,7,18,0,13,10,8,22,0,3,18,9,13,8,26,0,3,26,19,24,8,0,23,19,21,18,0,13,22,19,26,0,3,26,19,24,8,12,0,1,12,12,12,3,0,10,12,12,8,0,6,12,12,12,0,1,12,12,12,3,7,7,7,7,7,7,7,7,7,7,7,7,7,7,7,7,7,7,7,7,7,7,7,8,8,8,8,8,8,8,8,8,8,8,8,8,8,8,8,8,8,8,8,8,8,8,12,0,2,10,0,7,4,0,12,0,2,10,0,7,4,0,12,0,2,10,0,7,4,22,0,3,18,0,13,8,0,22,0,3,18,0,13,8,0,22,0,3,18,0,13,8,22,0,3,18,0,13,8,0,22,0,3,18,0,13,8,0,22,0,3,18,0,13,8,22,0,3,18,0,13,8,0,22,0,3,18,0,13,8,0,22,0,3,18,0,13,8,22,0,3,18,0,13,8,0,22,0,3,18,0,13,8,0,22,0,3,18,0,13,8,22,5,7,18,9,13,10,7,22,5,7,18,9,13,10,7,22,5,7,18,9,13,10,22,13,12,18,22,13,12,18,22,13,12,18,22,13,12,18,22,13,12,18,22,13,12,22,13,12,18,22,13,12,18,22,13,12,18,22,13,12,18,22,13,12,18,22,13,12,22,13,12,18,22,13,12,18,22,13,12,18,22,13,12,18,22,13,12,18,22,13,12,22,6,8,18,11,13,10,9,22,6,8,18,11,13,10,9,22,6,8,18,11,13,10,24,0,3,21,7,18,8,0,23,7,10,18,0,13,14,7,24,0,3,21,7,18,8,27,0,3,25,25,27,8,0,20,25,25,18,0,11,25,25,27,0,3,25,25,27,8,22,0,2,3,3,13,8,1,3,3,5,18,0,3,3,2,22,0,2,3,3,13,8,22,0,20,28,28,13,8,10,28,29,12,18,0,28,29,18,22,0,20,28,28,13,8,22,0,0,0,22,13,8,0,0,13,12,18,0,0,3,18,22,0,0,0,22,13,8,22,0,1,6,22,13,8,0,7,13,12,18,0,4,6,18,22,0,1,6,22,13,8,22,0,3,18,22,13,8,0,22,13,12,18,0,13,12,18,22,0,3,18,22,13,8,25,0,3,22,10,19,8,0,23,10,12,18,0,13,16,10,25,0,3,22,10,19,8
0,0,0,0,8,13,2,0,12,13,0,0,0,0,0,13,12,0,3,13,8,0,0,0,0,0,0,11,25,5,0,25,17,0,0,0,0,0,17,24,0,6,24,11,0,0,0,0,0,0,0,16,5,0,22,0,0,0,0,0,0,0,22,0,6,15,0,0,0,0,15,5,0,21,16,5,0,22,15,5,0,21,0,6,14,22,0,6,15,21,0,4,0,16,5,0,22,16,5,0,22,16,5,0,22,0,6,15,22,0,6,15,22,0,4,20,16,12,14,22,16,5,0,22,16,12,14,22,15,12,15,22,0,6,15,22,15,10,22,16,12,15,22,16,5,0,22,16,12,15,22,16,12,15,22,0,6,15,22,16,10,22,16,12,15,22,16,5,0,22,16,12,15,22,16,12,15,22,0,6,15,22,16,10,22,16,12,15,22,16,5,0,22,16,12,15,22,16,12,15,22,0,6,15,22,16,10,3,10,4,2,22,2,0,0,3,16,7,2,14,2,7,15,3,0,1,2,22,2,4,13,0,3,9,22,9,8,11,13,16,9,9,0,9,10,15,13,11,8,9,22,9,3,22,11,11,15,22,16,12,15,22,16,12,15,16,16,12,15,22,16,12,15,22,16,9,19,16,11,13,22,14,11,15,19,16,11,13,22,14,11,15,19,16,11,13,22,14,9,0,16,5,0,22,0,6,15,0,16,5,0,22,0,6,15,0,16,5,0,22,0,4,0,16,5,0,22,16,12,15,22,16,5,0,22,0,6,15,22,16,12,15,22,0,4,13,16,10,9,22,16,12,15,22,16,10,9,22,10,10,15,22,16,12,15,22,10,8,22,16,12,15,22,16,12,15,22,16,12,15,22,16,12,15,22,16,12,15,22,16,10,22,16,12,15,22,3,8,15,5,16,12,15,22,16,12,15,5,16,7,3,22,16,10,10,16,9,7,22,0,6,15,0,16,9,7,22,7,9,15,0,16,5,0,22,7,7,0,16,5,0,22,0,6,15,0,16,5,0,22,0,6,15,0,16,5,0,22,0,4,0,7,2,0,22,0,3,6,0,16,5,0,9,0,6,15,0,7,2,0,22,0,2,2,0,0,1,24,11,4,5,10,22,6,1,0,1,7,21,10,6,4,11,24,1,0,11,3,4,7,13,14,6,7,13,14,6,7,4,8,6,14,12,8,6,14,12,8,3
8,0,6,11,0,2,11,4,0,10,8,0,6,11,0,2,11,4,0,10,8,0,6,0,0,0,0,0,0,0,0,0,0,0,0,0,0,0,0,0,0,0,0,0,0,0,17,17,17,17,17,17,17,17,17,17,17,17,17,17,17,17,17,17,17,17,17,17,17,0,0,0,0,0,0,0,0,0,0,0,0,0,0,0,0,0,0,0,0,0,0,0,7,0,19,0,3,15,0,11,7,0,19,0,3,15,0,11,7,0,19,0,3,15,0,8,0,22,0,3,18,0,13,8,0,22,0,3,18,0,13,8,0,22,0,3,18,0,8,0,22,0,3,18,0,13,8,0,22,0,3,18,0,13,8,0,22,0,3,18,0,8,0,22,0,3,18,0,13,8,0,22,0,3,18,0,13,8,0,22,0,3,18,0,8,0,22,0,3,18,0,13,8,0,22,0,3,18,0,13,8,0,22,0,3,18,0,8,0,23,3,7,18,0,13,11,3,23,0,3,20,3,16,8,0,23,3,7,18,0,8,0,23,28,29,18,0,13,29,28,28,0,3,29,28,29,8,0,23,28,29,18,0,9,3,22,2,5,18,3,13,9,3,22,2,5,18,3,13,9,3,22,2,5,18,3,12,18,22,13,12,18,22,13,12,18,22,13,12,18,22,13,12,18,22,13,12,18,22,12,18,22,13,12,18,22,13,12,18,22,13,12,18,22,13,12,18,22,13,12,18,22,9,18,13,13,11,10,22,7,9,18,13,13,11,10,22,7,9,18,13,13,11,10,22,4,18,1,13,8,0,22,0,3,18,1,13,9,1,22,0,3,18,0,13,9,1,22,12,18,22,13,8,0,22,0,3,18,22,13,12,18,22,0,3,18,0,13,12,18,22,12,18,22,13,8,0,22,0,3,18,22,13,12,18,22,0,3,18,0,13,12,18,22,12,18,22,13,8,0,22,0,3,18,22,13,12,18,22,0,3,18,0,13,12,18,22,12,18,22,13,8,0,0,0,3,18,22,13,12,18,22,0,0,0,0,13,12,18,22,12,15,22,11,7,0,0,0,3,15,22,11,11,18,18,0,0,0,0,11,11,18,18,8,0,22,0,0,0,0,0,0,0,22,0,3,18,0,0,0,0,0,0,3,18,0,8,0,22,0,0,0,0,0,0,0,22,0,3,18,0,0,0,0,0,0,3,18,0
0,0,0,16,29,1,6,29,11,0,26,21,0,0,0,0,7,8,18,12,13,11,10,0,0,0,16,29,1,6,29,11,0,26,21,0,0,0,0,0,3,25,17,23,8,0,0,0,0,16,29,1,6,29,11,0,26,21,0,0,0,0,0,3,24,14,21,8,0,0,0,0,16,29,1,6,29,11,0,26,21,0,15,26,1,0,3,18,0,13,8,0,0,0,0,16,29,1,6,29,11,0,26,21,0,16,29,1,0,3,18,0,13,8,0,0,0,0,16,29,1,6,29,11,0,26,21,0,16,29,1,0,3,18,0,13,8,0,0,0,0,16,29,1,6,29,11,0,26,21,0,16,29,1,0,3,18,0,13,8,0,0,0,0,16,29,1,6,29,11,0,26,21,0,16,29,1,0,3,18,0,13,8,0,0,0,0,16,29,1,6,29,11,0,26,21,0,16,29,1,0,0,3,0,2,1,0,17,0,0,16,29,1,6,29,11,0,26,21,0,16,29,1,2,17,17,17,17,17,17,0,0,0,16,29,1,6,29,11,0,26,21,0,16,29,1,0,0,0,0,0,0,0,3,0,0,16,29,1,6,29,11,0,26,21,0,16,29,1,0,2,21,21,21,6,0,3,0,0,16,29,1,6,29,11,0,26,21,0,16,29,1,0,3,23,10,19,8,0,3,0,0,16,29,1,6,29,11,0,26,21,0,16,29,1,0,3,18,16,13,8,0,3,0,0,16,29,1,6,29,11,0,26,21,0,16,29,1,0,1,7,22,13,8,0,3,0,0,16,29,1,6,29,11,0,26,21,0,16,29,1,0,0,0,22,13,8,0,3,0,0,16,29,1,6,29,11,0,26,21,0,16,29,1,0,19,27,28,13,8,10,3,0,0,16,29,1,6,29,11,0,26,21,0,9,15,1,0,3,4,4,13,8,1,3,0,0,1,1,0,0,1,0,0,1,1,0,0,0,0,0,3,23,23,26,8,0,3,0,0,6,10,0,2,10,4,0,9,8,0,0,0,0,0,3,22,8,18,8,0,3,0,0,16,29,1,6,29,11,0,26,21,0,0,0,0,6,8,18,10,13,10,8,3,0,0,16,29,1,6,29,11,0,26,21,0,0,0,0,13,12,18,22,13,12,18,3,0,0,16,29,1,6,29,11,0,26,21,0,0,0,0,13,12,18,22,13,12,18
0,0,0,3,18,0,13,8,0,22,0,0,0,0,0,0,0,0,0,0,0,22,0,17,17,6,3,18,0,13,8,0,22,0,8,17,17,17,17,17,17,17,11,0,22,0,0,0,0,3,18,0,13,8,0,22,0,0,0,0,0,0,0,0,0,0,0,22,0,17,17,17,17,14,0,13,8,0,22,2,17,17,17,17,17,17,17,17,17,17,21,0,0,9,19,18,17,11,13,8,0,22,0,0,0,0,1,0,0,0,3,17,20,17,17,0,0,13,10,6,0,13,8,0,22,0,0,0,3,18,0,0,0,0,3,18,8,0,0,0,13,12,18,0,13,8,0,22,0,0,0,3,18,0,0,0,0,3,18,22,0,0,0,13,12,18,0,13,8,0,22,0,0,0,2,12,0,0,0,0,3,18,22,0,5,5,17,13,6,4,13,8,0,23,5,5,5,5,5,5,5,5,5,9,21,6,5,14,14,14,14,14,11,16,8,0,8,10,10,10,10,10,10,10,12,14,14,14,14,14,10,12,12,12,12,12,12,3,0,0,0,0,0,0,0,0,0,6,12,12,12,12,12,7,7,7,7,7,7,7,7,7,7,7,7,7,7,7,7,7,7,7,7,7,7,7,8,8,8,8,8,8,8,8,8,8,8,8,8,8,8,8,8,8,8,8,8,8,8,19,11,1,19,19,19,18,0,15,19,19,19,5,8,19,19,19,19,19,19,7,0,0,29,17,2,28,29,29,27,0,22,29,29,29,7,12,29,29,29,28,28,28,10,0,0,11,0,4,2,26,21,0,1,6,16,29,3,6,0,6,29,11,7,0,1,6,0,0,11,0,13,8,26,21,0,3,18,16,29,5,18,0,6,29,11,22,0,3,18,9,21,11,0,13,8,26,21,0,3,18,16,29,5,18,0,6,29,11,22,0,3,18,4,23,17,9,10,10,27,24,9,10,10,21,29,11,10,9,14,29,17,10,9,10,4,0,18,29,29,29,29,29,29,29,29,29,29,29,29,29,29,29,29,29,29,29,29,10,0,18,8,8,8,8,8,8,8,8,8,8,8,8,8,8,8,8,8,8,8,8,3,0,18,0,0,0,0,0,0,0,0,0,0,0,0,0,0,0,0,0,0,0,0,0,0,18,17,17,17,17,17,17,17,17,17,17,17,17,17,17,17,17,17,17,17,17,1,0,18
22,0,3,18,16,29,1,0,22,6,29,11,22,0,0,26,21,0,0,0,0,0,3,22,0,3,18,16,29,1,0,22,6,29,11,22,0,0,26,21,0,0,0,0,0,3,8,0,1,6,16,29,1,0,8,6,29,11,8,0,0,26,21,0,0,0,0,0,3,13,27,27,27,29,29,28,7,12,28,29,28,16,2,27,29,29,26,0,0,0,0,3,10,20,20,20,20,20,20,5,9,20,20,20,12,2,20,20,20,19,0,0,0,0,3,7,7,7,7,7,7,7,7,7,7,7,7,7,7,7,7,7,7,7,7,7,2,3,8,8,8,8,8,8,8,8,8,8,8,8,8,8,8,8,8,8,8,8,8,3,3,8,0,0,0,0,1,11,11,11,11,11,11,11,11,11,11,11,11,0,0,0,0,3,3,0,0,0,7,10,14,14,14,14,14,8,4,4,4,4,4,4,0,0,0,0,3,0,0,0,0,23,6,6,6,6,6,6,2,0,0,12,0,0,0,0,0,0,0,3,0,0,0,0,22,0,0,8,5,0,0,0,0,0,22,0,0,0,0,0,0,0,3,0,0,0,0,22,0,0,13,8,0,0,0,0,0,22,0,0,0,0,0,0,0,3,0,0,0,0,22,0,0,10,6,0,0,0,0,0,16,0,0,0,0,0,0,0,3,15,15,4,0,22,0,0,13,15,15,15,15,15,15,15,15,15,15,15,10,0,0,3,10,14,8,0,22,2,13,14,14,14,14,14,14,14,14,14,14,14,5,18,0,0,3,2,13,8,0,22,0,6,20,2,2,2,2,2,2,2,2,2,2,4,18,0,0,3,0,13,8,0,22,0,3,18,0,14,17,17,17,17,17,17,17,6,3,18,0,0,3,0,13,8,0,22,0,3,18,0,0,0,0,0,0,0,0,0,0,3,18,0,0,3,9,13,8,0,22,0,3,24,13,13,13,13,13,13,13,13,13,13,4,18,0,0,3,2,13,8,0,22,1,12,14,14,14,3,2,2,2,2,2,2,2,4,18,0,0,3,0,13,8,0,22,0,5,5,24,4,0,0,0,0,9,0,0,0,3,18,0,0,0,0,13,8,0,22,0,3,18,22,0,0,0,0,0,22,0,0,0,3,18,0,0,0,0,13,8,0,22,0,3,18,22,0,0,0,0,0,22,0,0,0,3,18,0,0,0
5,2,0,22,19,2,0,22,25,0,12,29,5,2,29,15,0,22,25,0,12,29,5,5,2,0,22,19,2,0,22,25,0,12,29,5,2,29,15,0,22,25,0,12,29,5,5,2,0,22,8,1,0,1,1,0,12,29,5,2,29,15,0,22,25,0,12,29,5,5,2,0,24,5,5,5,2,0,0,8,19,3,1,19,10,0,15,17,0,8,19,3,5,2,0,10,10,10,10,5,0,0,0,0,0,0,0,0,0,0,0,0,0,0,0,4,17,17,17,17,17,2,0,0,0,0,0,0,0,0,0,0,0,0,0,0,0,0,1,7,7,7,7,7,7,7,7,7,7,7,6,0,0,0,0,0,7,7,7,7,1,1,8,8,8,8,8,8,8,8,8,8,8,7,0,0,0,0,0,8,8,8,8,1,0,19,21,0,18,19,19,19,1,0,0,0,0,0,0,0,0,0,0,0,0,0,0,0,22,25,0,27,29,29,28,1,0,0,0,0,0,0,0,0,0,0,0,0,0,0,0,22,25,1,1,22,25,1,1,0,12,28,5,2,28,15,0,22,25,0,12,28,5,0,22,25,9,12,22,25,9,12,0,12,29,5,2,29,15,0,22,25,0,12,29,5,0,22,25,9,12,22,25,9,12,0,12,29,5,2,29,15,0,22,25,0,12,29,5,0,22,25,8,10,22,25,8,10,0,12,29,5,2,29,15,0,22,25,0,12,29,5,0,22,27,7,7,24,27,7,1,0,11,25,5,2,25,13,0,19,22,0,11,25,5,0,22,29,29,29,29,29,29,4,0,0,0,0,0,0,0,0,0,0,0,0,0,0,0,8,10,10,10,10,10,10,1,0,0,0,0,0,0,0,0,0,0,0,0,0,0,3,17,17,17,17,17,17,17,17,17,17,17,14,0,0,0,0,0,17,17,17,17,2,0,0,0,0,0,0,0,0,0,0,0,0,0,0,0,0,0,0,0,0,0,0,0,0,0,0,2,29,29,29,29,29,29,25,0,0,1,10,5,0,8,9,0,4,10,2,0,0,0,2,29,24,18,20,29,24,15,0,0,2,29,15,0,22,25,0,12,29,5,0,0,0,2,29,15,9,4,29,15,9,1,0,2,29,15,0,22,25,0,12,29,5,0,0,0,2,29,15,19,5,29,15,19,2,0,2,29,15,0,22,25,0,12,29,5
0,0,0,0,0,0,0,0,0,0,0,0,0,0,0,0,0,0,0,0,0,0,0,0,0,0,0,0,0,0,0,0,0,0,0,0,0,0,0,0,0,0,0,0,0,0,0,0,0,0,0,0,0,0,0,0,0,0,0,0,0,0,0,0,0,0,0,0,0,0,0,0,0,0,0,0,0,0,0,0,0,0,0,0,0,0,0,0,0,0,0,0,0,0,0,0,0,0,0,0,0,0,0,0,0,0,0,0,0,0,0,0,0,0,0,6,7,13,11,9,8,9,16,6,7,13,11,9,8,9,16,6,7,13,11,0,0,18,13,12,18,22,13,12,18,22,13,12,18,22,13,12,18,22,13,12,18,22,0,0,26,13,12,18,22,13,12,18,22,13,12,18,22,13,12,18,22,13,12,18,22,0,0,26,13,12,18,22,13,12,18,22,13,12,18,22,13,12,18,22,13,12,18,22,0,0,26,5,7,18,9,13,10,7,22,5,7,18,9,13,10,7,22,5,7,18,9,0,0,26,0,3,18,0,13,8,0,22,0,3,18,0,13,8,0,22,0,3,18,0,0,0,26,0,3,18,0,13,8,0,22,0,3,18,0,13,8,0,22,0,3,18,0,0,0,26,0,3,18,0,13,8,0,22,0,3,18,0,13,8,0,22,0,3,18,0,0,0,26,0,3,18,0,13,8,0,22,0,3,18,0,13,8,0,22,0,3,18,0,0,0,26,0,2,10,0,7,4,0,12,0,2,10,0,7,4,0,12,0,2,10,0,0,0,26,8,8,8,8,8,8,8,8,8,8,8,8,8,8,8,8,8,8,8,6,0,0,26,7,7,7,7,7,7,7,7,7,7,7,7,7,7,7,7,7,7,7,5,0,0,26,0,0,0,0,0,0,0,0,0,0,0,0,0,0,0,0,0,0,0,0,0,0,19,0,0,0,0,0,0,0,0,0,0,0,0,0,0,0,0,0,0,0,0,0,0,0,0,0,0,0,0,0,0,0,0,0,0,0,0,0,0,0,0,0,0,0,0,0,0,0,0,0,0,0,0,0,0,0,0,0,0,0,0,0,0,0,0,0,0,0,0,0,0,0,0,0,0,0,0,0,0,0,0,0,0,0,0,0,0,0,0,0,0,0,0,0,0,0,0,0,0,0,0,0,0,0,0,0,0,0,0,0,0,0,0,0,0,0
0,0,0,0,0,0,0,0,0,0,0,0,0,0,0,0,0,0,0,0,0,0,0,0,0,0,0,0,0,0,0,0,0,0,0,0,0,0,0,0,0,0,0,0,0,0,0,0,0,0,0,0,0,0,0,0,0,0,0,0,0,0,0,0,0,0,0,0,0,0,0,0,0,0,0,0,0,0,0,0,0,0,0,0,0,0,0,0,0,0,0,0,0,0,0,0,0,0,0,0,0,0,0,0,0,0,0,0,0,0,0,0,0,0,0,0,0,0,0,0,0,0,0,0,0,0,0,0,0,0,0,0,0,0,0,0,0,0,8,8,8,8,8,8,8,8,8,8,8,8,8,8,8,8,8,8,8,8,8,8,8,7,7,7,7,7,7,7,7,7,7,7,7,7,7,7,7,7,7,7,7,7,7,7,0,1,1,0,0,0,1,20,20,20,19,0,15,20,20,20,5,8,20,20,20,12,6,0,16,29,1,0,0,1,27,29,29,26,0,20,29,29,28,7,11,28,29,28,16,6,0,16,29,1,0,0,2,1,26,21,2,1,0,16,29,2,3,0,6,29,11,3,6,0,16,29,1,0,0,13,8,26,21,13,8,0,16,29,5,18,0,6,29,11,22,6,0,16,29,1,0,0,13,8,26,21,13,8,0,16,29,5,18,0,6,29,11,22,6,0,16,29,1,0,0,11,7,26,21,11,7,0,16,29,5,15,0,6,29,11,18,6,0,16,29,1,0,0,1,8,27,24,8,8,8,20,29,10,8,8,13,29,17,8,13,0,6,10,0,0,0,4,29,29,29,29,29,29,29,29,29,29,29,29,29,29,29,29,0,0,0,0,0,0,1,9,9,9,9,9,9,9,9,9,9,9,9,9,9,9,9,0,0,0,0,0,0,0,0,0,0,0,0,0,0,0,0,0,0,0,0,0,0,0,0,0,0,0,0,0,0,0,0,0,0,0,0,0,0,0,0,0,0,0,0,0,0,0,0,0,0,0,0,0,0,0,0,0,0,0,0,0,0,0,0,0,0,0,0,0,0,0,0,0,0,0,0,0,0,0,0,0,0,0,0,0,0,0,0,0,0,0,0,0,0,0,0,0,0,0,0,0,0,0,0,0,0,0,0,0,0,0,0,0,0,0,0,0,0,0,0,0,0,0,0,0,0,0,0,0,0,0,0,0,0,0,0,0,0
0,0,19,0,2,16,0,0,2,19,0,12,9,0,0,10,8,0,19,0,0,0,22,2,19,0,12,9,0,22,0,2,19,0,12,9,0,22,0,2,19,0,12,9,0,22,2,19,22,12,12,19,22,0,2,19,0,12,9,0,22,12,12,19,22,12,9,0,22,2,19,22,12,12,19,22,0,2,19,0,12,9,0,22,12,12,19,22,12,9,0,22,1,7,22,4,6,19,8,0,1,7,0,4,3,0,8,12,11,7,22,4,3,0,8,0,0,22,0,2,19,0,0,0,0,0,0,0,0,0,12,9,0,22,0,0,0,0,0,1,22,0,3,19,1,0,0,0,0,0,0,0,1,12,10,1,22,0,0,0,0,2,19,22,12,12,19,22,0,0,0,0,0,0,0,22,12,12,19,22,12,9,0,0,2,19,22,12,12,19,22,0,0,4,0,3,2,0,22,12,12,19,22,12,9,0,5,2,19,22,12,12,19,22,0,2,19,0,12,9,0,22,12,12,19,22,12,9,0,22,2,19,22,12,12,19,22,0,2,19,0,12,9,0,22,12,12,19,22,12,9,0,22,2,19,17,12,12,15,22,0,2,19,0,12,9,0,22,9,10,19,17,12,9,0,22,2,19,0,12,9,0,22,0,2,19,0,12,9,0,22,0,2,19,0,12,9,0,22,10,19,19,12,12,17,22,11,11,19,0,12,12,17,22,11,11,19,19,12,12,17,22,11,19,22,12,12,19,22,12,12,19,0,12,12,19,22,12,12,19,22,12,12,19,22,11,17,22,11,11,19,19,12,12,17,0,11,11,19,19,12,12,17,22,11,11,19,19,14,7,24,0,2,22,7,17,9,0,0,0,2,22,7,17,9,0,22,7,10,19,0,25,25,28,0,2,28,25,27,9,0,0,0,2,28,25,27,9,0,22,25,25,19,0,8,0,22,0,2,19,0,12,9,0,0,0,2,19,0,12,9,0,22,0,2,19,0,8,0,22,0,2,19,0,12,9,0,0,0,2,19,0,12,9,0,22,0,2,19,0,8,0,22,0,2,19,0,12,9,0,0,0,2,19,0,12,9,0,22,0,2,19,0,8,0,22,0,2,19,0,12,9,0,0,0,2,19,0,12,9,0,22,0,2,19,0,8,0,22,0,2,19,0,12,9,0,0,0,2,19,0,12,9,0,22,0,2,19,0
7,14,20,27,7,14,0,10,29,7,0,0,0,0,0,17,4,0,0,0,0,0,22,7,14,20,27,7,14,0,10,29,7,0,0,0,0,0,17,4,0,0,0,0,0,22,2,5,20,27,2,5,0,10,29,7,0,0,0,0,0,17,4,0,0,0,0,0,22,0,25,29,29,27,3,15,28,29,28,13,0,0,0,0,17,4,0,0,0,0,0,22,0,18,20,20,20,2,11,20,20,20,9,0,0,0,0,17,4,0,0,0,0,0,22,6,7,7,7,7,7,7,7,7,7,7,7,7,7,0,17,4,0,0,0,0,0,22,7,8,8,8,8,8,8,8,8,8,8,8,8,8,0,17,4,0,0,0,0,0,22,9,11,11,11,11,11,11,11,11,11,6,0,0,0,0,17,4,0,0,0,0,0,22,11,14,14,13,4,4,4,4,4,4,2,0,0,0,0,17,4,0,0,0,0,0,22,5,6,6,6,0,0,4,7,0,0,0,0,0,0,0,17,4,0,0,0,0,0,22,12,0,0,0,0,0,7,14,0,0,0,0,0,0,0,17,4,0,0,0,0,0,22,18,0,0,0,0,0,7,14,0,0,0,0,0,0,0,17,4,0,0,0,0,0,22,13,0,0,0,0,0,5,10,0,0,0,0,0,0,0,17,4,0,6,9,0,0,22,12,15,15,15,15,15,15,15,15,15,15,15,2,0,0,17,4,0,20,27,0,0,22,11,14,14,14,14,14,14,14,14,14,8,18,4,0,0,17,4,0,20,27,0,0,22,2,2,2,2,2,2,2,2,2,2,1,17,4,0,0,17,4,0,20,27,0,0,22,0,5,17,17,17,17,17,17,17,15,0,17,4,0,0,17,4,0,20,27,0,0,22,0,0,0,0,0,0,0,0,0,0,0,17,4,0,0,17,4,0,20,27,0,0,22,11,13,13,13,13,13,13,13,13,13,7,17,4,0,0,17,4,0,20,27,0,0,22,11,14,9,2,2,2,2,2,2,2,1,17,4,0,0,17,4,0,20,27,0,0,22,10,17,2,0,0,0,3,5,0,0,0,17,4,0,0,2,0,0,20,27,0,0,3,7,14,0,0,0,0,7,14,0,0,0,17,4,0,0,0,0,0,20,27,0,0,0,7,14,0,0,0,0,7,14,0,0,0,17,4,0,0,3,0,0,20,27,0,0,4
0,0,0,0,0,0,0,0,0,0,0,0,0,0,0,0,0,0,0,0,0,0,0,0,0,0,0,0,0,0,0,0,0,0,0,0,0,0,0,0,0,0,0,0,0,0,8,8,8,8,8,8,8,8,8,8,8,8,8,8,8,8,8,8,8,8,8,8,8,7,7,7,7,7,7,7,7,7,7,7,7,7,7,7,7,7,7,7,7,7,7,7,13,0,2,10,0,7,5,0,13,0,2,10,0,7,5,0,13,0,2,10,0,7,5,22,0,3,18,0,13,8,0,22,0,3,18,0,13,8,0,22,0,3,18,0,13,8,22,0,3,18,0,13,8,0,22,0,3,18,0,13,8,0,22,0,3,18,0,13,8,22,0,3,18,0,13,8,0,22,0,3,18,0,13,8,0,22,0,3,18,0,13,8,22,0,3,18,0,13,8,0,22,0,3,18,0,13,8,0,22,0,3,18,0,13,8,22,6,7,18,9,13,10,8,22,6,7,18,9,13,10,8,22,6,7,18,9,13,10,22,13,12,18,22,13,12,18,22,13,12,18,22,13,12,18,22,13,12,18,22,13,12,22,13,12,18,22,13,12,18,22,13,12,18,22,13,12,18,22,13,12,18,22,13,12,22,13,12,18,22,13,12,18,22,13,12,18,22,13,12,18,22,13,12,18,22,13,12,22,6,8,18,10,13,10,8,22,6,8,18,10,13,10,8,22,6,8,18,10,13,10,23,8,11,18,0,13,15,8,24,0,3,22,8,18,8,0,23,8,11,18,0,13,15,19,23,24,18,0,11,23,23,27,0,3,23,23,26,8,0,19,23,24,18,0,11,23,4,4,5,18,0,4,4,3,22,0,3,4,4,13,8,1,4,4,5,18,0,4,4,27,28,12,18,0,27,28,18,22,0,19,27,28,13,8,10,27,28,12,18,0,27,28,0,13,12,18,0,0,3,18,22,0,0,0,22,13,8,0,0,13,12,18,0,0,3,8,13,12,18,0,5,7,18,22,0,1,6,22,13,8,0,8,13,12,18,0,5,7,7,4,4,6,0,4,4,6,7,0,1,6,7,4,2,0,7,4,4,6,0,4,4,0,0,0,0,0,0,0,0,0,0,0,0,0,0,0,0,0,0,0,0,0,0,0,0,0,0,0,0,0,0,0,0,0,0,0,0,0,0,0,0,0,0,0,0,0,0
0,0,0,0,0,0,0,0,0,0,0,0,0,0,0,0,0,0,0,0,0,0,0,0,0,0,0,0,0,0,0,0,0,0,0,0,0,0,0,0,0,0,0,0,0,0,8,8,8,8,8,8,8,8,8,8,8,8,8,8,8,8,8,8,8,8,8,8,8,7,7,7,7,7,7,7,7,7,7,7,7,7,7,7,7,7,7,7,7,7,7,7,13,0,2,10,0,7,5,0,13,0,2,10,0,7,5,0,13,0,2,10,0,7,5,22,0,3,18,0,13,8,0,22,0,3,18,0,13,8,0,22,0,3,18,0,13,8,22,0,3,18,0,13,8,0,22,0,3,18,0,13,8,0,22,0,3,18,0,13,8,22,0,3,18,0,13,8,0,22,0,3,18,0,13,8,0,22,0,3,18,0,13,8,22,0,3,18,0,13,8,0,22,0,3,18,0,13,8,0,22,0,3,18,0,13,8,22,6,7,18,9,13,10,8,22,6,7,18,9,13,10,8,22,6,7,18,9,13,10,22,13,12,18,22,13,12,18,22,13,12,18,22,13,12,18,22,13,12,18,22,13,12,22,13,12,18,22,13,12,18,22,13,12,18,22,13,12,18,22,13,12,18,22,13,12,22,13,12,18,22,13,12,18,22,13,12,18,22,13,12,18,22,13,12,18,22,13,12,22,6,8,18,10,13,10,8,22,6,8,18,10,13,10,8,22,6,8,18,10,13,10,23,8,11,18,0,13,15,8,24,0,3,22,8,18,8,0,23,8,11,18,0,13,15,19,23,24,18,0,11,23,23,27,0,3,23,23,26,8,0,19,23,24,18,0,11,23,4,4,5,18,0,4,4,3,22,0,3,4,4,13,8,1,4,4,5,18,0,4,4,27,28,12,18,0,27,28,18,22,0,19,27,28,13,8,10,27,28,12,18,0,27,28,0,13,12,18,0,0,3,18,22,0,0,0,22,13,8,0,0,13,12,18,0,0,3,8,13,12,18,0,5,7,18,22,0,1,6,22,13,8,0,8,13,12,18,0,5,7,7,4,4,6,0,4,4,6,7,0,1,6,7,4,2,0,7,4,4,6,0,4,4,0,0,0,0,0,0,0,0,0,0,0,0,0,0,0,0,0,0,0,0,0,0,0,0,0,0,0,0,0,0,0,0,0,0,0,0,0,0,0,0,0,0,0,0,0,0
15,12,16,22,15,12,16,0,15,12,16,22,15,12,16,22,15,6,0,22,15,12,16,15,12,16,22,15,12,16,0,15,12,16,22,15,12,16,22,15,6,0,22,15,12,16,0,3,8,0,15,7,0,0,0,6,16,0,7,3,0,22,0,0,0,0,15,7,0,11,4,0,16,15,11,11,19,11,10,16,16,0,4,11,22,11,9,14,16,15,11,11,15,11,14,22,15,12,16,22,15,12,16,22,13,11,16,22,15,12,16,22,15,12,16,11,10,16,16,15,11,11,22,11,10,16,16,15,11,11,22,11,10,16,16,15,11,11,0,5,16,0,15,7,2,22,2,6,16,0,15,6,0,22,2,6,16,3,15,6,0,0,5,16,0,15,12,16,22,15,12,16,0,15,6,0,22,15,12,16,22,15,6,0,11,11,16,16,15,12,16,22,15,12,16,16,15,11,12,22,15,12,16,22,15,11,12,15,12,16,22,15,12,16,22,15,12,16,22,15,12,16,22,15,12,16,22,15,12,16,15,12,16,22,15,7,1,22,1,6,16,22,15,12,16,22,1,6,16,2,15,12,16,5,8,16,7,15,6,0,22,0,5,16,7,15,8,5,22,0,5,16,0,15,8,5,0,5,16,0,15,6,0,22,0,5,16,0,15,6,0,22,0,5,16,0,15,6,0,0,1,5,0,15,6,0,6,0,5,16,0,4,2,0,22,0,1,5,0,15,6,0,3,1,0,5,15,19,9,11,8,18,16,5,0,1,3,24,15,6,8,13,23,8,3,15,11,14,22,9,19,16,22,15,20,9,22,13,11,16,14,23,12,16,24,17,9,16,15,12,16,22,0,5,16,22,15,6,0,22,15,12,16,0,15,12,16,22,0,5,16,14,12,16,21,0,5,16,22,15,6,0,21,15,12,15,0,15,12,16,22,0,5,15,0,5,16,0,0,5,16,6,15,6,0,0,15,6,0,0,15,8,5,22,0,0,0,0,5,16,0,0,5,16,0,15,6,0,0,15,6,0,0,15,6,0,22,0,0,0,0,5,16,0,11,5,2,16,2,5,11,0,15,6,0,16,2,5,11,3,11,4,0,0,5,16,0,15,10,11,22,10,10,16,0,15,6,0,22,10,10,16,15,15,6,0,0,5,16,0,15,12,16,22,15,12,16,0,15,6,0,22,15,12,16,22,15,6,0
16,0,8,25,9,0,0,0,16,0,8,25,9,0,0,0,16,0,8,25,9,0,0,0,0,5,19,13,0,0,0,0,0,5,19,13,0,0,0,0,0,5,19,13,0,0,17,17,17,17,17,17,17,17,17,17,17,17,17,17,17,17,17,17,17,17,17,17,17,0,0,0,0,0,0,0,0,0,0,0,0,0,0,0,0,0,0,0,0,0,0,0,28,27,0,22,28,28,28,7,12,28,28,28,28,28,28,10,0,0,0,0,0,0,0,27,18,0,15,25,29,20,5,8,22,29,23,19,19,19,7,0,0,0,0,0,0,0,21,0,2,12,16,29,4,12,0,6,29,11,14,0,2,12,0,0,0,0,0,0,0,21,0,3,18,16,29,5,18,0,6,29,11,22,0,3,18,8,29,29,27,0,0,0,21,0,2,13,16,29,4,13,0,6,29,11,16,0,2,13,0,19,15,1,0,0,0,27,18,18,18,25,29,19,18,18,21,29,23,18,18,18,6,0,18,13,0,0,0,0,29,29,29,29,29,29,29,29,29,29,29,29,29,29,29,10,0,18,13,0,0,0,0,0,0,0,0,0,0,0,0,0,0,0,0,0,0,0,0,0,18,13,0,0,0,0,0,0,0,0,0,0,0,0,0,0,0,0,0,0,0,0,0,18,13,0,0,0,0,17,17,17,17,17,17,17,17,17,17,17,17,17,17,17,1,0,18,13,8,17,17,17,0,0,0,0,0,0,1,17,17,17,17,17,17,17,0,14,17,25,23,17,17,17,0,2,1,1,2,0,0,1,15,15,24,22,15,15,15,0,13,15,24,22,15,15,15,0,16,13,12,18,0,0,0,0,0,18,14,0,0,0,0,0,0,18,14,0,0,0,0,16,13,12,18,0,0,3,14,16,18,14,15,14,0,3,14,16,18,14,15,14,8,5,16,13,12,18,0,0,3,18,16,18,14,15,22,0,3,18,16,18,14,15,22,13,8,16,13,12,18,0,0,3,18,16,18,14,15,21,0,3,18,16,18,14,15,21,13,8,3,6,7,16,0,0,2,10,3,18,14,3,0,0,2,10,3,18,14,3,0,13,8,2,2,2,2,2,2,2,2,2,20,15,2,2,2,2,2,2,20,15,1,0,2,1,29,29,29,29,29,29,29,29,29,29,29,29,29,29,29,29,29,29,29,12,0,0,0
1,5,6,4,3,5,6,0,1,5,0,4,3,5,6,4,3,5,0,4,2,0,6,1,7,22,5,7,18,9,0,1,7,0,5,7,18,9,13,10,7,0,5,3,0,9,0,0,22,0,3,18,0,0,0,0,0,0,3,18,0,13,8,0,0,0,0,0,0,0,0,22,0,4,18,0,0,0,0,0,0,4,18,0,13,9,0,0,0,0,0,0,3,18,22,13,12,18,22,0,0,0,0,13,12,18,22,13,12,18,0,0,0,0,22,3,18,22,13,12,18,22,0,0,3,0,13,12,18,22,13,12,18,0,2,1,0,22,3,18,22,13,12,18,22,0,3,18,0,13,12,18,22,13,12,18,0,13,8,0,22,3,18,22,13,12,18,22,0,3,18,0,13,12,18,22,13,12,18,0,13,8,0,22,3,18,18,13,12,15,22,0,3,18,0,13,12,15,22,11,11,18,0,13,8,0,22,3,18,0,13,8,0,22,0,3,18,0,13,8,0,22,0,3,18,0,13,8,0,22,11,18,19,13,12,15,22,11,11,18,19,13,12,15,22,11,11,18,19,13,12,15,22,12,18,22,13,12,18,22,13,12,18,22,13,12,18,22,13,12,18,22,13,12,18,22,12,17,22,12,12,18,20,13,12,17,22,12,12,18,20,13,12,17,22,12,12,18,20,13,6,24,0,3,21,6,17,8,0,23,6,10,18,0,13,13,6,24,0,3,21,6,27,25,28,0,3,28,25,27,8,0,23,25,26,18,0,13,27,25,28,0,3,28,25,8,0,22,0,3,18,0,13,8,0,22,0,3,18,0,13,8,0,22,0,3,18,0,8,0,22,0,3,18,0,13,8,0,22,0,3,18,0,13,8,0,22,0,3,18,0,8,0,22,0,3,18,0,13,8,0,22,0,3,18,0,13,8,0,22,0,3,18,0,8,0,22,0,3,18,0,13,8,0,22,0,3,18,0,13,8,0,22,0,3,18,0,8,0,22,0,3,18,0,13,8,0,22,0,3,18,0,13,8,0,22,0,3,18,0,5,0,13,0,2,10,0,7,5,0,13,0,2,10,0,7,5,0,13,0,2,10,0,6,6,6,6,6,6,6,6,6,6,6,6,6,6,6,6,6,6,6,6,6,6,6,9,9,9,9,9,9,9,9,9,9,9,9,9,9,9,9,9,9,9,9,9,9,9
17,0,0,16,29,1,6,29,11,0,26,21,0,16,29,1,2,17,17,17,17,17,17,1,0,0,16,29,1,6,29,11,0,26,21,0,16,29,1,0,0,1,1,1,0,0,3,0,0,16,29,1,6,29,11,0,26,21,0,16,29,1,0,3,29,29,29,8,0,3,0,0,16,29,1,6,29,11,0,26,21,0,16,29,1,0,3,19,2,14,8,0,3,0,0,16,29,1,6,29,11,0,26,21,0,16,29,1,0,3,18,22,13,8,0,3,0,0,16,29,1,6,29,11,0,26,21,0,16,29,1,0,3,18,22,0,0,0,3,0,0,16,29,1,6,29,11,0,26,21,0,16,29,1,0,3,18,23,7,7,0,3,0,0,16,29,1,6,29,11,0,26,21,0,16,29,1,0,3,18,20,25,22,0,3,0,0,16,29,1,6,29,11,0,26,21,0,16,29,1,0,3,20,3,3,1,0,3,0,0,16,29,1,6,29,11,0,26,21,0,4,7,0,0,3,29,28,29,8,0,3,0,0,16,29,1,6,29,11,0,26,21,0,0,0,0,0,3,18,0,13,8,0,3,0,0,16,29,1,6,29,11,0,26,21,0,0,0,0,11,11,18,18,13,12,15,3,0,0,16,29,1,6,29,11,0,26,21,0,0,0,0,13,12,18,22,13,12,18,3,0,0,16,29,1,6,29,11,0,26,21,0,0,0,0,13,12,18,22,13,12,18,3,0,0,16,29,1,6,29,11,0,26,21,0,0,0,0,13,12,18,22,13,12,18,3,0,0,16,29,1,6,29,11,0,26,21,0,0,0,0,1,4,18,2,13,9,1,2,0,0,12,21,1,5,21,8,0,19,16,0,0,0,0,0,3,18,0,13,8,0,0,0,0,0,0,0,0,0,0,0,0,0,0,13,22,1,0,3,18,0,13,8,0,0,0,0,0,0,0,0,0,0,0,0,0,0,16,29,1,0,3,18,0,13,8,0,0,0,0,0,0,0,0,0,0,0,0,0,0,16,29,1,0,3,18,0,13,8,0,0,0,0,0,0,0,0,0,0,0,0,0,0,16,29,1,0,0,4,0,3,2,0,17,0,0,8,17,17,17,17,17,17,6,0,0,16,29,1,2,17,17,17,17,17,17,6,0,0,0,0,0,0,0,0,0,0,0,0,16,29,1,0,0,0,0,0,0,0
22,3,12,15,22,16,11,3,22,16,12,15,6,20,12,15,23,6,8,15,22,16,7,22,0,6,15,22,16,5,0,22,16,12,15,0,16,12,15,22,0,6,15,22,16,5,13,0,6,15,22,16,5,0,13,16,10,9,0,16,12,15,22,0,4,9,22,10,3,0,0,6,15,0,16,5,0,0,16,5,0,0,16,5,0,22,0,0,0,22,0,0,0,0,6,13,0,14,5,0,0,16,5,0,0,14,5,0,19,0,0,0,22,0,0,0,16,5,0,22,0,6,15,0,16,5,0,22,0,6,15,0,16,5,0,22,0,4,0,16,12,15,22,16,12,15,0,16,5,0,22,16,12,15,22,16,5,0,22,0,4,0,16,12,15,22,16,12,15,0,16,5,0,22,16,12,15,22,16,5,0,22,0,4,0,6,9,15,8,16,8,5,0,6,2,0,8,16,8,5,22,6,2,0,8,0,1,0,0,6,15,0,16,5,0,0,0,0,0,0,16,5,0,22,0,0,0,0,0,0,0,1,7,15,1,16,6,1,0,0,0,0,1,16,6,1,22,1,0,0,0,0,0,0,16,12,15,22,16,12,15,0,0,0,0,22,16,12,15,22,16,5,0,0,0,4,0,16,12,15,22,16,12,15,0,3,1,0,22,16,12,15,22,16,5,0,5,0,4,0,16,12,15,22,16,12,15,0,16,5,0,22,16,12,15,22,16,5,0,22,0,4,0,16,12,15,22,16,12,15,0,16,5,0,22,16,12,15,22,16,5,0,22,0,4,0,16,11,12,22,13,11,15,0,16,5,0,22,13,11,15,17,16,5,0,22,0,4,0,16,5,0,22,0,6,15,0,16,5,0,22,0,6,15,0,16,5,0,22,0,4,19,16,12,13,22,14,12,15,19,16,12,13,22,14,12,15,19,16,12,13,22,14,10,22,16,12,15,22,16,12,15,22,16,12,15,22,16,12,15,22,16,12,15,22,16,10,22,14,12,15,19,16,12,13,22,14,12,15,19,16,12,13,22,14,12,15,19,16,10,24,7,13,15,0,16,12,7,23,0,6,19,7,20,5,0,24,7,13,15,0,16,11,26,25,26,15,0,16,25,25,25,0,6,27,25,27,5,0,26,25,26,15,0,16,24,22,0,6,15,0,16,5,0,22,0,6,15,0,16,5,0,22,0,6,15,0,16,5
0,0,0,13,10,6,0,13,8,0,22,0,0,0,0,0,0,0,0,0,3,18,8,17,17,17,18,18,17,11,13,8,0,16,17,17,17,17,17,17,17,17,17,17,19,17,0,14,17,17,17,17,17,19,6,0,0,0,0,0,0,0,0,0,8,17,17,17,17,0,0,0,0,0,0,0,0,0,0,0,0,0,0,0,0,0,0,0,0,0,0,0,17,17,17,17,17,17,17,17,17,17,17,17,17,17,17,17,17,17,17,17,17,17,17,9,9,5,0,9,9,9,9,0,7,9,9,9,2,4,9,9,9,9,9,9,3,0,29,29,17,2,29,29,29,27,0,22,29,29,29,7,12,29,29,29,29,29,29,10,0,29,17,5,0,8,27,24,8,0,6,20,29,10,2,3,13,29,17,8,8,8,3,0,29,11,0,13,8,26,21,0,3,18,16,29,5,18,0,6,29,11,22,0,3,18,5,29,11,0,13,8,26,21,0,3,18,16,29,5,18,0,6,29,11,22,0,3,18,9,29,11,0,5,3,26,21,0,1,6,16,29,3,6,0,6,29,11,8,0,1,6,0,29,29,29,29,29,29,29,29,29,29,29,29,29,29,29,29,29,29,29,29,29,10,0,18,18,18,18,18,18,18,18,18,18,18,18,18,18,18,18,18,18,18,18,18,6,0,0,0,0,0,0,0,0,0,0,0,0,0,0,0,0,0,0,0,0,0,0,0,0,7,7,7,7,7,7,7,7,7,7,7,7,7,7,7,7,7,7,7,7,7,0,0,8,8,8,8,8,8,8,8,8,8,8,8,8,8,8,8,8,8,8,8,8,0,0,27,27,27,27,27,27,27,27,27,27,27,27,27,27,27,27,27,27,27,27,27,27,27,16,4,4,4,4,4,4,20,16,4,4,4,4,4,4,20,16,4,4,4,4,4,4,13,0,0,0,2,10,0,18,13,0,0,0,2,10,0,18,13,0,0,0,2,10,0,14,6,9,0,3,18,15,18,14,6,9,0,3,18,15,18,14,6,9,0,3,18,15,14,15,22,0,3,18,16,18,14,15,22,0,3,18,16,18,14,15,22,0,3,18,16,14,15,16,0,3,18,16,18,14,15,16,0,3,18,16,18,14,15,16,0,3,18,16,14,10,0,0,3,18,1,18,14,10,0,0,3,18,1,18,14,10,0,0,3,18,1
0,0,0,0,0,0,0,0,0,0,0,0,0,0,0,0,0,0,0,0,0,0,0,0,0,0,0,0,0,0,0,0,0,0,0,0,0,0,0,0,0,0,0,0,0,0,0,0,0,0,0,0,0,0,0,0,0,0,0,0,0,0,0,0,0,0,0,0,0,0,0,0,0,0,0,0,0,0,0,0,0,0,0,0,0,0,0,0,0,0,0,0,0,0,0,0,0,0,0,0,0,0,0,0,0,0,0,0,0,0,0,0,0,0,0,7,13,11,9,8,9,16,6,7,13,11,9,8,9,16,6,7,13,11,0,0,4,20,12,18,22,13,12,18,22,13,12,18,22,13,12,18,22,13,12,18,22,0,0,6,29,12,18,22,13,12,18,22,13,12,18,22,13,12,18,22,13,12,18,22,0,0,6,29,12,18,22,13,12,18,22,13,12,18,22,13,12,18,22,13,12,18,22,0,0,6,29,7,18,9,13,10,7,22,5,7,18,9,13,10,7,22,5,7,18,9,0,0,6,29,3,18,0,13,8,0,22,0,3,18,0,13,8,0,22,0,3,18,0,0,0,6,29,3,18,0,13,8,0,22,0,3,18,0,13,8,0,22,0,3,18,0,0,0,6,29,3,18,0,13,8,0,22,0,3,18,0,13,8,0,22,0,3,18,0,0,0,6,29,3,18,0,13,8,0,22,0,3,18,0,13,8,0,22,0,3,18,0,0,0,6,29,2,10,0,7,4,0,12,0,2,10,0,7,4,0,12,0,2,10,0,0,0,6,29,8,8,8,8,8,8,8,8,8,8,8,8,8,8,8,8,8,8,6,0,0,6,29,7,7,7,7,7,7,7,7,7,7,7,7,7,7,7,7,7,7,5,0,0,6,29,0,0,0,0,0,0,0,0,0,0,0,0,0,0,0,0,0,0,0,0,0,5,21,0,0,0,0,0,0,0,0,0,0,0,0,0,0,0,0,0,0,0,0,0,0,0,0,0,0,0,0,0,0,0,0,0,0,0,0,0,0,0,0,0,0,0,0,0,0,0,0,0,0,0,0,0,0,0,0,0,0,0,0,0,0,0,0,0,0,0,0,0,0,0,0,0,0,0,0,0,0,0,0,0,0,0,0,0,0,0,0,0,0,0,0,0,0,0,0,0,0,0,0,0,0,0,0,0,0,0,0,0,0,0,0,0,0,0
0,2,3,0,14,8,3,3,2,0,0,0,0,17,29,0,7,29,10,0,27,20,0,0,20,28,5,14,12,29,28,15,0,0,0,0,17,29,0,7,29,10,0,27,20,0,0,0,0,0,14,12,17,0,0,0,0,0,0,17,29,0,7,29,10,0,27,20,0,0,1,5,0,14,12,17,7,0,0,0,0,0,17,29,0,7,29,10,0,27,20,0,0,4,17,0,14,11,13,22,0,0,0,0,0,17,29,0,7,29,10,0,27,20,0,0,10,17,0,14,15,9,24,0,0,0,0,0,17,29,0,7,29,10,0,27,20,0,0,16,13,0,11,22,22,21,0,0,0,0,0,17,29,0,7,29,10,0,27,20,0,0,0,0,0,0,0,0,0,0,0,0,0,0,17,29,0,7,29,10,0,27,20,0,0,11,17,17,17,17,17,17,17,0,0,0,0,17,29,0,7,29,10,0,27,20,0,0,0,3,0,2,1,0,4,0,0,0,0,0,17,29,0,7,29,10,0,27,20,0,0,4,17,0,14,7,0,22,0,0,0,0,0,17,29,0,7,29,10,0,27,20,0,0,4,17,0,14,7,0,22,0,0,0,0,0,17,29,0,7,29,10,0,27,20,0,0,4,17,0,14,7,0,22,0,0,0,0,0,17,29,0,7,29,10,0,27,20,0,0,4,17,0,14,7,0,22,0,0,0,0,0,17,29,0,7,29,10,0,27,20,0,0,4,17,1,14,8,1,22,0,0,0,0,0,17,29,0,7,29,10,0,27,20,0,0,4,17,22,14,12,17,22,14,7,0,0,0,17,29,0,7,29,10,0,27,20,0,0,4,17,22,14,12,17,22,14,7,0,0,0,17,29,0,7,29,10,0,27,20,0,0,4,17,22,14,12,17,22,14,7,0,0,0,4,7,0,2,7,2,0,7,5,0,0,4,17,19,14,12,14,22,12,6,0,0,0,2,4,0,1,4,1,0,4,3,0,0,4,17,0,14,7,0,22,0,0,0,0,0,17,29,0,7,29,10,0,27,20,0,0,19,17,0,14,28,27,27,0,0,0,0,0,17,29,0,7,29,10,0,27,20,0,0,7,17,0,2,4,4,23,0,0,13,10,0,17,29,0,7,29,10,0,27,20,0,0,4,17,1,23,23,14,22,0,0,27,20,0,17,29,0,7,29,10,0,27,20,0
0,0,0,0,0,5,29,12,0,0,0,0,0,0,0,0,0,0,0,0,0,0,0,0,0,0,0,0,5,29,12,0,0,0,0,0,0,0,0,0,0,0,0,0,0,0,0,0,0,0,0,5,29,12,0,0,0,0,0,0,0,0,0,0,0,0,0,0,0,0,0,0,0,0,5,29,12,0,0,0,0,0,0,0,0,0,0,0,0,0,0,0,2,0,6,7,0,1,9,4,0,6,7,0,0,7,5,0,0,0,0,1,7,5,0,8,0,22,25,1,0,0,0,0,20,28,0,2,28,18,0,0,0,0,3,25,19,0,8,0,22,0,0,0,0,0,0,0,22,0,2,19,0,0,0,0,0,0,2,19,0,8,0,22,9,7,0,16,0,2,14,22,0,2,19,16,0,2,14,0,9,10,19,0,8,0,22,12,9,0,22,0,2,19,22,0,2,19,22,0,2,19,0,12,12,19,0,8,0,22,12,12,13,22,9,9,19,22,0,2,19,22,9,9,19,16,12,12,19,0,8,0,22,12,12,19,22,12,12,19,22,0,2,19,22,12,12,19,22,12,12,19,0,8,0,22,12,12,19,22,12,12,19,22,0,2,19,22,12,12,19,22,12,12,19,0,8,0,22,12,12,19,22,12,12,19,22,0,2,19,22,12,12,19,22,12,12,19,0,3,0,8,12,11,7,19,4,6,19,8,0,1,7,22,4,6,16,8,12,11,7,0,4,9,8,12,11,7,0,4,6,19,8,6,6,7,22,4,3,0,8,12,11,7,11,11,19,22,12,12,19,11,12,12,19,22,12,12,19,22,12,11,9,22,12,12,19,22,11,19,22,12,12,19,22,12,12,19,22,12,12,19,22,12,12,19,22,12,12,19,22,3,19,0,12,10,0,22,0,3,19,0,12,10,0,22,0,3,19,0,12,10,0,22,10,19,18,12,9,0,22,0,2,19,18,12,12,15,22,0,2,19,0,12,12,15,22,11,19,22,12,11,7,22,5,6,19,22,12,12,19,22,5,6,19,9,12,12,19,22,11,19,22,12,12,19,22,12,12,19,22,12,12,19,22,12,12,19,22,12,12,19,22,6,19,9,12,12,19,22,12,12,19,9,12,11,8,22,12,12,19,22,12,11,8,22,2,19,0,12,11,13,22,8,9,19,0,12,9,0,22,8,9,19,15,12,9,0,22
17,17,17,17,17,17,17,17,17,17,17,17,17,17,17,17,17,17,17,17,17,17,17,0,0,0,0,0,0,0,0,0,0,0,0,0,0,0,0,0,0,0,0,0,0,0,0,0,0,0,0,0,0,0,0,0,0,0,0,0,0,0,0,0,0,0,0,0,0,7,0,0,0,0,11,19,1,4,19,7,0,17,14,0,11,19,1,4,19,7,0,17,11,0,0,0,0,16,29,1,6,29,11,0,26,21,0,16,29,1,6,29,11,0,26,11,0,0,0,0,16,29,1,6,29,11,0,26,21,0,16,29,1,6,29,11,0,26,11,0,0,0,0,16,29,1,6,29,11,0,26,21,0,16,29,1,6,29,11,0,26,11,0,20,16,0,16,29,1,6,29,11,0,26,21,0,16,29,1,6,29,11,0,26,11,0,26,21,0,2,4,0,1,4,1,0,4,3,0,2,4,0,1,4,1,0,4,11,0,26,21,0,0,0,0,0,0,0,0,0,0,0,0,0,0,0,0,0,0,0,11,0,26,21,0,0,1,8,8,8,8,8,8,8,8,8,8,8,8,8,8,8,8,11,0,26,21,0,0,1,7,7,7,7,7,7,7,7,7,7,7,7,7,7,7,7,11,0,26,21,0,0,0,14,25,1,15,20,20,20,5,0,0,0,0,1,0,0,1,11,0,26,21,0,0,0,16,29,1,20,29,29,28,7,0,0,0,6,29,11,0,26,11,0,26,21,0,0,0,16,29,2,3,16,29,2,3,0,0,0,6,29,11,0,26,11,0,26,21,0,0,0,16,29,5,18,16,29,5,18,0,0,0,6,29,11,0,26,11,0,26,21,0,0,0,16,29,5,18,16,29,5,18,0,0,0,6,29,11,0,26,11,0,26,21,0,0,0,16,29,5,15,16,29,5,15,0,0,0,6,29,11,0,26,11,0,26,21,0,0,0,16,29,10,8,20,29,10,3,0,0,0,6,29,11,0,26,4,0,26,21,0,0,0,16,29,29,29,29,29,29,10,0,0,0,2,10,4,0,9,0,0,16,13,0,0,0,5,9,9,9,9,9,9,3,0,0,0,0,0,0,0,0,0,0,0,0,0,0,2,17,17,17,17,17,17,17,17,17,17,17,17,17,17,17,17,0,0,12,10,0,0,0,0,0,0,0,2,8,8,8,0,0,0,0,0,0,0,0
3,5,0,1,5,2,0,5,4,0,3,5,0,1,5,2,0,5,4,0,3,5,0,16,29,1,6,29,11,0,26,21,0,16,29,1,6,29,11,0,26,21,0,16,29,1,16,29,1,6,29,11,0,26,21,0,16,29,1,6,29,11,0,26,21,0,16,29,1,16,29,1,6,29,11,0,26,21,0,16,29,1,6,29,11,0,26,21,0,16,29,1,16,29,1,6,29,11,0,26,21,0,16,29,1,6,29,11,0,26,21,0,16,29,1,16,29,1,6,29,11,0,26,21,0,16,29,1,6,29,11,0,26,21,0,16,29,1,16,29,1,6,29,11,0,26,21,0,16,29,1,6,29,11,0,26,21,0,16,29,1,3,6,0,1,6,2,0,6,5,0,3,6,0,1,6,2,0,6,5,0,3,6,0,0,0,0,0,0,0,0,0,0,0,0,0,0,0,0,0,0,0,0,0,0,0,0,17,17,17,17,17,17,17,17,17,17,17,17,17,17,17,17,17,17,17,17,17,17,17,0,0,0,0,0,0,0,0,0,0,0,0,0,0,0,0,0,0,0,0,0,0,0,0,13,8,0,22,0,3,18,0,13,8,0,22,0,3,18,0,13,8,0,22,0,3,0,13,8,0,22,0,3,18,0,13,8,0,22,0,3,18,0,13,8,0,22,0,3,0,13,8,0,22,0,3,18,0,13,8,0,22,0,3,18,0,13,8,0,22,0,3,0,13,8,0,22,0,3,18,0,13,8,0,22,0,3,18,0,13,8,0,22,0,3,0,13,8,0,22,0,3,18,0,13,8,0,22,0,3,18,0,13,8,0,22,0,3,8,18,8,0,23,8,11,18,0,13,15,8,24,0,3,22,8,18,8,0,23,8,11,23,26,8,0,23,23,24,18,0,13,25,23,27,0,3,27,23,26,8,0,23,23,24,7,13,10,6,22,4,6,18,7,13,10,6,22,4,6,18,7,13,10,6,22,4,6,22,13,12,18,22,13,12,18,22,13,12,18,22,13,12,18,22,13,12,18,22,13,12,22,13,12,18,22,13,12,18,22,13,12,18,22,13,12,18,22,13,12,18,22,13,12,22,5,7,18,9,13,10,7,22,5,7,18,9,13,10,7,22,5,7,18,9,13,10,4,0,0,3,0,2,1,0,4,0,0,3,0,2,1,0,4,0,0,3,0,2,1
0,0,0,26,21,0,16,29,1,6,29,11,0,0,0,6,8,18,11,13,10,9,22,0,0,0,26,21,0,16,29,1,6,29,11,0,0,0,13,12,18,22,13,12,18,22,0,0,0,26,21,0,16,29,1,6,29,11,0,0,0,13,12,18,22,13,12,18,22,0,0,0,26,21,0,16,29,1,6,29,11,0,0,0,13,9,4,22,3,6,18,5,29,11,0,26,21,0,16,29,1,6,29,11,0,0,0,13,8,0,22,5,7,18,9,29,11,0,26,21,0,16,29,1,6,29,11,0,0,0,13,8,0,22,13,12,18,22,29,11,0,26,21,0,16,29,1,6,29,11,0,0,0,13,8,0,22,13,12,18,22,29,11,0,26,21,0,16,29,1,6,29,11,0,0,0,8,5,0,22,13,12,18,22,29,11,0,7,5,0,4,7,0,1,7,3,0,0,0,0,0,0,22,13,12,18,22,29,11,0,4,3,0,2,4,0,1,4,1,0,0,0,0,0,0,10,13,10,8,22,11,4,0,26,21,0,16,29,1,6,29,11,0,0,0,0,0,0,0,13,8,0,22,0,0,0,26,21,0,16,29,1,6,29,11,0,0,0,0,0,0,0,13,8,0,22,0,0,0,26,21,0,16,29,1,6,29,11,0,0,0,13,8,0,22,13,12,18,22,0,0,0,26,21,0,16,29,1,6,29,11,0,0,0,13,8,0,22,13,12,18,22,0,0,0,26,21,0,16,29,1,6,29,11,0,0,0,13,8,0,22,5,7,18,8,25,9,0,26,21,0,16,29,1,6,29,11,0,0,0,13,8,0,9,6,5,8,10,29,11,0,26,21,0,16,29,1,6,29,11,0,0,0,13,8,0,0,13,8,0,22,29,11,0,26,21,0,16,29,1,6,29,11,0,0,0,13,9,4,0,13,11,11,22,29,11,0,26,21,0,16,29,1,6,29,11,0,0,0,13,12,18,0,13,12,18,22,29,11,0,26,21,0,16,29,1,6,29,11,0,0,0,13,12,18,0,13,12,18,22,0,0,0,0,0,0,0,0,0,0,0,0,0,0,0,7,8,18,20,27,12,18,23,0,0,0,0,0,0,0,0,0,0,0,0,0,0,0,0,0,0,23,6,2,3,5,0,0,0,0,0,0,0,0,0,0,0,0,0,0,0,7,5,0,22,0,2,10,0
8,26,21,13,8,0,16,29,5,18,0,13,8,6,29,12,5,0,0,0,0,26,21,8,26,21,13,8,0,16,29,5,18,0,13,8,14,22,22,13,0,0,0,0,26,21,3,26,21,5,3,0,16,29,3,6,0,5,3,0,0,0,0,0,0,0,0,26,21,27,29,29,26,0,21,29,29,28,27,27,27,0,0,0,0,0,0,0,0,0,5,4,20,20,20,19,0,16,20,20,20,20,20,20,0,0,0,0,0,0,0,0,0,0,0,7,7,7,7,7,7,7,7,7,7,7,7,7,7,7,7,7,7,7,7,7,7,7,8,8,8,8,8,8,8,8,8,8,8,8,8,8,8,8,8,8,8,8,8,8,8,11,11,11,11,11,11,8,0,0,0,0,1,11,11,11,11,11,11,11,11,11,11,11,4,13,14,14,14,14,13,9,2,0,0,0,4,4,4,4,4,4,9,14,14,14,14,0,5,6,6,6,6,6,17,8,0,0,0,0,0,2,10,0,0,3,6,6,6,6,0,0,0,0,14,0,0,13,8,0,0,0,0,0,3,18,0,0,0,0,0,8,5,0,0,0,0,22,0,0,13,8,0,0,0,0,0,3,18,0,0,0,0,0,13,8,0,0,0,0,16,0,0,13,8,0,0,0,0,0,2,13,0,0,0,0,0,10,6,15,15,15,15,15,5,0,13,8,0,12,15,15,15,15,15,15,15,15,15,15,15,11,14,14,14,14,14,14,9,13,8,0,23,3,14,14,14,14,14,14,14,14,14,14,14,2,2,2,2,6,20,2,13,8,0,22,0,2,2,2,2,2,2,2,2,2,2,23,17,17,17,6,3,18,0,13,8,0,22,0,8,17,17,17,17,17,17,17,11,0,22,0,0,0,0,3,18,0,13,8,0,22,0,0,0,0,0,0,0,0,0,0,0,22,13,13,13,13,16,18,0,13,8,0,22,2,13,13,13,13,13,13,13,13,13,13,25,2,2,9,14,14,13,8,13,8,0,22,0,2,2,2,2,2,2,2,5,14,14,14,0,0,2,16,12,5,3,13,8,0,22,0,0,0,2,13,0,0,0,0,8,20,5,0,0,0,13,12,18,0,13,8,0,22,0,0,0,3,18,0,0,0,0,3,18,22,0,0,0,13,12,18,0,13,8,0,22,0,0,0,3,18,0,0,0,0,3,18,22
6,8,16,0,15,6,0,22,0,5,16,9,15,9,6,22,0,5,16,0,15,9,6,15,12,16,0,15,6,0,22,0,5,16,22,15,12,16,22,0,5,16,0,15,12,16,15,12,16,0,15,6,0,22,0,5,16,22,15,12,16,22,0,5,16,0,15,12,16,15,12,16,0,10,4,0,14,0,5,16,22,15,12,16,22,0,3,10,0,15,12,16,15,12,16,0,0,0,0,0,0,5,16,22,15,12,16,22,0,0,0,0,15,12,16,15,9,7,0,0,0,0,0,0,2,7,22,7,9,16,10,0,0,0,0,7,9,16,15,6,0,0,0,0,0,0,0,0,0,22,0,5,16,0,0,0,0,0,0,5,16,15,6,0,0,0,0,0,0,0,0,0,22,0,5,16,0,0,0,0,0,0,5,16,15,12,16,0,15,6,0,22,0,5,16,22,15,12,16,22,0,5,16,0,15,12,16,15,12,16,0,15,6,0,22,0,5,16,22,15,12,16,22,0,5,16,0,15,12,16,5,8,16,0,15,6,0,22,0,5,16,8,15,9,6,22,0,5,16,0,15,9,6,7,5,7,0,15,6,0,22,0,2,7,10,6,5,7,9,0,5,16,0,6,5,7,15,6,0,0,15,6,0,22,0,0,0,22,0,5,16,0,0,5,16,0,0,5,16,15,6,0,5,15,6,0,22,3,1,0,22,9,10,16,0,3,7,16,5,0,5,16,15,6,0,22,15,6,0,22,15,6,0,22,15,12,16,0,15,12,16,22,0,5,16,15,6,0,22,15,6,0,22,15,6,0,22,15,12,16,0,15,12,16,22,0,5,16,15,26,14,22,8,3,0,12,15,11,25,26,15,12,28,23,15,9,9,22,13,26,16,3,11,16,0,0,0,0,0,0,5,20,6,3,2,6,23,0,0,0,0,15,12,3,0,5,16,0,9,3,0,13,0,5,16,0,9,3,0,22,0,3,9,0,15,6,0,0,5,16,0,15,6,0,22,0,5,16,0,15,6,0,22,0,5,16,0,15,6,0,0,5,16,14,15,6,0,22,10,10,16,0,15,6,0,22,10,10,16,14,15,6,0,6,8,16,22,15,6,0,22,15,12,16,9,15,9,6,22,15,12,16,22,15,9,6,15,12,16,22,15,6,0,22,15,12,16,22,15,12,16,22,15,12,16,22,15,12,16
16,29,1,0,0,26,21,0,16,29,1,6,29,11,0,26,21,0,3,18,22,2,9,29,29,1,0,0,26,21,0,12,21,1,5,21,8,0,19,16,0,0,3,14,13,27,20,20,1,0,0,26,21,0,0,0,0,0,0,0,0,0,0,0,0,0,0,13,8,7,7,7,2,0,26,21,0,3,7,7,7,7,7,0,0,0,0,3,17,0,13,8,8,8,8,3,0,26,21,0,4,8,8,8,8,8,0,0,0,0,3,18,0,13,8,0,0,0,0,0,26,21,0,0,0,0,0,0,0,0,0,0,0,3,18,22,13,8,0,3,14,5,0,26,21,0,8,14,0,3,14,5,0,13,10,0,3,18,22,13,11,1,6,29,11,0,26,21,0,16,29,1,6,29,11,0,26,21,0,3,18,22,13,12,1,6,29,11,0,26,21,0,16,29,1,6,29,11,0,26,21,0,3,18,3,13,12,1,6,29,11,0,26,21,0,16,29,1,6,29,11,0,26,21,0,3,18,0,13,10,0,6,29,11,0,26,21,0,16,29,1,6,29,11,0,26,21,0,3,18,7,13,10,0,2,9,3,0,26,21,0,5,9,0,2,9,3,0,26,21,0,3,18,22,13,12,0,0,0,0,0,26,21,0,0,0,0,0,0,0,0,26,21,0,0,3,22,13,12,0,0,0,0,0,26,21,0,0,0,0,0,0,0,0,26,21,0,0,2,1,13,9,17,17,17,6,0,26,21,0,8,17,17,17,11,0,0,26,21,0,3,18,15,13,11,0,0,0,0,0,26,21,0,0,0,0,0,0,0,0,26,21,0,3,18,22,13,12,0,0,0,0,0,26,21,0,0,0,0,0,0,0,0,26,21,0,3,18,22,13,12,0,2,8,3,0,26,21,0,5,8,0,2,8,3,0,26,21,0,3,18,22,13,12,0,6,29,11,0,26,21,0,16,29,1,6,29,11,0,26,21,0,3,18,9,13,12,0,6,29,11,0,26,21,0,16,29,1,6,29,11,0,26,21,0,3,18,0,13,12,0,6,29,11,0,26,21,0,16,29,1,6,29,11,0,26,21,0,1,8,0,6,7,0,6,29,11,0,26,21,0,16,29,1,6,29,11,0,26,21,0,0,0,0,0,7,0,3,15,6,0,26,21,0,9,15,1,3,15,6,0,26,21,0,8,14,0,4,28
8,11,19,7,6,22,9,11,12,11,19,7,6,0,12,29,5,2,29,15,0,22,25,8,22,19,12,12,22,19,12,12,22,19,12,12,0,12,29,5,2,29,15,0,22,25,8,22,19,12,12,22,19,12,12,22,19,12,12,0,12,29,5,2,29,15,0,22,25,2,22,4,10,12,5,19,5,3,22,4,10,12,0,12,29,5,2,29,15,0,22,25,0,22,0,9,12,9,19,6,5,22,0,9,12,0,12,29,5,2,29,15,0,22,25,0,22,0,9,12,22,19,12,12,22,0,9,12,0,12,29,5,2,29,15,0,22,25,0,22,0,9,12,22,19,12,12,22,0,9,12,0,12,29,5,2,29,15,0,22,25,0,14,0,9,12,22,19,12,12,22,0,6,8,0,12,29,5,2,29,15,0,22,25,0,0,0,9,12,22,19,12,12,22,0,0,0,0,12,29,5,0,7,4,0,6,6,0,0,0,4,6,22,9,11,12,10,0,0,0,0,12,29,5,0,4,2,0,3,4,0,0,0,0,0,22,0,9,12,0,0,0,0,0,12,29,5,2,29,15,0,22,25,0,0,0,0,0,22,0,9,12,0,0,0,0,0,12,29,5,2,29,15,0,22,25,0,22,0,9,12,22,19,12,12,22,0,9,12,0,12,29,5,2,29,15,0,22,25,0,22,0,9,12,22,19,12,12,22,0,9,12,0,12,29,5,2,29,15,0,22,25,0,22,0,9,12,8,19,6,4,22,0,9,12,0,12,29,5,2,29,15,0,22,25,0,22,0,4,5,10,8,5,6,9,0,9,12,0,12,29,5,2,29,15,0,22,25,0,22,0,0,0,22,0,9,12,0,0,9,12,0,12,29,5,2,29,15,0,22,25,2,22,4,0,0,22,11,11,12,0,4,10,12,0,12,29,5,2,29,15,0,22,25,8,22,19,2,0,22,19,12,12,0,19,12,12,0,12,29,5,2,29,15,0,22,25,8,22,19,2,0,22,19,12,12,0,19,12,12,0,12,29,5,2,29,15,0,22,25,8,12,19,11,25,22,19,12,27,19,19,8,6,0,6,15,3,0,0,0,0,0,0,0,0,0,9,16,5,3,2,6,22,0,0,0,0,0,0,0,0,0,0,0,0,0,0,13,0,9,12,0,11,1,0,22,0,5,7,0,11,26,5,0,0,0,0,0,0
0,0,0,0,0,0,0,0,0,0,0,0,0,0,0,0,0,0,0,0,0,0,0,0,0,0,0,0,0,0,0,0,0,0,0,0,0,0,0,0,0,0,0,0,0,0,11,7,0,18,2,4,15,0,11,7,3,18,0,3,15,4,11,7,0,18,2,4,15,13,8,0,21,13,12,18,0,13,12,18,22,0,3,17,22,13,8,0,21,13,12,18,13,8,0,0,13,12,18,0,0,3,18,22,0,0,0,22,13,8,0,0,13,12,18,13,8,4,11,20,12,18,0,11,14,18,22,0,8,11,25,13,8,4,11,20,12,18,13,8,7,20,20,10,18,0,20,20,13,22,0,14,20,20,13,8,7,20,20,10,18,18,8,0,6,7,10,18,0,3,7,7,24,0,1,7,7,18,8,0,6,7,10,18,27,8,0,23,25,25,18,0,13,26,25,27,0,3,28,25,27,8,0,23,25,25,18,13,8,0,22,0,3,18,0,13,8,0,22,0,3,18,0,13,8,0,22,0,3,18,13,12,17,22,13,12,18,21,13,12,17,22,13,12,18,21,13,12,17,22,13,12,18,13,12,18,22,13,12,18,22,13,12,18,22,13,12,18,22,13,12,18,22,13,12,18,13,12,18,22,13,12,18,22,13,12,18,22,13,12,18,22,13,12,18,22,13,12,18,13,12,18,22,13,12,18,22,13,12,18,22,13,12,18,22,13,12,18,22,13,12,18,13,8,0,22,0,3,18,0,13,8,0,22,0,3,18,0,13,8,0,22,0,3,18,13,8,0,22,0,3,18,0,13,8,0,22,0,3,18,0,13,8,0,22,0,3,18,13,8,0,22,0,3,18,0,13,8,0,22,0,3,18,0,13,8,0,22,0,3,18,13,8,0,22,0,3,18,0,13,8,0,22,0,3,18,0,13,8,0,22,0,3,18,13,8,0,22,0,3,18,0,13,8,0,22,0,3,18,0,13,8,0,22,0,3,18,1,0,0,2,0,0,1,0,1,0,0,2,0,0,1,0,1,0,0,2,0,0,1,17,17,17,17,17,17,17,17,17,17,17,17,17,17,17,17,17,17,17,17,17,17,17,0,0,0,0,0,0,0,0,0,0,0,0,0,0,0,0,0,0,0,0,0,0,0,0,0,0,0,0,0,0,0,0,0,0,0,0,0,0,0,0,0,0,0,0,0,0
0,0,0,0,0,0,0,0,0,0,0,0,0,0,0,0,0,0,0,0,0,0,0,0,0,0,0,0,0,0,0,0,0,0,0,0,0,0,0,0,0,0,0,0,0,0,11,7,0,18,2,4,15,0,11,7,3,18,0,3,15,4,11,7,0,18,2,4,15,13,8,0,21,13,12,18,0,13,12,18,22,0,3,17,22,13,8,0,21,13,12,18,13,8,0,0,13,12,18,0,0,3,18,22,0,0,0,22,13,8,0,0,13,12,18,13,8,4,11,20,12,18,0,11,14,18,22,0,8,11,25,13,8,4,11,20,12,18,13,8,7,20,20,10,18,0,20,20,13,22,0,14,20,20,13,8,7,20,20,10,18,18,8,0,6,7,10,18,0,3,7,7,24,0,1,7,7,18,8,0,6,7,10,18,27,8,0,23,25,25,18,0,13,26,25,27,0,3,28,25,27,8,0,23,25,25,18,13,8,0,22,0,3,18,0,13,8,0,22,0,3,18,0,13,8,0,22,0,3,18,13,12,17,22,13,12,18,21,13,12,17,22,13,12,18,21,13,12,17,22,13,12,18,13,12,18,22,13,12,18,22,13,12,18,22,13,12,18,22,13,12,18,22,13,12,18,13,12,18,22,13,12,18,22,13,12,18,22,13,12,18,22,13,12,18,22,13,12,18,13,12,18,22,13,12,18,22,13,12,18,22,13,12,18,22,13,12,18,22,13,12,18,13,8,0,22,0,3,18,0,13,8,0,22,0,3,18,0,13,8,0,22,0,3,18,13,8,0,22,0,3,18,0,13,8,0,22,0,3,18,0,13,8,0,22,0,3,18,13,8,0,22,0,3,18,0,13,8,0,22,0,3,18,0,13,8,0,22,0,3,18,13,8,0,22,0,3,18,0,13,8,0,22,0,3,18,0,13,8,0,22,0,3,18,13,8,0,22,0,3,18,0,13,8,0,22,0,3,18,0,13,8,0,22,0,3,18,1,0,0,2,0,0,1,0,1,0,0,2,0,0,1,0,1,0,0,2,0,0,1,17,17,17,17,17,17,17,17,17,17,17,17,17,17,17,17,17,17,17,17,17,17,17,0,0,0,0,0,0,0,0,0,0,0,0,0,0,0,0,0,0,0,0,0,0,0,0,0,0,0,0,0,0,0,0,0,0,0,0,0,0,0,0,0,0,0,0,0,0
0,16,5,0,22,16,5,0,22,16,5,0,22,0,6,15,22,0,6,15,22,0,4,8,16,8,5,22,16,5,0,22,16,8,5,22,6,9,15,22,0,6,15,22,6,7,22,16,12,15,22,16,5,0,22,16,12,15,22,16,12,15,22,0,6,15,22,16,10,22,16,12,15,22,16,5,0,22,16,12,15,22,16,12,15,22,0,6,15,22,16,10,22,16,12,15,22,16,5,0,22,16,12,15,22,16,12,15,22,0,6,15,22,16,10,16,16,10,11,22,11,4,0,16,16,10,11,22,11,11,15,16,0,4,11,22,11,9,0,2,1,0,22,0,1,2,0,16,6,0,3,0,7,15,0,2,1,0,22,0,1,22,2,7,15,22,16,12,15,22,16,12,15,3,16,12,15,22,16,12,15,22,16,6,22,16,12,15,22,16,12,15,22,16,12,15,22,16,12,15,22,16,12,15,22,16,10,8,16,8,5,22,6,9,15,8,16,8,5,22,6,9,15,8,16,8,5,22,6,7,0,16,5,0,22,7,9,15,10,16,5,0,22,0,6,15,10,16,9,7,22,0,4,1,16,6,1,22,16,12,15,22,16,6,1,22,1,7,15,22,16,12,15,22,1,5,22,16,12,15,22,16,12,15,22,16,12,15,22,16,12,15,22,16,12,15,22,16,10,22,16,12,15,22,13,11,15,17,16,12,15,22,16,12,15,17,16,11,12,22,16,10,22,16,12,15,22,0,6,15,0,16,12,15,22,16,12,15,0,16,5,0,22,16,10,0,16,5,0,22,0,6,15,0,16,5,0,22,0,6,15,0,16,5,0,22,0,4,0,16,5,0,22,0,6,15,0,16,5,0,22,0,6,15,0,16,5,0,22,0,4,0,0,0,0,22,0,0,0,0,16,5,0,0,0,6,15,0,0,0,0,22,0,0,13,2,4,9,26,25,11,13,23,28,9,9,3,9,10,28,22,14,11,25,25,9,4,22,16,12,15,6,20,12,15,23,6,8,15,22,16,7,6,23,16,12,19,6,16,10,22,16,12,15,0,16,12,15,22,0,6,15,22,16,5,0,22,16,12,15,0,16,10,13,16,10,9,0,16,12,15,22,0,4,9,22,10,3,0,22,16,12,15,0,10,8,0,16,5,0,0,16,5,0,22,0,0,0,22,0,0,0,22,0,6,15,0,0,4
0,0,0,0,0,0,0,0,0,0,0,0,0,0,0,0,6,29,11,0,0,0,0,0,22,27,0,0,0,0,0,23,27,0,3,27,19,0,0,1,5,2,0,22,18,0,0,23,4,0,0,0,0,0,4,23,0,3,20,3,0,0,0,0,0,0,26,21,0,0,22,5,3,0,9,0,1,7,22,0,3,18,9,0,1,7,0,0,0,26,21,0,0,22,13,8,0,22,0,3,18,22,0,3,18,22,0,3,18,0,0,0,26,21,0,0,22,13,10,6,22,5,7,18,22,0,3,18,22,5,7,18,0,0,0,26,21,0,0,22,13,12,18,22,13,12,18,22,0,3,18,22,13,12,18,0,0,0,0,0,0,0,22,13,12,18,22,13,12,18,22,0,3,18,22,13,12,18,0,0,0,0,0,0,0,22,13,12,18,22,13,12,18,22,0,3,18,22,13,12,18,0,0,0,0,0,0,0,16,13,11,13,22,9,10,18,16,0,2,13,22,9,10,18,0,0,0,0,0,2,3,0,13,9,0,3,0,4,18,0,2,1,0,22,0,0,3,0,0,0,0,0,0,18,22,13,12,18,3,13,12,18,22,13,12,18,22,13,9,3,0,0,0,0,0,0,18,22,13,12,18,22,13,12,18,22,13,12,18,22,13,12,18,0,0,0,17,13,0,18,8,13,10,6,22,5,7,18,8,13,10,6,22,5,7,18,0,0,0,26,21,0,18,10,13,8,0,22,0,3,18,10,13,10,8,22,0,3,18,0,0,0,26,21,0,18,22,13,9,1,22,0,4,18,22,13,12,18,22,0,4,18,0,0,0,26,21,0,18,22,13,12,18,22,13,12,18,22,13,12,18,22,13,12,18,0,0,0,26,21,0,18,17,13,12,18,22,13,12,18,17,13,12,14,22,13,12,18,0,0,0,5,4,0,18,0,13,12,18,22,13,12,18,0,13,8,0,22,13,12,18,0,0,0,0,0,0,18,0,13,8,0,22,0,3,18,0,13,8,0,22,0,3,18,0,0,0,0,3,7,18,0,13,8,0,22,0,3,18,0,13,8,0,22,0,3,18,0,0,0,0,4,8,0,0,13,8,0,0,0,3,18,0,0,0,0,22,0,0,0,0,0,0,0,0,0,15,20,27,11,10,3,7,9,28,25,11,10,25,28,7,5,3,0,0,0,26,21,0
0,16,29,1,6,29,11,0,26,21,0,16,29,1,6,29,11,3,13,29,17,5,0,0,16,29,1,6,29,11,0,26,21,0,16,29,1,6,29,11,18,6,29,11,18,0,0,16,29,1,6,29,11,0,26,21,0,16,29,1,6,29,11,22,6,29,11,22,0,0,16,29,1,6,29,11,0,26,21,0,16,29,1,6,29,11,22,6,29,11,22,0,0,11,19,1,4,19,7,0,17,14,0,11,19,1,6,29,11,3,6,29,11,3,0,0,0,0,0,0,0,0,0,0,0,0,0,0,0,6,29,28,27,28,29,28,19,0,0,0,0,0,0,0,0,0,0,0,0,0,0,0,4,20,20,20,20,20,20,14,0,7,7,7,7,7,7,7,7,7,7,7,7,7,7,7,7,7,7,7,7,7,7,7,8,8,8,8,8,8,8,8,8,8,8,8,8,8,8,8,8,8,8,8,8,8,8,0,0,0,0,0,0,0,0,0,0,0,0,0,0,0,0,0,0,0,0,0,0,0,0,0,0,0,0,0,0,0,0,0,0,0,0,0,0,0,0,0,0,0,0,0,0,0,16,28,1,6,28,11,0,26,21,0,0,0,0,0,0,0,0,26,21,0,16,28,0,16,29,1,6,29,11,0,26,21,0,0,0,0,0,0,0,0,26,21,0,16,29,0,16,29,1,6,29,11,0,26,21,0,0,0,0,0,0,0,0,26,21,0,16,29,0,16,29,1,6,29,11,0,26,21,0,0,1,1,0,0,0,0,26,21,0,16,29,0,16,29,1,6,29,11,0,26,21,0,0,26,21,0,0,0,0,23,19,0,14,25,0,16,29,1,6,29,11,0,26,21,0,0,26,21,0,0,0,0,0,0,0,0,0,0,16,29,1,6,29,11,0,26,21,0,0,26,21,0,0,0,0,0,0,0,0,0,0,16,29,1,6,29,11,0,26,21,0,0,26,21,0,0,2,17,17,17,17,17,17,0,16,29,1,6,29,11,0,26,21,0,0,26,21,0,0,0,2,4,0,0,0,0,0,16,29,1,6,29,11,0,26,21,0,0,26,21,0,0,0,16,29,1,21,29,29,0,16,29,1,6,29,11,0,26,21,0,0,26,21,0,0,0,16,29,1,13,25,29,0,16,29,1,6,29,11,0,26,21,0,0,26,21,0,0,0,16,29,3,8,16,29
6,29,11,0,26,21,0,16,29,1,6,29,11,0,26,21,0,16,29,1,6,29,11,6,29,11,0,26,21,0,16,29,1,6,29,11,0,26,21,0,16,29,1,6,29,11,6,29,11,0,26,21,0,16,29,1,6,29,11,0,26,21,0,16,29,1,6,29,11,6,29,11,0,26,21,0,16,29,1,6,29,11,0,26,21,0,16,29,1,6,29,11,3,15,6,0,14,11,0,9,15,1,3,15,6,0,14,11,0,9,15,1,3,15,6,0,0,0,0,0,0,0,0,0,0,0,0,0,0,0,0,0,0,0,0,0,0,0,0,0,0,0,0,0,0,0,0,0,0,0,0,0,0,0,0,0,0,0,0,0,0,17,17,17,17,17,17,17,17,17,17,17,17,17,17,17,17,17,17,17,17,17,17,17,0,0,0,0,0,0,0,0,0,0,0,0,0,0,0,0,0,0,0,0,0,0,0,4,20,8,0,18,15,0,11,20,1,4,20,8,0,18,15,0,11,20,1,4,20,8,6,29,11,0,26,21,0,16,29,1,6,29,11,0,26,21,0,16,29,1,6,29,11,6,29,11,0,26,21,0,16,29,1,6,29,11,0,26,21,0,16,29,1,6,29,11,6,29,11,0,26,21,0,16,29,1,6,29,11,0,26,21,0,16,29,1,6,29,11,6,29,11,0,26,21,0,16,29,1,6,29,11,0,26,21,0,16,29,1,6,29,11,6,29,11,0,26,21,0,16,29,1,6,29,11,0,26,21,0,16,29,1,6,29,11,5,21,8,0,19,16,0,12,21,1,5,21,8,0,19,16,0,12,21,1,5,21,8,0,0,0,0,0,0,0,0,0,0,0,0,0,0,0,0,0,0,0,0,0,0,0,7,7,7,7,7,7,7,7,7,7,7,7,7,7,7,7,7,7,7,7,7,7,7,8,8,8,8,8,8,8,8,8,8,8,8,8,8,8,8,8,8,8,8,8,8,8,9,0,0,0,0,11,0,1,9,0,6,4,0,11,0,1,9,0,6,4,0,11,0,18,0,0,0,0,22,0,3,18,0,13,8,0,22,0,3,18,0,13,8,0,22,0,18,0,0,0,0,22,0,3,18,0,13,8,0,22,0,3,18,0,13,8,0,22,0,18,0,0,0,0,22,0,3,18,0,13,8,0,22,0,3,18,0,13,8,0,22,0
8,0,0,1,18,1,3,15,2,0,2,19,0,1,3,15,2,10,8,1,0,12,9,8,0,0,0,22,0,2,19,0,0,2,19,0,0,2,19,0,12,9,0,0,12,9,8,7,5,0,22,12,12,19,0,7,8,19,13,0,2,19,21,12,9,0,13,12,9,8,12,9,0,22,12,12,19,0,12,12,19,22,0,2,19,22,12,9,0,22,12,9,8,12,10,5,24,12,12,21,5,12,12,19,22,2,8,19,22,12,13,3,22,12,9,1,8,9,28,26,11,11,26,29,8,6,3,14,12,27,17,19,11,27,19,14,2,1,0,0,2,19,0,0,0,0,22,0,0,0,0,12,9,0,0,0,2,19,0,0,0,8,0,2,19,0,11,8,0,22,0,2,17,0,12,9,0,20,0,2,19,0,11,8,8,0,2,19,0,12,9,0,22,0,2,19,0,12,9,0,22,0,2,19,0,12,9,8,12,12,19,0,12,9,0,22,12,12,19,22,12,9,0,22,0,2,19,22,12,9,8,12,12,19,16,12,12,14,22,12,12,19,22,12,12,14,22,9,10,19,22,12,9,8,12,12,19,22,12,12,19,22,12,12,19,22,12,12,19,22,12,12,19,22,12,9,8,1,4,19,22,12,12,19,22,1,4,19,3,12,12,19,22,12,12,19,3,12,9,8,0,2,19,11,12,11,9,22,0,2,19,0,12,11,9,22,6,7,19,0,12,9,8,4,6,19,7,12,10,6,22,4,6,19,7,12,10,6,22,4,6,19,7,12,9,8,12,12,19,22,12,12,19,22,12,12,19,22,12,12,19,22,12,12,19,22,12,9,1,12,12,19,22,12,12,19,22,12,10,3,22,12,12,19,22,12,12,19,22,2,1,1,0,3,19,1,2,2,1,22,0,1,2,1,12,10,1,4,0,3,19,1,1,1,8,8,9,19,15,0,1,13,22,8,9,19,15,12,11,13,0,8,9,19,15,12,9,8,12,12,19,22,0,2,19,22,12,12,19,22,12,12,19,0,12,12,19,22,12,9,8,12,12,19,22,0,2,19,22,12,12,19,22,12,12,19,0,12,12,19,22,12,9,8,12,12,19,22,0,2,19,22,12,12,19,22,12,12,19,0,12,12,19,22,12,9,8,5,7,19,22,0,2,19,22,5,7,19,9,12,12,19,0,12,12,19,9,12,9
0,1,4,1,0,29,17,0,20,27,0,0,19,17,11,12,22,14,12,14,19,0,0,0,6,29,7,0,29,17,0,20,27,0,0,0,17,4,0,22,0,7,14,0,0,0,0,6,29,7,0,29,17,0,20,27,0,0,0,17,28,27,24,0,7,28,27,6,0,0,6,29,7,0,29,17,0,20,27,0,0,0,2,4,4,23,0,1,4,4,1,0,0,6,29,7,0,29,17,0,20,27,0,0,3,23,23,11,22,0,19,23,19,0,0,0,6,29,7,0,29,17,0,20,27,0,0,1,8,14,14,22,0,7,8,23,0,0,0,6,29,7,0,29,17,0,20,27,0,0,0,0,7,14,22,0,0,0,22,0,0,0,6,29,7,0,29,17,0,20,27,0,0,0,17,12,14,22,0,7,14,22,0,0,0,6,29,7,0,29,17,0,20,27,0,0,0,17,5,1,22,0,7,14,2,0,0,0,6,29,7,0,29,17,0,20,27,0,0,0,17,29,29,25,0,7,29,29,6,0,0,6,29,7,0,29,17,0,20,27,0,0,0,1,2,2,2,0,0,2,2,0,0,0,6,29,7,0,29,17,0,20,27,0,0,10,17,17,17,17,17,17,17,17,3,0,0,6,29,7,0,29,17,0,20,27,0,0,0,0,0,0,0,0,0,0,0,0,0,0,6,29,7,0,29,17,0,20,27,0,0,0,15,4,0,19,0,6,12,0,0,0,0,6,29,7,0,29,17,0,20,27,0,0,0,17,4,0,22,0,7,14,0,0,0,0,6,29,7,0,29,17,0,20,27,0,0,0,17,4,0,22,0,7,14,0,0,0,0,6,29,7,0,25,15,0,18,24,0,0,0,17,4,0,22,0,7,14,0,0,0,0,6,29,7,0,0,0,0,0,0,0,0,0,17,4,0,22,0,7,14,0,0,0,0,6,29,7,0,17,10,0,11,15,0,0,16,17,10,10,22,13,11,14,16,0,0,0,6,29,7,0,29,17,0,20,27,0,0,22,17,12,14,22,17,12,14,22,0,0,0,6,29,7,0,29,17,0,20,27,0,0,22,17,12,14,22,17,12,14,22,0,0,0,6,29,7,0,29,17,0,20,27,0,0,22,17,12,14,22,17,12,14,22,0,0,0,6,29,7,0,29,17,0,20,27,0,0,3,17,6,2,22,2,8,14,3,0,0
0,0,0,10,29,7,0,29,17,0,20,27,0,0,0,0,7,14,0,17,12,14,0,0,0,0,10,29,7,0,29,17,0,20,27,0,0,0,0,7,14,8,17,12,14,0,0,0,0,10,29,7,0,29,17,0,20,27,0,0,0,0,7,14,22,17,12,14,0,0,0,0,0,1,0,0,1,1,0,1,1,0,0,0,0,7,14,22,17,12,14,0,0,0,0,0,0,0,0,0,0,0,0,0,0,0,0,0,7,14,22,17,12,14,0,13,17,17,17,17,17,17,17,17,17,9,0,0,0,0,0,7,14,16,17,10,10,0,0,0,0,0,0,0,0,0,0,0,0,0,0,0,0,0,1,2,0,17,5,0,3,3,4,0,1,4,1,0,4,2,0,3,4,0,0,0,0,1,2,22,17,12,14,22,20,27,0,10,29,7,0,29,17,0,20,27,0,0,0,0,7,14,22,17,12,14,22,20,27,0,10,29,7,0,29,17,0,20,27,0,0,0,0,7,14,8,17,7,5,22,20,27,0,10,29,7,0,29,17,0,20,27,0,0,0,0,7,14,0,17,8,6,22,20,27,0,10,29,7,0,29,17,0,20,27,0,0,0,0,7,14,1,17,12,14,22,13,18,0,7,19,5,0,19,11,0,13,18,0,0,0,0,7,14,22,17,12,14,22,0,0,0,0,0,0,0,0,0,0,0,0,0,0,0,0,7,14,22,17,11,11,22,0,0,0,0,0,0,0,0,0,0,0,0,0,0,0,0,7,14,22,17,4,0,22,6,7,7,7,7,7,7,7,7,1,0,0,0,0,0,0,7,14,0,17,4,0,22,7,8,8,8,8,8,8,8,8,2,0,0,0,0,0,0,7,14,0,17,4,0,22,0,0,0,0,0,0,0,0,0,0,0,0,0,0,0,0,0,0,0,17,4,0,0,0,0,0,0,0,0,0,0,0,0,0,0,0,0,0,0,1,2,13,17,26,12,19,0,0,0,10,28,7,0,28,17,0,20,27,0,0,0,0,7,14,22,4,13,14,22,0,0,0,10,29,7,0,29,17,0,20,27,0,0,0,0,7,14,22,0,7,14,22,0,0,0,10,29,7,0,29,17,0,20,27,0,0,0,0,7,14,13,0,7,14,22,0,0,0,10,29,7,0,29,17,0,20,27,0,0,0,0,7,14,0,0,7,14,0
0,0,0,0,16,29,1,6,29,11,0,26,21,0,0,0,8,29,29,29,29,29,29,0,0,0,0,16,29,1,6,29,11,0,26,21,0,0,0,8,26,12,12,12,12,12,0,0,0,0,16,29,1,6,29,11,0,26,21,0,0,0,8,23,0,0,0,0,0,0,0,0,0,16,29,1,6,29,11,0,26,21,0,0,0,8,23,7,13,13,13,13,0,0,0,0,16,29,1,6,29,11,0,26,21,0,0,0,8,23,1,2,2,2,2,0,0,0,0,16,29,1,6,29,11,0,26,21,0,0,0,8,27,17,17,17,17,17,0,0,0,0,16,29,1,6,29,11,0,26,21,0,0,0,8,29,29,29,29,29,29,0,0,0,0,16,29,1,6,29,11,0,26,21,0,0,0,0,0,0,0,0,0,0,0,0,0,0,16,29,1,6,29,11,0,26,21,0,0,2,17,17,17,17,17,17,17,0,0,0,0,16,29,1,6,29,11,0,26,21,0,0,0,0,0,0,1,1,1,1,0,0,0,0,16,29,1,6,29,11,0,26,21,0,0,0,0,0,0,21,29,29,29,0,0,0,0,16,29,1,6,29,11,0,26,21,0,0,0,0,0,0,12,17,17,17,0,0,0,0,16,29,1,6,29,11,0,26,21,0,0,0,0,0,0,0,0,0,0,0,0,0,0,16,29,1,6,29,11,0,26,21,0,0,0,5,17,17,17,17,7,0,0,0,0,0,16,29,1,6,29,11,0,26,21,0,0,0,8,26,14,14,14,6,0,8,0,0,0,16,29,1,6,29,11,0,26,21,0,0,0,8,23,0,0,0,0,0,8,0,0,0,16,29,1,6,29,11,0,26,21,0,0,0,8,23,0,20,27,27,27,8,0,0,0,4,7,0,1,7,3,0,7,5,0,0,0,8,23,0,15,20,20,20,7,0,0,0,2,4,0,1,4,1,0,4,3,0,0,0,8,23,3,7,7,7,7,0,0,0,0,16,29,1,6,29,11,0,26,21,0,0,0,8,23,4,8,8,8,8,0,0,0,0,16,29,1,6,29,11,0,26,21,0,0,0,8,23,0,0,0,0,0,0,13,10,0,16,29,1,6,29,11,0,26,21,0,0,0,8,29,25,25,25,25,25,0,26,21,0,16,29,1,6,29,11,0,26,21,0,0,0,8,28,22,22,22,22,22
4,15,12,20,21,6,4,20,21,12,11,5,23,12,12,22,5,12,12,20,0,4,22,21,27,11,18,19,28,12,13,4,7,8,29,26,11,11,26,29,8,7,4,0,3,16,21,0,0,0,0,11,10,0,0,0,1,20,0,0,0,0,21,0,0,0,0,0,0,21,0,1,18,0,11,10,0,19,0,1,20,0,10,9,0,21,0,1,18,0,0,0,21,0,1,20,0,11,10,0,21,0,1,20,0,11,10,0,21,0,1,20,0,0,0,21,0,1,20,0,11,12,20,21,12,12,20,0,11,10,0,21,12,12,20,0,0,0,21,9,10,20,16,12,12,20,21,12,12,20,16,12,12,15,21,12,12,20,0,2,11,21,12,12,20,21,12,12,20,21,12,12,20,21,12,12,20,21,12,12,20,0,4,22,21,12,12,20,21,12,11,2,21,2,3,20,21,12,12,20,21,2,3,20,0,4,22,21,6,7,20,10,12,10,0,21,0,1,20,10,12,11,10,21,0,1,20,0,4,22,21,4,5,20,7,12,11,6,21,4,5,20,7,12,11,6,21,4,5,20,0,4,22,21,12,12,20,21,12,12,20,21,12,12,20,21,12,12,20,21,12,12,20,0,4,22,21,12,12,20,21,12,12,20,4,12,12,20,21,12,12,20,21,12,11,4,0,4,22,21,1,1,4,1,12,11,1,2,0,2,20,1,2,2,1,21,1,0,2,0,4,22,21,8,7,0,14,12,12,13,21,8,9,20,14,0,1,13,21,8,9,20,0,4,22,21,12,10,0,21,12,12,20,21,12,12,20,21,0,1,20,21,12,12,20,0,4,22,21,12,10,0,21,12,12,20,21,12,12,20,21,0,1,20,21,12,12,20,0,4,22,21,12,10,0,21,12,12,20,21,12,12,20,21,0,1,20,21,12,12,20,0,4,22,21,12,10,0,21,12,11,9,21,6,6,20,21,0,1,20,21,6,6,20,0,4,22,21,12,10,0,21,12,10,0,21,0,1,20,21,0,1,20,21,0,1,20,0,4,22,9,12,10,0,21,6,4,0,10,0,0,9,21,0,1,20,9,0,0,9,0,4,22,1,14,10,0,21,4,0,0,0,0,0,3,23,0,1,22,3,0,0,0,0,4,22,12,28,10,0,21,28,2,0,0,0,0,22,28,0,1,28,22,0,7,14,1,4,22
25,25,28,13,0,16,29,1,6,29,11,0,26,21,0,16,29,1,0,0,0,22,0,0,0,18,13,0,16,29,1,6,29,11,0,26,21,0,16,29,1,0,2,13,22,10,16,0,18,13,0,16,29,1,6,29,11,0,26,21,0,16,29,1,0,3,18,22,13,27,0,18,13,0,16,29,1,6,29,11,0,26,21,0,16,29,1,0,3,18,22,13,0,0,18,13,0,16,29,1,6,29,11,0,26,21,0,16,29,1,0,3,18,22,13,17,11,18,13,0,16,29,1,6,29,11,0,26,21,0,16,29,1,0,0,3,22,2,0,0,18,13,0,16,29,1,6,29,11,0,26,21,0,16,29,1,0,0,0,23,17,15,15,24,13,0,16,29,1,6,29,11,0,26,21,0,14,25,1,0,0,0,23,14,29,29,29,13,0,16,29,1,6,29,11,0,26,21,0,0,0,0,0,0,0,22,6,2,2,20,13,0,16,29,1,6,29,11,0,26,21,0,9,17,1,0,0,0,22,13,0,0,18,13,0,16,29,1,6,29,11,0,26,21,0,16,29,1,0,0,0,22,13,17,12,18,13,0,16,29,1,6,29,11,0,26,21,0,16,29,1,0,0,0,22,13,0,0,18,13,0,16,29,1,6,29,11,0,26,21,0,16,29,1,0,0,0,22,6,27,27,29,13,0,3,5,0,6,29,11,0,26,21,0,16,29,1,0,0,0,23,19,20,20,20,9,0,0,0,0,6,29,11,0,26,21,0,16,29,1,0,0,0,10,12,7,7,7,7,2,0,0,0,6,29,11,0,26,21,0,16,29,1,0,0,6,7,7,8,8,8,8,3,0,0,0,6,29,11,0,26,21,0,16,29,1,0,0,7,8,8,11,0,0,0,0,0,0,0,6,29,11,0,26,21,0,16,29,1,0,0,0,12,0,27,0,0,0,0,16,29,1,6,29,11,0,26,21,0,16,29,1,0,0,0,22,0,6,0,0,0,0,16,29,1,6,29,11,0,26,21,0,16,29,1,0,0,0,22,0,0,0,0,0,0,16,29,1,6,29,11,0,26,21,0,16,29,1,0,0,0,22,0,27,27,27,13,0,16,29,1,6,29,11,0,26,21,0,16,29,1,0,0,0,22,0,4,4,20,13,0,16,29,1,6,29,11,0,26,21,0,16,29,1,0,1,7,22,5
0,0,0,0,0,0,0,0,0,0,0,0,0,0,0,0,0,0,0,0,0,0,0,0,0,0,0,0,0,0,0,0,0,0,0,0,0,0,0,0,0,0,0,0,0,0,8,8,8,8,8,8,8,8,8,8,8,8,8,8,8,8,8,8,8,8,8,8,8,7,7,7,7,7,7,7,7,7,7,7,7,7,7,7,7,7,7,7,7,7,7,7,0,2,10,0,7,5,0,13,0,2,10,0,7,5,0,13,0,2,10,0,7,5,0,0,3,18,0,13,8,0,22,0,3,18,0,13,8,0,22,0,3,18,0,13,8,0,0,3,18,0,13,8,0,22,0,3,18,0,13,8,0,22,0,3,18,0,13,8,0,0,3,18,0,13,8,0,22,0,3,18,0,13,8,0,22,0,3,18,0,13,8,0,0,3,18,0,13,8,0,22,0,3,18,0,13,8,0,22,0,3,18,0,13,8,0,6,7,18,9,13,10,8,22,6,7,18,9,13,10,8,22,6,7,18,9,13,10,8,13,12,18,22,13,12,18,22,13,12,18,22,13,12,18,22,13,12,18,22,13,12,18,13,12,18,22,13,12,18,22,13,12,18,22,13,12,18,22,13,12,18,22,13,12,18,13,12,18,22,13,12,18,22,13,12,18,22,13,12,18,22,13,12,18,22,13,12,18,6,8,18,10,13,10,8,22,6,8,18,10,13,10,8,22,6,8,18,10,13,10,8,8,11,18,0,13,15,8,24,0,3,22,8,18,8,0,23,8,11,18,0,13,15,8,23,24,18,0,11,23,23,27,0,3,23,23,26,8,0,19,23,24,18,0,11,23,23,4,5,18,0,4,4,3,22,0,3,4,4,13,8,1,4,4,5,18,0,4,4,3,28,12,18,0,27,28,18,22,0,19,27,28,13,8,10,27,28,12,18,0,27,28,18,13,12,18,0,0,3,18,22,0,0,0,22,13,8,0,0,13,12,18,0,0,3,18,13,12,18,0,5,7,18,22,0,1,6,22,13,8,0,8,13,12,18,0,5,7,18,4,4,6,0,4,4,6,7,0,1,6,7,4,2,0,7,4,4,6,0,4,4,6,0,0,0,0,0,0,0,0,0,0,0,0,0,0,0,0,0,0,0,0,0,0,0,0,0,0,0,0,0,0,0,0,0,0,0,0,0,0,0,0,0,0,0,0,0,0
6,6,10,9,7,4,0,12,0,2,10,9,7,6,8,12,0,2,10,0,7,6,8,0,3,18,0,13,8,0,22,0,3,18,0,13,8,0,22,0,3,18,0,13,8,0,10,10,18,16,13,11,13,22,10,10,18,16,13,11,13,22,10,10,18,16,13,11,13,13,12,18,22,13,12,18,22,13,12,18,22,13,12,18,22,13,12,18,22,13,12,18,13,12,18,22,13,12,18,22,13,12,18,22,13,12,18,22,13,12,18,22,13,12,18,16,8,0,23,3,7,18,0,13,11,3,23,0,3,20,3,16,8,0,23,3,7,18,29,8,0,23,28,29,18,0,13,29,28,28,0,3,29,28,29,8,0,23,28,29,18,13,8,0,22,0,3,18,0,13,8,0,22,0,3,18,0,13,8,0,22,0,3,18,13,8,0,22,0,3,18,0,13,8,0,22,0,3,18,0,13,8,0,22,0,3,18,13,8,0,22,0,3,18,0,13,8,0,22,0,3,18,0,13,8,0,22,0,3,18,13,8,0,22,0,3,18,0,13,8,0,22,0,3,18,0,13,8,0,22,0,3,18,13,8,0,22,0,3,18,0,13,8,0,22,0,3,18,0,13,8,0,22,0,3,18,9,5,0,15,0,2,12,0,9,5,0,15,0,2,12,0,9,5,0,15,0,2,12,3,3,3,3,3,3,3,3,3,3,3,3,3,3,3,3,3,3,3,3,3,3,3,12,12,12,12,12,12,12,12,12,12,12,12,12,12,12,12,12,12,12,12,12,12,12,0,0,0,0,0,0,0,0,0,0,0,0,0,0,0,0,0,0,0,0,0,0,0,26,1,6,26,10,0,24,19,0,15,26,1,6,26,10,0,24,19,0,15,26,1,6,29,1,6,29,11,0,26,21,0,16,29,1,6,29,11,0,26,21,0,16,29,1,6,29,1,6,29,11,0,26,21,0,16,29,1,6,29,11,0,26,21,0,16,29,1,6,29,1,6,29,11,0,26,21,0,16,29,1,6,29,11,0,26,21,0,16,29,1,6,29,1,6,29,11,0,26,21,0,16,29,1,6,29,11,0,26,21,0,16,29,1,6,29,1,6,29,11,0,26,21,0,16,29,1,6,29,11,0,26,21,0,16,29,1,6,15,1,3,15,6,0,14,11,0,9,15,1,3,15,6,0,14,11,0,9,15,1,3
0,0,13,8,0,0,22,18,0,14,25,1,5,25,9,0,22,18,0,0,0,22,0,0,0,13,8,0,0,26,21,0,16,29,1,6,29,11,0,26,21,0,0,0,22,0,0,0,13,8,0,0,26,21,0,16,29,1,6,29,11,0,26,21,0,0,0,22,0,0,0,13,8,0,0,26,21,0,16,29,1,6,29,11,0,26,21,0,0,0,22,0,0,0,13,8,0,0,26,21,0,16,29,1,6,29,11,0,26,21,0,0,0,22,0,0,0,13,8,0,0,0,0,0,0,0,0,0,0,0,0,0,0,0,0,0,22,0,0,0,13,8,0,0,0,0,0,0,0,0,0,0,0,0,0,0,0,0,0,22,0,0,0,13,8,0,0,0,0,0,0,0,0,0,0,0,0,0,0,0,0,0,22,0,0,0,13,8,0,8,17,17,17,17,17,17,17,17,17,17,17,11,0,0,0,22,0,0,0,13,8,0,0,0,0,0,0,0,0,0,0,0,0,0,0,0,0,0,22,0,0,0,13,8,0,0,0,0,0,0,0,0,0,0,0,0,0,0,0,0,0,22,0,0,0,4,2,0,0,17,13,0,10,18,1,4,18,7,0,17,13,0,0,0,6,0,0,0,0,0,0,0,26,21,0,16,29,1,6,29,11,0,26,21,0,0,0,0,0,0,0,6,29,11,0,26,21,0,16,29,1,6,29,11,0,26,21,0,16,29,1,6,0,0,6,29,11,0,26,21,0,16,29,1,6,29,11,0,26,21,0,16,29,1,6,0,0,6,29,11,0,26,21,0,16,29,1,6,29,11,0,26,21,0,16,29,1,6,0,0,1,5,2,0,5,4,0,3,5,0,1,5,2,0,5,4,0,3,5,0,1,0,0,0,0,0,0,0,0,0,0,0,0,0,0,0,0,0,0,0,0,0,0,0,7,7,7,7,7,7,7,7,7,7,7,7,7,7,7,7,7,7,7,7,7,7,7,8,8,8,8,8,8,8,8,8,8,8,8,8,8,8,8,8,8,8,8,8,8,8,7,0,0,5,11,11,11,11,11,11,0,0,0,0,5,11,11,11,11,11,11,0,0,18,0,0,12,29,29,29,29,29,28,0,0,0,0,13,29,29,29,29,29,27,0,0,18,0,0,3,6,6,6,6,6,24,0,0,0,0,13,13,6,6,6,6,6,0,0
7,14,0,17,4,0,22,0,7,14,0,17,4,0,22,0,7,14,0,17,4,0,22,7,14,0,17,4,0,22,0,7,14,0,17,4,0,22,0,7,14,0,17,4,0,22,20,14,0,17,25,23,24,0,7,26,23,27,4,0,26,23,25,14,0,17,25,23,24,12,14,0,17,12,8,23,0,7,19,8,21,4,0,24,8,14,14,0,17,12,8,23,7,14,19,17,11,12,22,14,12,14,19,17,11,12,22,14,12,14,19,17,11,12,22,7,14,22,17,12,14,22,17,12,14,22,17,12,14,22,17,12,14,22,17,12,14,22,7,13,22,16,12,14,20,17,12,13,22,16,12,14,20,17,12,13,22,16,12,14,20,0,0,22,0,7,14,0,17,4,0,22,0,7,14,0,17,4,0,22,0,7,14,0,0,0,22,0,7,14,16,17,10,10,22,0,7,14,0,17,10,10,22,13,11,14,0,0,0,22,0,7,14,22,17,12,14,22,0,7,14,0,17,12,14,22,17,12,14,0,0,0,22,0,7,14,22,17,12,14,22,0,7,14,0,17,12,14,22,17,12,14,0,0,0,6,0,7,14,22,17,12,14,22,0,2,4,0,17,12,14,22,17,12,14,0,0,0,0,0,7,14,22,17,12,14,22,0,0,0,0,17,12,14,22,17,12,14,0,0,0,0,0,1,1,22,2,8,14,3,0,0,0,0,2,8,14,3,17,6,1,0,0,0,0,0,0,0,22,0,7,14,0,0,0,0,0,0,7,14,0,17,4,0,0,0,0,7,0,2,4,22,5,9,14,7,0,2,4,0,5,9,14,7,17,7,4,0,0,0,22,0,7,14,22,17,12,14,22,0,7,14,0,17,12,14,22,17,12,14,0,0,0,22,0,7,14,22,17,12,14,22,0,7,14,0,17,12,14,22,17,12,14,0,0,0,22,0,7,14,0,17,5,0,22,0,7,14,0,17,5,0,22,0,8,14,0,0,0,22,0,0,1,18,1,6,11,2,0,7,14,0,1,6,11,2,14,4,1,0,0,0,22,0,0,0,22,0,7,14,0,0,7,14,0,0,7,14,0,17,4,0,0,4,8,22,10,2,0,22,16,12,14,0,10,10,14,13,0,7,14,21,17,4,0,13,7,14,22,17,4,0,22,17,12,14,0,17,12,14,22,0,7,14,22,17,4,0,22
13,12,18,0,0,0,0,0,0,3,18,22,13,12,18,22,0,0,0,0,13,12,18,13,12,18,0,12,8,0,20,0,3,18,22,13,12,18,22,0,3,17,0,13,12,18,13,12,18,0,13,8,0,22,0,3,18,22,13,12,18,22,0,3,18,0,13,12,18,13,12,18,0,13,8,0,22,0,3,18,22,13,12,18,22,0,3,18,0,13,12,18,1,4,18,0,13,8,0,22,0,3,18,2,13,9,1,22,0,3,18,0,13,9,1,7,8,18,12,13,8,0,22,7,8,18,12,13,11,10,22,7,8,18,12,13,11,10,13,12,18,22,13,8,0,22,13,12,18,22,13,12,18,22,13,12,18,22,13,12,18,13,12,18,22,13,8,0,22,13,12,18,22,13,12,18,22,13,12,18,22,13,12,18,13,9,3,22,2,1,0,4,13,9,3,22,2,5,18,4,13,9,3,22,2,5,18,13,28,27,28,0,0,0,0,13,28,27,28,0,3,29,27,28,8,0,23,27,28,18,13,12,4,23,0,0,0,0,13,12,4,23,0,3,20,4,16,8,0,23,4,8,18,13,8,0,22,0,0,0,0,13,8,0,22,0,3,18,0,13,8,0,22,0,3,18,13,8,0,22,0,0,0,0,13,8,0,22,0,3,18,0,13,8,0,22,0,3,18,13,8,0,22,0,0,0,0,13,8,0,22,0,3,18,0,13,8,0,22,0,3,18,13,8,0,22,0,0,0,0,13,8,0,22,0,3,18,0,13,8,0,22,0,3,18,12,7,0,19,0,0,0,0,12,7,0,19,0,3,16,0,12,7,0,19,0,3,16,0,0,0,0,0,0,0,0,0,0,0,0,0,0,0,0,0,0,0,0,0,0,0,17,17,17,17,17,0,0,8,17,17,17,17,17,17,17,17,17,17,17,17,17,17,17,0,1,1,1,0,0,0,0,0,1,1,1,0,0,1,1,1,0,0,1,1,1,1,13,29,29,28,0,0,0,0,13,29,29,28,0,3,29,29,29,8,0,23,29,29,18,13,9,2,23,0,0,0,0,13,9,2,23,0,3,19,2,14,8,0,23,1,5,18,13,12,18,22,0,0,0,0,13,12,18,22,0,3,18,22,13,8,0,22,13,12,18,0,4,18,22,0,0,0,0,0,4,18,22,0,0,1,22,13,8,0,1,13,12,18
17,1,1,0,21,0,0,2,17,1,2,16,2,0,1,20,0,1,2,16,2,9,8,21,0,0,0,21,0,0,0,21,0,1,20,0,0,1,20,0,0,1,20,0,11,10,21,0,1,11,21,7,6,0,21,12,12,20,0,6,8,20,12,0,1,20,20,12,10,21,0,1,20,21,12,10,0,21,12,12,20,0,11,12,20,21,0,1,20,21,12,10,21,6,4,20,21,12,11,5,23,12,12,22,5,12,12,20,21,3,7,20,21,12,13,19,28,12,13,4,7,8,29,26,11,11,26,29,8,7,4,13,12,28,18,19,11,20,0,11,10,0,0,0,1,20,0,0,0,0,21,0,0,0,0,11,10,0,0,0,0,0,11,10,0,19,0,1,20,0,10,9,0,21,0,1,18,0,11,10,0,19,0,0,0,11,10,0,21,0,1,20,0,11,10,0,21,0,1,20,0,11,10,0,21,0,0,0,11,12,20,21,12,12,20,0,11,10,0,21,12,12,20,21,12,10,0,21,0,0,16,12,12,20,21,12,12,20,16,12,12,15,21,12,12,20,21,12,12,15,21,9,8,21,12,12,20,21,12,12,20,21,12,12,20,21,12,12,20,21,12,12,20,21,12,10,21,12,11,2,21,2,3,20,21,12,12,20,21,2,3,20,2,12,12,20,21,12,10,10,12,10,0,21,0,1,20,10,12,11,10,21,0,1,20,0,11,11,10,21,6,5,7,12,11,6,21,4,5,20,7,12,11,6,21,4,5,20,7,12,11,6,21,4,3,21,12,12,20,21,12,12,20,21,12,12,20,21,12,12,20,21,12,12,20,21,12,10,21,12,12,20,4,12,12,20,21,12,12,20,21,12,11,4,21,12,12,20,21,12,10,1,12,11,1,2,0,2,20,1,2,2,1,21,1,0,2,1,12,11,1,4,0,0,14,12,12,13,21,8,9,20,14,0,1,13,21,8,9,20,14,12,12,13,0,7,7,21,12,12,20,21,12,12,20,21,0,1,20,21,12,12,20,21,12,12,20,0,11,10,21,12,12,20,21,12,12,20,21,0,1,20,21,12,12,20,21,12,12,20,0,11,10,21,12,12,20,21,12,12,20,21,0,1,20,21,12,12,20,21,12,12,20,0,11,10,21,12,11,9,21,6,6,20,21,0,1,20,21,6,6,20,9,12,12,20,0,11,10
8,22,0,3,18,9,13,8,0,22,6,7,18,0,13,10,8,22,0,3,18,9,13,19,26,0,3,26,19,24,8,0,23,19,21,18,0,13,22,19,26,0,3,26,19,24,12,12,0,1,12,12,12,3,0,10,12,12,8,0,6,12,12,12,0,1,12,12,12,7,7,7,7,7,7,7,7,7,7,7,7,7,7,7,7,7,7,7,7,7,7,7,8,8,8,8,8,8,8,8,8,8,8,8,8,8,8,8,8,8,8,8,8,8,8,0,12,0,2,10,0,7,4,0,12,0,2,10,0,7,4,0,12,0,2,10,0,7,0,22,0,3,18,0,13,8,0,22,0,3,18,0,13,8,0,22,0,3,18,0,13,0,22,0,3,18,0,13,8,0,22,0,3,18,0,13,8,0,22,0,3,18,0,13,0,22,0,3,18,0,13,8,0,22,0,3,18,0,13,8,0,22,0,3,18,0,13,0,22,0,3,18,0,13,8,0,22,0,3,18,0,13,8,0,22,0,3,18,0,13,7,22,5,7,18,9,13,10,7,22,5,7,18,9,13,10,7,22,5,7,18,9,13,18,22,13,12,18,22,13,12,18,22,13,12,18,22,13,12,18,22,13,12,18,22,13,18,22,13,12,18,22,13,12,18,22,13,12,18,22,13,12,18,22,13,12,18,22,13,18,22,13,12,18,22,13,12,18,22,13,12,18,22,13,12,18,22,13,12,18,22,13,9,22,6,8,18,11,13,10,9,22,6,8,18,11,13,10,9,22,6,8,18,11,13,7,24,0,3,21,7,18,8,0,23,7,10,18,0,13,14,7,24,0,3,21,7,18,25,27,0,3,25,25,27,8,0,20,25,25,18,0,11,25,25,27,0,3,25,25,27,2,22,0,2,3,3,13,8,1,3,3,5,18,0,3,3,2,22,0,2,3,3,13,18,22,0,20,28,28,13,8,10,28,29,12,18,0,28,29,18,22,0,20,28,28,13,18,22,0,0,0,22,13,8,0,0,13,12,18,0,0,3,18,22,0,0,0,22,13,18,22,0,1,6,22,13,8,0,7,13,12,18,0,4,6,18,22,0,1,6,22,13,18,22,0,3,18,22,13,8,0,22,13,12,18,0,13,12,18,22,0,3,18,22,13,10,25,0,3,22,10,19,8,0,23,10,12,18,0,13,16,10,25,0,3,22,10,19
0,0,0,0,0,0,29,2,0,0,0,27,20,0,17,29,0,7,29,10,0,0,0,2,3,3,3,3,1,29,2,0,0,0,27,20,0,17,29,0,7,29,10,0,0,0,9,12,12,12,12,4,29,2,0,0,0,27,20,0,17,29,0,7,29,10,0,0,0,3,7,7,7,7,7,29,2,0,0,0,27,20,0,17,29,0,7,29,10,0,0,0,12,29,29,29,29,29,29,2,0,0,0,27,20,0,17,29,0,7,29,10,0,0,0,4,10,10,10,10,10,10,1,0,0,0,27,20,0,17,29,0,7,29,10,0,0,0,11,17,17,17,17,17,17,17,0,0,0,27,20,0,17,29,0,7,29,10,0,0,0,0,0,0,0,0,0,0,0,0,0,0,27,20,0,17,29,0,7,29,10,0,0,0,0,0,0,0,0,0,0,0,0,0,0,27,20,0,17,29,0,7,29,10,0,0,0,19,27,27,27,15,0,0,2,8,3,0,27,20,0,17,29,0,7,29,10,0,8,6,20,29,21,20,11,0,0,7,29,10,0,27,20,0,17,29,0,7,29,10,0,27,20,17,29,0,6,7,6,0,7,29,10,0,27,20,0,17,29,0,7,29,10,0,27,20,17,29,0,21,25,20,0,7,29,10,0,27,20,0,17,29,0,7,29,10,0,26,19,17,29,0,0,0,0,0,7,29,10,0,27,20,0,17,29,0,7,29,10,0,0,0,20,29,26,25,14,0,0,4,15,5,0,27,20,0,17,29,0,7,29,10,0,0,0,16,22,22,22,13,0,0,0,0,0,0,27,20,0,17,29,0,7,29,10,0,0,0,0,0,0,0,0,0,0,0,0,0,0,27,20,0,17,29,0,7,29,10,0,0,0,11,17,17,17,17,17,17,17,0,0,0,27,20,0,17,29,0,7,29,10,0,0,0,0,0,0,0,0,0,0,0,0,0,0,27,20,0,17,29,0,7,29,10,0,0,0,0,0,0,0,12,20,0,5,20,7,0,27,20,0,17,29,0,7,29,10,0,0,0,11,0,0,0,17,29,0,7,29,10,0,27,20,0,17,29,0,7,29,10,0,0,0,18,0,0,0,17,29,0,7,29,10,0,27,20,0,17,29,0,7,29,10,0,0,0,18,0,0,0,17,29,0,7,29,10,0,27,20,0,17,29,0,7,29,10,0,0,0
0,0,0,0,0,0,0,0,0,0,0,0,0,0,0,0,0,0,0,0,0,0,0,0,0,0,0,0,0,0,0,0,0,0,0,0,0,0,0,0,0,0,0,0,0,0,0,3,15,4,11,7,0,18,2,4,15,0,11,7,3,18,0,3,15,4,11,7,0,0,3,17,22,13,8,0,21,13,12,18,0,13,12,18,22,0,3,17,22,13,8,0,0,0,0,22,13,8,0,0,13,12,18,0,0,3,18,22,0,0,0,22,13,8,0,0,8,11,25,13,8,4,11,20,12,18,0,11,14,18,22,0,8,11,25,13,8,4,0,14,20,20,13,8,7,20,20,10,18,0,20,20,13,22,0,14,20,20,13,8,7,0,1,7,7,18,8,0,6,7,10,18,0,3,7,7,24,0,1,7,7,18,8,0,0,3,28,25,27,8,0,23,25,25,18,0,13,26,25,27,0,3,28,25,27,8,0,0,3,18,0,13,8,0,22,0,3,18,0,13,8,0,22,0,3,18,0,13,8,0,13,12,18,21,13,12,17,22,13,12,18,21,13,12,17,22,13,12,18,21,13,12,17,13,12,18,22,13,12,18,22,13,12,18,22,13,12,18,22,13,12,18,22,13,12,18,13,12,18,22,13,12,18,22,13,12,18,22,13,12,18,22,13,12,18,22,13,12,18,13,12,18,22,13,12,18,22,13,12,18,22,13,12,18,22,13,12,18,22,13,12,18,0,3,18,0,13,8,0,22,0,3,18,0,13,8,0,22,0,3,18,0,13,8,0,0,3,18,0,13,8,0,22,0,3,18,0,13,8,0,22,0,3,18,0,13,8,0,0,3,18,0,13,8,0,22,0,3,18,0,13,8,0,22,0,3,18,0,13,8,0,0,3,18,0,13,8,0,22,0,3,18,0,13,8,0,22,0,3,18,0,13,8,0,0,3,18,0,13,8,0,22,0,3,18,0,13,8,0,22,0,3,18,0,13,8,0,0,0,1,0,1,0,0,2,0,0,1,0,1,0,0,2,0,0,1,0,1,0,0,17,17,17,17,17,17,17,17,17,17,17,17,17,17,17,17,17,17,17,17,17,17,17,0,0,0,0,0,0,0,0,0,0,0,0,0,0,0,0,0,0,0,0,0,0,0,0,0,0,0,0,0,0,0,0,0,0,0,0,0,0,0,0,0,0,0,0,0,0
8,8,8,8,8,8,8,8,8,8,8,8,8,8,8,8,8,8,8,8,8,8,8,7,7,7,7,7,7,7,7,7,7,7,7,7,7,7,7,7,7,7,7,7,7,7,12,12,12,12,12,12,12,12,12,12,2,0,0,0,0,0,0,0,0,0,0,0,0,19,19,19,19,19,19,19,19,19,19,3,0,0,0,0,0,0,0,0,0,0,0,0,25,25,25,13,0,25,25,25,25,25,25,25,25,25,25,25,21,0,0,0,0,25,25,7,7,7,4,0,10,7,7,7,7,7,8,9,7,7,7,6,0,0,0,0,7,7,0,0,0,0,0,22,0,0,0,0,0,3,18,0,0,0,0,0,0,0,0,0,0,0,0,0,0,0,22,0,0,0,0,0,3,18,0,0,0,0,0,0,0,0,0,0,0,0,0,0,0,7,0,0,0,0,0,1,6,0,0,0,0,0,0,0,0,0,0,22,22,22,22,22,22,22,22,22,22,22,22,22,22,22,22,21,0,0,0,2,22,22,9,9,9,9,9,9,9,9,9,9,9,9,9,9,9,9,9,0,0,0,0,9,9,17,17,17,17,17,17,17,17,17,17,17,17,17,17,17,17,17,17,17,17,17,17,17,0,0,0,0,0,0,0,0,0,0,0,0,0,0,0,0,0,0,0,0,0,0,0,29,29,29,29,27,0,21,29,29,29,29,29,29,29,29,17,0,0,0,0,0,0,21,17,17,28,26,16,0,13,17,17,17,28,26,17,17,17,10,0,0,0,0,0,0,13,17,0,26,21,1,18,18,18,17,0,26,21,1,18,18,11,0,0,0,0,0,0,14,13,0,26,21,1,13,13,13,13,0,26,21,1,13,13,8,0,0,0,0,0,0,10,0,0,26,21,0,0,0,0,0,0,26,21,0,0,0,0,0,0,0,0,0,0,0,12,12,28,25,12,12,12,12,12,12,28,25,12,12,12,7,0,0,0,0,0,0,9,29,29,29,29,29,29,29,29,29,29,29,29,29,29,29,17,0,0,0,0,0,0,21,5,5,5,5,5,5,5,5,5,5,5,5,5,5,5,3,0,0,0,0,0,0,4,0,0,0,0,0,0,0,0,0,0,0,0,0,0,0,0,0,0,0,0,0,0,0,8,8,8,8,8,8,8,8,8,8,8,8,8,8,8,8,8,8,8,8,8,8,8
0,17,14,0,0,0,8,8,5,6,29,11,3,8,8,8,5,6,29,11,3,8,8,0,0,0,0,0,1,27,27,27,28,29,28,16,1,27,27,27,28,29,28,27,27,27,0,0,0,0,0,1,20,20,20,20,20,20,12,1,20,20,20,20,20,20,20,20,20,7,2,0,1,7,7,7,7,7,7,7,7,7,7,7,7,7,7,7,7,7,7,7,8,3,0,1,8,8,8,8,8,8,8,8,8,8,8,8,8,8,8,8,8,8,8,0,0,0,0,19,19,19,19,19,19,19,19,19,19,19,19,19,19,19,19,19,19,19,0,0,0,0,28,15,12,12,12,12,12,12,12,12,12,12,12,12,12,12,12,12,12,0,0,0,0,28,3,14,0,0,0,0,0,2,12,0,0,0,0,0,8,5,0,0,0,0,0,0,28,3,22,0,0,0,0,0,3,18,0,0,0,0,0,13,8,0,0,0,0,0,0,28,3,17,0,0,0,0,0,3,14,0,0,0,0,0,10,6,0,0,0,0,0,0,28,19,17,17,17,17,17,3,6,17,17,17,17,17,17,17,17,17,17,0,0,0,0,28,16,14,14,14,14,14,2,5,14,14,14,14,14,14,14,14,14,14,0,0,0,0,28,4,29,29,29,29,29,29,29,29,29,29,29,25,0,0,0,0,0,0,0,0,0,28,4,2,2,2,2,2,2,2,2,2,2,2,2,0,0,0,0,0,17,6,0,0,28,3,8,17,17,17,17,17,17,17,17,17,17,17,17,17,17,17,17,0,0,0,0,28,3,0,0,0,0,0,0,0,0,0,0,0,0,0,0,0,0,0,0,0,0,0,28,3,0,0,0,0,0,0,0,0,0,0,0,0,0,0,0,0,0,0,0,0,0,28,6,27,27,27,27,27,27,27,27,27,27,27,27,27,27,27,27,27,0,0,0,0,28,6,20,29,27,20,20,20,26,29,21,20,20,23,29,24,20,20,20,0,0,0,0,28,3,0,26,21,0,0,0,16,29,1,0,0,6,29,11,0,0,0,0,0,0,0,28,6,21,29,27,20,0,16,26,29,22,5,9,23,29,25,13,2,21,0,0,0,0,28,6,26,26,26,25,0,20,26,26,26,7,11,26,26,26,16,2,26,0,0,0,0,28,3,0,0,0,0,0,0,0,0,0,0,0,0,0,0,0,0,0
0,25,23,0,0,0,0,0,0,0,0,0,0,0,0,0,0,0,25,25,29,5,0,0,4,4,0,12,25,3,4,25,11,0,20,20,0,12,25,3,0,5,0,26,5,0,0,0,0,0,14,29,3,4,29,13,0,25,23,0,14,29,3,0,21,0,26,5,0,8,0,0,0,14,29,3,4,29,13,0,25,23,0,14,29,3,0,21,0,26,5,0,21,0,0,0,14,29,3,4,29,13,0,25,23,0,14,29,3,0,21,0,26,5,0,21,0,0,0,14,29,3,4,29,13,0,25,23,0,14,29,3,0,21,0,26,5,0,21,0,0,0,0,0,0,0,0,0,0,0,0,0,0,0,0,0,6,0,26,5,0,21,0,0,0,0,0,0,0,0,0,0,0,0,0,0,0,0,0,23,23,29,5,0,21,0,0,0,0,0,0,0,0,0,0,0,0,0,0,0,0,0,8,8,8,1,0,21,0,0,0,0,0,0,13,17,17,17,17,17,17,17,17,17,17,17,17,17,17,13,3,0,0,0,0,0,0,0,0,0,0,0,0,0,0,0,0,0,0,0,0,0,0,3,0,0,0,0,0,0,0,0,0,0,0,0,0,0,0,0,0,0,0,0,0,0,21,0,0,0,9,18,2,3,18,8,0,15,15,0,9,18,2,3,18,8,0,15,14,21,0,0,0,14,29,3,4,29,13,0,25,23,0,14,29,3,4,29,13,0,25,22,21,0,0,0,14,29,3,4,29,13,0,25,23,0,14,29,3,4,29,13,0,25,22,21,0,0,0,14,29,3,4,29,13,0,25,23,0,14,29,3,4,29,13,0,25,22,21,0,0,0,14,29,3,4,29,13,0,25,23,0,14,29,3,4,29,13,0,25,22,21,0,0,0,2,5,0,0,5,2,0,4,4,0,2,5,0,0,5,2,0,4,4,21,0,0,0,0,0,0,0,0,0,0,0,0,0,0,0,0,0,0,0,0,0,0,21,0,0,0,0,0,7,7,7,7,7,7,7,7,7,7,7,7,7,7,7,7,6,21,0,0,0,0,0,8,8,8,8,8,8,8,8,8,8,8,8,8,8,8,8,6,0,0,0,0,0,0,0,0,0,0,0,0,0,0,0,0,0,0,0,0,10,27,21,3,0,0,0,14,29,3,4,29,13,0,25,23,0,14,29,3,0,0,0,1,4,3
0,0,9,12,0,19,2,0,22,0,0,0,0,12,29,5,2,29,15,0,22,25,0,0,14,12,12,16,19,10,9,22,14,2,0,0,12,29,5,2,29,15,0,22,25,0,0,19,12,12,22,19,12,12,22,19,2,0,0,12,29,5,2,29,15,0,22,25,0,0,19,12,12,22,19,12,12,22,19,2,0,0,12,29,5,2,29,15,0,22,25,0,0,19,12,12,22,19,12,12,22,19,2,0,0,12,29,5,2,29,15,0,22,25,0,0,3,10,12,3,19,4,2,22,3,0,0,0,12,29,5,2,29,15,0,22,25,0,0,15,21,12,0,19,19,17,22,0,0,0,0,12,29,5,2,29,15,0,22,25,0,0,12,14,6,0,19,16,14,11,0,0,0,0,12,29,5,2,29,15,0,22,25,0,0,9,13,13,0,19,7,13,13,5,0,0,0,12,29,5,2,29,15,0,22,25,0,0,19,20,18,0,19,12,23,18,6,0,0,0,12,29,5,2,29,15,0,22,25,0,0,19,2,0,0,19,12,12,0,0,0,0,0,12,29,5,2,29,15,0,22,25,0,0,19,9,8,0,19,12,12,15,0,0,0,0,12,29,5,2,29,15,0,22,25,0,0,8,11,12,0,19,7,5,22,0,0,0,0,12,29,5,2,29,15,0,22,25,0,0,17,23,12,0,19,20,19,22,0,0,0,0,12,29,5,2,29,15,0,22,25,0,0,11,12,5,0,8,12,12,9,0,0,0,0,12,29,5,2,29,15,0,22,25,0,0,6,7,7,7,7,7,7,7,6,0,0,0,12,29,5,2,29,15,0,22,25,0,0,7,8,8,8,8,8,8,8,7,0,0,0,12,29,5,2,29,15,0,22,25,0,0,0,5,6,0,10,1,0,12,0,0,0,0,12,29,5,2,29,15,0,22,25,0,0,0,9,12,0,19,2,0,22,0,0,0,0,12,29,5,2,29,15,0,22,25,0,0,0,9,12,0,19,2,0,22,0,0,0,0,12,29,5,2,29,15,0,22,25,0,0,0,9,12,0,19,2,0,22,0,0,0,0,12,29,5,2,29,15,0,22,25,0,0,0,9,12,0,19,2,0,22,0,0,0,0,12,29,5,2,29,15,0,22,25,0,0,7,11,12,9,19,6,5,22,7,1,0,0,12,29,5,2,29,15,0,22,25,0
18,18,18,18,18,18,18,18,18,18,18,18,18,18,18,18,18,18,18,18,18,18,18,13,24,21,13,13,13,13,13,13,24,21,13,13,13,13,13,13,24,21,13,13,13,13,0,18,13,0,5,0,0,0,0,18,13,0,5,0,0,0,0,18,13,0,5,0,0,1,18,14,9,22,0,0,2,1,18,14,9,22,0,0,2,1,18,14,9,22,0,0,16,18,14,15,22,0,3,18,16,18,14,15,22,0,3,18,16,18,14,15,22,0,3,16,18,14,15,22,0,3,18,16,18,14,15,22,0,3,18,16,18,14,15,22,0,3,15,18,14,5,22,0,0,0,15,18,14,5,22,0,0,0,15,18,14,5,22,0,0,2,20,13,0,22,0,0,0,2,20,13,0,22,0,0,0,2,20,13,0,22,0,0,13,27,13,0,0,0,0,0,13,27,13,0,0,0,0,0,13,27,13,0,0,0,0,8,8,8,8,8,8,8,8,8,8,8,8,8,8,8,8,8,8,8,8,8,8,8,7,7,7,7,7,7,7,7,7,7,7,7,7,7,7,7,7,7,7,7,7,7,7,0,0,0,0,0,3,20,20,20,20,20,20,12,2,20,20,20,19,0,16,20,20,20,0,0,0,0,0,4,27,27,27,28,29,28,16,2,27,29,29,26,0,21,29,29,28,0,0,0,0,0,5,3,0,8,6,29,11,0,5,3,26,21,5,3,0,16,29,1,0,17,22,22,10,13,8,0,22,6,29,11,0,13,8,26,21,13,8,0,16,29,1,0,7,15,25,4,13,8,0,22,6,29,11,0,13,8,26,21,13,8,0,16,29,1,0,0,8,23,0,1,10,10,10,15,29,18,10,10,10,28,24,10,10,10,21,29,12,0,0,8,23,0,4,29,29,29,29,29,29,29,29,29,29,29,29,29,29,29,29,29,0,0,8,23,0,1,7,7,7,7,7,7,7,7,7,7,7,7,7,7,7,7,7,0,0,8,23,0,0,0,0,0,0,0,0,0,0,0,0,0,0,0,0,0,0,0,17,11,8,23,0,0,15,17,17,17,17,17,17,17,17,17,17,17,17,17,17,17,17,8,8,15,25,8,8,0,7,8,8,8,8,8,8,2,0,0,0,0,0,0,0,0,19,19,19,19,19,19,0,16,19,19,19,19,19,19,5,0,0,0,0,0,0,0,0
6,8,24,13,8,3,8,18,12,18,0,8,11,18,22,0,6,8,24,13,8,3,8,0,0,22,13,8,0,0,13,12,18,0,0,3,18,22,0,0,0,22,13,8,0,0,3,18,22,13,8,0,22,13,12,18,0,13,12,18,22,0,3,18,22,13,8,0,22,3,18,2,13,8,0,22,1,4,18,0,13,9,1,22,0,3,18,2,13,8,0,22,3,29,29,29,8,0,23,29,29,18,0,13,29,29,28,0,3,29,29,29,8,0,23,0,2,2,2,0,0,2,2,2,1,0,1,2,2,2,0,0,2,2,2,0,0,2,17,17,17,17,17,17,17,17,17,17,17,17,17,17,17,17,17,17,17,17,17,17,17,0,0,0,0,0,0,0,0,0,0,0,0,0,0,0,0,0,0,0,0,0,0,0,3,15,0,11,7,0,19,0,3,15,0,11,7,0,19,0,3,15,0,11,7,0,19,3,18,0,13,8,0,22,0,3,18,0,13,8,0,22,0,3,18,0,13,8,0,22,3,18,0,13,8,0,22,0,3,18,0,13,8,0,22,0,3,18,0,13,8,0,22,3,18,0,13,8,0,22,0,3,18,0,13,8,0,22,0,3,18,0,13,8,0,22,3,18,0,13,8,0,22,0,3,18,0,13,8,0,22,0,3,18,0,13,8,0,22,3,20,3,16,8,0,23,3,7,18,0,13,11,3,23,0,3,20,3,16,8,0,23,3,29,28,29,8,0,23,28,29,18,0,13,29,28,28,0,3,29,28,29,8,0,23,5,18,3,13,9,3,22,2,5,18,3,13,9,3,22,2,5,18,3,13,9,3,22,12,18,22,13,12,18,22,13,12,18,22,13,12,18,22,13,12,18,22,13,12,18,22,12,18,22,13,12,18,22,13,12,18,22,13,12,18,22,13,12,18,22,13,12,18,22,11,10,22,7,9,18,13,13,11,10,22,7,9,18,13,13,11,10,22,7,9,18,13,8,0,22,0,4,18,1,13,8,0,22,0,3,18,1,13,9,1,22,0,3,18,0,8,0,22,13,12,18,22,13,8,0,22,0,3,18,22,13,12,18,22,0,3,18,0,8,0,22,13,12,18,22,13,8,0,22,0,3,18,22,13,12,18,22,0,3,18,0,8,0,22,13,12,18,22,13,8,0,22,0,3,18,22,13,12,18,22,0,3,18,0
8,8,8,8,8,8,8,8,8,8,8,8,8,8,8,8,8,8,8,8,8,8,8,27,27,27,27,27,27,27,27,27,27,27,27,27,22,0,0,0,0,0,0,0,0,0,4,4,29,8,4,4,4,4,4,4,4,4,4,3,0,0,0,0,0,0,0,0,8,0,1,28,5,2,9,0,0,3,15,9,1,0,0,7,13,8,0,0,7,4,0,16,8,15,28,14,9,18,0,0,3,18,22,10,5,0,16,13,8,0,0,13,8,0,16,9,15,28,14,9,18,0,0,3,18,22,10,5,0,16,13,8,0,0,13,8,0,16,7,15,28,14,9,15,0,0,3,18,22,10,5,0,16,13,8,0,0,13,8,0,16,0,1,28,5,0,0,0,0,3,18,22,10,5,0,16,13,8,0,0,13,8,0,16,13,13,29,16,13,8,0,0,0,4,5,2,1,0,4,3,2,0,0,13,8,0,16,18,18,18,18,18,12,0,0,0,0,0,0,0,0,0,0,0,0,0,13,8,0,16,17,17,17,17,17,17,17,17,17,17,17,17,17,17,17,17,17,17,0,13,8,0,16,0,0,0,0,0,0,0,0,0,0,0,0,0,0,0,0,0,0,0,13,8,0,16,0,0,0,0,0,0,0,0,0,0,0,0,0,0,0,0,0,0,0,13,8,0,16,27,27,27,27,27,27,27,27,27,27,27,27,27,27,16,0,0,0,0,13,8,0,16,20,29,27,20,20,20,26,29,21,20,20,23,29,24,12,0,0,0,0,13,8,0,16,5,26,21,0,2,12,16,29,4,12,0,6,29,11,0,0,0,0,0,13,8,0,16,8,26,21,0,3,18,16,29,5,18,0,6,29,11,0,0,0,0,0,13,8,0,16,6,26,21,0,2,13,16,29,4,13,0,6,29,11,0,0,0,0,0,13,8,0,16,17,28,26,16,0,13,24,29,18,4,7,20,29,22,10,0,0,0,0,13,8,0,16,29,29,29,27,0,22,29,29,29,7,12,29,29,29,17,0,0,0,0,13,8,0,16,0,0,0,0,0,0,0,0,0,0,0,0,0,0,0,0,0,0,0,13,8,0,16,17,17,17,17,17,17,17,17,17,17,17,17,17,17,17,17,17,17,0,13,8,0,16,0,0,0,1,1,1,1,1,1,1,1,1,1,1,1,0,0,0,0,13,8,0,16
0,0,0,0,0,0,0,0,0,0,0,0,0,0,0,0,0,0,0,0,0,0,0,0,0,0,0,0,0,0,0,0,0,0,0,0,0,0,0,0,0,0,0,0,0,0,8,8,8,8,8,8,8,8,8,8,8,8,8,8,8,8,8,8,8,8,8,8,8,7,7,7,7,7,7,7,7,7,7,7,7,7,7,7,7,7,7,7,7,7,7,7,0,2,10,0,7,5,0,13,0,2,10,0,7,5,0,13,0,2,10,0,7,5,0,0,3,18,0,13,8,0,22,0,3,18,0,13,8,0,22,0,3,18,0,13,8,0,0,3,18,0,13,8,0,22,0,3,18,0,13,8,0,22,0,3,18,0,13,8,0,0,3,18,0,13,8,0,22,0,3,18,0,13,8,0,22,0,3,18,0,13,8,0,0,3,18,0,13,8,0,22,0,3,18,0,13,8,0,22,0,3,18,0,13,8,0,6,7,18,9,13,10,8,22,6,7,18,9,13,10,8,22,6,7,18,9,13,10,8,13,12,18,22,13,12,18,22,13,12,18,22,13,12,18,22,13,12,18,22,13,12,18,13,12,18,22,13,12,18,22,13,12,18,22,13,12,18,22,13,12,18,22,13,12,18,13,12,18,22,13,12,18,22,13,12,18,22,13,12,18,22,13,12,18,22,13,12,18,6,8,18,10,13,10,8,22,6,8,18,10,13,10,8,22,6,8,18,10,13,10,8,0,3,22,8,18,8,0,23,8,11,18,0,13,15,8,24,0,3,22,8,18,8,0,0,3,23,23,26,8,0,19,23,24,18,0,11,23,23,27,0,3,23,23,26,8,0,0,3,4,4,13,8,1,4,4,5,18,0,4,4,3,22,0,3,4,4,13,8,1,0,19,27,28,13,8,10,27,28,12,18,0,27,28,18,22,0,19,27,28,13,8,10,0,0,0,22,13,8,0,0,13,12,18,0,0,3,18,22,0,0,0,22,13,8,0,0,1,6,22,13,8,0,8,13,12,18,0,5,7,18,22,0,1,6,22,13,8,0,0,1,6,7,4,2,0,7,4,4,6,0,4,4,6,7,0,1,6,7,4,2,0,0,0,0,0,0,0,0,0,0,0,0,0,0,0,0,0,0,0,0,0,0,0,0,0,0,0,0,0,0,0,0,0,0,0,0,0,0,0,0,0,0,0,0,0,0,0
0,0,0,0,16,29,1,6,29,11,0,26,21,0,0,0,8,29,29,29,29,29,29,0,0,0,0,16,29,1,6,29,11,0,26,21,0,0,0,8,25,6,6,6,6,6,0,0,0,0,16,29,1,6,29,11,0,26,21,0,0,0,8,23,0,0,0,0,0,4,0,0,0,16,29,1,6,29,11,0,26,21,0,0,0,8,23,8,17,17,17,17,8,0,0,0,16,29,1,6,29,11,0,26,21,0,0,0,8,23,0,7,9,9,9,8,0,0,0,16,29,1,6,29,11,0,26,21,0,0,0,8,23,0,21,29,29,29,8,0,0,0,16,29,1,6,29,11,0,26,21,0,0,0,8,23,0,6,8,8,8,3,0,0,0,16,29,1,6,29,11,0,26,21,0,0,0,8,24,3,3,3,1,0,0,0,0,0,16,29,1,6,29,11,0,26,21,0,0,0,8,28,28,28,28,12,0,0,0,0,0,16,29,1,0,1,0,0,1,1,0,0,0,0,0,0,0,0,0,0,0,0,0,0,16,29,1,0,0,0,0,0,0,0,0,0,0,0,0,4,5,5,5,0,0,0,0,3,5,0,0,0,0,0,0,0,0,0,0,0,0,0,21,29,29,29,0,0,0,0,0,0,0,0,0,0,0,0,0,0,0,0,0,0,0,9,12,12,12,0,0,0,0,0,0,3,7,7,7,7,7,7,2,0,1,7,7,7,7,7,7,7,0,0,0,0,0,0,4,8,8,8,8,8,8,3,0,1,8,8,8,8,8,8,8,0,0,0,0,0,0,0,0,0,0,0,0,0,0,0,0,27,27,27,27,27,27,27,0,26,21,0,16,29,1,6,29,11,0,26,21,0,0,0,28,8,4,4,4,4,4,0,26,21,0,16,29,1,6,29,11,0,26,21,0,0,0,28,5,15,15,15,14,0,0,26,21,0,16,29,1,6,29,11,0,26,21,0,0,0,28,6,29,29,29,27,0,0,26,21,0,16,29,1,6,29,11,0,26,21,0,0,0,28,4,2,27,22,2,0,0,26,21,0,16,29,1,6,29,11,0,26,21,0,0,0,28,4,9,27,24,9,9,0,26,21,0,16,29,1,6,29,11,0,26,21,0,0,0,28,6,29,29,29,29,29,0,10,8,0,6,11,0,2,11,4,0,10,8,0,0,0,28,4,8,8,8,8,8
8,0,22,12,9,0,22,0,2,19,22,0,2,19,22,0,2,19,0,12,12,19,0,8,0,22,12,11,7,22,4,6,19,22,0,2,19,22,4,6,19,8,12,12,19,0,8,0,22,12,12,19,22,12,12,19,22,0,2,19,22,12,12,19,22,12,12,19,0,8,0,22,12,12,19,22,12,12,19,22,0,2,19,22,12,12,19,22,12,12,19,0,8,0,22,12,12,19,22,12,12,19,22,0,2,19,22,12,12,19,22,12,12,19,0,6,0,16,12,12,13,22,9,9,19,16,0,2,13,22,9,9,19,16,12,12,13,0,0,3,0,12,10,0,3,0,3,19,0,2,1,0,22,0,0,3,0,12,10,0,3,11,19,22,12,12,19,3,12,12,19,22,12,12,19,22,12,10,3,22,12,12,19,22,11,19,22,12,12,19,22,12,12,19,22,12,12,19,22,12,12,19,22,12,12,19,22,6,19,8,12,11,7,22,4,6,19,8,12,11,7,22,4,6,19,8,12,11,7,22,7,19,10,12,9,0,22,0,2,19,10,12,11,9,22,0,2,19,0,12,11,9,22,11,19,22,12,10,1,22,0,3,19,22,12,12,19,22,0,3,19,1,12,12,19,22,11,19,22,12,12,19,22,12,12,19,22,12,12,19,22,12,12,19,22,12,12,19,22,9,19,17,12,12,19,22,12,12,19,17,12,12,15,22,12,12,19,22,12,12,15,22,2,19,0,12,12,19,22,12,12,19,0,12,9,0,22,12,12,19,22,12,9,0,22,2,19,0,12,9,0,22,0,2,19,0,12,9,0,22,0,2,19,0,12,9,0,22,2,19,0,12,9,0,22,0,2,19,0,12,9,0,22,0,2,19,0,12,9,0,22,0,0,0,12,9,0,0,0,2,19,0,0,0,0,22,0,0,0,0,12,9,0,0,10,16,19,27,11,11,3,7,8,28,25,10,10,25,29,7,6,3,13,12,27,17,19,11,19,22,6,5,19,22,12,10,6,24,12,12,22,6,12,12,19,22,3,9,19,22,11,19,22,0,2,19,22,12,9,0,22,12,12,19,0,12,12,19,22,0,2,19,22,11,19,22,0,1,11,22,7,5,0,22,12,12,19,0,7,9,19,13,0,2,19,22,8,0,22,0,0,0,22,0,0,0,22,0,2,19,0,0,2,19,0,0,2,19,0
0,1,25,25,25,9,0,19,25,25,18,0,10,25,25,25,0,1,25,25,25,9,0,0,1,23,9,16,10,0,21,9,9,20,0,11,15,9,23,0,1,23,9,16,10,0,0,1,20,21,12,10,0,21,12,12,20,0,11,12,20,21,0,1,20,21,12,10,0,0,0,5,21,12,10,0,5,12,12,20,0,3,4,20,21,0,0,5,21,12,10,0,0,1,1,22,12,10,0,1,13,12,20,0,1,3,20,21,0,1,1,22,12,10,0,0,18,29,29,12,10,8,29,29,12,20,0,28,29,20,21,0,18,29,29,12,10,0,0,0,0,0,12,10,0,0,0,2,20,0,0,0,0,21,0,0,0,0,12,10,0,0,1,27,27,28,10,0,20,27,28,20,0,11,27,27,29,0,1,27,27,28,10,0,0,1,22,4,14,10,0,21,5,6,20,0,11,14,4,23,0,1,22,4,14,10,0,7,8,20,13,12,12,12,21,8,8,20,13,12,12,12,21,8,8,20,13,12,12,7,11,12,20,21,12,12,20,21,12,12,20,21,12,12,20,21,12,12,20,21,12,12,12,11,12,20,21,12,12,20,21,12,12,20,21,12,12,20,21,12,12,20,21,12,12,12,11,12,20,21,12,12,20,21,12,12,20,21,12,12,20,21,12,12,20,21,12,12,12,3,5,20,6,12,11,6,21,4,5,20,6,12,11,6,21,4,5,20,6,12,11,3,0,1,20,0,11,10,0,21,0,1,20,0,11,10,0,21,0,1,20,0,11,10,0,0,1,20,0,11,10,0,21,0,1,20,0,11,10,0,21,0,1,20,0,11,10,0,0,1,20,0,11,10,0,21,0,1,20,0,11,10,0,21,0,1,20,0,11,10,0,0,1,20,0,11,10,0,21,0,1,20,0,11,10,0,21,0,1,20,0,11,10,0,0,0,9,0,5,4,0,9,0,0,9,0,5,4,0,9,0,0,9,0,5,4,0,1,11,11,11,11,11,11,11,11,11,11,11,11,11,11,11,11,11,11,11,11,11,5,0,4,4,4,4,4,4,4,4,4,4,4,4,4,4,4,4,4,4,4,4,4,2,0,1,15,15,15,5,0,11,15,15,11,0,6,15,15,15,0,1,15,15,15,5,0,0,1,23,17,20,9,0,19,17,17,18,0,10,20,17,24,0,1,23,17,20,9,0
0,0,0,22,0,3,18,0,0,0,0,0,0,0,0,0,0,3,18,0,13,8,0,0,0,0,22,0,3,18,0,14,17,17,17,17,17,17,17,6,3,18,0,13,8,0,0,0,0,22,0,3,18,0,0,0,0,0,0,0,0,0,0,3,18,0,13,8,0,0,0,0,22,0,3,20,17,17,17,17,17,17,17,17,17,17,4,18,0,13,8,0,0,0,0,22,2,17,17,20,17,0,0,0,0,1,0,0,0,3,18,0,13,8,14,0,0,0,22,0,1,6,22,0,0,0,0,0,22,0,0,0,3,18,0,13,8,0,0,0,0,22,0,3,18,22,0,0,0,0,0,22,0,0,0,3,18,0,13,8,0,0,0,0,22,0,3,18,22,0,0,0,0,0,14,0,0,0,3,18,0,13,8,0,0,0,0,22,0,6,6,24,5,5,5,5,5,5,5,5,5,9,18,0,13,8,4,0,0,0,23,5,14,14,14,14,14,12,10,10,10,10,10,10,10,6,0,13,11,13,0,0,0,10,12,12,12,12,12,12,4,0,0,0,0,0,0,0,0,0,6,12,12,7,7,7,7,7,7,7,7,7,7,7,7,7,7,7,7,7,7,7,7,7,7,7,8,8,8,8,8,8,8,8,8,8,8,8,8,8,8,8,8,8,8,8,8,8,8,0,0,0,0,0,0,0,9,19,19,19,19,19,19,5,8,19,19,19,11,1,19,19,0,0,0,0,0,0,0,14,28,28,28,29,29,29,7,12,29,29,29,17,2,28,29,0,0,0,0,0,0,0,7,0,1,6,16,29,1,0,7,6,29,11,7,0,0,26,0,0,2,21,21,21,5,22,0,3,18,16,29,1,0,22,6,29,11,22,0,0,26,0,0,1,10,23,19,2,22,0,3,18,16,29,1,0,22,6,29,11,22,0,0,26,0,0,0,0,18,13,0,5,9,10,10,21,29,11,9,10,14,29,17,10,9,9,27,0,0,0,0,18,13,0,14,29,29,29,29,29,29,29,29,29,29,29,29,29,29,29,0,0,0,0,18,13,0,4,8,8,8,8,8,8,8,8,8,8,8,8,8,8,8,0,0,0,0,18,13,0,0,0,0,0,0,0,0,0,0,0,0,0,0,0,0,0,17,17,17,5,18,13,0,4,17,17,17,17,17,17,17,17,17,17,17,17,17,17,17
0,16,5,0,22,0,6,15,0,16,5,0,22,0,6,15,0,16,5,0,22,0,4,0,16,5,0,22,0,6,15,0,16,5,0,22,0,6,15,0,16,5,0,22,0,4,0,16,25,23,25,0,6,27,23,27,5,0,26,23,25,15,0,16,25,23,25,0,4,0,16,13,8,23,0,6,20,8,20,5,0,24,8,13,15,0,16,13,8,23,0,4,19,16,11,13,22,14,11,15,19,16,11,13,22,14,11,15,19,16,11,13,22,14,9,22,16,12,15,22,16,12,15,22,16,12,15,22,16,12,15,22,16,12,15,22,16,10,22,15,12,15,20,16,12,14,22,15,12,15,20,16,12,14,22,15,12,15,20,16,10,22,0,6,15,0,16,5,0,22,0,6,15,0,16,5,0,22,0,6,15,0,16,5,22,0,6,15,16,16,11,11,22,0,6,15,0,16,11,11,22,12,11,15,0,16,5,22,0,6,15,22,16,12,15,22,0,6,15,0,16,12,15,22,16,12,15,0,16,5,22,0,6,15,22,16,12,15,22,0,6,15,0,16,12,15,22,16,12,15,0,16,5,6,0,6,15,22,16,12,15,22,0,2,4,0,16,12,15,22,16,12,15,0,5,1,0,0,6,15,22,16,12,15,22,0,0,0,0,16,12,15,22,16,12,15,0,0,0,0,0,0,2,22,2,7,15,3,0,0,0,0,2,7,15,3,16,6,2,0,0,0,0,0,0,0,22,0,6,15,0,0,0,0,0,0,6,15,0,16,5,0,0,0,0,7,0,2,5,22,5,8,15,7,0,2,5,0,5,8,15,7,16,8,5,0,5,1,22,0,6,15,22,16,12,15,22,0,6,15,0,16,12,15,22,16,12,15,0,16,5,22,0,6,15,22,16,12,15,22,0,6,15,0,16,12,15,22,16,12,15,0,16,5,22,0,6,15,0,16,6,0,22,0,6,15,0,16,6,0,22,0,7,15,0,16,5,22,0,0,1,18,1,6,12,2,0,6,15,0,1,6,12,2,13,5,1,0,16,5,22,0,0,0,22,0,6,15,0,0,6,15,0,0,6,15,0,16,5,0,0,16,5,22,9,3,0,22,15,12,15,0,9,10,15,13,0,6,15,21,16,5,0,13,16,8,22,16,5,0,22,16,12,15,0,16,12,15,22,0,6,15,22,16,5,0,22,16,10
19,0,0,0,22,0,0,0,19,0,6,13,0,0,6,15,0,0,6,13,0,14,5,0,16,5,0,22,0,6,15,0,16,5,0,22,0,6,15,0,16,5,0,22,0,4,22,16,5,0,22,0,6,15,22,16,12,15,22,0,6,15,0,16,12,15,22,16,10,22,16,5,0,22,0,6,15,22,16,12,15,22,0,6,15,0,16,12,15,22,16,10,22,6,2,0,8,0,2,5,22,6,9,15,8,0,2,5,0,6,9,15,8,16,7,22,0,0,0,0,0,0,0,22,0,6,15,0,0,0,0,0,0,6,15,0,16,5,22,1,0,0,0,0,0,1,22,1,7,15,1,0,0,0,0,1,7,15,1,16,6,22,16,5,0,0,0,6,15,22,16,12,15,22,0,0,0,0,16,12,15,22,16,10,22,16,5,0,5,0,6,15,22,16,12,15,22,0,1,3,0,16,12,15,22,16,10,22,16,5,0,22,0,6,15,22,16,12,15,22,0,6,15,0,16,12,15,22,16,10,22,16,5,0,22,0,6,15,22,16,12,15,22,0,6,15,0,16,12,15,22,16,10,17,16,5,0,22,0,6,15,17,16,11,12,22,0,6,15,0,16,11,12,22,13,9,0,16,5,0,22,0,6,15,0,16,5,0,22,0,6,15,0,16,5,0,22,0,4,19,16,12,13,22,14,12,15,19,16,12,13,22,14,12,15,19,16,12,13,22,14,10,22,16,12,15,22,16,12,15,22,16,12,15,22,16,12,15,22,16,12,15,22,16,10,22,14,12,15,19,16,12,13,22,14,12,15,19,16,12,13,22,14,12,15,19,16,10,24,7,13,15,0,16,12,7,23,0,6,19,7,20,5,0,24,7,13,15,0,16,11,26,25,26,15,0,16,25,25,25,0,6,27,25,27,5,0,26,25,26,15,0,16,24,22,0,6,15,0,16,5,0,22,0,6,15,0,16,5,0,22,0,6,15,0,16,5,22,0,6,15,0,16,5,0,22,0,6,15,0,16,5,0,22,0,6,15,0,16,5,22,0,6,15,0,16,5,0,22,0,6,15,0,16,5,0,22,0,6,15,0,16,5,22,0,6,15,0,16,5,0,22,0,6,15,0,16,5,0,22,0,6,15,0,16,5,22,0,6,15,0,16,5,0,22,0,6,15,0,16,5,0,22,0,6,15,0,16,5
4,19,22,12,10,4,23,12,12,20,4,12,12,19,22,2,7,19,22,12,12,3,22,10,13,5,8,9,29,27,11,11,27,29,8,7,4,15,12,28,18,20,12,28,19,15,8,0,0,0,2,19,0,0,0,0,22,0,0,0,0,12,9,0,0,0,2,19,0,8,0,19,0,2,19,0,11,8,0,22,0,2,17,0,12,9,0,19,0,2,19,0,8,0,22,0,2,19,0,12,9,0,22,0,2,19,0,12,9,0,22,0,2,19,0,11,18,22,12,12,19,0,12,9,0,22,12,12,19,21,12,9,0,22,0,2,19,21,11,19,22,12,12,19,16,12,12,13,22,12,12,19,22,12,12,13,22,9,9,19,22,11,19,22,12,12,19,22,12,12,19,22,12,12,19,22,12,12,19,22,12,12,19,22,9,3,22,2,4,19,22,12,12,19,22,2,4,19,3,12,12,19,22,12,12,19,3,8,0,22,0,2,19,12,12,11,10,22,0,2,19,0,12,11,10,22,6,8,19,0,9,5,22,3,5,19,6,12,10,5,22,3,5,19,6,12,10,5,22,3,5,19,6,11,19,22,12,12,19,22,12,12,19,22,12,12,19,22,12,12,19,22,12,12,19,22,11,19,5,12,12,19,22,12,12,19,22,12,10,4,22,12,12,19,22,12,12,19,22,9,1,2,1,3,19,2,3,2,1,22,1,1,1,2,12,10,1,5,1,3,19,2,10,12,22,8,9,19,14,0,1,12,22,8,9,19,14,12,11,12,0,8,9,19,14,11,19,22,12,12,19,22,0,2,19,22,12,12,19,22,12,12,19,0,12,12,19,22,11,19,22,12,12,19,22,0,2,19,22,12,12,19,22,12,12,19,0,12,12,19,22,11,19,22,12,12,19,22,0,2,19,22,12,12,19,22,12,12,19,0,12,12,19,22,10,9,22,6,7,19,22,0,2,19,22,6,7,19,10,12,12,19,0,12,12,19,10,8,0,22,0,2,19,22,0,2,19,22,0,2,19,0,12,12,19,0,12,12,19,0,4,0,11,0,1,9,22,0,2,19,10,0,1,9,0,6,7,19,0,12,11,9,0,0,0,0,0,0,2,23,0,2,20,2,0,0,0,0,0,5,19,0,12,11,1,0,0,0,0,0,0,23,29,0,2,29,21,0,0,0,0,3,29,19,0,12,29,11,0
0,6,29,7,0,29,17,0,20,27,0,10,29,7,0,29,17,0,20,27,0,0,0,0,6,29,7,0,29,17,0,0,0,0,0,0,0,0,0,0,0,0,0,0,0,0,0,6,29,7,0,29,17,0,0,0,0,0,0,0,0,0,0,0,0,0,0,0,0,0,6,29,7,0,29,17,0,0,0,0,0,0,0,0,0,0,0,0,0,0,0,0,0,6,29,7,0,29,17,0,0,0,0,16,17,17,17,17,17,17,17,17,17,3,0,0,1,7,2,0,29,17,0,0,0,0,0,0,0,0,0,0,0,0,0,0,0,0,0,1,4,1,0,29,17,0,0,0,0,0,0,0,0,0,0,0,0,0,0,0,0,0,6,29,7,0,29,17,0,13,17,0,6,18,5,0,18,11,0,13,17,0,0,0,0,6,29,7,0,29,17,0,20,27,0,10,29,7,0,29,17,0,20,27,0,0,0,0,6,29,7,0,29,17,0,20,27,0,10,29,7,0,29,17,0,20,27,0,0,0,0,6,29,7,0,29,17,0,20,27,0,10,29,7,0,29,17,0,20,27,0,0,0,0,6,29,7,0,29,17,0,20,27,0,10,29,7,0,29,17,0,20,27,0,0,0,0,6,29,7,0,29,17,0,4,5,0,2,5,1,0,5,3,0,4,5,0,0,0,0,6,29,7,0,29,17,0,0,0,0,0,0,0,0,0,0,0,0,0,0,0,0,0,6,29,7,0,29,17,0,0,0,0,7,7,7,7,7,7,7,7,7,7,1,0,0,6,29,7,0,29,17,0,0,0,0,8,8,8,8,8,8,8,8,8,8,2,0,0,6,29,7,0,29,17,0,0,0,0,0,0,0,0,0,0,0,0,0,0,0,0,0,6,29,7,0,29,17,0,20,27,0,10,29,7,0,29,17,0,20,27,0,0,0,0,6,29,7,0,29,17,0,20,27,0,10,29,7,0,29,17,0,20,27,0,0,0,0,6,29,7,0,29,17,0,20,27,0,10,29,7,0,29,17,0,20,27,0,0,0,0,6,29,7,0,29,17,0,20,27,0,10,29,7,0,29,17,0,20,27,0,0,0,0,6,29,7,0,29,17,0,20,27,0,10,29,7,0,29,17,0,20,27,0,0,0,0,6,29,7,0,25,15,0,20,27,0,10,29,7,0,29,17,0,20,27,0,0,0
0,1,20,9,12,10,0,21,6,6,20,0,11,11,9,21,0,1,20,9,12,10,0,0,1,26,19,23,10,0,21,20,20,20,0,11,23,19,27,0,1,26,19,23,10,0,0,0,12,12,12,4,0,9,12,12,9,0,5,12,12,12,0,0,12,12,12,4,0,0,7,7,7,7,7,7,7,7,7,7,7,7,7,7,7,7,7,7,7,7,7,3,0,8,8,8,8,8,8,8,8,8,8,8,8,8,8,8,8,8,8,8,8,8,3,0,1,11,0,6,5,0,11,0,1,11,0,6,5,0,11,0,1,11,0,6,5,0,0,1,20,0,11,10,0,21,0,1,20,0,11,10,0,21,0,1,20,0,11,10,0,0,1,20,0,11,10,0,21,0,1,20,0,11,10,0,21,0,1,20,0,11,10,0,0,1,20,0,11,10,0,21,0,1,20,0,11,10,0,21,0,1,20,0,11,10,0,0,1,20,0,11,10,0,21,0,1,20,0,11,10,0,21,0,1,20,0,11,10,0,4,6,20,8,12,11,8,21,5,6,20,8,12,11,8,21,5,6,20,8,12,11,5,11,12,20,21,12,12,20,21,12,12,20,21,12,12,20,21,12,12,20,21,12,12,12,11,12,20,21,12,12,20,21,12,12,20,21,12,12,20,21,12,12,20,21,12,12,12,11,12,20,21,12,12,20,21,12,12,20,21,12,12,20,21,12,12,20,21,12,12,12,5,7,20,10,12,11,10,21,6,7,20,10,12,11,10,21,6,7,20,10,12,11,6,0,1,23,7,16,10,0,21,8,9,20,0,11,16,7,24,0,1,23,7,16,10,0,0,1,25,25,26,10,0,18,25,25,20,0,9,25,25,28,0,1,25,25,26,10,0,0,2,3,3,12,10,1,3,3,3,20,0,3,3,2,21,0,2,3,3,12,10,0,0,18,28,29,12,10,8,28,29,12,20,0,28,29,20,21,0,18,28,29,12,10,0,0,0,0,21,12,10,0,0,11,12,20,0,0,1,20,21,0,0,0,21,12,10,0,0,0,6,21,12,10,0,7,12,12,20,0,3,5,20,21,0,0,6,21,12,10,0,0,1,20,21,12,10,0,21,12,12,20,0,11,12,20,21,0,1,20,21,12,10,0,0,1,23,10,18,10,0,21,11,11,20,0,11,17,10,24,0,1,23,10,18,10,0
0,1,15,15,15,5,0,11,15,15,11,0,6,15,15,15,0,1,15,15,15,5,0,0,0,6,6,6,2,0,5,6,6,4,0,2,6,6,6,0,0,6,6,6,2,0,1,13,13,13,13,13,13,13,13,13,13,13,13,13,13,13,13,13,13,13,13,13,6,0,2,2,2,2,2,2,2,2,2,2,2,2,2,2,2,2,2,2,2,2,2,1,0,1,14,0,8,8,0,15,0,1,15,0,8,7,0,16,0,1,14,0,8,8,0,0,1,20,0,11,10,0,21,0,1,20,0,11,10,0,21,0,1,20,0,11,10,0,0,1,20,0,11,10,0,21,0,1,20,0,11,10,0,21,0,1,20,0,11,10,0,0,1,20,0,11,10,0,21,0,1,20,0,11,10,0,21,0,1,20,0,11,10,0,0,1,20,0,11,10,0,21,0,1,20,0,11,10,0,21,0,1,20,0,11,10,0,7,8,20,13,12,12,12,21,8,8,20,13,12,12,12,21,8,8,20,13,12,12,7,11,12,20,21,12,12,20,21,12,12,20,21,12,12,20,21,12,12,20,21,12,12,12,11,12,20,21,12,12,20,21,12,12,20,21,12,12,20,21,12,12,20,21,12,12,12,11,12,20,21,12,12,20,21,12,12,20,21,12,12,20,21,12,12,20,21,12,12,12,3,5,20,6,12,11,6,21,4,5,20,6,12,11,6,21,4,5,20,6,12,11,3,0,1,25,13,20,10,0,21,14,15,20,0,11,19,13,25,0,1,25,13,20,10,0,0,1,26,18,18,6,0,21,19,18,13,0,11,23,18,18,0,1,26,18,18,6,0,0,1,20,7,9,9,0,21,4,9,9,2,11,11,9,9,6,1,20,7,9,9,0,0,1,20,21,23,22,0,21,12,25,22,6,11,12,27,22,14,1,20,21,23,22,0,0,1,20,21,0,0,0,21,12,10,0,0,11,12,20,0,0,1,20,21,0,0,0,0,1,20,21,7,5,0,21,12,12,11,0,11,12,20,11,0,1,20,21,7,5,0,0,1,20,12,12,10,0,21,7,8,20,0,11,12,11,21,0,1,20,12,12,10,0,0,1,25,15,21,10,0,21,16,16,20,0,11,21,15,26,0,1,25,15,21,10,0,0,1,17,17,17,6,0,12,17,17,11,0,6,17,17,17,0,1,17,17,17,6,0
8,22,0,3,18,9,13,8,0,0,0,3,18,9,13,8,0,22,6,7,18,0,13,19,26,0,3,26,19,24,8,0,0,0,3,26,19,24,8,0,23,19,21,18,0,13,12,12,0,1,12,12,12,3,0,0,0,1,12,12,12,3,0,10,12,12,8,0,6,7,7,7,7,7,7,7,7,2,0,1,7,7,7,7,7,7,7,7,7,7,7,7,8,8,8,8,8,8,8,8,3,0,1,8,8,8,8,8,8,8,8,8,8,8,8,0,12,0,2,10,0,7,4,0,0,0,2,10,0,7,4,0,12,0,2,10,0,7,0,22,0,3,18,0,13,8,0,0,0,3,18,0,13,8,0,22,0,3,18,0,13,0,22,0,3,18,0,13,8,0,0,0,3,18,0,13,8,0,22,0,3,18,0,13,0,22,0,3,18,0,13,8,0,0,0,3,18,0,13,8,0,22,0,3,18,0,13,0,22,0,3,18,0,13,8,0,0,0,3,18,0,13,8,0,22,0,3,18,0,13,7,22,5,7,18,9,13,10,7,0,5,7,18,9,13,10,7,22,5,7,18,9,13,18,22,13,12,18,22,13,12,18,0,13,12,18,22,13,12,18,22,13,12,18,22,13,18,22,13,12,18,22,13,12,18,0,13,12,18,22,13,12,18,22,13,12,18,22,13,18,22,13,12,18,22,13,12,18,0,13,12,18,22,13,12,18,22,13,12,18,22,13,9,22,6,8,18,11,13,10,9,0,6,8,18,11,13,10,9,22,6,8,18,11,13,7,24,0,3,21,7,18,8,0,0,0,3,21,7,18,8,0,23,7,10,18,0,13,25,27,0,3,25,25,27,8,0,0,0,3,25,25,27,8,0,20,25,25,18,0,11,2,22,0,2,3,3,13,8,0,0,0,2,3,3,13,8,1,3,3,5,18,0,3,18,22,0,20,28,28,13,8,0,0,0,20,28,28,13,8,10,28,29,12,18,0,28,18,22,0,0,0,22,13,8,0,0,0,0,0,22,13,8,0,0,13,12,18,0,0,18,22,0,1,6,22,13,8,0,0,0,1,6,22,13,8,0,7,13,12,18,0,4,18,22,0,3,18,22,13,8,0,0,0,3,18,22,13,8,0,22,13,12,18,0,13,10,25,0,3,22,10,19,8,0,0,0,3,22,10,19,8,0,23,10,12,18,0,13
0,0,0,0,0,0,0,0,0,0,0,0,0,0,0,0,0,0,0,0,0,0,0,0,0,0,0,0,0,0,0,0,0,0,0,0,0,0,0,0,0,0,0,0,0,0,3,18,0,3,15,4,11,7,0,0,0,3,15,4,11,7,0,18,2,4,15,0,11,18,22,0,3,17,22,13,8,0,0,0,3,17,22,13,8,0,21,13,12,18,0,13,18,22,0,0,0,22,13,8,0,0,0,0,0,22,13,8,0,0,13,12,18,0,0,18,22,0,8,11,25,13,8,0,0,0,8,11,25,13,8,4,11,20,12,18,0,11,13,22,0,14,20,20,13,8,0,0,0,14,20,20,13,8,7,20,20,10,18,0,20,7,24,0,1,7,7,18,8,0,0,0,1,7,7,18,8,0,6,7,10,18,0,3,25,27,0,3,28,25,27,8,0,0,0,3,28,25,27,8,0,23,25,25,18,0,13,0,22,0,3,18,0,13,8,0,0,0,3,18,0,13,8,0,22,0,3,18,0,13,17,22,13,12,18,21,13,12,17,0,13,12,18,21,13,12,17,22,13,12,18,21,13,18,22,13,12,18,22,13,12,18,0,13,12,18,22,13,12,18,22,13,12,18,22,13,18,22,13,12,18,22,13,12,18,0,13,12,18,22,13,12,18,22,13,12,18,22,13,18,22,13,12,18,22,13,12,18,0,13,12,18,22,13,12,18,22,13,12,18,22,13,0,22,0,3,18,0,13,8,0,0,0,3,18,0,13,8,0,22,0,3,18,0,13,0,22,0,3,18,0,13,8,0,0,0,3,18,0,13,8,0,22,0,3,18,0,13,0,22,0,3,18,0,13,8,0,0,0,3,18,0,13,8,0,22,0,3,18,0,13,0,22,0,3,18,0,13,8,0,0,0,3,18,0,13,8,0,22,0,3,18,0,13,0,22,0,3,18,0,13,8,0,0,0,3,18,0,13,8,0,22,0,3,18,0,13,0,2,0,0,1,0,1,0,0,0,0,0,1,0,1,0,0,2,0,0,1,0,1,17,17,17,17,17,17,17,17,6,0,2,17,17,17,17,17,17,17,17,17,17,17,17,0,0,0,0,0,0,0,0,0,0,0,0,0,0,0,0,0,0,0,0,0,0,0,0,0,0,0,0,0,0,0,0,0,0,0,0,0,0,0,0,0,0,0,0,0,0
0,22,6,7,18,0,13,10,8,22,0,3,18,9,13,8,0,22,6,7,18,0,13,0,23,19,21,18,0,13,22,19,26,0,3,26,19,24,8,0,23,19,21,18,0,13,0,10,12,12,8,0,6,12,12,12,0,1,12,12,12,3,0,10,12,12,8,0,6,7,7,7,7,7,7,7,7,7,7,7,7,7,7,7,7,7,7,7,7,7,7,7,8,8,8,8,8,8,8,8,8,8,8,8,8,8,8,8,8,8,8,8,8,8,8,0,12,0,2,10,0,7,4,0,12,0,2,10,0,7,4,0,12,0,2,10,0,7,0,22,0,3,18,0,13,8,0,22,0,3,18,0,13,8,0,22,0,3,18,0,13,0,22,0,3,18,0,13,8,0,22,0,3,18,0,13,8,0,22,0,3,18,0,13,0,22,0,3,18,0,13,8,0,22,0,3,18,0,13,8,0,22,0,3,18,0,13,0,22,0,3,18,0,13,8,0,22,0,3,18,0,13,8,0,22,0,3,18,0,13,7,22,5,7,18,9,13,10,7,22,5,7,18,9,13,10,7,22,5,7,18,9,13,18,22,13,12,18,22,13,12,18,22,13,12,18,22,13,12,18,22,13,12,18,22,13,18,22,13,12,18,22,13,12,18,22,13,12,18,22,13,12,18,22,13,12,18,22,13,18,22,13,12,18,22,13,12,18,22,13,12,18,22,13,12,18,22,13,12,18,22,13,9,22,6,8,18,11,13,10,9,22,6,8,18,11,13,10,9,22,6,8,18,11,13,0,23,7,10,18,0,13,14,7,24,0,3,21,7,18,8,0,23,7,10,18,0,13,0,20,25,25,18,0,11,25,25,27,0,3,25,25,27,8,0,20,25,25,18,0,11,1,3,3,5,18,0,3,3,2,22,0,2,3,3,13,8,1,3,3,5,18,0,3,10,28,29,12,18,0,28,29,18,22,0,20,28,28,13,8,10,28,29,12,18,0,28,0,0,13,12,18,0,0,3,18,22,0,0,0,22,13,8,0,0,13,12,18,0,0,0,7,13,12,18,0,4,6,18,22,0,1,6,22,13,8,0,7,13,12,18,0,4,0,22,13,12,18,0,13,12,18,22,0,3,18,22,13,8,0,22,13,12,18,0,13,0,23,10,12,18,0,13,16,10,25,0,3,22,10,19,8,0,23,10,12,18,0,13
8,8,8,8,8,8,8,8,8,8,8,8,8,8,8,8,8,8,8,8,8,8,8,27,27,27,27,27,27,27,27,27,27,27,27,27,27,27,27,27,3,0,0,0,0,0,4,4,4,4,4,20,16,4,4,4,4,4,4,4,4,4,4,0,0,1,0,0,0,11,0,0,0,1,18,14,1,11,0,0,0,18,6,3,1,0,4,6,18,0,0,2,22,0,3,16,16,18,14,15,22,0,0,0,22,13,9,15,0,10,9,18,0,0,3,22,0,3,18,16,18,14,15,22,0,0,0,22,13,9,15,0,10,9,18,0,0,3,19,0,2,13,16,18,14,15,19,0,0,0,22,13,9,15,0,10,9,18,0,0,3,0,0,0,0,1,18,14,1,0,0,0,0,22,13,9,15,0,10,9,18,0,0,3,9,2,13,13,13,24,21,13,13,0,0,0,5,3,2,4,0,2,2,4,0,0,3,13,3,18,18,18,18,18,18,18,0,0,0,0,0,0,0,0,0,0,0,0,0,3,4,17,17,17,17,17,17,17,17,17,17,17,17,17,17,17,17,17,17,17,17,6,3,0,0,0,0,0,0,0,0,0,0,0,0,0,0,0,0,0,0,0,0,0,0,3,0,0,0,0,0,0,0,0,0,0,0,0,0,0,0,0,0,0,0,0,0,0,3,13,27,27,27,27,27,27,27,27,27,27,27,27,27,27,27,27,26,0,0,0,0,3,10,20,20,20,26,29,21,20,20,23,29,24,20,20,20,29,27,19,0,0,0,0,3,15,0,2,12,16,29,1,0,15,6,29,11,15,0,0,26,21,0,0,0,0,0,3,22,0,3,18,16,29,1,0,22,6,29,11,22,0,0,26,21,0,0,0,0,0,3,16,0,2,13,16,29,1,0,16,6,29,11,16,0,0,26,21,0,0,0,0,0,3,8,17,17,17,24,29,18,4,7,20,29,22,10,1,17,28,26,16,0,0,0,0,3,14,29,29,29,29,29,29,7,12,29,29,29,17,2,29,29,29,27,0,0,0,0,3,0,0,0,0,0,0,0,0,0,0,0,0,0,0,0,0,0,0,0,0,0,0,3,17,17,17,17,17,17,17,17,17,17,17,17,17,17,17,17,17,17,17,17,17,6,3,1,0,0,0,0,0,1,1,1,1,1,1,1,1,1,1,1,1,0,0,0,0,3
0,8,11,19,22,0,5,8,25,12,9,2,8,18,12,19,0,8,11,19,22,0,0,0,0,2,19,22,0,0,0,22,12,9,0,0,12,12,19,0,0,2,19,22,0,0,0,12,12,19,22,0,2,19,22,12,9,0,22,12,12,19,0,12,12,19,22,0,0,0,12,10,1,22,0,2,19,2,12,9,0,22,1,3,19,0,12,10,1,22,0,0,0,12,29,29,29,0,2,29,29,29,9,0,22,29,29,19,0,12,29,29,29,0,0,0,1,2,2,2,0,0,2,2,2,0,0,2,2,2,1,0,1,2,2,2,0,0,5,17,17,17,17,17,17,17,17,17,17,17,17,17,17,17,17,17,17,17,17,17,1,0,0,0,0,0,0,0,0,0,0,0,0,0,0,0,0,0,0,0,0,0,0,0,0,10,8,0,19,0,2,16,0,10,8,0,19,0,2,16,0,10,8,0,19,0,0,0,12,9,0,22,0,2,19,0,12,9,0,22,0,2,19,0,12,9,0,22,0,0,0,12,9,0,22,0,2,19,0,12,9,0,22,0,2,19,0,12,9,0,22,0,0,0,12,9,0,22,0,2,19,0,12,9,0,22,0,2,19,0,12,9,0,22,0,0,0,12,9,0,22,0,2,19,0,12,9,0,22,0,2,19,0,12,9,0,22,0,0,0,12,12,3,23,0,2,21,3,15,9,0,22,3,6,19,0,12,12,3,23,0,0,0,12,29,28,29,0,2,29,28,29,9,0,22,28,29,19,0,12,29,28,29,0,0,1,12,10,3,22,2,4,19,3,12,10,3,22,2,4,19,3,12,10,3,22,2,1,8,12,12,19,22,12,12,19,22,12,12,19,22,12,12,19,22,12,12,19,22,12,9,8,12,12,19,22,12,12,19,22,12,12,19,22,12,12,19,22,12,12,19,22,12,9,8,7,8,19,13,12,11,11,22,7,8,19,13,12,11,11,22,7,8,19,13,12,9,8,0,2,19,1,12,10,1,22,0,2,19,0,12,10,1,22,0,3,19,0,12,9,8,0,2,19,22,12,12,19,22,0,2,19,0,12,12,19,22,12,12,19,0,12,9,8,0,2,19,22,12,12,19,22,0,2,19,0,12,12,19,22,12,12,19,0,12,9,8,0,2,19,22,12,12,19,22,0,2,19,0,12,12,19,22,12,12,19,0,12,9
0,0,2,17,0,10,9,0,0,11,10,0,0,10,9,0,18,1,0,0,21,0,0,0,11,10,0,21,0,1,20,0,11,10,0,21,0,1,20,0,11,10,0,21,0,0,0,11,12,20,21,12,12,20,0,11,10,0,21,12,12,20,21,12,10,0,21,0,0,0,11,12,20,21,12,12,20,0,11,10,0,21,12,12,20,21,12,10,0,21,0,0,0,4,6,20,8,12,11,7,0,4,4,0,8,12,11,7,21,5,4,0,8,0,0,0,0,1,20,0,11,10,0,0,0,0,0,0,11,10,0,21,0,0,0,0,0,0,0,0,2,20,1,12,11,1,0,0,0,0,1,12,11,1,21,1,0,0,0,0,0,0,11,12,20,21,12,12,20,0,0,0,0,21,12,12,20,21,12,10,0,0,0,0,0,11,12,20,21,12,12,20,0,2,2,0,21,12,12,20,21,12,10,0,5,0,0,0,11,12,20,21,12,12,20,0,11,10,0,21,12,12,20,21,12,10,0,21,0,0,0,11,12,20,21,12,12,20,0,11,10,0,21,12,12,20,21,12,10,0,21,0,0,0,11,12,16,21,10,10,20,0,11,10,0,21,10,10,20,16,12,10,0,21,0,0,0,11,10,0,21,0,1,20,0,11,10,0,21,0,1,20,0,11,10,0,21,0,0,19,12,12,18,21,11,11,20,19,12,12,18,21,11,11,20,19,12,12,18,21,11,9,21,12,12,20,21,12,12,20,21,12,12,20,21,12,12,20,21,12,12,20,21,12,10,21,11,11,20,19,12,12,18,21,11,11,20,19,12,12,18,21,11,11,20,19,12,10,21,8,9,20,0,11,16,7,24,0,1,23,7,16,10,0,21,8,9,20,0,11,14,21,25,25,20,0,11,26,25,28,0,1,28,25,26,10,0,21,25,25,20,0,11,20,21,0,1,20,0,11,10,0,21,0,1,20,0,11,10,0,21,0,1,20,0,11,10,21,0,1,20,0,11,10,0,21,0,1,20,0,11,10,0,21,0,1,20,0,11,10,21,0,1,20,0,11,10,0,21,0,1,20,0,11,10,0,21,0,1,20,0,11,10,21,0,1,20,0,11,10,0,21,0,1,20,0,11,10,0,21,0,1,20,0,11,10,21,0,1,20,0,11,10,0,21,0,1,20,0,11,10,0,21,0,1,20,0,11,10
2,19,0,12,9,0,22,0,2,19,0,12,9,0,22,0,2,19,0,12,9,0,22,2,19,0,12,9,0,22,0,2,19,0,12,9,0,22,0,2,19,0,12,9,0,22,23,19,0,12,25,23,28,0,2,27,23,26,9,0,22,23,24,19,0,12,25,23,28,10,19,0,12,15,8,25,0,2,22,8,18,9,0,22,8,11,19,0,12,15,8,25,10,19,19,12,12,16,22,10,11,19,19,12,12,16,22,10,11,19,19,12,12,16,22,11,19,22,12,12,19,22,12,12,19,22,12,12,19,22,12,12,19,22,12,12,19,22,11,17,22,11,11,19,20,12,12,17,22,11,11,19,20,12,12,17,22,11,11,19,20,8,0,22,0,2,19,0,12,9,0,22,0,2,19,0,12,9,0,22,0,2,19,0,8,0,22,0,2,19,16,12,12,14,22,0,2,19,0,12,12,14,22,9,10,19,0,8,0,22,0,2,19,22,12,12,19,22,0,2,19,0,12,12,19,22,12,12,19,0,8,0,22,0,2,19,22,12,12,19,22,0,2,19,0,12,12,19,22,12,12,19,0,8,0,6,0,2,19,22,12,12,19,22,0,0,5,0,12,12,19,22,12,12,19,0,8,0,0,0,2,19,22,12,12,19,22,0,0,0,0,12,12,19,22,12,12,19,0,1,0,0,0,0,2,22,1,4,19,3,0,0,0,0,1,4,19,3,12,10,2,0,0,0,0,0,0,0,22,0,2,19,0,0,0,0,0,0,2,19,0,12,9,0,0,2,0,7,0,0,6,22,4,6,19,7,0,0,6,0,4,6,19,7,12,10,6,0,8,0,22,0,2,19,22,12,12,19,22,0,2,19,0,12,12,19,22,12,12,19,0,8,0,22,0,2,19,22,12,12,19,22,0,2,19,0,12,12,19,22,12,12,19,0,8,0,22,0,2,19,0,12,10,0,22,0,2,19,0,12,10,0,22,0,3,19,0,0,0,22,0,0,1,18,1,3,15,2,0,2,19,0,1,3,15,2,10,8,1,0,0,0,22,0,0,0,22,0,2,19,0,0,2,19,0,0,2,19,0,12,9,0,0,1,11,22,7,5,0,22,12,12,19,0,7,8,19,13,0,2,19,21,12,9,0,13,2,19,22,12,9,0,22,12,12,19,0,12,12,19,22,0,2,19,22,12,9,0,22
11,13,10,9,22,6,8,18,11,13,10,9,22,6,8,18,11,13,10,9,22,6,8,22,13,12,18,22,13,12,18,22,13,12,18,22,13,12,18,22,13,12,18,22,13,12,22,13,12,18,22,13,12,18,22,13,12,18,22,13,12,18,22,13,12,18,22,13,12,22,3,6,18,5,13,9,4,22,3,6,18,5,13,9,4,22,3,6,18,5,13,9,22,0,3,18,0,13,10,7,22,5,7,18,0,13,8,0,22,5,7,18,9,13,8,22,0,3,18,0,13,12,18,22,13,12,18,0,13,8,0,22,13,12,18,22,13,8,22,0,3,18,0,13,12,18,22,13,12,18,0,13,8,0,22,13,12,18,22,13,8,22,0,2,12,0,13,12,18,22,13,12,18,0,8,5,0,22,13,12,18,22,13,8,22,0,0,0,0,13,12,18,22,13,12,18,0,0,0,0,22,13,12,18,22,13,8,10,0,0,0,0,6,8,18,10,13,10,8,0,0,0,0,10,13,10,8,22,6,4,0,0,0,0,0,0,3,18,0,13,8,0,0,0,0,0,0,13,8,0,22,0,0,0,0,0,0,0,0,3,18,0,13,8,0,0,0,0,0,0,13,8,0,22,0,0,22,0,3,18,0,13,12,18,22,13,12,18,0,13,8,0,22,13,12,18,22,13,8,22,0,3,18,0,13,12,18,22,13,12,18,0,13,8,0,22,13,12,18,22,13,8,22,0,3,18,0,13,10,6,22,5,7,18,0,13,8,0,22,5,7,18,8,13,8,9,0,3,18,0,6,5,8,9,6,5,8,0,13,8,0,9,6,5,8,10,6,3,0,0,3,18,0,0,3,18,0,13,8,0,0,13,8,0,0,13,8,0,22,0,0,0,3,6,18,5,0,3,18,13,13,8,0,5,13,9,4,0,13,11,11,22,0,0,0,13,12,18,22,0,3,18,22,13,8,0,22,13,12,18,0,13,12,18,22,0,3,0,13,12,18,22,0,3,18,22,13,8,0,22,13,12,18,0,13,12,18,22,0,3,25,13,10,10,22,12,26,18,22,13,27,16,22,7,8,18,20,27,12,18,23,25,11,24,0,0,0,0,13,13,4,4,3,10,18,0,0,0,0,23,6,2,3,5,17,8,22,0,2,10,0,13,8,0,13,0,3,18,0,7,5,0,22,0,2,10,0,13,8
0,13,8,0,0,0,0,0,0,0,0,0,0,13,8,0,22,0,3,18,0,0,0,0,13,8,2,17,17,17,17,17,17,17,17,0,13,8,0,22,0,3,18,0,14,17,0,13,8,0,0,0,0,0,0,0,0,0,0,13,8,0,22,0,3,18,0,0,0,0,10,18,17,17,17,17,17,17,17,17,17,11,13,8,0,22,0,3,20,17,17,17,8,17,17,20,11,0,0,0,0,1,0,0,0,13,8,0,22,2,17,17,20,17,0,0,5,7,18,0,0,0,0,3,18,0,0,0,13,8,0,22,0,1,6,22,0,0,0,13,12,18,0,0,0,0,3,18,0,0,0,13,8,0,22,0,3,18,22,0,0,0,13,12,18,0,0,0,0,2,12,0,0,0,13,8,0,22,0,3,18,22,0,0,2,6,9,21,5,5,5,5,5,5,5,5,5,17,8,0,22,0,6,6,24,5,5,9,14,14,14,14,14,11,10,10,10,10,10,10,10,3,0,23,5,14,14,14,14,14,12,12,12,12,12,12,0,0,0,0,0,0,0,0,0,0,10,12,12,12,12,12,12,7,7,7,7,7,7,7,7,7,7,7,7,7,7,7,7,7,7,7,7,7,7,7,8,8,8,8,8,8,8,8,8,8,8,8,8,8,8,8,8,8,8,8,8,8,8,0,0,0,16,19,19,19,19,19,18,0,15,19,19,19,5,8,19,19,19,11,1,19,0,0,0,24,28,28,28,29,29,27,0,22,29,29,29,7,12,29,29,29,17,2,28,0,0,1,6,0,4,2,26,21,0,1,6,16,29,3,6,0,6,29,11,7,0,0,21,20,3,18,0,13,8,26,21,0,3,18,16,29,5,18,0,6,29,11,22,0,0,29,12,3,18,0,13,8,26,21,0,3,18,16,29,5,18,0,6,29,11,22,0,0,28,3,0,8,9,10,10,27,24,9,10,10,21,29,11,10,9,14,29,17,10,9,9,28,3,0,25,29,29,29,29,29,29,29,29,29,29,29,29,29,29,29,29,29,29,29,28,3,0,7,8,8,8,8,8,8,8,8,8,8,8,8,8,8,8,8,8,8,8,28,3,0,0,0,0,0,0,0,0,0,0,0,0,0,0,0,0,0,0,0,0,0,28,3,0,10,17,17,17,17,17,17,17,17,17,17,17,17,17,17,17,17,17,17,17
2,0,3,18,0,1,4,15,2,11,7,1,0,13,8,0,2,11,7,1,18,1,0,0,0,3,18,0,0,3,18,0,13,8,0,0,13,8,0,0,13,8,0,22,0,0,0,7,9,18,13,0,3,18,21,13,8,0,13,13,11,10,0,13,12,17,22,0,2,0,13,12,18,22,0,3,18,22,13,8,0,22,13,12,18,0,13,12,18,22,0,3,5,13,12,18,22,2,9,18,22,13,13,3,22,13,12,18,4,17,12,18,23,5,5,28,8,6,3,14,13,27,17,19,12,27,18,14,2,4,12,23,26,11,16,21,28,11,22,0,0,0,0,13,8,0,0,0,3,18,0,0,0,0,22,0,0,0,0,13,8,22,0,3,17,0,13,8,0,20,0,3,18,0,12,8,0,22,0,3,17,0,13,8,22,0,3,18,0,13,8,0,22,0,3,18,0,13,8,0,22,0,3,18,0,13,8,22,13,12,18,22,13,8,0,22,0,3,18,22,13,12,18,22,0,3,18,0,13,12,22,13,12,18,22,13,11,13,22,10,10,18,22,13,12,18,22,10,10,18,16,13,12,22,13,12,18,22,13,12,18,22,13,12,18,22,13,12,18,22,13,12,18,22,13,12,22,1,5,18,3,13,12,18,22,13,12,18,3,13,9,2,22,13,12,18,22,13,9,22,0,3,18,0,13,10,9,22,6,8,18,0,13,8,0,22,6,8,18,11,13,8,22,4,6,18,7,13,10,6,22,4,6,18,7,13,10,6,22,4,6,18,7,13,10,22,13,12,18,22,13,12,18,22,13,12,18,22,13,12,18,22,13,12,18,22,13,12,22,13,9,3,22,13,12,18,22,13,12,18,22,2,5,18,22,13,12,18,22,13,12,22,0,1,2,1,13,9,1,4,0,4,18,1,1,1,1,22,0,1,3,1,13,9,22,9,9,18,15,13,11,12,0,9,9,18,15,13,11,12,22,9,5,0,15,13,11,22,13,12,18,22,13,12,18,0,13,12,18,22,13,12,18,22,13,8,0,22,13,12,22,13,12,18,22,13,12,18,0,13,12,18,22,13,12,18,22,13,8,0,22,13,12,22,13,12,18,22,13,12,18,0,13,12,18,22,13,12,18,22,13,8,0,22,13,12,22,6,7,18,9,13,12,18,0,13,12,18,9,13,10,8,22,13,8,0,22,13,10
0,3,25,25,25,7,0,20,25,25,16,0,12,25,25,25,0,3,25,25,25,7,0,0,3,21,10,17,8,0,23,8,11,18,0,13,14,9,24,0,3,21,10,17,8,0,0,3,18,22,13,8,0,22,13,12,18,0,13,12,18,22,0,3,18,22,13,8,0,0,1,5,22,13,8,0,6,13,12,18,0,3,6,18,22,0,1,5,22,13,8,0,0,1,1,23,13,8,0,1,15,12,18,0,1,5,18,22,0,1,1,23,13,8,0,0,20,29,28,13,8,10,29,29,12,18,0,29,29,18,22,0,20,29,28,13,8,10,0,0,0,0,13,8,0,0,0,4,18,0,0,0,0,22,0,0,0,0,13,8,0,0,3,27,27,28,8,0,22,27,28,18,0,13,27,27,28,0,3,27,27,28,8,0,0,3,20,4,16,8,0,23,4,8,18,0,13,12,4,23,0,3,20,4,16,8,0,8,9,18,13,13,11,11,22,8,9,18,13,13,11,11,22,8,9,18,13,13,11,11,13,12,18,22,13,12,18,22,13,12,18,22,13,12,18,22,13,12,18,22,13,12,18,13,12,18,22,13,12,18,22,13,12,18,22,13,12,18,22,13,12,18,22,13,12,18,13,12,18,22,13,12,18,22,13,12,18,22,13,12,18,22,13,12,18,22,13,12,18,4,6,18,6,13,10,5,22,4,6,18,6,13,10,5,22,4,6,18,6,13,10,5,0,3,18,0,13,8,0,22,0,3,18,0,13,8,0,22,0,3,18,0,13,8,0,0,3,18,0,13,8,0,22,0,3,18,0,13,8,0,22,0,3,18,0,13,8,0,0,3,18,0,13,8,0,22,0,3,18,0,13,8,0,22,0,3,18,0,13,8,0,0,3,18,0,13,8,0,22,0,3,18,0,13,8,0,22,0,3,18,0,13,8,0,0,1,8,0,6,3,0,9,0,1,8,0,6,3,0,9,0,1,8,0,6,3,0,11,11,11,11,11,11,11,11,11,11,11,11,11,11,11,11,11,11,11,11,11,11,11,4,4,4,4,4,4,4,4,4,4,4,4,4,4,4,4,4,4,4,4,4,4,4,0,2,15,15,15,4,0,12,15,15,10,0,7,15,15,15,0,2,15,15,15,4,0,0,3,23,17,21,8,0,21,17,18,17,0,12,19,17,24,0,3,23,17,21,8,0
0,3,25,17,23,8,0,23,17,19,18,0,13,21,17,26,0,3,25,17,23,8,0,0,1,14,14,21,8,0,11,14,16,18,0,6,14,14,25,0,1,14,14,21,8,0,0,9,13,13,13,8,5,13,13,8,18,0,13,13,8,22,0,9,13,13,13,8,5,0,13,18,26,13,8,6,18,24,12,18,0,18,20,18,22,0,13,18,26,13,8,6,0,0,0,22,13,8,0,0,13,12,18,0,0,3,18,22,0,0,0,22,13,8,0,0,2,12,22,13,8,0,15,13,12,18,0,9,9,18,22,0,2,12,22,13,8,0,0,3,18,16,13,8,0,22,9,10,18,0,13,11,13,22,0,3,18,16,13,8,0,0,3,26,19,24,8,0,23,19,21,18,0,13,22,19,26,0,3,26,19,24,8,0,0,1,12,12,12,3,0,10,12,12,8,0,6,12,12,12,0,1,12,12,12,3,0,7,7,7,7,7,7,7,7,7,7,7,7,7,7,7,7,7,7,7,7,7,7,7,8,8,8,8,8,8,8,8,8,8,8,8,8,8,8,8,8,8,8,8,8,8,8,0,1,9,0,7,4,0,11,0,2,10,0,6,4,0,12,0,1,9,0,7,4,0,0,3,18,0,13,8,0,22,0,3,18,0,13,8,0,22,0,3,18,0,13,8,0,0,3,18,0,13,8,0,22,0,3,18,0,13,8,0,22,0,3,18,0,13,8,0,0,3,18,0,13,8,0,22,0,3,18,0,13,8,0,22,0,3,18,0,13,8,0,0,3,18,0,13,8,0,22,0,3,18,0,13,8,0,22,0,3,18,0,13,8,0,5,7,18,9,13,10,7,22,5,7,18,9,13,10,7,22,5,7,18,9,13,10,7,13,12,18,22,13,12,18,22,13,12,18,22,13,12,18,22,13,12,18,22,13,12,18,13,12,18,22,13,12,18,22,13,12,18,22,13,12,18,22,13,12,18,22,13,12,18,13,12,18,22,13,12,18,22,13,12,18,22,13,12,18,22,13,12,18,22,13,12,18,6,8,18,11,13,10,9,22,6,8,18,11,13,10,9,22,6,8,18,11,13,10,9,0,3,21,7,18,8,0,23,7,10,18,0,13,14,7,24,0,3,21,7,18,8,0,0,3,28,25,25,7,0,23,25,25,15,0,13,26,25,24,0,3,28,25,25,7,0
11,0,2,11,4,0,10,8,0,6,11,0,2,11,4,0,10,8,0,6,11,0,2,0,0,0,0,0,0,0,0,0,0,0,0,0,0,0,0,0,0,0,0,0,0,0,17,17,17,17,17,17,17,17,17,17,17,17,17,17,17,17,17,17,17,17,17,17,17,0,0,0,0,0,0,0,0,0,0,0,0,0,0,0,0,0,0,0,0,0,0,0,0,3,15,0,11,7,0,19,0,3,15,0,11,7,0,19,0,3,15,0,11,7,0,0,3,18,0,13,8,0,22,0,3,18,0,13,8,0,22,0,3,18,0,13,8,0,0,3,18,0,13,8,0,22,0,3,18,0,13,8,0,22,0,3,18,0,13,8,0,0,3,18,0,13,8,0,22,0,3,18,0,13,8,0,22,0,3,18,0,13,8,0,0,3,18,0,13,8,0,22,0,3,18,0,13,8,0,22,0,3,18,0,13,8,0,0,3,20,3,16,8,0,23,3,7,18,0,13,11,3,23,0,3,20,3,16,8,0,0,3,29,28,29,8,0,23,28,29,18,0,13,29,28,28,0,3,29,28,29,8,0,2,5,18,3,13,9,3,22,2,5,18,3,13,9,3,22,2,5,18,3,13,9,3,13,12,18,22,13,12,18,22,13,12,18,22,13,12,18,22,13,12,18,22,13,12,18,13,12,18,22,13,12,18,22,13,12,18,22,13,12,18,22,13,12,18,22,13,12,18,13,11,10,22,7,9,18,13,13,11,10,22,7,9,18,13,13,11,10,22,7,9,18,13,9,1,22,0,3,18,0,13,9,1,22,0,4,18,0,13,8,0,22,0,4,18,13,12,18,22,0,3,18,0,13,12,18,22,13,12,18,0,13,8,0,22,13,12,18,13,12,18,22,0,3,18,0,13,12,18,22,13,12,18,0,13,8,0,22,13,12,18,13,12,18,22,0,3,18,0,13,12,18,22,13,12,18,0,13,8,0,22,13,12,18,13,12,18,22,0,0,0,0,13,12,18,22,13,12,18,0,0,0,0,22,13,12,18,11,11,18,18,0,0,0,0,11,11,18,18,13,12,15,0,0,0,0,18,13,12,15,0,3,18,0,0,0,0,0,0,3,18,0,13,8,0,0,0,0,0,0,13,8,0,0,3,18,0,0,0,0,0,0,3,18,0,13,8,0,0,0,0,0,0,13,8,0
8,0,2,19,22,0,2,19,22,0,2,19,0,12,12,19,0,12,12,19,0,12,9,8,4,6,19,22,0,2,19,22,4,6,19,8,12,12,19,0,12,12,19,8,12,9,8,12,12,19,22,0,2,19,22,12,12,19,22,12,12,19,0,12,12,19,22,12,9,8,12,12,19,22,0,2,19,22,12,12,19,22,12,12,19,0,12,12,19,22,12,9,8,12,12,19,22,0,2,19,22,12,12,19,22,12,12,19,0,12,12,19,22,12,9,8,9,9,19,16,0,2,13,22,9,9,19,16,12,12,13,0,9,9,19,16,12,9,1,0,3,19,0,2,1,0,22,0,0,3,0,12,10,0,3,0,3,19,0,2,1,1,12,12,19,22,12,12,19,22,12,10,3,22,12,12,19,22,12,12,19,22,2,1,8,12,12,19,22,12,12,19,22,12,12,19,22,12,12,19,22,12,12,19,22,12,9,8,4,6,19,8,12,11,7,22,4,6,19,8,12,11,7,22,4,6,19,8,12,9,8,0,2,19,10,12,11,9,22,0,2,19,0,12,11,9,22,6,7,19,0,12,9,8,0,3,19,22,12,12,19,22,0,3,19,1,12,12,19,22,12,12,19,1,12,9,8,12,12,19,22,12,12,19,22,12,12,19,22,12,12,19,22,12,12,19,22,12,9,8,12,12,19,17,12,12,15,22,12,12,19,22,12,12,15,22,9,10,19,22,12,9,8,12,12,19,0,12,9,0,22,12,12,19,22,12,9,0,22,0,2,19,22,12,9,8,0,2,19,0,12,9,0,22,0,2,19,0,12,9,0,22,0,2,19,0,12,9,8,0,2,19,0,12,9,0,22,0,2,19,0,12,9,0,22,0,2,19,0,12,9,0,0,2,19,0,0,0,0,22,0,0,0,0,12,9,0,0,0,2,19,0,0,0,1,7,8,28,25,10,10,25,29,7,6,3,13,12,27,17,19,11,26,19,13,2,1,8,12,10,6,24,12,12,22,6,12,12,19,22,3,9,19,22,12,14,4,22,12,9,8,12,9,0,22,12,12,19,0,12,12,19,22,0,2,19,22,12,9,0,22,12,9,8,7,5,0,22,12,12,19,0,7,9,19,13,0,2,19,22,12,9,0,13,12,9,8,0,0,0,22,0,2,19,0,0,2,19,0,0,2,19,0,12,9,0,0,12,9
0,0,0,0,22,13,12,18,22,13,8,0,0,0,3,18,22,13,12,18,22,0,0,0,12,8,0,22,13,12,18,22,13,8,0,20,0,3,18,22,13,12,18,22,0,3,0,13,8,0,22,13,12,18,22,13,8,0,22,0,3,18,22,13,12,18,22,0,3,0,13,8,0,22,13,12,18,22,13,8,0,22,0,3,18,22,13,12,18,22,0,3,0,13,8,0,22,1,4,18,2,13,8,0,22,0,3,18,2,13,9,1,22,0,3,12,13,11,10,22,7,8,18,12,13,11,10,22,7,8,18,12,13,11,10,22,7,8,22,13,12,18,22,13,12,18,22,13,12,18,22,13,12,18,22,13,12,18,22,13,12,22,13,12,18,22,13,12,18,22,13,12,18,22,13,12,18,22,13,12,18,22,13,12,22,2,5,18,4,13,9,3,22,2,5,18,4,13,9,3,22,2,5,18,4,13,9,28,0,3,29,27,28,8,0,23,27,28,18,0,13,28,27,28,0,3,29,27,28,8,23,0,3,20,4,16,8,0,23,4,8,18,0,13,12,4,23,0,3,20,4,16,8,22,0,3,18,0,13,8,0,22,0,3,18,0,13,8,0,22,0,3,18,0,13,8,22,0,3,18,0,13,8,0,22,0,3,18,0,13,8,0,22,0,3,18,0,13,8,22,0,3,18,0,13,8,0,22,0,3,18,0,13,8,0,22,0,3,18,0,13,8,22,0,3,18,0,13,8,0,22,0,3,18,0,13,8,0,22,0,3,18,0,13,8,19,0,3,16,0,12,7,0,19,0,3,16,0,12,7,0,19,0,3,16,0,12,7,0,0,0,0,0,0,0,0,0,0,0,0,0,0,0,0,0,0,0,0,0,0,0,17,17,17,17,17,17,17,17,17,17,17,17,17,17,17,17,17,17,17,17,17,17,17,1,0,0,1,1,1,0,0,1,1,1,1,0,0,1,1,1,0,0,1,1,1,0,28,0,3,29,29,29,8,0,23,29,29,18,0,13,29,29,28,0,3,29,29,29,8,23,0,3,19,2,14,8,0,23,1,5,18,0,13,9,2,23,0,3,19,2,14,8,22,0,3,18,22,13,8,0,22,13,12,18,0,13,12,18,22,0,3,18,22,13,8,22,0,0,1,22,13,8,0,1,13,12,18,0,0,4,18,22,0,0,1,22,13,8
0,3,14,3,0,29,17,0,20,27,0,0,0,17,4,0,22,0,7,14,0,0,0,0,6,29,7,0,29,17,0,20,27,0,0,0,17,4,0,22,0,7,14,0,0,0,0,6,29,7,0,29,17,0,20,27,0,0,0,17,4,0,22,0,7,14,0,0,0,0,6,29,7,0,29,17,0,4,5,0,0,0,17,4,0,22,0,7,14,0,0,0,0,6,29,7,0,29,17,0,0,0,0,0,0,9,2,0,12,0,4,7,0,0,0,0,6,29,7,0,29,17,0,0,0,0,7,7,7,7,7,7,7,7,7,7,1,0,0,6,29,7,0,29,17,0,0,0,0,8,8,8,8,8,8,8,8,8,8,2,0,0,6,29,7,0,29,17,0,0,0,0,0,0,0,0,0,0,0,0,0,0,0,0,0,6,29,7,0,29,17,0,20,27,0,10,29,7,0,29,17,0,20,27,0,0,0,0,6,29,7,0,29,17,0,20,27,0,10,29,7,0,29,17,0,20,27,0,0,0,0,6,29,7,0,29,17,0,20,27,0,10,29,7,0,29,17,0,20,27,0,0,0,0,6,29,7,0,29,17,0,20,27,0,10,29,7,0,29,17,0,20,27,0,0,0,0,6,29,7,0,29,17,0,20,27,0,10,29,7,0,29,17,0,20,27,0,0,0,0,6,29,7,0,29,17,0,20,27,0,10,29,7,0,29,17,0,20,27,0,0,0,0,6,29,7,0,29,17,0,8,11,0,4,11,3,0,11,7,0,8,11,0,0,0,0,6,29,7,0,29,17,0,0,0,0,0,0,0,0,0,0,0,0,0,0,0,0,0,6,29,7,0,15,9,0,0,0,0,16,17,17,17,17,17,17,17,17,17,3,0,0,6,29,7,0,0,0,0,0,0,0,0,0,0,0,0,0,0,0,0,0,0,0,0,6,29,7,0,26,16,0,0,0,0,0,0,0,0,0,0,0,0,0,0,0,0,0,6,29,7,0,29,17,0,17,23,0,9,25,6,0,25,14,0,17,23,0,0,0,0,6,29,7,0,29,17,0,20,27,0,10,29,7,0,29,17,0,20,27,0,0,0,0,6,29,7,0,29,17,0,20,27,0,10,29,7,0,29,17,0,20,27,0,0,0,0,6,29,7,0,29,17,0,20,27,0,10,29,7,0,29,17,0,20,27,0,0,0
18,9,13,8,0,22,0,3,18,9,13,10,8,22,0,3,18,0,0,0,0,0,3,18,4,13,9,3,22,2,5,18,4,13,9,3,22,2,5,18,0,0,0,0,0,24,18,22,13,12,18,22,13,12,18,22,13,12,18,22,13,12,18,0,0,0,6,7,7,18,22,13,12,18,22,13,12,18,22,13,12,18,22,13,12,18,0,0,0,7,8,8,10,22,7,8,18,12,13,11,10,22,7,8,18,12,13,11,10,0,0,0,0,0,0,0,23,17,19,18,0,13,21,17,26,0,3,25,17,23,8,0,0,0,0,0,0,0,0,23,14,16,18,0,13,19,14,25,0,3,24,14,21,8,0,0,0,0,26,21,0,0,22,0,3,18,0,13,8,0,22,0,3,18,0,13,8,0,0,0,0,26,21,0,0,22,0,3,18,0,13,8,0,22,0,3,18,0,13,8,0,0,0,0,26,21,0,0,22,0,3,18,0,13,8,0,22,0,3,18,0,13,8,0,0,0,0,26,21,0,0,22,0,3,18,0,13,8,0,22,0,3,18,0,13,8,0,0,0,0,23,19,0,0,22,0,3,18,0,13,8,0,22,0,3,18,0,13,8,0,0,0,0,0,0,0,0,4,0,0,3,0,2,1,0,4,0,0,3,0,2,1,0,0,0,0,0,0,0,17,17,17,17,17,17,17,17,17,17,17,17,17,17,17,17,17,17,17,17,17,17,17,0,0,0,0,0,0,0,0,0,0,0,0,0,0,0,0,0,0,0,0,0,0,0,9,8,0,6,10,0,0,0,0,0,9,8,0,0,0,0,2,17,17,17,17,17,17,26,21,0,16,29,1,0,0,0,0,26,21,0,0,0,15,17,17,17,17,17,17,6,26,21,0,16,29,1,0,0,0,0,26,21,0,0,0,22,0,0,0,0,0,0,0,26,21,0,16,29,1,0,6,0,0,26,21,0,0,0,22,0,0,13,8,0,0,0,26,21,0,16,29,1,0,22,0,0,26,21,0,0,0,22,0,0,13,8,0,0,0,26,21,0,16,29,1,0,22,0,0,26,21,0,0,0,22,0,0,5,3,0,0,0,26,21,0,16,29,1,0,22,0,0,26,21,0,0,0,22,0,0,14,17,17,17,17,1,1,0,16,29,1,0,22,0,0,26,21,0,0,0,22,2,17,21,17,17,17,17
17,26,0,3,25,17,23,8,0,23,17,19,18,0,13,21,17,26,0,3,25,17,23,14,25,0,1,14,14,21,8,0,11,14,16,18,0,6,14,14,25,0,1,14,14,21,8,22,0,9,13,13,13,8,5,13,13,8,18,0,13,13,8,22,0,9,13,13,13,18,22,0,13,18,26,13,8,6,18,24,12,18,0,18,20,18,22,0,13,18,26,13,18,22,0,0,0,22,13,8,0,0,13,12,18,0,0,3,18,22,0,0,0,22,13,18,22,0,2,12,22,13,8,0,15,13,12,18,0,9,9,18,22,0,2,12,22,13,13,22,0,3,18,16,13,8,0,22,9,10,18,0,13,11,13,22,0,3,18,16,13,19,26,0,3,26,19,24,8,0,23,19,21,18,0,13,22,19,26,0,3,26,19,24,12,12,0,1,12,12,12,3,0,10,12,12,8,0,6,12,12,12,0,1,12,12,12,7,7,7,7,7,7,7,7,7,7,7,7,7,7,7,7,7,7,7,7,7,7,7,8,8,8,8,8,8,8,8,8,8,8,8,8,8,8,8,8,8,8,8,8,8,8,0,12,0,1,9,0,7,4,0,11,0,2,10,0,6,4,0,12,0,1,9,0,7,0,22,0,3,18,0,13,8,0,22,0,3,18,0,13,8,0,22,0,3,18,0,13,0,22,0,3,18,0,13,8,0,22,0,3,18,0,13,8,0,22,0,3,18,0,13,0,22,0,3,18,0,13,8,0,22,0,3,18,0,13,8,0,22,0,3,18,0,13,0,22,0,3,18,0,13,8,0,22,0,3,18,0,13,8,0,22,0,3,18,0,13,7,22,5,7,18,9,13,10,7,22,5,7,18,9,13,10,7,22,5,7,18,9,13,18,22,13,12,18,22,13,12,18,22,13,12,18,22,13,12,18,22,13,12,18,22,13,18,22,13,12,18,22,13,12,18,22,13,12,18,22,13,12,18,22,13,12,18,22,13,18,22,13,12,18,22,13,12,18,22,13,12,18,22,13,12,18,22,13,12,18,22,13,9,22,6,8,18,11,13,10,9,22,6,8,18,11,13,10,9,22,6,8,18,11,13,7,24,0,3,21,7,18,8,0,23,7,10,18,0,13,14,7,24,0,3,21,7,18,25,24,0,3,28,25,25,7,0,23,25,25,15,0,13,26,25,24,0,3,28,25,25
0,0,0,0,0,0,0,0,0,0,0,0,0,0,0,0,0,0,0,0,0,0,0,0,2,0,0,3,0,0,2,0,2,0,0,3,0,0,2,0,2,0,0,3,0,0,0,16,5,0,22,0,6,15,0,16,5,0,22,0,6,15,0,16,5,0,22,0,4,17,16,11,12,22,0,6,15,0,16,11,12,22,13,11,15,0,16,5,0,22,13,9,22,16,12,15,22,9,10,15,12,16,12,15,22,16,12,15,12,16,9,8,22,16,10,22,16,12,15,22,16,12,15,22,16,12,15,22,16,12,15,22,16,12,15,22,16,10,7,16,8,5,22,16,12,15,22,16,8,5,22,5,8,15,22,16,12,15,22,5,6,0,16,5,0,22,11,11,15,16,16,5,0,22,0,6,15,16,16,10,11,22,0,4,3,16,6,2,22,2,7,15,3,16,6,2,22,2,7,15,3,16,6,2,22,2,5,22,16,12,15,22,16,12,15,22,16,12,15,22,16,12,15,22,16,12,15,22,16,10,22,6,9,15,22,16,12,15,22,16,12,15,9,16,12,15,22,16,12,15,22,16,7,6,0,1,4,22,4,4,6,6,16,7,4,0,4,8,15,6,6,4,4,22,4,1,10,15,8,7,22,7,2,0,10,16,9,7,21,7,9,15,10,0,3,7,22,7,7,22,16,12,15,22,16,5,0,22,16,12,15,22,16,12,15,22,0,6,15,22,16,10,22,16,12,15,22,16,5,0,22,16,12,15,22,16,12,15,22,0,6,15,22,16,10,22,16,12,15,22,16,5,0,22,16,12,15,22,16,12,15,22,0,6,15,22,16,10,14,16,10,10,22,16,5,0,22,16,10,10,22,10,10,15,22,0,6,15,22,10,8,0,16,5,0,22,16,5,0,22,16,5,0,22,0,6,15,22,0,6,15,22,0,4,0,11,3,0,14,16,5,0,22,10,3,0,15,0,4,10,22,0,6,15,14,0,3,0,0,0,0,0,16,5,0,22,0,0,0,0,0,0,0,22,0,6,15,0,0,0,0,0,0,0,16,29,5,0,26,26,0,0,0,0,0,26,25,0,6,29,16,0,0,0,0,0,0,2,4,0,0,4,4,0,0,0,0,0,4,4,0,1,4,2,0,0,0,0,0,0,0,0,0,0,0,0,0,0,0,0,0,0,0,0,0,0,0,0,0
12,18,22,13,12,18,0,0,0,0,22,13,12,18,22,13,8,0,0,0,3,18,22,12,18,22,13,12,18,0,12,8,0,22,13,12,18,22,13,8,0,20,0,3,18,22,12,18,22,13,12,18,0,13,8,0,22,13,12,18,22,13,8,0,22,0,3,18,22,12,18,22,13,12,18,0,13,8,0,22,13,12,18,22,13,8,0,22,0,3,18,22,9,1,22,1,4,18,0,13,8,0,22,1,4,18,2,13,8,0,22,0,3,18,2,11,10,22,7,8,18,12,13,11,10,22,7,8,18,12,13,11,10,22,7,8,18,12,12,18,22,13,12,18,22,13,12,18,22,13,12,18,22,13,12,18,22,13,12,18,22,12,18,22,13,12,18,22,13,12,18,22,13,12,18,22,13,12,18,22,13,12,18,22,5,18,4,13,9,3,22,2,5,18,4,13,9,3,22,2,5,18,4,13,9,3,22,28,18,0,13,28,27,28,0,3,29,27,28,8,0,23,27,28,18,0,13,28,27,28,8,18,0,13,12,4,23,0,3,20,4,16,8,0,23,4,8,18,0,13,12,4,23,3,18,0,13,8,0,22,0,3,18,0,13,8,0,22,0,3,18,0,13,8,0,22,3,18,0,13,8,0,22,0,3,18,0,13,8,0,22,0,3,18,0,13,8,0,22,3,18,0,13,8,0,22,0,3,18,0,13,8,0,22,0,3,18,0,13,8,0,22,3,18,0,13,8,0,22,0,3,18,0,13,8,0,22,0,3,18,0,13,8,0,22,3,16,0,12,7,0,19,0,3,16,0,12,7,0,19,0,3,16,0,12,7,0,19,0,0,0,0,0,0,0,0,0,0,0,0,0,0,0,0,0,0,0,0,0,0,0,17,17,17,17,17,17,17,17,17,17,17,17,17,17,17,17,17,17,17,17,17,17,17,1,1,0,0,1,1,1,0,0,1,1,1,0,0,1,1,1,1,0,0,1,1,1,29,18,0,13,29,29,28,0,3,29,29,29,8,0,23,29,29,18,0,13,29,29,28,5,18,0,13,9,2,23,0,3,19,2,14,8,0,23,1,5,18,0,13,9,2,23,12,18,0,13,12,18,22,0,3,18,22,13,8,0,22,13,12,18,0,13,12,18,22,12,18,0,0,4,18,22,0,0,1,22,13,8,0,1,13,12,18,0,0,4,18,22
6,8,12,0,2,10,0,7,6,8,12,6,6,10,0,7,4,0,12,0,2,10,9,8,0,22,0,3,18,0,13,8,0,22,0,3,18,0,13,8,0,22,0,3,18,0,11,13,22,10,10,18,16,13,11,13,22,10,10,18,16,13,8,0,22,10,10,18,16,12,18,22,13,12,18,22,13,12,18,22,13,12,18,22,13,8,0,22,13,12,18,22,12,18,22,13,12,18,22,13,12,18,22,13,12,18,22,13,8,0,22,13,12,18,22,3,20,3,16,8,0,23,3,7,18,0,13,11,3,23,0,0,0,0,13,11,3,23,3,29,28,29,8,0,23,28,29,18,0,13,29,28,28,0,0,0,0,13,29,28,28,3,18,0,13,8,0,22,0,3,18,0,13,8,0,22,0,0,0,0,13,8,0,22,3,18,0,13,8,0,22,0,3,18,0,13,8,0,22,0,0,0,0,13,8,0,22,3,18,0,13,8,0,22,0,3,18,0,13,8,0,22,0,0,0,0,13,8,0,22,3,18,0,13,8,0,22,0,3,18,0,13,8,0,22,0,0,0,0,13,8,0,22,3,18,0,13,8,0,22,0,3,18,0,13,8,0,22,0,0,0,0,13,8,0,22,2,12,0,9,5,0,15,0,2,12,0,9,5,0,15,0,0,0,0,9,5,0,15,3,3,3,3,3,3,3,3,3,3,3,3,3,3,3,3,3,3,3,3,3,3,3,12,12,12,12,12,12,12,12,12,12,12,12,12,12,12,12,12,12,12,12,12,12,12,0,0,0,0,0,0,0,0,0,0,0,0,0,0,0,0,0,0,0,0,0,0,0,19,0,15,26,1,6,26,10,0,24,19,0,15,26,1,6,26,10,0,24,19,0,15,21,0,16,29,1,6,29,11,0,26,21,0,16,29,1,6,29,11,0,26,21,0,16,21,0,16,29,1,6,29,11,0,26,21,0,16,29,1,6,29,11,0,26,21,0,16,21,0,16,29,1,6,29,11,0,26,21,0,16,29,1,6,29,11,0,26,21,0,16,21,0,16,29,1,6,29,11,0,26,21,0,16,29,1,6,29,11,0,26,21,0,16,21,0,16,29,1,6,29,11,0,26,21,0,16,29,1,6,29,11,0,26,21,0,16,11,0,9,15,1,3,15,6,0,14,11,0,9,15,1,3,15,6,0,14,11,0,9
8,0,22,0,3,18,0,13,8,0,22,0,3,18,0,13,8,0,22,0,3,18,0,8,0,22,0,3,18,0,13,8,0,22,0,3,18,0,13,8,0,22,0,3,18,0,25,23,27,0,3,27,23,26,8,0,23,23,24,18,0,13,25,23,27,0,3,27,23,15,8,24,0,3,22,8,18,8,0,23,8,11,18,0,13,15,8,24,0,3,22,8,12,15,22,11,11,18,19,13,12,15,22,11,11,18,19,13,12,15,22,11,11,18,19,12,18,22,13,12,18,22,13,12,18,22,13,12,18,22,13,12,18,22,13,12,18,22,12,18,20,13,12,17,22,12,12,18,20,13,12,17,22,12,12,18,20,13,12,17,22,3,18,0,13,8,0,22,0,3,18,0,13,8,0,22,0,3,18,0,13,8,0,22,3,18,16,13,11,13,22,0,3,18,0,13,11,13,22,10,10,18,0,13,8,0,22,3,18,22,13,12,18,22,0,3,18,0,13,12,18,22,13,12,18,0,13,8,0,22,3,18,22,13,12,18,22,0,3,18,0,13,12,18,22,13,12,18,0,13,8,0,22,3,18,22,13,12,18,22,0,1,5,0,13,12,18,22,13,12,18,0,4,2,0,22,3,18,22,13,12,18,22,0,0,0,0,13,12,18,22,13,12,18,0,0,0,0,22,0,2,22,1,5,18,3,0,0,0,0,1,5,18,3,13,9,2,0,0,0,0,3,0,0,22,0,3,18,0,0,0,0,0,0,3,18,0,13,8,0,0,0,0,0,0,1,6,22,4,6,18,7,0,1,6,0,4,6,18,7,13,10,6,0,4,2,0,7,3,18,22,13,12,18,22,0,3,18,0,13,12,18,22,13,12,18,0,13,8,0,22,3,18,22,13,12,18,22,0,3,18,0,13,12,18,22,13,12,18,0,13,8,0,22,3,18,0,13,9,0,22,0,3,18,0,13,9,0,22,0,4,18,0,13,8,0,22,0,1,18,1,4,15,2,0,3,18,0,1,4,15,2,11,7,1,0,13,8,0,2,0,0,22,0,3,18,0,0,3,18,0,0,3,18,0,13,8,0,0,13,8,0,0,5,0,22,13,12,18,0,7,9,18,13,0,3,18,21,13,8,0,13,13,11,10,0,8,0,22,13,12,18,0,13,12,18,22,0,3,18,22,13,8,0,22,13,12,18,0
17,23,8,0,0,0,16,29,1,0,0,0,0,0,0,0,0,0,0,18,13,0,0,14,21,8,0,0,0,16,29,1,4,20,8,0,18,15,0,0,0,0,18,13,6,7,13,13,8,0,0,0,16,29,1,6,29,11,0,26,21,0,0,0,0,18,13,22,29,26,13,8,0,0,0,16,29,1,6,29,11,0,26,21,0,0,0,0,18,13,8,21,22,13,8,0,0,0,16,29,1,6,29,11,0,26,21,0,0,0,0,18,13,1,17,22,13,8,0,0,0,16,29,1,6,29,11,0,26,21,0,0,0,0,18,13,22,29,16,13,8,0,0,0,16,29,1,6,29,11,0,26,21,0,0,0,0,18,13,13,17,19,24,8,0,0,0,16,29,1,5,21,8,0,19,16,0,0,0,0,18,16,3,3,12,12,3,0,0,0,16,29,1,0,0,0,0,0,0,0,0,0,0,18,28,28,28,7,7,7,2,0,0,16,29,1,1,7,7,7,7,7,7,5,0,0,6,7,7,7,8,8,8,3,0,0,16,29,1,1,8,8,8,8,8,8,6,0,0,7,8,8,8,0,7,4,0,0,0,16,29,1,0,0,0,0,0,0,0,0,0,0,0,0,0,4,0,13,8,0,0,0,16,29,1,3,14,5,0,13,10,0,8,14,0,0,0,0,11,0,13,8,0,0,0,16,29,1,6,29,11,0,26,21,0,16,29,1,0,0,0,2,0,13,8,0,0,0,16,29,1,6,29,11,0,26,21,0,16,29,1,0,0,0,0,0,13,8,0,0,0,16,29,1,6,29,11,0,26,21,0,16,29,1,0,27,27,27,9,13,10,7,0,0,16,29,1,6,29,11,0,26,21,0,16,29,1,0,28,8,4,22,13,12,18,0,0,16,29,1,6,29,11,0,26,21,0,16,29,1,0,28,3,3,22,13,12,18,0,0,16,29,1,6,29,11,0,26,21,0,16,29,1,0,28,3,11,22,13,12,18,0,0,16,29,1,6,29,11,0,26,21,0,16,29,1,0,28,3,4,11,13,10,9,0,0,16,29,1,6,29,11,0,26,21,0,16,29,1,0,28,6,17,7,18,8,0,0,0,16,29,1,6,29,11,0,26,21,0,16,29,1,0,28,3,0,25,25,7,0,0,0,16,29,1,6,29,11,0,26,21,0,16,29,1,0,28,9,5
0,0,0,0,0,0,0,0,0,0,0,0,0,0,0,0,0,0,0,0,0,0,0,0,0,0,0,0,0,0,0,0,0,0,0,0,0,0,0,0,0,0,0,0,0,0,8,8,8,8,8,8,8,8,3,0,1,8,8,8,8,8,8,8,8,8,8,8,8,7,7,7,7,7,7,7,7,2,0,1,7,7,7,7,7,7,7,7,7,7,7,7,0,13,0,2,10,0,7,5,0,0,0,2,10,0,7,5,0,13,0,2,10,0,7,0,22,0,3,18,0,13,8,0,0,0,3,18,0,13,8,0,22,0,3,18,0,13,0,22,0,3,18,0,13,8,0,0,0,3,18,0,13,8,0,22,0,3,18,0,13,0,22,0,3,18,0,13,8,0,0,0,3,18,0,13,8,0,22,0,3,18,0,13,0,22,0,3,18,0,13,8,0,0,0,3,18,0,13,8,0,22,0,3,18,0,13,8,22,6,7,18,9,13,10,8,0,6,7,18,9,13,10,8,22,6,7,18,9,13,18,22,13,12,18,22,13,12,18,0,13,12,18,22,13,12,18,22,13,12,18,22,13,18,22,13,12,18,22,13,12,18,0,13,12,18,22,13,12,18,22,13,12,18,22,13,18,22,13,12,18,22,13,12,18,0,13,12,18,22,13,12,18,22,13,12,18,22,13,8,22,6,8,18,10,13,10,8,0,6,8,18,10,13,10,8,22,6,8,18,10,13,8,24,0,3,22,8,18,8,0,0,0,3,22,8,18,8,0,23,8,11,18,0,13,23,27,0,3,23,23,26,8,0,0,0,3,23,23,26,8,0,19,23,24,18,0,11,3,22,0,3,4,4,13,8,0,0,0,3,4,4,13,8,1,4,4,5,18,0,4,18,22,0,19,27,28,13,8,0,0,0,19,27,28,13,8,10,27,28,12,18,0,27,18,22,0,0,0,22,13,8,0,0,0,0,0,22,13,8,0,0,13,12,18,0,0,18,22,0,1,6,22,13,8,0,0,0,1,6,22,13,8,0,8,13,12,18,0,5,6,7,0,1,6,7,4,2,0,0,0,1,6,7,4,2,0,7,4,4,6,0,4,0,0,0,0,0,0,0,0,0,0,0,0,0,0,0,0,0,0,0,0,0,0,0,0,0,0,0,0,0,0,0,0,0,0,0,0,0,0,0,0,0,0,0,0,0,0
16,5,0,0,0,0,0,22,0,0,0,0,0,0,29,18,0,6,15,19,28,6,15,16,5,0,0,0,0,0,22,0,0,0,0,0,0,29,18,0,6,15,19,28,6,15,16,5,0,0,0,0,0,22,0,0,0,0,0,0,29,18,0,2,5,19,28,2,5,16,5,0,0,0,0,0,22,0,0,0,0,5,27,29,29,23,0,24,29,29,27,4,16,5,0,0,0,0,0,22,0,0,0,0,4,20,20,20,17,0,18,20,20,20,3,16,5,0,0,0,0,0,22,0,4,7,7,7,7,7,7,7,7,7,7,7,7,4,16,5,0,0,0,0,0,22,0,5,8,8,8,8,8,8,8,8,8,8,8,8,5,16,5,0,0,0,0,0,22,0,0,0,0,3,11,11,11,11,11,11,11,11,11,7,16,5,0,0,0,0,0,22,0,0,0,0,1,4,4,4,4,4,4,10,14,14,8,16,5,0,0,0,0,0,22,0,0,0,0,0,0,0,3,8,0,0,4,6,6,4,16,5,0,0,0,0,0,22,0,0,0,0,0,0,0,6,15,0,0,0,0,0,3,16,5,0,0,0,0,0,22,0,0,0,0,0,0,0,6,15,0,0,0,0,0,4,16,5,0,6,9,0,0,22,0,0,0,0,0,0,0,5,11,0,0,0,0,0,3,16,5,0,19,28,0,0,22,0,0,0,14,15,15,15,15,15,15,15,15,15,15,9,16,5,0,19,28,0,0,22,0,0,0,23,4,14,14,14,14,14,14,14,14,14,8,16,5,0,19,28,0,0,22,0,0,0,22,0,2,2,2,2,2,2,2,2,2,1,16,5,0,19,28,0,0,22,0,0,0,22,0,10,17,17,17,17,17,17,17,10,0,16,5,0,19,28,0,0,22,0,0,0,22,0,0,0,0,0,0,0,0,0,0,0,16,5,0,19,28,0,0,22,0,0,0,22,3,13,13,13,13,13,13,13,13,13,8,16,5,0,19,28,0,0,22,0,0,0,22,0,2,2,2,2,2,2,2,6,14,8,2,0,0,19,28,0,0,3,0,0,0,22,0,0,0,2,6,0,0,0,1,10,16,0,0,0,19,28,0,0,0,0,0,0,22,0,0,0,6,15,0,0,0,0,6,15,3,1,0,19,28,0,0,4,0,0,0,22,0,0,0,6,15,0,0,0,0,6,15
22,0,6,15,0,16,5,0,22,0,6,15,0,16,5,0,22,0,6,15,0,16,5,22,10,10,15,0,16,5,0,22,10,10,15,14,16,5,0,22,0,6,15,14,16,9,22,16,12,15,9,16,8,6,22,16,12,15,22,16,8,6,22,6,9,15,22,16,10,22,16,12,15,22,16,12,15,22,16,12,15,22,16,12,15,22,16,12,15,22,16,10,22,7,9,15,22,16,12,15,22,7,9,15,10,16,12,15,22,16,12,15,10,16,8,22,0,6,15,19,16,11,13,22,0,6,15,0,16,11,13,22,14,11,15,0,16,5,22,0,6,15,0,16,5,0,22,0,6,15,0,16,5,0,22,0,6,15,0,16,5,22,16,12,15,22,16,12,15,22,16,12,15,22,16,12,15,22,16,12,15,22,16,10,12,16,12,15,22,16,12,15,22,16,9,8,22,16,12,15,22,16,12,15,22,9,8,0,6,9,15,9,9,5,6,22,6,2,0,9,16,8,6,12,6,9,15,9,0,1,18,5,8,15,7,0,2,5,22,5,7,12,7,16,8,5,0,5,8,15,7,13,6,22,16,12,15,22,0,6,15,22,16,12,15,22,16,12,15,0,16,12,15,22,16,10,22,16,12,15,22,0,6,15,22,16,12,15,22,16,12,15,0,16,12,15,22,16,10,22,16,12,15,22,0,6,15,22,16,12,15,22,16,12,15,0,16,12,15,22,16,10,22,13,11,15,22,0,6,15,22,13,11,15,17,16,12,15,0,16,12,15,17,16,9,22,0,6,15,22,0,6,15,22,0,6,15,0,16,12,15,0,16,12,15,0,16,5,18,0,5,12,22,0,6,15,17,0,5,12,0,13,11,15,0,16,11,12,0,13,4,0,0,0,0,22,0,6,15,0,0,0,0,0,0,6,15,0,16,5,0,0,0,0,0,0,0,22,25,0,6,27,14,0,0,0,0,6,25,15,0,16,25,6,0,0,0,0,0,0,8,7,0,2,8,5,0,0,0,0,2,8,4,0,5,8,2,0,18,12,0,0,0,0,0,0,0,0,0,0,0,0,0,0,0,0,0,0,0,0,0,29,18,0,0,0,0,0,0,0,0,0,0,0,0,0,0,0,0,0,0,0,0,0,29,18,0,0,0,0,0,0,0,0,0,0,0,0,0,0,0,0,0,0,0,0,0,29,18
8,8,8,8,8,8,8,8,6,0,0,0,16,0,2,13,22,9,10,18,16,0,2,27,27,27,27,2,0,0,0,0,0,0,0,0,0,0,0,22,0,3,18,0,0,0,4,4,29,8,0,0,2,0,0,0,0,0,0,0,0,0,22,0,3,18,0,0,0,4,1,28,5,0,0,22,0,0,0,0,0,0,0,2,13,22,10,10,18,16,0,0,9,15,28,14,9,16,22,0,0,0,0,0,0,0,3,18,22,13,12,18,22,0,0,9,15,28,14,9,18,22,0,0,0,0,0,20,0,3,18,22,13,12,18,22,0,3,8,15,28,14,8,13,16,0,0,0,0,0,22,0,3,18,22,13,12,18,22,0,3,0,1,28,5,0,0,0,0,0,0,0,0,22,0,3,18,22,13,12,18,22,0,3,13,13,29,16,13,13,9,0,0,0,0,0,22,0,3,18,2,13,9,1,22,0,3,18,18,29,20,18,18,13,0,0,0,0,0,22,7,8,18,12,13,11,10,22,7,8,0,0,28,3,14,17,17,17,11,0,0,0,22,13,12,18,22,13,12,18,22,13,12,0,0,28,3,0,0,0,0,0,0,0,0,22,13,12,18,22,13,12,18,22,13,12,0,0,28,3,0,0,0,0,0,0,0,0,4,13,9,3,22,2,5,18,4,13,9,0,0,28,3,0,0,0,2,8,3,0,0,0,13,28,27,28,0,3,29,27,28,8,0,0,28,3,0,0,0,6,29,11,0,0,0,13,12,4,23,0,3,20,4,16,8,5,0,28,3,0,0,0,6,29,11,0,0,0,13,8,0,22,0,3,18,0,13,8,8,18,29,29,17,0,0,6,29,11,0,0,0,13,8,0,22,0,3,18,0,13,8,6,1,2,2,1,0,0,6,29,11,0,0,0,13,8,0,22,0,3,18,0,13,8,0,0,0,0,0,0,0,3,15,6,0,0,0,13,8,0,22,0,3,18,0,13,8,0,0,0,0,0,0,0,0,0,0,0,0,0,12,7,0,19,0,3,16,0,12,7,0,0,0,0,0,0,0,0,0,0,0,0,0,0,0,0,0,0,0,0,0,0,0,17,17,17,17,17,17,17,17,17,17,17,17,17,17,17,17,17,17,17,17,17,17,17,1,1,1,1,1,1,1,1,1,1,1,1,0,0,0,0,0,0,0,0,0,0,0
0,0,0,0,0,0,0,0,0,0,0,0,0,0,0,0,0,0,0,0,0,0,0,0,0,0,0,0,0,0,0,0,0,0,0,0,0,0,0,0,0,0,0,0,0,0,8,8,8,8,8,8,8,8,8,8,8,8,8,8,8,8,8,8,8,8,8,8,8,7,7,7,7,7,7,7,7,7,7,7,7,7,7,7,7,7,7,7,7,7,7,7,2,10,0,7,5,0,13,0,2,10,0,7,5,0,13,0,2,10,0,7,5,0,13,3,18,0,13,8,0,22,0,3,18,0,13,8,0,22,0,3,18,0,13,8,0,22,3,18,0,13,8,0,22,0,3,18,0,13,8,0,22,0,3,18,0,13,8,0,22,3,18,0,13,8,0,22,0,3,18,0,13,8,0,22,0,3,18,0,13,8,0,22,3,18,0,13,8,0,22,0,3,18,0,13,8,0,22,0,3,18,0,13,8,0,22,7,18,9,13,10,8,22,6,7,18,9,13,10,8,22,6,7,18,9,13,10,8,22,12,18,22,13,12,18,22,13,12,18,22,13,12,18,22,13,12,18,22,13,12,18,22,12,18,22,13,12,18,22,13,12,18,22,13,12,18,22,13,12,18,22,13,12,18,22,12,18,22,13,12,18,22,13,12,18,22,13,12,18,22,13,12,18,22,13,12,18,22,8,18,10,13,10,8,22,6,8,18,10,13,10,8,22,6,8,18,10,13,10,8,22,3,22,8,18,8,0,23,8,11,18,0,13,15,8,24,0,3,22,8,18,8,0,23,3,23,23,26,8,0,19,23,24,18,0,11,23,23,27,0,3,23,23,26,8,0,19,3,4,4,13,8,1,4,4,5,18,0,4,4,3,22,0,3,4,4,13,8,1,4,19,27,28,13,8,10,27,28,12,18,0,27,28,18,22,0,19,27,28,13,8,10,27,0,0,22,13,8,0,0,13,12,18,0,0,3,18,22,0,0,0,22,13,8,0,0,1,6,22,13,8,0,8,13,12,18,0,5,7,18,22,0,1,6,22,13,8,0,8,1,6,7,4,2,0,7,4,4,6,0,4,4,6,7,0,1,6,7,4,2,0,7,0,0,0,0,0,0,0,0,0,0,0,0,0,0,0,0,0,0,0,0,0,0,0,0,0,0,0,0,0,0,0,0,0,0,0,0,0,0,0,0,0,0,0,0,0,0
0,0,3,18,0,0,3,15,0,11,7,0,0,13,8,0,0,11,7,0,19,0,0,22,0,3,18,0,13,8,0,22,0,3,18,0,13,8,0,22,0,3,18,0,13,8,22,0,3,18,0,13,12,18,22,13,12,18,0,13,8,0,22,13,12,18,22,13,8,22,0,3,18,0,13,12,18,22,13,12,18,0,13,8,0,22,13,12,18,22,13,8,8,0,1,6,0,5,7,18,8,13,10,6,0,5,3,0,8,13,10,6,22,5,3,0,0,0,0,0,0,3,18,0,13,8,0,0,0,0,0,0,13,8,0,22,0,0,1,0,0,0,0,0,4,18,1,13,9,1,0,0,0,0,1,13,9,1,22,0,0,22,0,0,0,0,13,12,18,22,13,12,18,0,0,0,0,22,13,12,18,22,13,8,22,0,0,4,0,13,12,18,22,13,12,18,0,3,2,0,22,13,12,18,22,13,8,22,0,3,18,0,13,12,18,22,13,12,18,0,13,8,0,22,13,12,18,22,13,8,22,0,3,18,0,13,12,18,22,13,12,18,0,13,8,0,22,13,12,18,22,13,8,22,0,3,18,0,13,12,14,22,10,10,18,0,13,8,0,22,10,10,18,17,13,8,22,0,3,18,0,13,8,0,22,0,3,18,0,13,8,0,22,0,3,18,0,13,8,22,12,11,18,19,13,12,16,22,12,11,18,19,13,12,16,22,12,11,18,19,13,12,22,13,12,18,22,13,12,18,22,13,12,18,22,13,12,18,22,13,12,18,22,13,12,19,13,12,16,22,12,11,18,19,13,12,16,22,12,11,18,19,13,12,16,22,12,11,7,18,8,0,23,7,10,18,0,13,14,7,24,0,3,21,7,18,8,0,23,7,10,25,27,8,0,23,25,25,18,0,13,26,25,27,0,3,28,25,27,8,0,23,25,25,0,13,8,0,22,0,3,18,0,13,8,0,22,0,3,18,0,13,8,0,22,0,3,0,13,8,0,22,0,3,18,0,13,8,0,22,0,3,18,0,13,8,0,22,0,3,0,13,8,0,22,0,3,18,0,13,8,0,22,0,3,18,0,13,8,0,22,0,3,0,13,8,0,22,0,3,18,0,13,8,0,22,0,3,18,0,13,8,0,22,0,3,0,13,8,0,22,0,3,18,0,13,8,0,22,0,3,18,0,13,8,0,22,0,3
21,0,16,29,1,0,0,10,21,21,21,0,2,21,21,21,6,0,17,21,21,13,0,21,0,16,29,1,0,0,13,16,10,25,0,3,23,10,19,8,0,23,10,13,18,0,21,0,16,29,1,0,0,13,12,18,22,0,3,18,22,13,8,0,22,13,12,18,0,21,0,16,29,1,0,0,5,7,18,22,0,1,7,22,13,8,0,9,13,12,18,0,21,0,16,29,1,0,0,0,3,18,22,0,0,0,22,13,8,0,0,13,12,18,0,21,0,16,29,1,0,0,27,28,18,22,0,19,27,28,13,8,10,27,28,12,18,0,21,0,16,29,1,0,0,4,4,3,22,0,3,4,4,13,8,1,4,4,5,18,0,21,0,16,29,1,0,0,11,23,23,27,0,3,23,23,26,8,0,19,23,24,18,0,21,0,16,29,1,0,0,13,15,8,24,0,3,22,8,18,8,0,23,8,11,18,0,21,0,16,29,1,0,10,13,10,8,22,6,8,18,10,13,10,8,22,6,8,18,10,21,0,16,29,1,0,22,13,12,18,22,13,12,18,22,13,12,18,22,13,12,18,22,21,0,16,29,1,0,22,13,12,18,22,13,12,18,22,13,12,18,22,13,12,18,22,21,0,16,29,1,0,22,13,12,18,22,13,12,18,22,13,12,18,22,13,12,18,22,21,0,16,29,1,0,9,13,10,8,22,6,7,18,9,13,10,8,22,6,7,18,9,21,0,16,29,1,0,0,13,8,0,22,0,3,18,0,13,8,0,22,0,3,18,0,21,0,16,29,1,0,0,13,8,0,22,0,3,18,0,13,8,0,22,0,3,18,0,21,0,16,29,1,0,0,13,8,0,22,0,3,18,0,13,8,0,22,0,3,18,0,21,0,16,29,1,0,0,13,8,0,22,0,3,18,0,13,8,0,22,0,3,18,0,21,0,16,29,1,0,0,7,5,0,13,0,2,10,0,7,5,0,13,0,2,10,0,21,0,16,29,1,0,3,7,7,7,7,7,7,7,7,7,7,7,7,7,7,7,7,21,0,16,29,1,0,4,8,8,8,8,8,8,8,8,8,8,8,8,8,8,8,8,21,0,16,29,1,0,0,5,11,11,11,0,1,11,11,11,3,0,9,11,11,7,0,11,0,16,29,1,0,0,13,23,20,27,0,3,26,20,25,8,0,23,20,22,18,0
18,22,0,6,8,24,13,8,3,8,18,12,18,0,8,11,18,22,0,6,8,24,13,18,22,0,0,0,22,13,8,0,0,13,12,18,0,0,3,18,22,0,0,0,22,13,18,22,0,3,18,22,13,8,0,22,13,12,18,0,13,12,18,22,0,3,18,22,13,1,22,0,3,18,2,13,8,0,22,1,4,18,0,13,9,1,22,0,3,18,2,13,29,28,0,3,29,29,29,8,0,23,29,29,18,0,13,29,29,28,0,3,29,29,29,2,2,0,0,2,2,2,0,0,2,2,2,1,0,1,2,2,2,0,0,2,2,2,17,17,17,17,17,17,17,17,17,17,17,17,17,17,17,17,17,17,17,17,17,17,17,0,0,0,0,0,0,0,0,0,0,0,0,0,0,0,0,0,0,0,0,0,0,0,0,19,0,3,15,0,11,7,0,19,0,3,15,0,11,7,0,19,0,3,15,0,11,0,22,0,3,18,0,13,8,0,22,0,3,18,0,13,8,0,22,0,3,18,0,13,0,22,0,3,18,0,13,8,0,22,0,3,18,0,13,8,0,22,0,3,18,0,13,0,22,0,3,18,0,13,8,0,22,0,3,18,0,13,8,0,22,0,3,18,0,13,0,22,0,3,18,0,13,8,0,22,0,3,18,0,13,8,0,22,0,3,18,0,13,3,23,0,3,20,3,16,8,0,23,3,7,18,0,13,11,3,23,0,3,20,3,16,28,28,0,3,29,28,29,8,0,23,28,29,18,0,13,29,28,28,0,3,29,28,29,3,22,2,5,18,3,13,9,3,22,2,5,18,3,13,9,3,22,2,5,18,3,13,18,22,13,12,18,22,13,12,18,22,13,12,18,22,13,12,18,22,13,12,18,22,13,18,22,13,12,18,22,13,12,18,22,13,12,18,22,13,12,18,22,13,12,18,22,13,18,13,13,11,10,22,7,9,18,13,13,11,10,22,7,9,18,13,13,11,10,22,7,18,0,13,8,0,22,0,4,18,1,13,8,0,22,0,3,18,1,13,9,1,22,0,18,0,13,8,0,22,13,12,18,22,13,8,0,22,0,3,18,22,13,12,18,22,0,18,0,13,8,0,22,13,12,18,22,13,8,0,22,0,3,18,22,13,12,18,22,0,18,0,13,8,0,22,13,12,18,22,13,8,0,22,0,3,18,22,13,12,18,22,0
5,19,12,15,23,5,8,15,22,0,0,0,19,28,0,9,29,8,0,29,18,0,17,26,26,11,13,24,28,10,10,4,0,0,0,14,21,0,7,21,6,0,21,13,0,13,22,0,0,0,0,16,5,0,0,0,0,0,0,0,0,0,0,0,0,0,0,0,0,22,0,6,14,0,16,5,0,20,0,0,0,0,2,7,7,7,7,7,2,0,0,0,22,0,6,15,0,16,5,0,22,0,0,0,0,2,8,8,8,8,8,2,0,0,0,22,0,6,15,0,16,12,15,22,0,0,0,0,0,0,0,0,0,0,0,0,0,0,22,12,11,15,16,16,12,15,22,0,0,0,9,14,0,4,14,4,0,14,9,0,8,22,16,12,15,22,16,12,15,22,0,0,0,19,28,0,9,29,8,0,29,18,0,17,22,16,12,15,22,16,6,2,22,0,0,0,19,28,0,9,29,8,0,29,18,0,17,22,8,9,15,11,16,5,0,22,0,0,0,19,28,0,9,29,8,0,29,18,0,17,22,5,8,15,7,16,8,5,22,0,0,0,19,28,0,9,29,8,0,29,18,0,17,22,16,12,15,22,16,12,15,22,0,0,0,6,9,0,3,9,2,0,9,6,0,5,22,16,12,15,22,16,12,15,4,0,0,0,0,0,0,0,0,0,0,0,0,0,0,22,1,1,3,1,16,6,1,3,0,0,0,0,0,0,0,0,0,0,0,0,0,0,22,11,3,0,15,16,10,10,22,0,0,0,0,0,0,15,17,17,17,4,0,0,0,22,16,5,0,22,16,12,15,22,0,0,0,0,0,0,0,0,0,0,0,0,0,0,22,16,5,0,22,16,12,15,22,0,0,0,0,0,0,0,0,0,0,0,0,0,0,22,16,5,0,22,16,12,15,22,0,0,0,5,8,0,2,8,2,0,8,5,0,5,22,16,5,0,22,16,9,6,22,0,0,0,19,28,0,9,29,8,0,29,18,0,17,22,16,5,0,22,16,5,0,22,0,0,0,19,28,0,9,29,8,0,29,18,0,17,9,16,5,0,22,7,2,0,10,0,0,0,19,28,0,9,29,8,0,29,18,0,17,2,18,5,0,23,3,0,0,0,0,0,0,19,28,0,9,29,8,0,29,18,0,17,17,28,5,0,26,27,0,0,0,14,9,0,10,15,0,5,15,4,0,15,10,0,9
8,8,8,8,8,8,8,8,8,8,8,8,8,8,8,8,8,8,8,8,8,8,8,7,27,27,27,27,27,27,27,27,27,27,27,27,27,27,27,27,27,27,27,27,13,0,1,12,24,4,4,4,4,4,4,12,24,4,4,4,4,4,4,4,4,4,4,2,0,1,9,23,1,6,4,0,0,1,9,23,1,6,4,0,0,11,8,8,1,0,0,6,10,14,23,16,13,8,0,19,10,14,23,16,13,8,0,0,13,12,18,16,0,0,15,10,14,23,16,13,8,0,22,10,14,23,16,13,8,0,0,13,12,18,16,0,0,15,10,14,23,16,11,7,0,16,10,14,23,16,11,7,0,0,13,12,18,16,0,0,15,1,9,23,1,0,0,0,0,1,9,23,1,0,0,0,0,13,12,18,16,0,0,15,13,18,26,13,13,0,11,13,13,18,26,13,13,4,0,0,3,3,4,4,0,0,4,18,22,27,18,18,0,15,18,18,18,18,18,18,5,0,0,0,0,0,0,0,0,0,11,8,23,0,0,15,17,17,17,17,17,17,17,17,17,17,17,17,17,17,17,17,17,0,8,23,0,0,0,0,0,0,0,0,0,0,0,0,0,0,0,0,0,0,0,0,0,8,23,0,0,0,0,0,0,0,0,0,0,0,0,0,0,0,0,0,0,0,0,0,8,23,0,4,27,27,27,27,27,27,27,27,27,27,27,27,27,27,27,27,27,7,0,8,23,0,3,20,20,20,23,29,24,20,20,20,29,27,20,20,20,26,29,21,5,0,8,23,0,9,5,0,15,6,29,11,0,9,5,26,21,9,5,0,16,29,1,0,22,29,29,13,13,8,0,22,6,29,11,0,13,8,26,21,13,8,0,16,29,1,0,2,2,2,1,9,6,0,16,6,29,11,0,9,6,26,21,9,6,0,16,29,1,0,0,0,0,0,2,17,17,17,20,29,22,10,1,17,28,26,16,0,13,24,29,18,4,0,0,0,0,4,29,29,29,29,29,29,17,2,29,29,29,27,0,22,29,29,29,7,0,0,0,0,0,0,0,0,0,0,0,0,0,0,0,0,0,0,0,0,0,0,0,17,17,17,17,17,17,17,17,17,17,17,17,17,17,17,17,17,17,17,17,17,17,17,1,1,1,1,1,0,0,0,0,0,1,1,1,1,1,1,1,1,1,1,1,1,0
0,0,6,13,0,14,5,0,0,16,5,0,0,14,5,0,19,0,0,0,22,0,0,0,16,5,0,22,0,6,15,0,16,5,0,22,0,6,15,0,16,5,0,22,0,4,0,16,12,15,22,16,12,15,0,16,5,0,22,16,12,15,22,16,5,0,22,0,4,0,16,12,15,22,16,12,15,0,16,5,0,22,16,12,15,22,16,5,0,22,0,4,0,6,9,15,8,16,8,5,0,6,2,0,8,16,8,5,22,6,2,0,8,0,1,0,0,6,15,0,16,5,0,0,0,0,0,0,16,5,0,22,0,0,0,0,0,0,0,1,7,15,1,16,6,1,0,0,0,0,1,16,6,1,22,1,0,0,0,0,0,0,16,12,15,22,16,12,15,0,0,0,0,22,16,12,15,22,16,5,0,0,0,4,0,16,12,15,22,16,12,15,0,3,1,0,22,16,12,15,22,16,5,0,5,0,4,0,16,12,15,22,16,12,15,0,16,5,0,22,16,12,15,22,16,5,0,22,0,4,0,16,12,15,22,16,12,15,0,16,5,0,22,16,12,15,22,16,5,0,22,0,4,0,16,11,12,22,13,11,15,0,16,5,0,22,13,11,15,17,16,5,0,22,0,4,0,16,5,0,22,0,6,15,0,16,5,0,22,0,6,15,0,16,5,0,22,0,4,19,16,12,13,22,14,12,15,19,16,12,13,22,14,12,15,19,16,12,13,22,14,10,22,16,12,15,22,16,12,15,22,16,12,15,22,16,12,15,22,16,12,15,22,16,10,22,14,12,15,19,16,12,13,22,14,12,15,19,16,12,13,22,14,12,15,19,16,10,24,7,13,15,0,16,12,7,23,0,6,19,7,20,5,0,24,7,13,15,0,16,11,26,25,26,15,0,16,25,25,25,0,6,27,25,27,5,0,26,25,26,15,0,16,24,22,0,6,15,0,16,5,0,22,0,6,15,0,16,5,0,22,0,6,15,0,16,5,22,0,6,15,0,16,5,0,22,0,6,15,0,16,5,0,22,0,6,15,0,16,5,22,0,6,15,0,16,5,0,22,0,6,15,0,16,5,0,22,0,6,15,0,16,5,22,0,6,15,0,16,5,0,22,0,6,15,0,16,5,0,22,0,6,15,0,16,5,22,0,6,15,0,16,5,0,22,0,6,15,0,16,5,0,22,0,6,15,0,16,5
0,7,13,3,0,0,0,0,8,13,2,0,12,13,0,0,0,0,0,13,12,0,2,0,16,21,5,0,0,0,0,11,25,5,0,25,17,0,0,0,0,0,17,24,0,4,0,16,5,0,0,0,0,0,0,16,5,0,22,0,0,0,0,0,0,0,22,0,4,0,16,12,14,0,15,5,0,21,16,5,0,22,15,5,0,21,0,6,14,22,0,4,0,16,12,15,0,16,5,0,22,16,5,0,22,16,5,0,22,0,6,15,22,0,4,0,16,12,15,20,16,12,14,22,16,5,0,22,16,12,14,22,15,12,15,22,0,4,0,16,12,15,22,16,12,15,22,16,5,0,22,16,12,15,22,16,12,15,22,0,4,0,16,12,15,22,16,12,15,22,16,5,0,22,16,12,15,22,16,12,15,22,0,4,0,16,12,15,22,16,12,15,22,16,5,0,22,16,12,15,22,16,12,15,22,0,4,0,2,7,15,3,10,4,2,22,2,0,0,3,16,7,2,14,2,7,15,3,0,0,16,9,10,15,13,0,3,9,22,9,8,11,13,16,9,9,0,9,10,15,13,11,7,22,16,12,15,22,11,11,15,22,16,12,15,22,16,12,15,16,16,12,15,22,16,10,22,14,11,15,19,16,11,13,22,14,11,15,19,16,11,13,22,14,11,15,19,16,10,22,0,6,15,0,16,5,0,22,0,6,15,0,16,5,0,22,0,6,15,0,16,5,22,16,12,15,0,16,5,0,22,16,12,15,22,16,5,0,22,0,6,15,22,16,10,22,16,12,15,13,16,10,9,22,16,12,15,22,16,10,9,22,10,10,15,22,16,10,22,16,12,15,22,16,12,15,22,16,12,15,22,16,12,15,22,16,12,15,22,16,10,22,3,8,15,22,16,12,15,22,3,8,15,5,16,12,15,22,16,12,15,5,16,7,22,0,6,15,10,16,9,7,22,0,6,15,0,16,9,7,22,7,9,15,0,16,5,22,0,6,15,0,16,5,0,22,0,6,15,0,16,5,0,22,0,6,15,0,16,5,9,0,6,15,0,7,2,0,22,0,3,6,0,16,5,0,9,0,6,15,0,7,2,8,6,16,15,2,0,0,1,24,11,4,5,10,22,6,1,0,1,7,21,10,6,4,11,8,14,7,11,3,4,7,13,14,6,7,13,14,6,7,4,8,6,14,12,8,5
29,1,0,11,29,29,29,17,1,28,29,29,27,0,21,29,29,29,7,16,29,1,6,29,1,0,3,6,29,11,3,0,0,26,21,1,1,0,16,29,2,2,16,29,1,6,29,1,0,22,6,29,11,22,0,0,26,21,13,8,0,16,29,5,18,16,29,1,6,29,1,0,22,6,29,11,22,0,0,26,21,13,8,0,16,29,5,18,16,29,1,6,29,1,0,19,6,29,11,19,0,0,26,21,11,7,0,16,29,5,15,16,29,1,6,29,1,0,3,13,29,16,7,7,7,27,24,7,7,7,20,29,9,7,20,29,1,6,11,0,0,14,29,29,29,29,29,29,29,29,29,29,29,29,29,29,29,29,29,1,2,0,0,0,5,10,10,10,10,10,10,10,10,10,10,10,10,10,10,10,10,10,0,0,17,17,17,17,17,17,17,17,17,17,17,17,17,17,17,17,17,17,17,17,17,17,17,0,0,0,0,0,0,0,0,0,0,0,0,0,0,0,0,0,0,0,0,0,0,0,0,0,0,2,5,5,5,5,5,5,5,5,5,5,5,5,5,5,5,5,5,0,0,25,1,0,11,29,29,29,29,29,29,29,29,29,29,29,29,29,29,29,29,27,0,5,29,1,0,5,12,12,12,22,29,14,12,12,12,12,12,22,29,14,12,12,12,0,6,29,1,0,0,0,0,0,16,29,1,0,0,0,0,0,16,29,1,0,0,0,0,6,29,1,0,6,13,13,3,16,29,1,10,13,13,13,3,16,29,1,10,13,13,0,6,29,1,0,8,18,18,5,16,29,1,14,18,18,18,5,16,29,1,14,18,17,0,6,0,0,0,7,17,17,17,24,29,18,4,7,17,17,17,24,29,18,17,17,16,0,0,0,0,0,11,29,29,29,29,29,29,7,11,29,29,29,29,29,29,29,29,27,0,0,0,0,0,0,0,0,0,0,0,0,0,0,0,0,0,0,0,0,0,0,0,0,0,0,8,17,17,17,17,17,17,17,17,17,17,17,17,17,17,17,17,17,17,17,17,17,0,2,9,9,9,9,9,9,9,9,9,9,9,9,9,9,9,9,9,9,9,9,2,0,8,28,22,22,22,22,22,22,22,22,22,22,22,22,22,22,22,22,22,22,22,6,0,8,23,1,5,0,0,0,0,0,4,2,0,0,0,0,0,6,0,0,0,0,0
13,8,0,22,0,3,18,0,0,0,0,0,0,0,0,0,0,3,18,0,13,8,0,13,8,0,22,0,3,18,0,14,17,17,17,17,17,17,17,6,3,18,0,13,8,0,13,8,0,22,0,3,18,0,0,0,0,0,0,0,0,0,0,3,18,0,13,8,0,19,6,0,22,0,3,18,8,17,17,17,17,17,17,17,17,17,17,14,0,13,8,0,17,17,6,22,0,3,18,0,0,0,0,0,0,0,0,9,19,18,17,11,13,8,0,5,3,0,22,0,3,18,0,0,0,13,8,0,0,0,0,13,10,6,0,13,8,0,13,8,0,22,0,3,18,0,0,0,13,8,0,0,0,0,13,12,18,0,13,8,0,13,8,0,22,0,3,18,0,0,0,8,5,0,0,0,0,13,12,18,0,13,8,0,6,6,2,22,0,3,21,5,5,5,5,5,5,5,5,5,17,13,6,4,13,8,0,14,14,8,23,0,1,10,10,10,10,10,10,10,10,14,14,14,14,14,11,16,8,0,12,12,12,12,0,0,0,0,0,0,0,0,0,0,10,12,12,12,12,12,12,3,0,7,7,7,7,7,7,7,7,7,7,7,7,7,7,7,7,7,7,7,7,7,7,7,8,8,8,8,8,8,8,8,8,8,8,8,8,8,8,8,8,8,8,8,8,8,8,19,19,19,11,1,19,19,19,18,0,15,19,19,19,19,19,19,0,0,0,0,0,0,29,29,29,17,2,28,29,29,27,0,22,29,29,29,28,28,28,0,0,0,0,0,0,6,29,11,0,4,2,26,21,4,2,0,16,29,3,6,0,4,2,0,0,0,0,0,6,29,11,0,13,8,26,21,13,8,0,16,29,5,18,0,13,8,16,21,21,13,0,6,29,11,0,13,8,26,21,13,8,0,16,29,5,18,0,13,8,8,29,13,6,0,14,29,17,9,10,10,27,24,10,10,9,21,29,11,10,9,10,0,0,28,3,0,0,29,29,29,29,29,29,29,29,29,29,29,29,29,29,29,29,29,0,0,28,3,0,0,8,8,8,8,8,8,8,8,8,8,8,8,8,8,8,8,8,0,0,28,3,0,0,0,0,0,0,0,0,0,0,0,0,0,0,0,0,0,0,0,0,0,28,3,0,0,17,17,17,17,17,17,17,17,17,17,17,17,17,17,17,17,13,0,0,28,3,14,17
0,0,0,0,0,0,0,0,0,0,0,0,0,0,0,0,0,0,0,0,0,0,0,0,3,0,0,2,0,1,1,0,3,0,0,2,0,1,1,0,3,0,0,2,0,1,0,22,0,3,18,0,13,8,0,22,0,3,18,0,13,8,0,22,0,3,18,0,13,0,22,0,3,18,17,13,12,14,22,0,3,18,0,13,12,14,22,10,10,18,0,13,10,22,7,8,18,22,13,12,18,22,7,8,18,12,13,12,18,22,13,12,18,12,13,18,22,13,12,18,22,13,12,18,22,13,12,18,22,13,12,18,22,13,12,18,22,13,18,22,13,12,18,7,13,10,6,22,13,12,18,22,13,10,6,22,4,6,18,22,13,13,22,9,10,18,0,13,8,0,22,9,10,18,16,13,8,0,22,0,3,18,16,13,2,22,1,5,18,3,13,9,2,22,1,5,18,3,13,9,2,22,1,5,18,3,13,18,22,13,12,18,22,13,12,18,22,13,12,18,22,13,12,18,22,13,12,18,22,13,18,22,13,12,18,22,5,7,18,22,13,12,18,22,13,12,18,9,13,12,18,22,13,5,9,3,6,18,6,0,1,5,22,3,3,7,6,13,10,5,0,3,6,18,6,5,8,0,6,8,18,10,13,10,8,22,6,4,0,10,13,10,8,21,6,8,18,10,0,18,0,13,12,18,22,13,12,18,22,13,8,0,22,13,12,18,22,13,12,18,22,0,18,0,13,12,18,22,13,12,18,22,13,8,0,22,13,12,18,22,13,12,18,22,0,18,0,13,12,18,22,13,12,18,22,13,8,0,22,13,12,18,22,13,12,18,22,0,18,0,13,12,18,14,13,11,12,22,13,8,0,22,13,11,12,22,8,9,18,22,0,18,0,13,12,18,0,13,8,0,22,13,8,0,22,13,8,0,22,0,3,18,22,0,18,0,13,11,12,0,9,5,0,14,13,8,0,22,8,5,0,15,0,2,12,22,0,18,0,13,8,0,0,0,0,0,0,13,8,0,22,0,0,0,0,0,0,0,22,0,18,0,13,28,10,0,0,0,0,13,28,8,0,23,27,0,0,0,0,0,23,28,0,3,0,2,4,1,0,0,0,0,2,4,1,0,3,4,0,0,0,0,0,4,4,0,0,0,0,0,0,0,0,0,0,0,0,0,0,0,0,0,0,0,0,0,0,0,0
18,0,0,0,0,0,13,8,0,0,0,0,0,22,0,28,3,0,6,29,11,0,26,6,0,0,0,0,0,5,3,0,0,0,0,0,8,0,28,3,0,2,9,3,0,8,21,21,21,21,21,21,21,21,21,21,21,21,21,21,21,29,3,0,0,0,0,0,0,10,10,10,10,10,10,10,10,10,10,10,10,10,10,10,10,1,0,0,0,0,0,0,17,17,17,17,17,17,17,17,17,17,17,17,17,17,17,17,6,0,2,17,17,17,17,0,0,0,0,0,0,0,0,0,0,0,0,0,0,0,0,0,0,0,0,0,0,0,29,29,29,29,29,29,7,11,29,29,29,29,29,29,7,0,0,0,0,0,0,0,0,21,29,23,18,18,18,5,7,21,29,23,18,18,18,5,0,0,0,2,8,3,0,8,6,29,11,7,17,17,17,10,6,29,11,7,17,17,4,0,0,0,6,29,11,0,26,6,29,11,6,14,14,14,8,6,29,11,6,14,14,3,0,0,0,6,29,11,0,26,6,29,11,0,0,0,0,0,6,29,11,0,0,0,0,0,0,0,6,29,11,0,26,16,29,19,11,11,11,11,11,16,29,19,11,11,11,3,0,0,0,6,29,11,0,26,29,29,29,29,29,29,29,29,29,29,29,29,29,29,7,0,0,0,3,15,6,0,14,6,6,6,6,6,6,6,6,6,6,6,6,6,6,1,0,0,0,0,0,0,0,0,0,0,0,0,0,0,0,0,0,0,0,0,0,0,0,0,0,0,0,0,0,0,0,17,17,17,17,17,17,17,17,17,17,17,17,17,17,17,17,17,17,17,17,17,17,17,9,9,9,9,9,9,9,9,9,9,9,9,9,9,3,0,0,0,0,0,0,0,0,29,29,29,29,29,29,29,29,29,29,29,29,29,29,10,0,0,0,4,20,8,0,18,13,29,17,8,8,8,27,24,8,8,8,20,29,10,3,0,0,0,6,29,11,0,26,6,29,11,0,11,7,26,21,0,3,15,16,29,5,15,0,0,0,6,29,11,0,26,6,29,11,0,13,8,26,21,0,3,18,16,29,5,18,0,0,0,6,29,11,0,26,6,29,11,0,13,8,26,21,0,3,18,16,29,5,18,0,0,0,6,29,11,0,26,6,29,11,0,2,1,26,21,0,0,3,16,29,2,3,0,0,0,6,29,11,0,26
0,0,0,0,12,15,15,10,0,7,15,15,15,0,2,15,15,15,4,0,12,15,15,0,0,0,0,5,6,6,4,0,3,6,6,6,0,0,6,6,6,2,0,5,6,6,9,0,0,11,13,13,13,13,13,13,13,13,13,13,13,13,13,13,13,13,13,13,13,2,0,0,2,2,2,2,2,2,2,2,2,2,2,2,2,2,2,2,2,2,2,2,0,0,0,0,16,0,2,13,0,9,6,0,16,0,2,13,0,10,6,0,16,0,2,0,0,0,0,22,0,3,18,0,13,8,0,22,0,3,18,0,13,8,0,22,0,3,0,0,0,0,22,0,3,18,0,13,8,0,22,0,3,18,0,13,8,0,22,0,3,0,0,0,0,22,0,3,18,0,13,8,0,22,0,3,18,0,13,8,0,22,0,3,0,0,0,0,22,0,3,18,0,13,8,0,22,0,3,18,0,13,8,0,22,0,3,13,0,2,11,22,8,9,18,13,13,11,11,22,8,9,18,13,13,11,11,22,8,9,22,0,3,18,22,13,12,18,22,13,12,18,22,13,12,18,22,13,12,18,22,13,12,22,0,3,18,22,13,12,18,22,13,12,18,22,13,12,18,22,13,12,18,22,13,12,22,0,3,18,22,13,12,18,22,13,12,18,22,13,12,18,22,13,12,18,22,13,12,6,0,1,5,22,4,6,18,6,13,10,5,22,4,6,18,6,13,10,5,22,4,6,0,0,0,0,23,13,16,18,0,13,18,13,25,0,3,24,13,21,8,0,23,13,16,0,0,0,0,23,18,18,12,0,13,22,18,18,0,3,25,18,18,5,0,23,18,18,2,0,0,0,22,4,9,9,2,13,10,9,9,5,3,18,7,9,8,0,22,4,9,5,0,0,0,22,13,25,22,5,13,12,27,22,13,3,18,23,22,20,0,22,13,25,0,0,0,0,22,13,8,0,0,13,12,18,0,0,3,18,22,0,0,0,22,13,8,0,0,0,0,22,13,11,10,0,13,12,18,12,0,3,18,22,7,4,0,22,13,11,0,0,0,0,22,7,9,18,0,13,11,10,22,0,3,18,13,13,8,0,22,7,9,0,0,0,0,23,15,17,18,0,13,20,15,26,0,3,24,15,22,8,0,23,15,17,0,0,0,0,13,17,17,10,0,7,17,17,16,0,2,17,17,17,5,0,13,17,17
0,6,29,7,0,29,17,0,20,27,0,0,1,8,14,14,22,0,7,8,23,0,0,0,6,29,7,0,29,17,0,20,27,0,0,0,0,7,14,22,0,0,0,22,0,0,0,6,29,7,0,29,17,0,20,27,0,0,0,17,12,14,22,0,7,14,22,0,0,0,6,29,7,0,29,17,0,20,27,0,0,0,17,5,1,22,0,7,14,2,0,0,0,6,29,7,0,29,17,0,20,27,0,0,0,17,29,29,25,0,7,29,29,6,0,0,6,29,7,0,29,17,0,20,27,0,0,0,1,2,2,2,0,0,2,2,0,0,0,6,29,7,0,15,9,0,11,14,0,0,10,17,17,17,17,17,17,17,17,3,0,0,6,29,7,0,0,0,0,0,0,0,0,0,0,0,0,0,0,0,0,0,0,0,0,6,29,7,0,26,16,0,18,25,0,0,0,14,4,0,19,0,6,12,0,0,0,0,6,29,7,0,29,17,0,20,27,0,0,0,17,4,0,22,0,7,14,0,0,0,0,6,29,7,0,29,17,0,20,27,0,0,0,17,4,0,22,0,7,14,0,0,0,0,6,29,7,0,29,17,0,20,27,0,0,0,17,4,0,22,0,7,14,0,0,0,0,6,29,7,0,29,17,0,20,27,0,0,0,17,4,0,22,0,7,14,0,0,0,0,6,29,7,0,29,17,0,20,27,0,0,0,17,8,3,23,0,7,17,3,0,0,0,6,29,7,0,29,17,0,20,27,0,0,0,17,29,28,24,0,7,29,28,6,0,0,6,29,7,0,29,17,0,20,27,0,0,3,17,6,2,22,2,8,14,3,0,0,0,6,29,7,0,29,17,0,20,27,0,0,22,17,12,14,22,17,12,14,22,0,0,0,6,29,7,0,29,17,0,20,27,0,0,22,17,12,14,22,17,12,14,22,0,0,0,1,7,2,0,29,17,0,20,27,0,0,22,10,10,14,13,17,9,8,22,0,0,0,1,4,1,0,29,17,0,20,27,0,0,22,0,7,14,1,17,5,0,22,0,0,0,6,29,7,0,29,17,0,20,27,0,0,22,0,7,14,22,17,12,14,22,0,0,0,6,29,7,0,29,17,0,20,27,0,0,22,0,7,14,22,17,12,14,22,0,0,0,6,29,7,0,29,17,0,20,27,0,0,22,0,7,14,22,17,12,14,22,0,0
8,0,22,0,3,18,0,13,8,0,22,0,3,18,0,13,8,0,22,0,3,18,0,11,12,22,0,3,18,0,13,11,12,22,8,9,18,0,13,8,0,22,8,9,18,0,12,18,22,5,7,18,9,13,12,18,22,13,12,18,9,13,10,7,22,13,12,18,0,12,18,22,13,12,18,22,13,12,18,22,13,12,18,22,13,12,18,22,13,12,18,0,10,8,22,13,12,18,22,13,10,8,22,6,8,18,22,13,12,18,22,6,8,18,0,8,0,22,11,11,18,19,13,8,0,22,0,3,18,19,13,12,15,22,0,3,18,0,8,0,22,0,3,18,0,13,8,0,22,0,3,18,0,13,8,0,22,0,3,18,0,12,18,22,13,12,18,22,13,12,18,22,13,12,18,22,13,12,18,22,13,12,18,0,8,18,22,13,12,18,22,13,12,18,12,13,12,18,22,13,12,18,22,13,11,10,0,1,7,22,5,5,10,9,13,10,7,0,5,7,18,9,7,6,7,22,5,3,0,0,8,6,22,4,2,0,7,13,10,6,18,4,6,18,7,0,1,6,22,4,6,15,0,12,18,22,13,8,0,22,13,12,18,22,13,12,18,22,0,3,18,22,13,12,18,0,12,18,22,13,8,0,22,13,12,18,22,13,12,18,22,0,3,18,22,13,12,18,0,12,18,22,13,8,0,22,13,12,18,22,13,12,18,22,0,3,18,22,13,12,18,0,12,14,22,13,8,0,22,13,12,14,22,10,10,18,22,0,3,18,22,10,10,18,0,8,0,22,13,8,0,22,13,8,0,22,0,3,18,22,0,3,18,22,0,3,18,0,7,0,17,13,8,0,22,10,6,0,18,0,3,14,22,0,3,18,17,0,3,15,0,0,0,0,13,8,0,22,0,0,0,0,0,0,0,22,0,3,18,0,0,0,0,0,0,0,11,26,8,0,23,23,0,0,0,0,0,19,27,0,3,27,16,0,0,0,0,0,0,4,8,2,0,7,8,0,0,0,0,0,7,8,0,1,8,6,0,0,4,18,0,0,0,0,0,0,0,0,0,0,0,0,0,0,0,0,0,0,0,0,0,6,29,0,0,0,0,0,0,0,0,0,0,0,0,0,0,0,0,0,0,0,0,0,6,29,0,0,0,0,0,0,0,0,0,0,0,0,0,0,0,0,0,0,0,0,0,6,29
3,3,3,3,3,3,3,1,1,3,3,3,3,3,3,3,3,3,3,3,3,3,3,29,29,29,29,29,29,29,7,12,29,29,29,29,29,29,29,29,29,29,29,29,29,29,25,14,14,14,23,29,15,3,6,18,29,20,14,14,14,28,25,14,14,14,23,29,15,21,0,0,0,16,29,1,0,0,6,29,11,0,0,0,26,21,0,0,0,16,29,1,29,26,0,21,29,29,28,7,12,28,29,28,16,2,27,29,29,26,0,21,29,29,28,20,19,0,16,20,20,20,5,9,20,20,20,12,2,20,20,20,19,0,16,20,20,20,0,0,0,0,0,0,0,0,0,0,0,0,0,0,0,0,0,0,0,0,0,0,0,29,29,29,29,29,8,0,0,0,0,13,29,29,29,29,29,29,29,29,29,29,29,29,6,6,6,6,6,4,3,3,3,3,5,6,6,6,6,6,6,6,6,6,6,6,6,12,12,12,12,12,12,12,12,12,12,12,12,12,12,12,12,12,12,12,12,12,12,12,7,7,7,2,0,0,0,0,0,0,0,0,3,7,7,7,7,7,7,2,3,7,7,29,29,29,7,0,0,0,0,0,0,0,0,11,29,29,29,29,29,29,7,11,29,29,21,29,12,2,3,17,22,0,3,18,21,0,4,15,29,18,10,10,10,2,4,15,29,16,29,1,0,3,18,22,0,3,18,22,0,0,6,29,11,0,0,0,0,0,6,29,16,29,1,0,3,18,22,0,3,18,22,0,0,6,29,11,8,23,23,23,12,6,29,16,29,1,0,3,18,22,0,3,18,22,0,0,6,29,11,3,8,8,8,4,6,29,18,29,5,1,3,18,22,0,3,18,22,0,1,10,29,14,3,3,3,3,3,10,29,29,29,29,7,0,0,22,0,3,18,0,0,11,29,29,29,29,29,29,29,29,29,29,14,14,14,3,0,0,22,0,3,18,0,0,5,14,14,14,14,14,14,14,14,14,14,13,13,13,13,13,5,22,0,3,18,6,13,13,13,13,13,13,13,13,13,13,13,13,2,2,2,2,2,1,22,0,3,18,1,2,2,2,2,2,2,2,2,2,2,2,2,9,9,0,0,1,9,22,0,3,18,11,0,0,1,9,9,9,9,9,9,9,0,0,4,4,0,0,0,3,3,0,0,3,3,0,0,0,4,4,4,4,4,4,4,0,0
21,0,1,20,0,11,10,0,21,0,1,20,0,11,10,0,21,0,1,20,0,11,10,21,0,1,20,0,11,10,0,21,0,1,20,0,11,10,0,21,0,1,20,0,11,10,21,24,24,20,0,11,26,23,28,0,1,28,23,26,10,0,21,24,24,20,0,11,20,21,9,10,20,0,11,16,8,24,0,1,23,8,17,10,0,21,9,10,20,0,11,14,21,10,11,20,18,12,12,17,21,10,11,20,18,12,12,17,21,10,11,20,18,12,10,21,12,12,20,21,12,12,20,21,12,12,20,21,12,12,20,21,12,12,20,21,12,10,19,12,12,18,21,11,11,20,19,12,12,18,21,11,11,20,19,12,12,18,21,11,9,0,11,10,0,21,0,1,20,0,11,10,0,21,0,1,20,0,11,10,0,21,0,0,0,11,12,15,21,9,10,20,0,11,10,0,21,9,10,20,16,12,10,0,21,0,0,0,11,12,20,21,12,12,20,0,11,10,0,21,12,12,20,21,12,10,0,21,0,0,0,11,12,20,21,12,12,20,0,11,10,0,21,12,12,20,21,12,10,0,21,0,0,0,11,12,20,21,12,12,20,0,3,3,0,21,12,12,20,21,12,10,0,6,0,0,0,11,12,20,21,12,12,20,0,0,0,0,21,12,12,20,21,12,10,0,0,0,0,0,1,3,20,2,12,11,2,0,0,0,0,2,12,11,2,21,2,1,0,0,0,0,0,0,1,20,0,11,10,0,0,0,0,0,0,11,10,0,21,0,0,0,0,0,0,0,3,5,20,7,12,11,6,0,3,3,0,7,12,11,6,21,4,3,0,7,0,0,0,11,12,20,21,12,12,20,0,11,10,0,21,12,12,20,21,12,10,0,21,0,0,0,11,12,20,21,12,12,20,0,11,10,0,21,12,12,20,21,12,10,0,21,0,0,0,11,11,0,21,1,2,20,0,11,10,0,21,1,2,20,0,12,10,0,21,0,0,0,1,2,16,2,9,8,2,0,11,10,0,2,9,8,2,17,1,1,0,21,0,0,0,0,1,20,0,11,10,0,0,11,10,0,0,11,10,0,21,0,0,0,21,0,0,12,0,1,20,20,12,10,0,12,12,12,11,0,11,12,19,21,0,1,11,21,7,6,21,0,1,20,21,12,10,0,21,12,12,20,0,11,12,20,21,0,1,20,21,12,10
0,0,0,0,0,0,0,0,0,0,0,0,0,0,0,0,0,0,0,0,0,0,0,0,0,0,0,0,0,0,0,0,0,0,0,0,0,0,0,0,0,0,0,0,0,0,0,0,0,0,0,0,0,0,0,0,0,0,0,0,0,0,0,0,0,0,0,0,0,0,0,0,0,0,0,0,0,0,0,0,0,0,0,0,0,0,0,0,0,0,0,0,0,0,0,0,0,0,0,0,0,0,0,0,0,0,0,0,0,0,0,0,0,0,0,0,0,0,0,0,0,0,0,0,0,0,0,0,0,0,0,0,0,0,0,0,0,0,1,13,13,13,13,13,13,13,13,13,13,13,13,13,13,13,13,13,13,13,13,13,6,0,2,2,2,2,2,2,2,2,2,2,2,2,2,2,2,2,2,2,2,2,2,1,0,1,15,0,8,8,0,16,0,1,15,0,8,8,0,16,0,1,15,0,8,8,0,0,1,20,0,11,10,0,21,0,1,20,0,11,10,0,21,0,1,20,0,11,10,0,0,1,20,0,11,10,0,21,0,1,20,0,11,10,0,21,0,1,20,0,11,10,0,0,1,20,0,11,10,0,21,0,1,20,0,11,10,0,21,0,1,20,0,11,10,0,0,1,20,0,11,10,0,21,0,1,20,0,11,10,0,21,0,1,20,0,11,10,0,7,8,20,13,12,12,12,21,8,8,20,13,12,12,12,21,8,8,20,13,12,12,7,11,12,20,21,12,12,20,21,12,12,20,21,12,12,20,21,12,12,20,21,12,12,12,11,12,20,21,12,12,20,21,12,12,20,21,12,12,20,21,12,12,20,21,12,12,12,5,6,10,10,6,6,10,10,6,6,10,10,6,6,10,10,6,6,10,10,6,6,6,0,0,0,0,0,0,0,0,0,0,0,0,0,0,0,0,0,0,0,0,0,0,0,0,0,0,0,0,0,0,0,0,0,0,0,0,0,0,0,0,0,0,0,0,0,0,0,0,0,0,0,0,0,0,0,0,0,0,0,0,0,0,0,0,0,0,0,0,0,0,0,0,0,0,0,0,0,0,0,0,0,0,0,0,0,0,0,0,0,0,0,0,0,0,0,0,0,0,0,0,0,0,0,0,0,0,0,0,0,0,0,0,0,0,0,0,0,0,0,0,0,0,0,0,0,0,0,0,0,0,0,0,0,0,0,0,0,0
0,0,0,0,0,11,13,0,1,13,10,0,0,0,0,1,13,9,0,6,13,5,0,0,0,0,0,0,15,27,0,2,26,13,0,0,0,0,2,20,19,0,12,22,7,0,0,0,0,0,0,0,22,0,2,19,0,0,0,0,0,0,2,19,0,12,9,0,0,8,0,21,0,2,18,22,0,2,19,21,0,2,18,0,12,12,19,0,12,12,18,0,8,0,22,0,2,19,22,0,2,19,22,0,2,19,0,12,12,19,0,12,12,19,0,11,17,22,11,11,19,22,0,2,19,22,11,11,19,20,12,12,19,0,12,12,19,20,11,19,22,12,12,19,22,0,2,19,22,12,12,19,22,12,12,19,0,12,12,19,22,11,19,22,12,12,19,22,0,2,19,22,12,12,19,22,12,12,19,0,12,12,19,22,11,19,22,12,12,19,22,0,2,19,22,12,12,19,22,12,12,19,0,12,12,19,22,9,3,14,2,4,19,3,0,0,3,22,2,3,12,3,12,10,3,0,2,4,19,3,10,11,0,7,8,19,13,9,8,11,22,7,5,0,13,12,11,11,16,7,8,19,13,11,19,16,12,12,19,22,12,12,19,22,12,12,13,22,12,12,19,22,12,12,19,22,11,16,22,10,11,19,19,12,12,16,22,10,11,19,19,12,12,16,22,10,11,19,19,8,0,22,0,2,19,0,12,9,0,22,0,2,19,0,12,9,0,22,0,2,19,0,8,0,22,0,2,19,22,12,12,19,22,0,2,19,0,12,12,19,22,12,12,19,0,10,11,22,7,9,19,22,12,12,19,22,7,9,19,13,12,12,19,22,12,12,19,13,11,19,22,12,12,19,22,12,12,19,22,12,12,19,22,12,12,19,22,12,12,19,22,11,19,22,12,12,19,5,12,10,4,22,12,12,19,22,12,10,4,22,3,5,19,22,10,9,22,6,7,19,0,12,9,0,22,6,7,19,10,12,9,0,22,0,2,19,10,8,0,22,0,2,19,0,12,9,0,22,0,2,19,0,12,9,0,22,0,2,19,0,8,0,9,0,2,19,0,5,4,0,22,0,1,8,0,12,9,0,9,0,2,19,0,9,1,0,1,3,23,11,4,4,11,25,1,0,0,2,12,17,7,8,5,13,19,2,5,9,4,6,6,14,14,6,6,14,14,6,5,3,11,6,14,9,11,6,14,9,11
21,0,3,18,16,29,5,18,0,6,29,11,22,0,3,18,2,22,19,9,0,0,0,21,0,3,18,16,29,5,18,0,6,29,11,22,0,3,18,6,22,22,21,0,0,0,21,0,1,6,16,29,3,6,0,6,29,11,8,0,1,6,0,0,0,0,0,0,0,29,26,0,21,29,29,28,7,12,28,29,28,27,27,27,10,0,0,0,0,0,0,0,20,19,0,16,20,20,20,5,9,20,20,20,20,20,20,7,0,0,0,0,0,0,0,7,7,7,7,7,7,7,7,7,7,7,7,7,7,7,7,7,7,7,7,7,7,7,8,8,8,8,8,8,8,8,8,8,8,8,8,8,8,8,8,8,8,8,8,8,8,11,11,11,11,11,11,11,11,11,11,0,0,0,0,0,9,11,11,11,11,11,11,11,4,4,4,4,9,14,14,14,14,14,10,6,0,0,0,4,4,4,4,4,4,6,14,2,10,0,0,3,6,6,6,6,6,10,18,0,0,0,0,0,0,12,0,0,1,6,3,18,0,0,0,0,0,8,5,0,3,18,0,0,0,0,0,0,22,0,0,0,0,3,18,0,0,0,0,0,13,8,0,3,18,0,0,0,0,0,0,22,0,0,0,0,2,13,0,0,0,0,0,10,6,0,3,18,0,0,0,0,0,0,16,0,0,0,0,15,15,15,15,15,15,15,15,11,0,3,18,0,7,15,15,15,15,15,15,15,15,15,14,14,14,14,14,14,14,14,14,13,4,18,0,13,9,12,14,14,14,14,14,14,14,2,2,2,2,2,2,2,2,23,2,4,18,0,13,8,2,2,2,2,2,2,2,2,17,17,17,17,17,17,11,0,22,0,3,18,0,13,8,2,17,17,17,17,17,17,17,0,0,0,0,0,0,0,0,22,0,3,18,0,13,8,0,0,0,0,0,0,0,0,13,13,13,13,13,13,13,13,25,0,3,18,0,13,8,11,13,13,13,13,13,13,13,2,2,2,2,2,5,14,14,14,11,4,18,0,13,8,2,2,2,2,2,2,2,2,1,7,0,0,0,0,8,20,5,4,4,18,0,13,8,0,0,0,16,0,0,0,0,3,18,0,0,0,0,3,18,22,0,3,18,0,13,8,0,0,0,22,0,0,0,0,3,18,0,0,0,0,3,18,22,0,3,18,0,13,8,0,0,0,22,0,0,0,0
8,26,21,0,3,18,16,29,5,18,0,6,29,11,0,0,0,0,0,13,8,0,16,8,26,21,0,3,18,16,29,5,18,0,6,29,11,0,0,0,0,0,13,8,0,16,3,26,21,0,1,6,16,29,3,6,0,6,29,11,0,0,0,0,0,13,8,0,16,27,29,29,26,0,21,29,29,28,7,12,28,29,28,16,0,0,0,0,13,8,0,16,20,20,20,19,0,16,20,20,20,5,9,20,20,20,12,0,0,0,0,13,8,0,16,7,7,7,7,7,7,7,7,7,7,7,7,7,7,7,7,7,7,0,13,8,0,16,8,8,8,8,8,8,8,8,8,8,8,8,8,8,8,8,8,8,0,13,8,0,16,0,0,5,11,11,11,11,11,11,11,11,11,11,11,8,0,0,0,0,13,8,0,16,1,9,12,14,14,14,14,14,5,4,4,4,4,4,3,0,0,0,0,13,8,0,16,3,21,6,6,6,6,6,6,0,0,2,10,0,0,0,0,0,0,0,13,8,0,10,3,18,0,0,14,0,0,0,0,0,3,18,0,0,0,0,0,0,0,13,8,0,0,3,18,0,0,22,0,0,0,0,0,3,18,0,0,0,0,0,0,0,13,8,0,0,3,18,0,0,16,0,0,0,0,0,2,13,0,0,0,0,0,0,0,13,8,0,5,3,18,0,2,15,15,15,15,15,15,15,15,15,15,15,15,4,0,0,13,8,0,16,3,18,6,14,14,14,14,14,14,14,14,14,14,14,10,14,8,0,0,13,8,0,16,3,18,1,15,11,2,2,2,2,2,2,2,2,2,2,13,8,0,0,13,8,0,16,3,18,0,13,8,2,17,17,17,17,17,17,17,17,0,13,8,0,0,13,8,0,16,3,18,0,13,8,0,0,0,0,0,0,0,0,0,0,13,8,0,0,13,8,0,16,3,18,0,13,18,13,13,13,13,13,13,13,13,13,9,13,8,0,0,13,8,0,16,3,18,5,13,14,14,11,2,2,2,2,2,2,2,2,13,8,0,0,13,8,0,16,3,18,2,5,8,20,3,0,0,0,1,7,0,0,0,13,8,0,0,2,1,0,16,3,18,0,13,12,18,0,0,0,0,3,18,0,0,0,13,8,0,0,0,0,0,16,3,18,0,13,12,18,0,0,0,0,3,18,0,0,0,13,8,0,0,2,1,0,16
3,5,0,1,5,2,0,5,4,0,3,5,0,1,5,2,0,5,4,0,3,5,0,16,29,1,6,29,11,0,26,21,0,16,29,1,6,29,11,0,26,21,0,16,29,1,16,29,1,6,29,11,0,26,21,0,16,29,1,6,29,11,0,26,21,0,16,29,1,16,29,1,6,29,11,0,26,21,0,16,29,1,6,29,11,0,26,21,0,16,29,1,16,29,1,6,29,11,0,26,21,0,16,29,1,6,29,11,0,26,21,0,16,29,1,16,29,1,6,29,11,0,26,21,0,16,29,1,6,29,11,0,26,21,0,16,29,1,16,29,1,6,29,11,0,26,21,0,16,29,1,6,29,11,0,26,21,0,16,29,1,3,6,0,1,6,2,0,6,5,0,3,6,0,1,6,2,0,6,5,0,3,6,0,0,0,0,0,0,0,0,0,0,0,0,0,0,0,0,0,0,0,0,0,0,0,0,17,17,17,17,17,17,17,17,17,17,17,17,17,17,17,17,17,17,17,17,17,17,17,0,0,0,0,0,0,0,0,0,0,0,0,0,0,0,0,0,0,0,0,0,0,0,0,0,0,0,22,0,3,18,0,13,8,0,22,0,3,18,0,13,8,0,22,0,3,0,0,0,0,22,0,3,18,0,13,8,0,22,0,3,18,0,13,8,0,22,0,3,0,0,0,0,22,0,3,18,0,13,8,0,22,0,3,18,0,13,8,0,22,0,3,0,0,0,0,22,0,3,18,0,13,8,0,22,0,3,18,0,13,8,0,22,0,3,0,0,0,0,22,0,3,18,0,13,8,0,22,0,3,18,0,13,8,0,22,0,3,0,0,0,0,23,8,11,18,0,13,15,8,24,0,3,22,8,18,8,0,23,8,11,0,0,0,0,23,23,24,18,0,13,25,23,27,0,3,27,23,26,8,0,23,23,24,7,0,1,6,22,4,6,18,7,13,10,6,22,4,6,18,7,13,10,6,22,4,6,22,0,3,18,22,13,12,18,22,13,12,18,22,13,12,18,22,13,12,18,22,13,12,22,0,3,18,22,13,12,18,22,13,12,18,22,13,12,18,22,13,12,18,22,13,12,22,0,3,18,9,13,10,7,22,5,7,18,9,13,10,7,22,5,7,18,9,13,10,4,0,0,3,0,2,1,0,4,0,0,3,0,2,1,0,4,0,0,3,0,2,1
0,0,0,0,0,0,0,0,0,0,0,0,0,0,0,0,0,0,0,0,0,0,0,0,1,1,0,2,0,0,2,0,1,1,0,2,0,0,2,0,1,1,0,2,0,0,0,11,10,0,21,0,1,20,0,11,10,0,21,0,1,20,0,11,10,0,21,0,0,0,11,12,16,21,10,10,20,0,11,10,0,21,10,10,20,16,12,10,0,21,0,0,11,12,12,20,21,12,12,20,11,12,12,11,21,12,12,20,21,12,12,11,21,7,5,21,12,12,20,21,12,12,20,21,12,12,20,21,12,12,20,21,12,12,20,21,12,10,21,12,11,6,21,4,5,20,21,12,12,20,21,4,5,20,7,12,12,20,21,12,10,15,12,10,0,21,0,1,20,15,12,12,14,21,0,1,20,0,11,12,14,21,9,7,2,12,11,2,21,2,3,20,2,12,11,2,21,2,3,20,2,12,11,2,21,2,1,21,12,12,20,21,12,12,20,21,12,12,20,21,12,12,20,21,12,12,20,21,12,10,21,12,12,20,8,12,12,20,21,12,12,20,21,12,11,8,21,12,12,20,21,12,10,5,12,11,5,0,3,4,20,5,5,4,5,21,4,2,0,5,12,11,5,8,3,2,10,12,11,9,20,6,7,20,10,0,0,9,21,6,6,19,10,12,11,9,0,5,5,21,12,12,20,21,12,12,20,21,0,1,20,21,12,12,20,21,12,12,20,0,11,10,21,12,12,20,21,12,12,20,21,0,1,20,21,12,12,20,21,12,12,20,0,11,10,21,12,12,20,21,12,12,20,21,0,1,20,21,12,12,20,21,12,12,20,0,11,10,21,12,12,13,21,8,8,20,21,0,1,20,21,8,8,20,13,12,12,20,0,11,10,21,12,10,0,21,0,1,20,21,0,1,20,21,0,1,20,0,11,12,20,0,11,10,21,8,6,0,14,0,1,13,21,0,1,20,13,0,1,13,0,7,8,20,0,11,10,21,0,0,0,0,0,0,0,21,0,1,20,0,0,0,0,0,0,1,20,0,11,10,21,28,2,0,0,0,0,21,29,0,1,29,21,0,0,0,0,2,28,20,0,11,22,3,4,0,0,0,0,0,3,4,0,0,4,3,0,0,0,0,0,4,3,0,1,3,0,0,0,0,0,0,0,0,0,0,0,0,0,0,0,0,0,0,0,0,0,0,0
0,0,0,0,0,0,0,0,0,0,0,0,0,0,0,0,0,0,0,0,0,0,0,0,0,0,0,0,0,0,0,0,0,0,0,0,0,0,0,0,0,0,0,0,0,0,0,18,2,4,15,0,11,7,3,18,0,3,15,4,11,7,0,18,2,4,15,0,11,0,21,13,12,18,0,13,12,18,22,0,3,17,22,13,8,0,21,13,12,18,0,13,0,0,13,12,18,0,0,3,18,22,0,0,0,22,13,8,0,0,13,12,18,0,0,4,11,20,12,18,0,11,14,18,22,0,8,11,25,13,8,4,11,20,12,18,0,11,7,20,20,10,18,0,20,20,13,22,0,14,20,20,13,8,7,20,20,10,18,0,20,0,6,7,10,18,0,3,7,7,24,0,1,7,7,18,8,0,6,7,10,18,0,3,0,23,25,25,18,0,13,26,25,27,0,3,28,25,27,8,0,23,25,25,18,0,13,0,22,0,3,18,0,13,8,0,22,0,3,18,0,13,8,0,22,0,3,18,0,13,17,22,13,12,18,21,13,12,17,22,13,12,18,21,13,12,17,22,13,12,18,21,13,18,22,13,12,18,22,13,12,18,22,13,12,18,22,13,12,18,22,13,12,18,22,13,18,22,13,12,18,22,13,12,18,22,13,12,18,22,13,12,18,22,13,12,18,22,13,18,22,13,12,18,22,13,12,18,22,13,12,18,22,13,12,18,22,13,12,18,22,13,0,22,0,3,18,0,13,8,0,22,0,3,18,0,13,8,0,22,0,3,18,0,13,0,22,0,3,18,0,13,8,0,22,0,3,18,0,13,8,0,22,0,3,18,0,13,0,22,0,3,18,0,13,8,0,22,0,3,18,0,13,8,0,22,0,3,18,0,13,0,22,0,3,18,0,13,8,0,22,0,3,18,0,13,8,0,22,0,3,18,0,13,0,22,0,3,18,0,13,8,0,22,0,3,18,0,13,8,0,22,0,3,18,0,13,0,2,0,0,1,0,1,0,0,2,0,0,1,0,1,0,0,2,0,0,1,0,1,17,17,17,17,17,17,17,17,17,17,17,17,17,17,17,17,17,17,17,17,17,17,17,0,0,0,0,0,0,0,0,0,0,0,0,0,0,0,0,0,0,0,0,0,0,0,0,0,0,0,0,0,0,0,0,0,0,0,0,0,0,0,0,0,0,0,0,0,0
7,14,0,17,4,0,22,0,7,14,0,17,4,0,22,0,7,14,0,17,4,0,22,7,14,0,11,3,0,22,0,5,9,0,17,4,0,14,0,7,14,0,11,3,0,22,11,14,0,0,0,0,23,5,2,2,5,20,4,0,0,0,7,17,4,2,2,5,23,21,13,20,8,9,13,25,28,12,14,27,26,11,13,11,16,11,26,24,17,12,28,22,0,0,22,17,12,14,0,17,12,14,22,0,7,14,22,17,4,0,22,17,12,14,0,0,0,22,17,12,14,0,17,12,14,22,0,7,14,22,17,4,0,22,17,12,14,0,0,0,6,17,7,3,0,17,10,9,22,0,2,3,22,4,1,0,22,11,11,14,0,0,0,0,17,4,0,0,17,4,0,22,0,0,0,22,0,0,0,22,0,7,14,0,2,5,0,17,4,0,8,8,5,5,11,6,1,0,22,0,2,5,11,6,5,7,8,7,14,0,17,4,0,22,5,9,14,7,17,4,0,22,0,7,14,7,17,7,4,22,7,14,0,17,4,0,22,17,12,14,22,17,4,0,22,0,7,14,22,17,12,14,22,7,14,0,17,4,0,22,17,12,14,22,17,4,0,22,0,7,14,22,17,12,14,22,0,0,0,0,0,0,0,17,5,0,22,0,0,0,0,0,0,0,22,0,8,14,0,0,0,0,0,0,0,0,17,4,0,22,0,0,0,0,0,0,0,22,0,7,14,0,3,5,0,0,0,0,9,17,8,5,22,7,1,0,0,0,3,5,22,7,9,14,9,7,14,0,0,0,0,22,17,12,14,22,17,4,0,0,0,7,14,22,17,12,14,22,7,14,0,10,2,0,22,17,12,14,22,17,4,0,13,0,7,14,22,17,12,14,22,7,14,0,17,4,0,22,17,12,14,22,17,4,0,22,0,7,14,22,17,12,14,22,7,14,0,17,4,0,22,17,12,14,22,17,4,0,22,0,7,14,22,17,12,14,22,7,14,0,17,4,0,22,7,10,14,9,17,4,0,22,0,7,14,9,17,8,6,22,7,14,4,17,6,2,22,3,8,14,4,17,6,2,22,3,8,14,4,17,6,2,22,7,14,22,17,12,14,22,17,12,14,22,17,12,14,22,17,12,14,22,17,12,14,22,7,14,22,17,12,14,22,17,12,14,22,17,12,14,22,17,12,14,22,17,12,14,22
0,0,0,0,0,25,23,0,1,20,14,29,5,20,0,4,29,13,21,0,1,20,0,0,0,0,0,0,25,23,0,1,20,14,29,5,20,0,4,29,13,21,0,1,20,0,0,0,0,0,0,25,23,0,0,7,14,29,4,7,0,4,29,13,8,0,0,7,0,0,0,0,0,27,29,29,27,0,19,28,29,28,9,10,28,29,28,27,27,27,12,0,0,0,0,0,20,20,20,20,0,14,20,20,20,6,7,20,20,20,20,20,20,9,0,3,7,7,7,7,7,7,7,7,7,7,7,7,7,7,7,7,7,7,7,7,7,3,3,8,8,8,8,8,8,8,8,8,8,8,8,8,8,8,8,8,8,8,8,8,3,0,0,0,1,11,11,11,11,11,11,11,11,11,11,11,11,1,0,0,0,0,9,5,0,0,0,0,4,4,4,4,4,4,9,14,14,14,14,14,10,6,0,0,0,3,2,0,0,0,0,0,0,1,11,0,0,3,6,6,6,6,6,8,20,0,0,0,0,0,0,0,0,0,0,0,1,20,0,0,0,0,0,7,6,0,1,20,0,0,0,0,0,0,0,0,0,0,0,1,20,0,0,0,0,0,11,10,0,1,20,0,0,0,0,0,0,0,0,0,0,0,1,15,0,0,0,0,0,8,8,0,1,20,0,0,0,0,0,0,0,11,15,15,15,15,15,15,15,15,15,15,15,12,0,1,20,0,6,15,15,6,0,0,21,3,14,14,14,14,14,14,14,14,14,14,14,13,3,20,0,11,11,11,6,0,0,21,1,2,2,2,2,2,2,2,2,2,2,22,3,2,20,0,11,10,2,1,0,0,21,0,7,17,17,17,17,17,17,17,13,0,21,0,1,20,0,11,10,1,7,0,0,21,0,0,0,0,0,0,0,0,0,0,0,21,0,1,20,0,11,10,0,0,0,0,21,2,13,13,13,13,13,13,13,13,13,13,25,0,1,20,0,11,10,10,6,0,0,21,1,2,2,2,2,2,2,2,4,14,14,14,12,3,20,0,11,10,2,1,0,0,21,0,0,0,0,8,0,0,0,0,6,22,5,5,2,20,0,11,10,0,0,0,0,21,0,0,0,1,20,0,0,0,0,1,20,21,0,1,20,0,11,10,0,0,0,0,21,0,0,0,1,20,0,0,0,0,1,20,21,0,1,20,0,11,10,0,0
8,0,0,0,15,27,1,6,27,11,0,25,20,0,15,27,1,6,27,11,0,25,20,8,0,0,0,16,29,1,6,29,11,0,26,21,0,16,29,1,6,29,11,0,26,21,8,0,0,0,16,29,1,6,29,11,0,26,21,0,16,29,1,6,29,11,0,26,21,8,0,0,0,16,29,1,6,29,11,0,26,21,0,16,29,1,6,29,11,0,26,21,8,0,0,0,16,29,1,6,26,10,0,24,19,0,15,26,1,6,26,10,0,24,19,8,0,0,0,16,29,1,0,0,0,0,0,0,0,0,0,0,0,0,0,0,0,0,8,0,0,0,16,29,1,0,0,0,0,0,0,0,0,0,0,0,0,0,0,0,0,8,0,0,0,16,29,1,0,0,0,0,0,0,0,0,0,0,0,0,0,0,0,0,8,0,0,0,16,29,1,2,15,15,15,15,15,15,15,15,15,15,15,15,15,15,15,1,0,0,0,16,29,1,0,0,0,0,0,0,0,0,0,0,2,12,12,12,12,12,0,0,0,0,16,29,1,0,0,0,0,0,0,0,0,0,0,4,29,29,29,29,29,8,0,0,0,16,29,1,5,21,8,0,19,16,0,0,0,0,0,5,27,23,5,5,8,0,0,0,16,29,1,6,29,11,0,26,21,0,0,0,0,12,8,26,21,12,8,8,0,0,0,16,29,1,6,29,11,0,26,21,0,0,0,0,13,8,26,21,13,8,8,0,0,0,16,29,1,6,29,11,0,26,21,0,0,0,0,13,8,26,21,13,8,8,0,0,0,16,29,1,6,29,11,0,26,21,0,0,0,0,0,1,27,22,1,0,8,0,0,0,16,29,1,0,2,1,0,2,2,0,0,0,0,1,29,29,29,27,0,8,0,0,0,16,29,1,0,0,0,0,0,0,0,0,0,0,1,17,17,17,16,0,8,0,0,0,16,29,1,1,10,10,10,10,10,10,10,10,10,10,10,10,10,10,10,5,0,0,0,16,29,1,0,5,5,5,5,5,5,5,5,5,5,5,5,5,5,5,0,0,0,0,16,29,1,0,3,1,0,3,2,0,2,3,0,0,3,1,0,0,0,0,0,0,0,16,29,1,6,29,11,0,26,21,0,16,29,1,6,29,11,0,0,0,0,0,0,0,15,27,1,6,27,11,0,25,20,0,15,27,1,6,27,11,0,0,0
0,5,14,0,0,5,16,0,0,5,14,0,13,6,0,0,15,6,0,0,13,6,0,15,6,0,22,0,5,16,0,15,6,0,22,0,5,16,0,15,6,0,22,0,5,16,15,12,16,22,0,5,16,0,15,12,16,22,15,12,16,0,15,6,0,22,15,12,16,15,12,16,22,0,5,16,0,15,12,16,22,15,12,16,0,15,6,0,22,15,12,16,5,8,16,8,0,2,6,0,5,8,16,8,15,9,6,0,5,2,0,8,15,9,6,0,5,16,0,0,0,0,0,0,5,16,0,15,6,0,0,0,0,0,0,15,6,0,1,6,16,1,0,0,0,0,1,6,16,1,15,7,1,0,0,0,0,1,15,7,1,15,12,16,22,0,0,0,0,15,12,16,22,15,12,16,0,0,0,0,22,15,12,16,15,12,16,22,0,1,3,0,15,12,16,22,15,12,16,0,3,1,0,22,15,12,16,15,12,16,22,0,5,16,0,15,12,16,22,15,12,16,0,15,6,0,22,15,12,16,15,12,16,22,0,5,16,0,15,12,16,22,15,12,16,0,15,6,0,22,15,12,16,15,11,13,22,0,5,16,0,15,11,13,22,12,11,16,0,15,6,0,22,12,11,16,15,6,0,22,0,5,16,0,15,6,0,22,0,5,16,0,15,6,0,22,0,5,16,15,12,14,22,13,12,16,19,15,12,14,22,13,12,16,19,15,12,14,22,13,12,16,15,12,16,22,15,12,16,22,15,12,16,22,15,12,16,22,15,12,16,22,15,12,16,13,12,16,19,15,12,14,22,13,12,16,19,15,12,14,22,13,12,16,19,15,12,14,0,5,20,7,19,6,0,23,7,12,16,0,15,13,7,24,0,5,20,7,19,6,0,0,5,27,25,27,6,0,25,25,25,16,0,15,26,25,26,0,5,27,25,27,6,0,0,5,16,0,15,6,0,22,0,5,16,0,15,6,0,22,0,5,16,0,15,6,0,0,5,16,0,15,6,0,22,0,5,16,0,15,6,0,22,0,5,16,0,15,6,0,0,5,16,0,15,6,0,22,0,5,16,0,15,6,0,22,0,5,16,0,15,6,0,0,5,16,0,15,6,0,22,0,5,16,0,15,6,0,22,0,5,16,0,15,6,0,0,5,16,0,15,6,0,22,0,5,16,0,15,6,0,22,0,5,16,0,15,6,0
21,0,0,0,4,9,29,10,3,18,0,13,8,26,21,0,3,18,16,29,5,18,0,21,0,0,0,9,22,22,18,3,18,0,13,8,26,21,0,3,18,16,29,5,18,0,21,0,0,0,0,0,0,0,1,6,0,5,3,26,21,0,1,6,16,29,3,6,0,4,0,0,0,0,0,0,0,0,23,27,27,27,29,29,26,0,21,29,29,28,7,12,0,0,0,0,0,0,0,0,0,17,20,20,20,20,20,19,0,16,20,20,20,5,9,7,7,7,7,7,7,7,7,7,7,7,7,7,7,7,7,7,7,7,7,7,7,7,8,8,8,8,8,8,8,8,8,8,8,8,8,8,8,8,8,8,8,8,8,8,8,11,11,11,11,11,11,11,11,11,4,0,0,0,0,5,11,11,11,11,11,11,11,11,14,14,11,4,4,4,4,4,4,1,0,0,1,9,12,14,14,14,14,14,5,4,4,6,6,4,0,0,7,4,0,0,0,0,0,3,21,6,6,6,6,6,6,0,0,2,0,0,0,0,0,13,8,0,0,0,0,0,3,18,0,0,14,0,0,0,0,0,3,0,0,0,0,0,13,8,0,0,0,0,0,3,18,0,0,22,0,0,0,0,0,3,0,0,0,0,0,10,6,0,0,0,0,0,3,18,0,0,16,0,0,0,0,0,2,15,15,15,15,15,15,15,15,15,15,15,0,3,18,0,2,15,15,15,15,15,15,15,14,14,14,14,14,14,14,14,14,6,23,0,3,18,6,14,14,14,14,14,14,14,14,2,2,2,2,2,2,2,2,2,1,22,0,3,18,1,15,11,2,2,2,2,2,2,8,17,17,17,17,17,17,17,11,0,22,0,3,18,0,13,8,2,17,17,17,17,17,0,0,0,0,0,0,0,0,0,0,22,0,3,18,0,13,8,0,0,0,0,0,0,13,13,13,13,13,13,13,13,13,5,22,0,3,18,0,13,18,13,13,13,13,13,13,14,7,2,2,2,2,2,2,2,1,22,0,3,18,5,13,14,14,11,2,2,2,2,12,1,0,0,0,10,6,0,0,0,22,0,3,18,2,5,8,20,3,0,0,0,1,8,0,0,0,0,13,8,0,0,0,22,0,3,18,0,13,12,18,0,0,0,0,3,8,0,0,0,0,13,8,0,0,0,22,0,3,18,0,13,12,18,0,0,0,0,3
13,11,13,22,9,6,0,16,0,0,0,4,8,8,8,8,8,8,8,8,8,8,8,13,8,0,22,0,0,0,0,0,0,0,0,0,0,0,0,26,27,27,27,27,27,27,13,8,0,22,0,0,0,0,0,0,0,0,0,2,0,0,4,29,8,4,4,4,4,13,11,13,22,10,6,0,0,0,0,0,0,0,22,0,0,1,28,5,2,9,0,0,13,12,18,22,13,8,0,0,0,0,0,0,0,22,12,8,15,28,14,9,18,0,12,13,12,18,22,13,8,0,20,0,0,0,0,0,22,13,9,15,28,14,9,18,0,13,13,12,18,22,13,8,0,22,0,0,0,0,0,16,10,7,15,28,14,9,15,0,10,13,12,18,22,13,8,0,22,0,0,0,0,0,0,0,0,1,28,5,0,0,0,0,1,4,18,2,13,8,0,22,0,0,0,0,0,6,13,13,13,29,16,13,5,6,13,7,8,18,12,13,11,10,22,0,0,0,0,0,9,18,18,18,29,20,18,6,9,18,13,12,18,22,13,12,18,22,0,0,0,8,17,17,17,17,0,28,3,0,10,17,17,13,12,18,22,13,12,18,22,0,0,0,0,0,0,0,0,0,28,3,0,0,0,0,13,9,3,22,2,5,18,4,0,0,0,0,0,0,0,0,0,28,3,0,0,0,0,28,8,0,23,27,28,18,0,0,0,0,0,8,6,0,0,0,28,3,0,23,27,27,16,8,0,23,4,8,18,0,0,0,0,0,26,21,0,0,0,28,3,0,17,20,20,13,8,0,22,0,3,18,0,4,20,8,0,26,21,0,0,0,28,3,2,12,0,9,13,8,0,22,0,3,18,0,6,29,11,0,26,21,0,12,29,29,23,3,18,0,13,13,8,0,22,0,3,18,0,6,29,11,0,26,21,0,1,2,2,2,2,13,0,9,13,8,0,22,0,3,18,0,3,15,6,0,14,11,0,0,0,0,0,0,14,17,17,12,7,0,19,0,3,16,0,0,0,0,0,0,0,0,0,0,0,0,0,25,29,29,0,0,0,0,0,0,0,0,0,0,0,0,0,0,0,0,0,0,0,0,0,0,0,17,17,17,17,17,17,17,17,17,17,17,17,17,17,17,17,17,17,17,17,17,17,17,0,0,0,0,0,0,0,0,1,1,1,1,1,1,1,1,1,1,1,1,0,0,0
6,25,10,0,23,19,0,14,25,1,6,25,10,0,23,19,0,14,25,1,6,25,10,6,29,11,0,26,21,0,16,29,1,6,29,11,0,26,21,0,16,29,1,6,29,11,6,29,11,0,26,21,0,16,29,1,6,29,11,0,26,21,0,16,29,1,6,29,11,6,29,11,0,26,21,0,16,29,1,6,29,11,0,26,21,0,16,29,1,6,29,11,6,29,11,0,26,21,0,16,29,1,6,29,11,0,26,21,0,16,29,1,6,29,11,6,29,11,0,26,21,0,16,29,1,6,29,11,0,26,21,0,16,29,1,6,29,11,3,17,6,0,15,12,0,9,17,1,3,17,6,0,15,12,0,9,17,1,3,17,6,0,0,0,0,0,0,0,0,0,0,0,0,0,0,0,0,0,0,0,0,0,0,0,12,12,12,12,12,12,12,12,12,12,12,12,12,12,12,12,12,12,12,12,12,12,12,3,3,3,3,3,3,3,3,3,3,3,3,3,3,3,3,3,3,3,3,3,3,3,0,0,0,0,0,0,0,0,0,0,0,0,0,0,0,0,0,0,0,0,0,0,0,4,19,7,0,17,14,0,11,19,1,4,19,7,0,17,14,0,11,19,1,4,19,7,6,29,11,0,26,21,0,16,29,1,6,29,11,0,26,21,0,16,29,1,6,29,11,6,29,11,0,26,21,0,16,29,1,6,29,11,0,26,21,0,16,29,1,6,29,11,6,29,11,0,26,21,0,16,29,1,6,29,11,0,26,21,0,16,29,1,6,29,11,6,29,11,0,26,21,0,16,29,1,6,29,11,0,26,21,0,16,29,1,6,29,11,1,4,1,0,4,3,0,2,4,0,1,4,1,0,4,3,0,2,4,0,1,4,1,0,0,0,0,0,0,0,0,0,0,0,0,0,0,0,0,0,0,0,0,0,0,0,0,0,0,0,0,0,0,0,0,0,0,0,0,0,0,0,0,0,0,0,0,0,0,17,17,17,17,17,17,17,17,17,17,17,17,17,17,17,17,17,17,17,17,17,17,17,0,0,0,0,0,0,0,0,0,0,0,0,0,0,0,0,0,0,0,0,0,0,0,0,0,0,0,0,0,0,0,0,0,0,0,0,0,0,0,0,0,0,0,0,0,0,2,9,3,0,8,7,0,5,9,0,2,9,3,0,8,7,0,5,9,0,2,9,3
0,0,0,0,0,0,0,0,0,16,29,1,0,0,0,0,0,0,18,27,25,14,0,25,1,5,25,9,0,22,18,0,16,29,1,5,25,9,0,0,0,18,13,3,2,0,29,1,6,29,11,0,26,21,0,16,29,1,6,29,11,0,0,0,18,13,13,8,0,29,1,6,29,11,0,26,21,0,16,29,1,6,29,11,0,0,0,18,13,13,8,0,29,1,6,29,11,0,26,21,0,16,29,1,6,29,11,0,0,0,18,13,13,8,0,29,1,6,29,11,0,26,21,0,16,29,1,6,29,11,0,0,0,18,13,13,8,0,0,0,0,0,0,0,0,0,0,0,0,0,0,0,0,0,0,0,18,13,4,2,0,0,0,0,0,0,0,0,0,0,0,0,0,0,0,0,0,0,0,18,26,23,14,0,0,0,0,0,0,0,0,0,0,0,0,0,0,0,0,0,0,0,5,8,8,5,0,17,17,17,17,17,17,17,17,17,17,17,17,17,17,17,17,17,17,17,17,17,17,17,0,0,0,0,0,0,0,0,0,0,0,0,0,0,0,0,0,0,0,0,0,0,0,0,0,0,0,0,0,0,0,0,0,0,0,0,0,0,0,0,0,0,0,0,0,0,18,1,4,18,7,0,17,13,0,10,18,1,4,18,7,0,17,13,0,10,18,1,4,29,1,6,29,11,0,26,21,0,16,29,1,6,29,11,0,26,21,0,16,29,1,6,29,1,6,29,11,0,26,21,0,16,29,1,6,29,11,0,26,21,0,16,29,1,6,29,1,6,29,11,0,26,21,0,16,29,1,6,29,11,0,26,21,0,16,29,1,6,29,1,6,29,11,0,26,21,0,16,29,1,6,29,11,0,26,21,0,16,29,1,6,5,0,1,5,2,0,5,4,0,3,5,0,1,5,2,0,5,4,0,3,5,0,1,0,0,0,0,0,0,0,0,0,0,0,0,0,0,0,0,0,0,0,0,0,0,0,7,7,7,7,7,7,7,7,7,7,7,7,7,7,7,7,7,7,7,7,7,7,7,8,8,8,8,8,8,8,8,8,8,8,8,8,8,8,8,8,8,8,8,8,8,8,0,0,0,0,0,0,0,0,0,0,0,0,0,0,0,8,27,27,26,0,0,0,0,29,1,6,29,11,0,26,21,0,16,29,1,0,0,0,8,24,4,4,0,0,0,6
29,29,29,17,1,28,29,29,27,0,21,29,29,29,7,0,0,0,6,29,11,0,26,6,29,11,0,1,1,26,21,0,0,2,16,29,2,2,0,0,0,6,29,11,0,26,6,29,11,0,13,8,26,21,0,3,18,16,29,5,18,0,0,0,6,29,11,0,26,6,29,11,0,13,8,26,21,0,3,18,16,29,5,18,0,0,0,6,29,11,0,26,6,29,11,0,11,7,26,21,0,3,15,16,29,5,15,0,0,0,6,29,11,0,26,13,29,16,7,7,7,27,24,7,7,7,20,29,9,2,0,0,0,6,29,11,0,26,29,29,29,29,29,29,29,29,29,29,29,29,29,29,10,0,0,0,2,11,4,0,10,10,10,10,10,10,10,10,10,10,10,10,10,10,10,4,0,0,0,0,0,0,0,0,17,17,17,17,17,17,17,17,17,17,17,17,17,17,17,17,17,17,17,17,17,17,17,0,0,0,0,0,0,0,0,0,0,0,0,0,0,0,0,0,0,0,0,0,0,0,5,5,5,5,5,5,5,5,5,5,5,5,5,5,1,0,0,0,0,0,0,0,0,29,29,29,29,29,29,29,29,29,29,29,29,29,29,7,0,0,0,5,25,9,0,22,16,29,19,12,12,12,12,12,16,29,19,12,12,12,3,0,0,0,6,29,11,0,26,6,29,11,0,0,0,0,0,6,29,11,0,0,0,0,0,0,0,6,29,11,0,26,6,29,11,6,13,13,13,8,6,29,11,6,13,13,3,0,0,0,6,29,11,0,26,6,29,11,8,18,18,18,11,6,29,11,8,18,18,5,0,0,0,6,29,11,0,26,20,29,22,17,17,17,4,7,20,29,22,17,17,17,4,0,0,0,0,0,0,0,0,29,29,29,29,29,29,7,11,29,29,29,29,29,29,7,0,0,0,0,0,0,0,0,0,0,0,0,0,0,0,0,0,0,0,0,0,0,0,0,0,0,0,0,0,0,0,17,17,17,17,17,17,17,17,17,17,17,17,17,17,17,17,6,0,2,17,17,17,17,9,9,9,9,9,9,9,9,9,9,9,9,9,9,9,9,1,0,0,0,0,0,0,22,22,22,22,22,22,22,22,22,22,22,22,22,22,22,29,3,0,0,0,0,0,0,5,0,0,0,0,0,4,2,0,0,0,0,0,6,0,28,3,0,4,18,7,0,17
0,16,5,0,2,13,5,1,18,1,0,0,22,0,0,1,18,1,6,12,2,0,4,0,16,5,0,0,16,5,0,22,0,0,0,22,0,0,0,22,0,6,15,0,0,4,13,16,9,9,0,16,12,14,22,0,3,9,22,9,3,0,22,15,12,15,0,9,8,22,16,12,15,0,16,12,15,22,0,6,15,22,16,5,0,22,16,12,15,0,16,10,22,16,12,15,5,19,12,15,23,5,8,15,22,16,7,5,23,16,12,18,5,16,10,14,3,5,10,26,26,11,13,24,28,10,10,4,10,10,28,23,14,11,26,25,10,4,0,0,0,0,22,0,0,0,0,16,5,0,0,0,6,15,0,0,0,0,22,0,0,0,15,5,0,22,0,6,14,0,16,5,0,20,0,6,15,0,15,5,0,22,0,4,0,16,5,0,22,0,6,15,0,16,5,0,22,0,6,15,0,16,5,0,22,0,4,22,16,12,15,22,0,6,15,0,16,12,15,22,16,12,15,0,16,5,0,22,16,10,22,16,12,15,22,12,11,15,16,16,12,15,22,16,12,15,16,16,11,11,22,16,10,22,16,12,15,22,16,12,15,22,16,12,15,22,16,12,15,22,16,12,15,22,16,10,3,16,6,2,22,16,12,15,22,16,6,2,22,2,7,15,22,16,12,15,22,2,5,0,16,5,0,22,8,9,15,11,16,5,0,22,0,6,15,11,16,9,7,22,0,4,7,16,8,5,22,5,8,15,7,16,8,5,22,5,8,15,7,16,8,5,22,5,6,22,16,12,15,22,16,12,15,22,16,12,15,22,16,12,15,22,16,12,15,22,16,10,22,3,8,15,22,16,12,15,22,16,12,15,4,16,12,15,22,16,12,15,22,16,6,1,2,1,1,22,1,1,3,1,16,6,1,3,1,7,15,1,3,1,1,22,1,1,15,16,10,10,22,11,3,0,15,16,10,10,22,11,10,15,15,0,4,10,22,11,8,22,16,12,15,22,16,5,0,22,16,12,15,22,16,12,15,22,0,6,15,22,16,10,22,16,12,15,22,16,5,0,22,16,12,15,22,16,12,15,22,0,6,15,22,16,10,22,16,12,15,22,16,5,0,22,16,12,15,22,16,12,15,22,0,6,15,22,16,10,9,16,9,6,22,16,5,0,22,16,9,6,22,7,9,15,22,0,6,15,22,7,7
9,3,3,2,3,18,3,3,3,0,0,0,3,18,3,3,3,0,22,1,3,3,0,12,29,28,16,3,18,23,28,26,0,0,0,3,18,23,28,26,0,22,13,29,28,6,12,18,0,0,3,18,22,0,0,0,0,0,3,18,22,0,0,0,22,13,8,0,0,12,18,7,0,3,18,22,4,2,0,0,0,3,18,22,4,2,0,22,13,10,6,0,12,14,22,0,3,18,17,13,8,0,0,0,3,18,17,13,8,0,22,10,10,18,0,15,9,25,0,3,22,9,19,8,0,0,0,3,22,9,19,8,0,23,9,12,18,0,22,22,22,0,3,22,22,22,6,0,0,0,3,22,22,22,6,0,18,22,22,14,0,0,0,0,0,0,0,0,0,0,0,0,0,0,0,0,0,0,0,0,0,0,0,0,17,17,17,17,17,17,17,17,17,6,0,2,17,17,17,17,17,17,17,17,17,17,17,1,0,4,0,0,3,0,2,1,0,0,0,0,3,0,2,1,0,4,0,0,3,0,8,0,22,0,3,18,0,13,8,0,0,0,3,18,0,13,8,0,22,0,3,18,0,8,0,22,0,3,18,0,13,8,0,0,0,3,18,0,13,8,0,22,0,3,18,0,8,0,22,0,3,18,0,13,8,0,0,0,3,18,0,13,8,0,22,0,3,18,0,8,0,22,0,3,18,0,13,8,0,0,0,3,18,0,13,8,0,22,0,3,18,0,9,1,22,0,4,18,1,13,9,1,0,0,4,18,1,13,9,1,22,0,4,18,1,12,18,22,13,12,18,22,13,12,18,0,13,12,18,22,13,12,18,22,13,12,18,22,12,18,22,13,12,18,22,13,12,18,0,13,12,18,22,13,12,18,22,13,12,18,22,12,18,22,13,12,18,22,13,12,18,0,13,12,18,22,13,12,18,22,13,12,18,22,12,15,22,11,11,18,19,13,12,15,0,11,11,18,19,13,12,15,22,11,11,18,19,8,0,22,0,3,18,0,13,8,0,0,0,3,18,0,13,8,0,22,0,3,18,0,28,27,28,0,3,29,27,28,8,0,0,0,3,29,27,28,8,0,23,27,28,18,0,4,4,23,0,0,4,4,16,8,0,0,0,0,4,4,16,8,0,3,4,8,18,0,23,15,22,0,16,23,23,13,8,0,0,0,16,23,23,13,8,8,23,23,11,18,0
21,5,3,20,21,12,10,4,22,12,12,21,4,11,12,20,21,2,6,20,21,12,12,20,28,12,13,5,8,9,29,27,11,11,27,29,8,7,4,14,12,28,19,19,12,21,0,11,10,0,0,0,1,20,0,0,0,0,21,0,0,0,0,11,10,0,0,0,0,0,11,10,0,19,0,1,20,0,10,9,0,21,0,1,18,0,11,10,0,19,0,0,0,11,10,0,21,0,1,20,0,11,10,0,21,0,1,20,0,11,10,0,21,0,0,0,11,12,19,21,12,12,20,0,11,10,0,21,12,12,20,20,12,10,0,21,0,0,15,12,12,20,21,12,12,20,15,12,12,14,21,12,12,20,21,12,12,14,21,9,7,21,12,12,20,21,12,12,20,21,12,12,20,21,12,12,20,21,12,12,20,21,12,10,21,12,11,3,21,2,3,20,21,12,12,20,21,2,3,20,3,12,12,20,21,12,10,11,12,10,0,21,0,1,20,11,12,12,11,21,0,1,20,0,11,12,11,21,7,5,6,12,11,6,21,4,5,20,6,12,11,6,21,4,5,20,6,12,11,6,21,4,3,21,12,12,20,21,12,12,20,21,12,12,20,21,12,12,20,21,12,12,20,21,12,10,21,12,12,20,5,12,12,20,21,12,12,20,21,12,11,4,21,12,12,20,21,12,10,2,12,11,2,2,1,3,20,2,2,2,2,21,2,1,2,2,12,11,2,5,1,1,13,12,12,13,21,8,8,20,13,0,1,13,21,8,8,20,13,12,12,13,0,7,6,21,12,12,20,21,12,12,20,21,0,1,20,21,12,12,20,21,12,12,20,0,11,10,21,12,12,20,21,12,12,20,21,0,1,20,21,12,12,20,21,12,12,20,0,11,10,21,12,12,20,21,12,12,20,21,0,1,20,21,12,12,20,21,12,12,20,0,11,10,21,12,11,9,21,6,7,20,21,0,1,20,21,6,7,20,10,12,12,20,0,11,10,21,12,10,0,21,0,1,20,21,0,1,20,21,0,1,20,0,11,12,20,0,11,10,21,6,5,0,10,0,0,9,21,0,1,20,10,0,0,10,0,5,7,20,0,11,10,21,3,0,0,0,0,0,2,22,0,1,21,2,0,0,0,0,0,4,20,0,11,12,21,29,2,0,0,0,0,22,29,0,1,29,22,0,0,0,0,2,29,20,0,11,22
3,3,3,3,3,3,3,3,3,3,3,3,3,3,3,0,3,3,3,3,3,3,3,29,29,29,29,29,29,29,29,29,29,29,29,29,29,27,0,22,29,29,29,29,29,29,14,23,29,15,14,14,18,29,20,14,14,14,28,25,13,0,11,23,29,15,14,14,18,0,16,29,1,0,0,6,29,11,0,0,0,26,21,0,0,0,16,29,1,0,0,6,21,29,29,28,7,12,28,29,28,16,2,27,29,29,26,0,21,29,29,28,7,12,28,16,20,20,20,5,9,20,20,20,12,2,20,20,20,19,0,16,20,20,20,5,9,20,0,0,0,0,0,0,0,0,0,0,0,0,0,0,0,0,0,0,0,0,0,0,0,29,29,29,29,29,29,29,29,29,29,29,29,28,0,0,0,0,0,23,29,29,29,29,6,6,6,6,6,6,6,6,6,6,6,6,6,3,3,3,3,3,6,6,6,6,6,12,12,12,12,12,12,12,12,12,12,12,12,12,12,12,12,12,12,12,12,12,12,12,7,7,7,0,5,7,7,7,7,7,7,0,0,0,0,0,0,0,0,0,5,7,7,29,29,27,0,21,29,29,29,29,29,27,0,0,0,0,0,0,0,0,0,21,29,29,28,24,10,0,8,10,10,10,28,24,10,0,13,12,18,0,13,12,17,0,8,21,29,26,21,0,0,0,0,0,0,26,21,0,0,13,12,18,0,13,12,18,0,0,16,29,26,21,0,23,23,23,20,0,26,21,0,0,13,12,18,0,13,12,18,0,0,16,29,26,21,0,8,8,8,7,0,26,21,0,0,13,12,18,0,13,12,18,0,0,16,29,27,23,3,3,3,3,3,3,27,23,3,0,13,12,18,0,13,12,18,0,2,18,29,29,29,29,29,29,29,29,29,29,29,27,0,0,3,18,0,13,8,0,0,21,29,29,14,14,14,14,14,14,14,14,14,14,13,0,0,3,18,0,13,8,0,0,10,14,14,13,13,13,13,13,13,13,13,13,13,13,13,13,4,18,0,13,8,11,13,13,13,13,2,2,2,2,2,2,2,2,2,2,2,2,2,4,18,0,13,8,2,2,2,2,2,0,0,4,9,9,9,9,9,9,6,0,0,6,8,18,0,13,10,9,0,0,4,9,1,0,2,4,4,4,4,4,4,3,0,0,2,2,3,0,2,2,3,0,0,2,4
22,0,3,18,0,13,8,0,22,0,3,18,0,13,8,0,22,0,3,18,0,13,8,22,0,3,18,0,13,8,0,22,0,3,18,0,13,8,0,22,0,3,18,0,13,8,27,0,3,27,23,26,8,0,23,23,24,18,0,13,25,23,27,0,3,27,23,26,8,24,0,3,22,8,18,8,0,23,8,11,18,0,13,15,8,24,0,3,22,8,18,8,22,11,11,18,19,13,12,15,22,11,11,18,19,13,12,15,22,11,11,18,19,13,12,22,13,12,18,22,13,12,18,22,13,12,18,22,13,12,18,22,13,12,18,22,13,12,20,13,12,17,22,12,12,18,20,13,12,17,22,12,12,18,20,13,12,17,22,12,12,0,13,8,0,22,0,3,18,0,13,8,0,22,0,3,18,0,13,8,0,22,0,3,16,13,11,13,22,0,3,18,0,13,11,13,22,10,10,18,0,13,8,0,22,10,10,22,13,12,18,22,0,3,18,0,13,12,18,22,13,12,18,0,13,8,0,22,13,12,22,13,12,18,22,0,3,18,0,13,12,18,22,13,12,18,0,13,8,0,22,13,12,22,13,12,18,22,0,1,5,0,13,12,18,22,13,12,18,0,4,2,0,22,13,12,22,13,12,18,22,0,0,0,0,13,12,18,22,13,12,18,0,0,0,0,22,13,12,22,1,5,18,3,0,0,0,0,1,5,18,3,13,9,2,0,0,0,0,3,13,9,22,0,3,18,0,0,0,0,0,0,3,18,0,13,8,0,0,0,0,0,0,13,8,22,4,6,18,7,0,1,6,0,4,6,18,7,13,10,6,0,4,2,0,7,13,10,22,13,12,18,22,0,3,18,0,13,12,18,22,13,12,18,0,13,8,0,22,13,12,22,13,12,18,22,0,3,18,0,13,12,18,22,13,12,18,0,13,8,0,22,13,12,0,13,9,0,22,0,3,18,0,13,9,0,22,0,4,18,0,13,8,0,22,0,4,18,1,4,15,2,0,3,18,0,1,4,15,2,11,7,1,0,13,8,0,2,11,7,22,0,3,18,0,0,3,18,0,0,3,18,0,13,8,0,0,13,8,0,0,13,8,22,13,12,18,0,7,9,18,13,0,3,18,21,13,8,0,13,13,11,10,0,13,12,22,13,12,18,0,13,12,18,22,0,3,18,22,13,8,0,22,13,12,18,0,13,12
10,13,1,0,0,0,0,10,13,0,0,13,10,0,0,0,0,1,13,9,0,5,10,21,19,1,0,0,0,0,14,27,0,1,26,14,0,0,0,0,1,19,20,0,11,18,21,0,0,0,0,0,0,0,21,0,1,20,0,0,0,0,0,0,1,20,0,11,10,21,12,10,0,20,0,1,19,21,0,1,20,20,0,1,19,0,11,12,20,0,11,10,21,12,10,0,21,0,1,20,21,0,1,20,21,0,1,20,0,11,12,20,0,11,10,21,12,12,18,21,11,11,20,21,0,1,20,21,11,11,20,19,12,12,20,0,11,10,21,12,12,20,21,12,12,20,21,0,1,20,21,12,12,20,21,12,12,20,0,11,10,21,12,12,20,21,12,12,20,21,0,1,20,21,12,12,20,21,12,12,20,0,11,10,21,12,12,20,21,12,12,20,21,0,1,20,21,12,12,20,21,12,12,20,0,11,10,3,12,11,3,13,2,3,20,3,0,0,3,21,2,3,13,3,12,11,3,0,1,1,12,12,12,11,0,6,8,20,12,8,8,11,21,7,6,0,12,12,12,11,15,7,6,21,12,12,20,15,12,12,20,21,12,12,20,21,12,12,14,21,12,12,20,21,12,10,18,12,12,17,21,10,11,20,18,12,12,17,21,10,11,20,18,12,12,17,21,10,9,0,11,10,0,21,0,1,20,0,11,10,0,21,0,1,20,0,11,10,0,21,0,0,21,12,10,0,21,0,1,20,21,12,12,20,21,0,1,20,0,11,12,20,21,12,10,21,12,12,12,21,8,8,20,21,12,12,20,21,8,8,20,13,12,12,20,21,12,10,21,12,12,20,21,12,12,20,21,12,12,20,21,12,12,20,21,12,12,20,21,12,10,5,12,12,20,21,12,12,20,5,12,11,4,21,12,12,20,21,12,11,4,21,3,2,0,11,11,9,21,6,7,20,0,11,10,0,21,6,7,20,10,12,10,0,21,0,0,0,11,10,0,21,0,1,20,0,11,10,0,21,0,1,20,0,11,10,0,21,0,0,0,11,10,0,9,0,1,20,0,5,4,0,21,0,0,9,0,11,10,0,9,0,0,8,19,11,2,0,1,3,24,11,4,4,11,25,2,1,0,2,12,18,8,8,5,9,10,14,6,10,4,6,6,14,14,6,6,14,14,6,5,4,10,6,14,10,10,6,11
26,0,3,25,18,24,8,0,23,18,20,18,0,13,22,18,26,0,3,25,18,24,8,22,1,5,18,3,13,9,2,22,1,5,18,3,13,9,2,22,1,5,18,3,13,9,22,13,12,18,22,13,12,18,22,13,12,18,22,13,12,18,22,13,12,18,22,13,12,22,13,12,18,22,13,12,18,22,13,12,18,22,13,12,18,22,13,12,18,22,13,12,22,13,12,18,22,13,12,18,22,13,12,18,22,13,12,18,22,13,12,18,22,13,12,22,10,10,18,17,13,12,14,22,10,10,18,17,13,12,14,22,10,10,18,17,13,12,22,0,3,18,0,13,8,0,22,0,3,18,0,13,8,0,22,0,3,18,0,13,8,22,0,3,18,0,13,8,0,22,0,3,18,0,13,8,0,22,0,3,18,0,13,8,22,0,3,18,0,13,8,0,22,0,3,18,0,13,8,0,22,0,3,18,0,13,8,22,0,3,18,0,13,8,0,22,0,3,18,0,13,8,0,22,0,3,18,0,13,8,20,0,3,17,0,12,8,0,20,0,3,17,0,12,8,0,20,0,3,17,0,12,8,0,0,0,0,0,0,0,0,0,0,0,0,0,0,0,0,0,0,0,0,0,0,0,17,17,17,17,17,17,17,17,17,17,17,17,17,17,17,17,17,17,17,17,17,17,17,1,0,0,1,1,1,0,0,1,1,1,1,0,0,1,1,1,0,0,1,1,1,0,28,0,3,29,29,29,8,0,23,29,29,18,0,13,29,29,28,0,3,29,29,29,8,23,0,3,19,2,14,8,0,23,1,5,18,0,13,9,2,23,0,3,19,2,14,8,22,0,3,18,22,13,8,0,22,13,12,18,0,13,12,18,22,0,3,18,22,13,8,22,0,0,1,22,13,8,0,1,13,12,18,0,0,4,18,22,0,0,1,22,13,8,22,0,5,7,24,13,8,2,7,18,12,18,0,7,10,18,22,0,5,7,24,13,8,22,0,17,25,24,13,8,9,25,25,11,18,0,25,25,15,22,0,17,25,24,13,8,23,0,0,3,3,16,8,0,3,3,7,18,0,1,3,3,23,0,0,3,3,16,8,28,0,3,29,28,29,8,0,23,28,29,18,0,13,29,28,28,0,3,29,28,29,8,22,0,3,18,0,13,8,0,22,0,3,18,0,13,8,0,22,0,3,18,0,13,8
26,0,3,25,18,24,8,0,23,18,20,18,0,13,22,18,26,0,3,25,18,24,8,22,1,5,18,3,13,9,2,22,1,5,18,3,13,9,2,22,1,5,18,3,13,9,22,13,12,18,22,13,12,18,22,13,12,18,22,13,12,18,22,13,12,18,22,13,12,22,13,12,18,22,13,12,18,22,13,12,18,22,13,12,18,22,13,12,18,22,13,12,22,13,12,18,22,13,12,18,22,13,12,18,22,13,12,18,22,13,12,18,22,13,12,22,10,10,18,17,13,12,14,22,10,10,18,17,13,12,14,22,10,10,18,17,13,12,22,0,3,18,0,13,8,0,22,0,3,18,0,13,8,0,22,0,3,18,0,13,8,22,0,3,18,0,13,8,0,22,0,3,18,0,13,8,0,22,0,3,18,0,13,8,22,0,3,18,0,13,8,0,22,0,3,18,0,13,8,0,22,0,3,18,0,13,8,22,0,3,18,0,13,8,0,22,0,3,18,0,13,8,0,22,0,3,18,0,13,8,20,0,3,17,0,12,8,0,20,0,3,17,0,12,8,0,20,0,3,17,0,12,8,0,0,0,0,0,0,0,0,0,0,0,0,0,0,0,0,0,0,0,0,0,0,0,17,17,17,17,17,17,17,17,17,17,17,17,17,17,17,17,17,17,17,17,17,17,17,1,0,0,1,1,1,0,0,1,1,1,1,0,0,1,1,1,0,0,1,1,1,0,28,0,3,29,29,29,8,0,23,29,29,18,0,13,29,29,28,0,3,29,29,29,8,23,0,3,19,2,14,8,0,23,1,5,18,0,13,9,2,23,0,3,19,2,14,8,22,0,3,18,22,13,8,0,22,13,12,18,0,13,12,18,22,0,3,18,22,13,8,22,0,0,1,22,13,8,0,1,13,12,18,0,0,4,18,22,0,0,1,22,13,8,22,0,5,7,24,13,8,2,7,18,12,18,0,7,10,18,22,0,5,7,24,13,8,22,0,17,25,24,13,8,9,25,25,11,18,0,25,25,15,22,0,17,25,24,13,8,23,0,0,3,3,16,8,0,3,3,7,18,0,1,3,3,23,0,0,3,3,16,8,28,0,3,29,28,29,8,0,23,28,29,18,0,13,29,28,28,0,3,29,28,29,8,22,0,3,18,0,13,8,0,22,0,3,18,0,13,8,0,22,0,3,18,0,13,8
0,0,0,0,0,0,0,0,0,0,0,0,0,0,0,0,0,0,0,0,0,0,0,0,0,9,15,1,0,0,7,4,0,12,0,2,10,0,7,4,0,12,0,2,10,0,9,0,16,29,1,0,0,13,12,17,22,0,3,18,21,13,8,0,22,13,12,18,0,21,0,16,29,1,0,0,2,5,18,22,0,0,3,22,13,8,0,4,13,12,18,0,21,0,12,21,1,0,0,3,7,18,22,0,2,3,23,13,8,1,3,16,12,18,0,21,0,0,0,0,0,0,28,28,18,22,0,20,28,28,13,8,10,28,28,12,18,0,21,0,11,20,1,0,0,0,0,0,22,0,0,0,0,13,8,0,0,0,3,18,0,21,0,16,29,1,0,0,13,29,29,28,0,3,29,29,29,8,0,23,29,29,18,0,21,0,16,29,1,0,0,13,11,2,23,0,3,20,2,15,8,0,23,2,6,18,0,21,0,16,29,1,0,15,13,11,12,22,9,9,18,15,13,11,12,22,9,9,18,15,21,0,16,29,1,0,22,13,12,18,22,13,12,18,22,13,12,18,22,13,12,18,22,21,0,16,29,1,0,22,13,12,18,22,13,12,18,22,13,12,18,22,13,12,18,22,21,0,16,29,1,0,22,13,12,18,22,13,12,18,22,13,12,18,22,13,12,18,22,21,0,16,29,1,0,5,13,9,4,22,3,6,18,5,13,9,4,22,3,6,18,5,21,0,16,29,1,0,0,13,8,0,22,0,3,18,0,13,8,0,22,0,3,18,0,21,0,16,29,1,0,0,13,8,0,22,0,3,18,0,13,8,0,22,0,3,18,0,21,0,16,29,1,0,0,13,8,0,22,0,3,18,0,13,8,0,22,0,3,18,0,21,0,16,29,1,0,0,13,8,0,22,0,3,18,0,13,8,0,22,0,3,18,0,21,0,16,29,1,0,0,5,3,0,8,0,1,6,0,5,3,0,8,0,1,6,0,21,0,16,29,1,0,6,13,13,13,13,13,13,13,13,13,13,13,13,13,13,13,13,16,0,16,29,1,0,1,2,2,2,2,2,2,2,2,2,2,2,2,2,2,2,2,0,0,9,17,1,0,0,0,0,0,0,0,0,0,0,0,0,0,0,0,0,0,0,0,0,0,0,0,0,0,0,0,0,0,0,0,0,0,0,0,0,0,0,0,0,0
0,0,0,16,29,1,0,22,6,29,11,22,0,0,26,21,13,8,0,22,0,15,25,0,0,0,16,29,1,0,22,6,29,11,22,0,0,26,21,13,8,0,22,0,22,22,0,0,0,16,29,1,0,8,6,29,11,8,0,0,26,21,5,3,0,8,0,0,0,0,0,21,29,29,28,7,12,28,29,28,16,2,27,29,29,27,27,27,19,0,0,0,0,0,16,20,20,20,5,9,20,20,20,12,2,20,20,20,20,20,20,14,0,0,0,7,7,7,7,7,7,7,7,7,7,7,7,7,7,7,7,7,7,7,7,7,7,7,8,8,8,8,8,8,8,8,8,8,8,8,8,8,8,8,8,8,8,8,8,8,8,0,0,9,11,11,11,11,11,11,11,11,11,11,11,4,0,0,0,0,5,11,11,11,0,0,4,4,4,4,4,4,6,14,14,14,14,14,11,9,0,0,0,2,4,4,4,0,0,0,0,0,12,0,0,1,6,6,6,6,6,6,24,0,0,0,0,0,0,7,0,0,0,0,0,22,0,0,0,0,0,2,12,0,0,22,0,0,0,0,0,0,13,0,0,0,0,0,22,0,0,0,0,0,3,18,0,0,22,0,0,0,0,0,0,13,0,0,0,0,0,16,0,0,0,0,0,2,13,0,0,22,0,0,0,0,0,0,10,7,15,15,15,15,15,15,15,15,15,15,15,15,0,0,22,0,2,15,15,15,15,15,13,9,12,14,14,14,14,14,14,14,14,14,14,14,5,22,0,3,19,7,14,14,14,13,8,2,2,2,2,2,2,2,2,2,2,15,11,1,22,0,3,18,1,2,2,2,13,8,2,17,17,17,17,17,17,17,17,0,13,8,0,22,0,3,18,0,14,17,17,13,8,0,0,0,0,0,0,0,0,0,0,13,8,0,22,0,3,18,0,0,0,0,13,8,11,13,13,13,13,13,13,13,13,13,21,8,0,22,0,3,18,6,13,13,13,13,8,2,2,2,2,2,2,2,2,13,14,14,12,4,22,0,3,18,1,2,2,2,13,8,0,0,0,9,0,0,0,0,4,24,5,5,1,22,0,3,18,0,0,0,10,13,8,0,0,0,22,0,0,0,0,0,22,13,8,0,22,0,3,18,0,0,0,13,13,8,0,0,0,22,0,0,0,0,0,22,13,8,0,22,0,3,18,0,0,0,13
