0,0,0,0,0,0,0,0,0,0,0,0,0,0,0,0,0,0,0,0,0,0,0,0,0,0,0,0,0,0,0,-11,7,0,0,0,-8,0,0,0,0,19,-3,-21,15,0,0,0,0,0,0,0,0,0,-40,15,7,0,0,0,-8,0,21,0,-15,0,-10,2,9,29,0,0,-8,0,0,0,0,0,0,-6,29,0,0,0,0,0,0,0,0,0,0,0,0,0,0,0,-11,0,0,0,0,0,0,0,0,0,0,11,-11,0,0,0,0,0,0,0,0,0,0,11,0,0,0,0,0,0,0,0,0,0,0,0,0,0,0,0,0,0,0,0,0,0,0,0
0,0,0,0,0,0,0,0,0,0,0,0,0,0,0,0,0,0,0,0,0,0,0,0,-11,0,0,0,0,0,0,0,0,0,0,11,-11,0,0,0,0,0,0,0,0,0,0,11,0,0,0,0,0,0,0,0,0,0,0,0,0,0,-30,4,0,0,0,0,0,0,0,8,0,0,-40,20,-14,0,-9,21,-13,0,0,8,0,0,-40,20,0,0,-41,18,5,0,-17,8,0,0,-10,5,0,0,-4,-18,12,0,0,0,0,0,0,0,0,0,2,-10,5,0,0,0,-8,0,0,0,0,0,0,0,0,0,0,8,0,0,0,0,0,0,0,0,0,0,0,0
0,0,0,0,0,0,0,0,0,0,0,0,-10,0,0,0,0,0,0,0,0,0,0,10,-11,0,0,0,0,0,0,0,0,0,0,11,0,0,0,0,0,0,0,0,0,0,0,0,0,0,0,-3,0,0,0,0,0,0,0,0,-15,39,1,-44,2,0,0,0,0,0,0,8,-16,43,5,-4,-22,8,-10,18,0,0,0,0,-12,33,5,0,-12,10,-44,25,0,0,0,0,0,-4,1,16,0,0,-21,12,0,0,0,0,0,0,0,0,0,0,0,0,0,0,0,0,-10,0,0,0,0,0,0,0,0,0,0,10,-1,0,0,0,0,0,0,0,0,0,0,1
0,0,0,0,0,0,0,0,0,0,0,0,-8,0,0,0,0,0,0,0,0,0,0,8,-11,0,0,0,0,0,0,0,0,0,0,11,-11,0,0,0,0,0,0,0,0,0,0,11,0,0,0,0,0,0,-13,0,0,0,0,8,-8,0,0,0,0,0,0,0,0,0,0,8,0,0,0,0,-17,0,-9,18,0,0,0,8,0,0,0,0,0,0,-38,24,0,28,0,0,0,0,0,0,0,0,-3,2,0,17,0,0,0,0,0,0,0,0,0,-22,0,0,0,8,0,0,0,0,0,0,0,0,0,0,0,0,0,0,0,0,0,0,0,0,0,0,0,0
-1,0,0,0,0,0,0,0,0,0,0,1,-11,0,0,0,0,0,0,0,0,0,0,11,-8,15,0,0,0,0,0,0,0,0,0,0,0,0,0,0,-9,20,0,0,0,0,0,0,0,0,0,0,-20,43,0,0,-22,0,0,8,0,0,0,4,-15,10,0,18,0,0,0,0,0,0,0,-2,0,0,0,0,15,0,0,0,0,0,0,3,0,0,0,0,0,0,0,0,-8,0,0,0,0,0,0,0,0,0,0,8,-11,0,0,0,0,0,0,0,0,0,0,11,-11,0,0,0,0,0,0,0,0,0,0,11,0,0,0,0,0,0,0,0,0,0,0,0
0,0,0,0,0,0,0,0,0,0,0,0,-8,0,0,0,0,0,0,-4,10,0,1,0,-8,0,-10,30,0,0,0,-17,41,0,0,0,0,0,-45,40,0,0,-3,-15,41,3,-40,15,0,0,-4,4,0,0,-42,13,41,15,-44,16,0,0,0,0,-14,0,-10,19,11,15,-12,4,-8,0,0,0,0,0,0,0,0,23,0,0,0,0,0,0,0,0,0,0,0,0,0,0,-11,0,0,0,0,0,0,0,0,0,0,11,-11,0,0,0,0,0,0,0,0,0,0,11,0,0,0,0,0,0,0,0,0,0,0,0,0,0,0,0,0,0,0,0,0,0,0,0
0,0,0,0,0,0,0,3,-5,0,0,0,-8,0,0,0,0,12,0,28,-43,1,0,8,-8,0,4,-19,0,0,22,7,-26,1,0,0,0,0,-25,0,0,0,0,0,0,0,21,0,0,0,0,0,0,0,0,0,0,0,0,0,-11,0,0,0,0,0,0,0,0,0,0,11,-11,0,0,0,0,0,0,0,0,0,0,11,0,0,0,0,0,0,0,0,0,0,0,0,0,0,0,0,0,0,0,0,0,0,0,0,-8,0,0,0,0,0,0,-5,0,0,0,0,0,0,0,0,0,0,0,-26,0,0,0,0,0,0,0,0,0,0,0,-3,0,0,0,0
0,0,0,0,0,0,0,0,0,0,0,0,-4,0,0,0,0,0,0,0,0,0,0,0,0,0,0,0,0,0,0,0,0,0,0,0,-10,0,0,0,0,0,0,0,0,0,0,10,-11,0,0,0,0,0,0,0,0,0,0,11,0,0,0,0,0,0,0,0,0,0,0,0,0,0,0,-16,14,0,3,0,0,0,0,0,-8,0,0,-4,31,0,0,-15,0,0,21,0,0,-3,-15,0,0,0,0,20,0,0,0,0,-8,-20,12,-9,0,0,0,0,0,7,0,0,0,-4,1,0,0,0,-22,0,0,0,0,8,0,0,0,0,0,0,0,0,0,0,0,0
0,0,0,0,0,0,0,0,0,0,0,0,0,0,0,0,0,0,0,0,0,0,0,0,0,0,0,0,0,0,0,0,0,0,0,0,-11,0,0,0,0,0,0,0,0,0,0,11,-11,0,0,0,0,0,0,0,0,0,0,11,0,0,0,0,-10,20,0,0,-6,10,0,8,0,0,0,0,-22,21,0,0,-2,33,0,0,0,0,0,0,-10,20,-24,10,0,0,0,8,-8,0,0,0,0,0,-2,33,0,0,0,0,0,0,0,0,0,0,0,0,0,0,-2,1,0,0,0,0,0,0,0,0,0,0,-28,16,0,0,0,0,0,0,0,0,0,0,-2,1
0,0,0,0,0,0,0,0,0,0,0,0,-8,0,0,0,19,0,0,0,0,0,0,0,-11,0,0,0,0,0,0,0,0,0,0,11,-11,0,0,0,0,0,0,0,0,0,0,11,0,-20,15,0,0,0,0,0,0,0,-29,8,0,-44,16,22,-10,-15,7,0,0,0,-32,0,0,-20,16,0,0,0,0,-18,9,32,-32,0,-8,0,0,0,0,0,0,-6,29,26,-32,0,0,0,0,0,0,0,0,0,0,7,-27,0,0,0,0,0,0,0,0,0,0,0,0,0,-8,0,0,0,19,0,0,0,0,0,0,0,0,0,0,0,0,0,0,0,0,0,0,0
0,0,0,0,0,0,0,0,0,0,0,0,0,0,0,0,0,0,0,0,0,0,0,0,-11,0,0,0,0,0,0,0,0,0,0,11,-11,0,0,0,0,0,0,0,0,0,0,11,-8,0,0,0,0,0,-6,28,0,0,0,0,-8,0,22,0,0,-4,-18,9,0,0,0,8,0,0,-15,21,-1,-22,13,0,0,0,0,0,-8,0,-12,40,-2,-4,-1,3,0,0,0,0,0,0,-15,22,-24,0,-28,38,0,0,0,0,0,0,0,0,-28,0,-31,9,0,0,0,8,0,0,0,0,-4,0,-13,0,0,0,0,0,0,0,0,0,0,0,0,0,0,0,0,0
0,0,0,0,0,0,0,0,0,0,0,1,0,0,0,0,0,0,0,0,-18,0,0,15,0,0,0,0,0,0,0,0,-31,4,-14,15,0,0,0,0,0,0,0,0,-29,0,-31,12,0,0,0,0,0,0,0,0,-4,0,-13,0,-11,0,0,0,0,0,0,0,0,0,0,11,-11,0,0,0,0,0,0,0,0,0,0,11,0,0,0,0,0,0,0,0,0,0,0,0,0,0,0,0,0,0,0,0,0,0,0,0,-8,0,3,-20,0,0,0,2,0,0,0,0,0,0,-26,0,0,0,0,0,-1,0,22,0,0,0,0,0,0,0,0,0,0,0,0,0
0,0,0,0,0,0,0,0,0,0,0,0,-8,0,0,0,0,0,0,0,0,0,0,8,0,0,0,-10,0,0,22,0,0,2,0,0,0,0,0,0,0,0,26,0,-4,24,0,0,-8,0,0,2,0,0,12,0,-3,5,0,8,-8,0,0,0,0,0,0,0,0,0,0,8,0,0,0,0,0,0,0,0,0,0,0,0,-11,0,0,0,0,0,0,0,0,0,0,11,-11,0,0,0,0,0,0,0,0,0,0,11,0,0,0,0,0,0,0,0,0,0,0,0,0,0,0,0,0,0,0,0,0,0,0,0,0,0,0,0,0,0,0,0,0,0,0,0
0,0,0,0,0,0,0,0,0,0,0,0,0,0,0,0,0,0,0,0,0,0,0,0,-8,0,0,0,16,0,0,0,0,-12,0,0,0,0,-22,0,0,0,0,8,0,-26,-9,8,0,0,0,0,0,0,0,-11,0,-22,16,0,0,0,0,0,0,0,0,-3,-22,0,0,8,0,0,0,0,0,0,0,0,0,0,0,0,0,0,0,0,0,0,0,0,0,0,0,0,-11,0,0,0,0,0,0,0,0,0,0,11,-11,0,0,0,0,0,0,0,0,0,0,11,0,0,-22,0,0,0,33,0,-32,3,0,8,0,0,0,0,0,0,5,0,-5,1,0,0
0,0,0,0,0,0,0,0,0,0,0,0,-4,0,0,0,0,10,0,0,0,0,0,0,-7,0,0,0,0,17,0,0,0,0,0,0,-16,0,0,0,0,40,0,0,0,0,0,0,-2,0,0,0,0,7,0,0,0,0,0,0,0,0,0,0,0,0,0,0,0,0,0,0,0,0,0,0,0,0,0,0,0,0,0,0,-4,0,0,0,0,10,0,0,0,0,0,0,-4,0,0,0,0,10,0,0,0,0,0,0,-4,0,0,0,0,10,0,0,0,0,0,0,-4,0,0,0,0,10,0,0,0,0,0,0,0,0,0,0,0,0,0,0,0,0,0,0
-1,0,0,0,0,4,0,0,0,0,0,0,-2,0,0,0,0,7,0,0,0,0,0,0,0,0,0,0,0,0,0,0,0,0,0,0,-4,0,0,0,0,10,0,0,0,0,0,0,-4,-3,0,0,8,10,0,0,0,0,0,0,-4,-3,0,0,9,10,0,0,0,0,0,0,-4,0,0,0,0,10,0,0,0,0,0,0,0,0,0,0,0,0,0,0,0,0,0,0,-2,0,0,0,0,6,0,0,0,0,0,0,-16,0,0,0,0,40,0,0,0,0,0,0,-2,0,0,0,0,7,0,0,0,0,0,0,0,0,0,0,0,0,0,0,0,0,0,0
0,0,0,0,0,0,0,0,0,0,0,0,0,0,0,0,0,-11,0,0,0,0,0,8,0,0,0,0,0,0,0,0,0,0,0,0,0,0,0,0,0,0,0,0,0,0,0,0,-12,0,0,0,0,0,0,0,0,0,0,12,-9,0,0,0,0,0,0,0,0,0,0,9,-8,0,0,0,0,0,0,0,0,0,0,8,0,0,0,0,0,0,0,0,0,0,0,0,-8,0,0,0,0,0,0,0,0,0,0,8,0,0,0,0,0,0,13,0,0,0,0,8,-8,0,0,0,0,0,29,0,0,-22,0,8,0,0,0,0,0,0,0,0,0,0,0,0
0,0,0,0,0,0,0,0,0,0,0,0,0,-10,0,0,0,0,0,0,0,0,0,4,0,-11,0,0,-10,0,0,0,0,0,0,8,0,0,0,0,-16,0,0,0,0,-4,0,8,0,0,0,9,-5,0,0,0,0,-21,22,4,0,0,0,9,0,0,0,0,0,0,8,0,-2,0,0,0,0,0,0,0,0,0,0,2,-16,0,0,0,0,0,0,0,0,0,0,16,-2,0,0,0,0,0,0,0,0,0,0,2,0,0,0,0,0,0,0,0,0,0,0,0,0,0,0,0,0,0,0,0,0,0,0,0,0,0,0,0,0,0,0,0,0,0,0,0
-1,0,0,0,0,0,0,0,0,0,0,1,-9,0,0,0,0,0,0,0,0,0,0,9,-8,0,0,0,0,0,0,0,0,18,0,0,0,0,0,0,0,0,0,0,-1,21,0,0,0,0,0,0,0,0,5,0,0,0,-7,0,0,0,0,0,0,0,9,0,0,0,-40,0,-8,0,0,0,0,0,13,0,0,0,-29,8,-8,0,0,0,0,0,0,0,0,0,0,8,0,0,0,0,0,0,0,0,0,0,0,0,-12,0,0,0,0,0,0,0,0,0,0,12,-9,0,0,0,0,0,0,0,0,0,0,9,0,0,0,0,0,0,0,0,0,0,0,0
0,0,0,0,0,0,0,0,0,0,0,0,0,0,0,0,0,-2,0,22,5,0,0,0,0,0,0,0,0,0,0,0,17,0,0,0,0,0,0,0,0,0,0,-20,5,22,0,0,0,0,0,0,0,0,0,0,0,0,0,0,0,0,0,0,0,0,0,0,0,0,0,0,0,0,0,0,0,-4,0,0,0,0,0,12,0,0,0,0,0,-3,0,0,0,0,0,9,0,0,0,0,0,-2,0,0,0,0,0,8,0,0,0,0,0,0,0,-20,0,0,0,8,0,0,0,0,0,0,0,0,0,0,0,0,0,0,0,0,0,0,0,0,0,0,0,0
-1,0,0,0,0,0,0,0,0,0,0,1,-2,0,0,0,0,0,0,0,0,0,0,2,0,0,0,0,0,0,30,0,0,0,0,0,-4,0,0,0,4,0,31,0,0,0,-8,6,-4,0,0,0,4,0,8,0,24,0,-2,1,-4,0,0,0,0,-4,0,0,21,0,0,4,-4,0,0,0,0,-11,11,0,2,0,0,4,0,0,0,0,0,-10,8,0,0,0,0,0,-2,0,0,0,0,0,0,0,0,0,0,2,-16,0,0,0,0,0,0,0,0,0,0,16,-7,0,0,0,0,0,0,0,0,0,0,7,-1,0,0,0,0,0,0,0,0,0,0,1
0,0,0,0,0,0,0,0,0,0,0,0,-8,0,23,0,0,0,0,0,-19,0,0,8,0,0,21,0,0,0,0,0,0,0,0,0,0,0,0,0,0,0,0,0,0,5,0,8,0,0,0,0,0,0,0,0,0,21,-12,8,0,0,0,0,0,0,0,0,0,0,0,0,-13,0,0,0,0,0,0,0,0,0,0,13,-8,0,0,0,0,0,0,0,0,0,0,8,0,0,0,0,0,0,0,0,0,0,0,0,0,0,0,0,0,0,0,0,0,-9,0,8,-8,0,0,0,0,0,0,0,0,0,0,0,0,0,0,0,0,0,0,0,0,0,0,0
0,0,0,0,0,0,0,2,0,0,0,0,-8,0,0,0,0,0,0,25,0,0,0,0,0,0,0,0,0,0,0,6,0,0,0,0,-8,0,0,0,0,0,0,0,0,0,0,8,-8,0,0,0,0,0,0,0,0,0,0,8,0,0,0,0,0,0,0,0,0,0,0,0,-13,0,0,0,0,0,0,0,0,0,0,13,-8,0,0,0,0,0,0,0,0,0,0,8,0,0,0,0,0,0,0,0,0,0,0,0,-8,0,0,0,0,0,0,0,0,0,0,8,0,0,0,0,0,0,0,0,0,0,0,0,0,0,0,0,0,0,0,0,0,0,0,0
0,0,0,0,0,0,0,0,0,0,0,0,0,0,0,0,0,0,0,0,0,0,0,0,0,0,0,0,0,0,0,0,0,0,0,0,-8,0,0,0,0,0,0,0,0,22,0,0,-8,0,0,0,0,0,0,0,0,0,0,8,0,0,0,0,0,0,0,0,0,0,0,0,-13,0,0,0,0,0,0,0,0,0,0,13,-8,0,0,0,0,0,0,0,0,0,0,8,0,0,0,0,0,0,0,0,0,0,0,0,-8,0,0,0,0,0,0,0,9,0,0,0,0,0,-20,0,0,0,0,0,0,0,0,8,0,0,0,0,0,0,0,0,0,0,0,0
0,0,0,0,0,0,0,0,0,0,0,0,0,0,0,0,0,0,0,0,0,0,0,0,-2,0,0,0,0,0,0,0,0,0,0,2,-16,0,0,0,0,0,0,0,0,0,0,16,-7,10,0,0,0,0,0,0,0,0,0,2,-4,10,0,0,0,0,0,0,0,0,0,0,-4,-1,0,0,8,0,0,0,0,-8,0,4,-8,0,7,4,1,0,0,0,0,-8,0,4,-4,0,0,7,-26,21,0,0,0,0,0,0,-4,0,4,0,-41,27,11,0,0,0,0,0,-8,0,4,0,-8,0,11,0,0,0,0,4,-1,0,0,0,0,0,0,0,0,0,0,1
-1,0,0,0,0,0,0,0,0,0,0,1,-16,0,0,0,0,0,0,0,0,0,0,16,-3,0,-8,0,0,0,0,0,0,0,0,7,0,0,-10,-6,0,0,0,0,0,0,0,8,0,-42,23,-6,0,0,0,7,0,-9,0,8,0,-43,23,-6,0,0,0,8,10,-10,0,4,-3,0,0,-7,0,0,0,0,12,0,0,3,-8,0,0,0,0,0,-8,0,0,0,0,8,-4,0,0,0,0,0,-10,0,0,0,0,4,-2,0,0,0,0,0,0,0,0,0,0,2,-16,0,0,0,0,0,0,0,0,0,0,16,-1,0,0,0,0,0,0,0,0,0,0,1
0,0,0,0,0,0,0,0,0,0,0,0,0,0,0,0,0,0,-11,1,0,0,0,4,0,0,0,0,0,0,-40,30,0,0,0,4,0,0,0,0,0,0,-25,26,0,0,0,0,0,-38,29,0,0,0,0,0,0,0,0,4,0,-38,29,0,0,0,0,0,0,0,0,4,-2,0,0,0,0,0,0,0,0,0,0,2,-16,0,0,0,0,0,0,0,0,0,0,16,-2,0,0,0,0,0,0,0,0,0,0,2,-6,5,0,0,0,0,-28,40,0,0,0,0,-2,0,0,0,0,0,-28,40,0,0,0,0,0,0,0,0,0,0,0,0,0,0,0,0
0,0,0,0,0,0,0,0,0,0,0,0,-8,0,0,0,0,0,0,0,0,0,0,8,0,0,0,0,0,0,0,0,0,0,0,0,-9,0,0,0,0,0,0,0,0,0,0,9,-12,0,0,0,0,0,0,0,0,0,0,12,0,-21,0,0,0,0,0,0,0,0,0,8,-8,0,0,0,0,21,0,-3,0,0,0,0,-8,0,0,0,18,0,0,-22,0,0,-21,8,-8,0,22,0,0,0,0,-31,0,0,0,8,0,0,0,0,0,0,0,0,0,0,0,0,0,0,0,0,0,0,0,0,0,0,0,0,0,0,0,0,0,0,0,0,0,0,0,0
0,0,0,0,1,0,0,0,0,0,0,0,0,0,0,0,-4,0,0,0,0,0,0,8,0,0,0,-2,0,0,0,0,0,0,0,8,0,0,0,11,0,0,0,0,0,0,0,0,0,0,0,0,0,0,0,0,0,0,0,0,0,0,0,0,0,0,0,0,0,0,0,0,-12,0,0,0,0,0,0,0,0,0,0,12,-9,0,0,0,0,0,0,0,0,0,0,9,0,0,0,0,0,0,0,0,0,0,0,0,-8,21,0,0,0,0,0,0,0,0,0,0,-8,6,0,0,0,0,0,0,0,0,0,8,0,0,0,0,0,0,0,0,0,0,0,0
0,0,0,0,0,0,0,0,0,0,0,0,-8,0,0,0,0,0,0,0,0,0,0,8,-8,30,0,0,0,-21,0,0,22,0,0,0,0,35,-5,-36,9,0,0,0,0,0,0,8,0,35,-22,-39,22,0,0,0,0,0,0,0,0,9,-22,-10,6,-18,0,0,0,18,0,0,0,0,-22,0,0,-16,0,0,0,0,0,0,0,-9,-5,19,0,-2,0,0,0,0,0,0,-11,0,0,0,0,0,0,0,0,0,0,11,-11,0,0,0,0,0,0,0,0,0,0,11,0,0,0,0,0,0,0,0,0,0,0,0,0,0,0,0,0,0,0,0,0,0,0,0
0,0,0,0,0,0,0,0,0,0,0,0,0,0,0,0,0,0,0,0,0,0,0,0,-12,0,0,0,0,0,0,0,0,0,0,12,-9,0,0,0,0,0,0,0,0,0,0,9,-8,0,0,0,0,0,0,0,0,0,0,8,0,0,0,0,0,0,0,0,0,0,0,0,0,0,-18,0,0,0,0,0,7,0,0,0,-8,0,0,0,0,0,0,22,-1,11,0,8,0,0,0,0,0,0,0,0,-1,34,0,0,0,0,0,0,0,0,0,0,0,13,0,0,0,0,0,0,0,0,0,0,0,0,0,0,0,0,0,0,0,0,0,0,0,0,0,0
0,0,0,0,0,0,0,0,0,0,0,0,0,0,0,0,0,0,0,0,0,0,0,0,-2,0,0,0,0,0,0,0,0,0,0,2,-16,0,0,0,0,0,0,0,0,0,0,16,-3,0,0,0,0,0,0,0,0,0,0,3,0,0,0,0,0,0,0,0,0,-5,0,3,0,0,-10,0,0,18,0,0,-10,-5,0,8,0,0,-11,0,-2,44,0,-10,-12,0,0,8,0,0,0,0,-2,35,-10,-11,3,0,0,4,0,0,0,27,0,0,-11,-31,10,0,0,0,0,0,0,21,0,0,0,-11,0,0,0,3,0,0,0,0,0,0,0,0,0,0,0,1
0,0,0,0,0,0,0,0,0,0,0,0,0,0,0,0,0,0,0,0,0,0,0,0,-2,0,0,0,0,0,0,0,0,0,0,2,-16,0,0,0,0,0,0,0,0,0,0,16,-3,0,0,0,0,0,0,0,0,0,0,3,-3,0,10,0,0,-2,0,0,0,0,0,3,-4,0,12,0,0,-2,0,0,-7,0,0,8,-3,0,0,6,0,0,0,0,-8,0,0,4,-4,0,-2,6,0,0,0,0,0,0,8,0,0,0,20,0,0,0,-2,0,0,0,9,3,-3,0,34,0,0,0,-2,0,0,0,0,4,-1,0,5,0,0,0,0,0,0,0,0,0
-1,0,0,0,0,0,0,0,0,0,0,1,-16,0,0,0,0,0,0,0,0,0,0,16,-7,0,0,0,0,0,0,0,0,0,0,7,-8,0,0,0,10,0,0,-7,0,0,0,8,-8,0,0,0,10,0,0,-27,0,0,0,4,-5,0,-4,6,0,-18,0,-26,0,0,0,0,-7,0,0,10,0,-17,0,0,0,0,0,0,-4,0,0,0,0,9,0,0,0,0,0,0,-8,0,0,0,0,10,0,0,0,0,0,4,-7,0,0,0,0,0,0,0,0,0,0,7,-16,0,0,0,0,0,0,0,0,0,0,16,-1,0,0,0,0,0,0,0,0,0,0,1
-1,0,0,0,0,0,0,0,0,0,0,1,-4,0,0,0,0,0,0,0,0,0,0,4,-2,0,0,0,0,0,0,0,0,0,0,2,-16,0,0,0,0,0,0,0,0,0,0,16,-2,0,0,0,0,0,0,0,0,0,0,2,0,0,0,0,0,0,0,15,0,7,0,0,-4,0,0,0,0,2,0,15,0,8,0,0,-8,0,0,0,0,-10,15,0,-7,0,0,0,-4,0,0,0,0,-12,15,0,-13,0,0,4,0,0,0,-2,0,0,0,0,-4,0,0,8,0,0,0,-3,0,3,0,0,0,0,0,4,0,0,0,0,0,0,0,0,0,0,0,0
-1,0,0,0,0,0,0,0,0,0,0,1,-8,0,0,0,0,0,0,0,0,0,0,8,-8,0,0,0,0,0,0,0,0,0,0,8,-8,0,0,0,0,0,-17,7,0,0,0,0,0,0,-36,15,0,16,-27,0,0,0,0,8,0,-9,-4,23,0,11,0,0,0,0,0,0,0,0,0,0,0,3,0,0,0,0,0,0,0,0,0,0,0,0,0,0,0,0,0,0,0,0,0,0,0,0,0,0,0,0,0,0,-13,0,0,0,0,0,0,0,0,0,0,13,-8,0,0,0,0,0,0,0,0,0,0,8,0,0,0,0,0,0,0,0,0,0,0,0
0,0,0,0,0,0,0,0,0,0,0,0,0,0,0,0,0,0,0,0,0,0,0,0,-11,0,0,0,0,0,0,0,0,0,0,11,-11,0,0,0,0,0,0,0,0,0,0,11,0,0,0,0,-19,0,0,18,0,0,0,0,0,0,-22,0,12,0,0,0,0,0,0,0,-9,17,-3,0,0,0,0,0,0,0,0,8,-16,14,26,0,-22,0,0,0,0,0,0,8,-9,14,0,0,0,0,0,0,0,0,4,0,-8,0,0,0,17,0,0,0,0,0,-9,0,0,0,0,0,0,0,0,0,0,0,-4,0,0,0,0,0,0,0,0,0,0,0,0,0
-1,0,0,0,0,0,0,0,0,0,0,1,-4,0,0,0,0,-7,0,0,0,0,0,8,-4,0,24,0,-24,0,0,0,10,0,0,4,-8,10,24,-14,-24,6,0,-12,42,0,-6,4,-8,11,0,-14,0,-11,40,-16,41,0,-6,4,-4,0,0,-3,0,-11,41,0,0,0,0,0,-4,0,0,0,0,0,0,0,0,0,0,4,-7,0,0,0,0,0,0,0,0,0,0,7,-16,0,0,0,0,0,0,0,0,0,0,16,-2,0,0,0,0,0,0,0,0,0,0,2,0,0,0,0,0,0,0,0,0,0,0,0,0,0,0,0,0,0,0,0,0,0,0,0
0,0,0,-4,4,0,0,0,0,0,0,0,0,0,0,-40,41,0,0,0,0,0,0,0,0,0,0,-11,11,0,0,0,0,0,0,0,0,0,0,0,0,0,0,0,0,0,0,0,-8,0,0,0,0,0,0,0,0,0,0,8,-13,0,0,0,0,0,0,0,0,0,0,13,-8,0,0,0,0,0,0,0,7,-13,13,0,-10,22,4,21,0,0,0,0,0,-40,41,1,-16,26,44,-13,13,-5,0,0,0,-15,39,2,-3,-5,36,-40,41,0,0,0,0,0,0,2,0,0,0,-26,24,0,0,0,0,0,0,0,0,0,0,-1,0,0,0,0,0,0,0,0
0,0,0,0,0,0,0,0,0,0,0,0,-8,0,0,0,0,0,0,0,0,0,0,8,-13,0,0,0,0,0,0,0,0,0,0,13,0,0,0,-13,13,0,0,0,0,0,0,0,0,0,0,-40,41,0,-9,0,0,0,0,8,-8,0,35,-36,16,0,16,0,0,0,0,0,0,0,44,0,-16,0,0,0,0,0,0,8,0,0,18,-9,0,0,-4,20,0,0,0,0,0,0,0,0,0,-6,-17,12,7,0,0,0,0,0,0,0,0,0,0,0,0,0,0,0,-8,0,0,0,0,0,0,0,0,0,0,8,-1,0,0,0,0,0,0,0,0,0,0,1
0,0,0,0,0,0,0,0,0,0,0,0,-8,0,0,0,0,0,0,0,0,0,0,8,-13,0,0,0,0,0,0,0,0,0,0,13,-8,0,0,0,0,0,0,0,0,0,0,8,-8,0,0,22,0,0,0,0,0,0,0,0,-8,0,0,0,0,0,0,0,0,0,0,8,-8,0,0,0,0,0,0,0,-3,20,-2,8,0,0,0,0,0,0,0,0,-28,12,0,8,-8,0,0,0,0,0,0,0,0,0,0,8,0,0,0,0,0,0,0,0,0,0,0,0,-8,0,0,0,0,0,0,0,0,0,0,8,-1,0,0,0,0,0,0,0,0,0,0,1
-1,0,0,0,0,0,0,0,0,0,0,1,0,0,0,0,0,0,0,0,0,0,0,0,-6,0,0,0,0,0,0,0,0,0,0,6,-15,0,0,0,0,0,0,0,0,0,0,15,0,0,0,0,0,0,0,0,0,0,0,0,-7,0,0,0,0,0,0,0,0,0,0,7,0,0,0,0,-15,0,0,0,0,0,21,0,-7,0,0,0,-17,42,0,0,0,0,-6,2,0,0,0,0,0,1,0,0,0,0,-41,16,0,0,0,0,0,0,0,0,0,0,-30,12,0,0,0,0,0,0,0,0,0,0,0,0,0,0,0,0,0,0,0,0,0,0,0,0
-1,0,0,0,0,0,0,0,0,0,0,1,-4,0,0,0,0,0,0,0,0,0,0,4,-2,0,0,0,0,0,0,0,0,0,0,2,-16,0,0,0,0,0,0,0,0,0,0,16,-2,0,0,0,0,0,0,0,0,0,0,2,-4,0,0,0,0,0,0,0,0,0,0,4,-4,0,0,0,0,0,0,0,-6,0,8,4,0,0,0,0,0,0,0,0,-26,29,8,0,0,0,0,0,0,0,0,0,-15,24,-19,3,0,0,0,0,0,0,0,-9,11,0,-35,5,-4,0,0,0,0,0,0,-29,29,0,-36,5,-1,0,0,0,0,0,0,0,2,0,0,0
0,0,0,0,0,1,0,-3,3,1,0,0,0,0,0,0,0,0,0,-16,36,15,-6,0,0,0,0,0,0,4,0,-16,16,2,-43,13,-8,0,0,0,0,0,0,21,0,0,0,0,0,0,0,0,0,0,-10,0,0,0,0,8,-12,0,0,0,0,0,2,0,0,0,0,12,-9,0,0,0,0,0,0,0,0,0,0,9,0,0,0,0,0,0,0,0,0,0,0,0,0,0,0,-15,0,0,3,0,0,0,0,0,0,0,-22,0,0,18,0,0,0,0,0,0,-8,0,0,0,0,0,0,0,0,0,0,8,0,0,0,0,0,0,0,0,0,0,0,0
0,0,0,0,0,0,0,0,0,0,0,0,-2,0,0,0,0,0,0,0,0,0,0,2,-16,0,0,0,0,0,0,0,0,0,0,16,-2,0,0,0,0,0,0,0,0,0,0,2,0,0,0,0,0,0,-10,0,0,0,0,4,0,0,0,0,-26,23,-11,-3,0,0,0,4,-4,0,0,0,-33,40,0,-3,0,0,0,0,-4,0,-2,0,0,10,0,0,2,0,0,0,0,0,-2,0,-9,0,0,4,2,0,0,0,-6,0,17,0,-10,0,0,4,0,0,0,0,-4,0,5,0,0,0,0,0,0,0,0,2,-1,0,0,0,0,0,0,0,0,0,0,1
0,0,0,0,0,0,0,0,0,0,0,0,0,0,0,0,0,0,0,0,0,0,0,0,-4,0,0,0,0,0,0,0,0,0,-17,15,-4,0,0,0,-6,0,0,0,0,10,-18,16,0,0,0,25,-6,0,0,6,-32,32,-5,12,0,-10,0,35,0,-10,0,6,-11,0,8,4,0,-11,0,16,0,-10,0,0,0,0,0,4,-2,0,0,0,0,0,0,0,0,0,0,2,-16,0,0,0,0,0,0,0,0,0,0,16,-7,0,0,0,0,10,0,0,0,0,0,2,-4,0,0,0,0,11,0,0,0,0,0,0,0,0,0,0,0,0,0,0,0,0,0,0
0,0,0,0,0,0,0,0,0,0,0,0,0,0,0,0,0,0,0,0,0,0,0,0,0,0,0,0,0,0,10,0,0,0,0,0,-12,0,0,0,0,0,2,0,0,0,0,12,-9,0,0,0,0,0,0,0,0,0,0,9,0,0,0,0,0,0,0,0,0,0,0,0,0,0,0,0,0,0,0,0,0,0,0,0,-8,0,0,0,0,0,0,0,0,0,0,8,0,0,0,-1,7,0,0,0,0,-21,0,8,0,0,0,-7,21,0,16,0,0,0,0,0,0,0,0,0,0,0,11,0,0,0,0,0,0,0,0,0,0,0,0,0,0,0,0,0
-1,0,0,0,0,0,0,0,0,0,0,1,-9,0,0,0,0,0,0,0,0,0,0,9,0,0,0,0,0,0,0,0,0,0,0,0,0,0,0,0,0,0,-2,0,28,0,0,0,0,0,0,0,0,0,11,0,3,0,0,8,0,0,0,0,0,0,0,0,0,0,0,0,-8,21,0,0,0,0,0,0,0,0,0,0,0,9,0,0,0,0,0,0,0,0,0,0,0,9,0,0,0,0,0,0,0,0,0,0,-12,2,0,0,0,0,0,0,0,0,0,12,-9,3,0,0,0,0,0,0,0,0,0,9,0,1,0,0,0,0,0,0,0,0,0,0
0,0,-5,1,5,-3,2,0,0,0,0,0,0,0,-44,2,44,-29,9,0,0,0,0,0,0,0,-30,1,23,-15,0,0,0,6,0,0,0,0,0,0,0,0,6,0,0,19,0,0,0,0,0,0,0,0,0,0,0,26,0,0,0,0,0,0,0,0,4,0,0,0,0,0,-12,0,0,0,0,0,0,0,0,0,0,12,-9,0,0,0,0,0,0,0,0,0,0,9,0,0,0,0,0,0,0,0,0,0,0,0,0,0,0,0,0,0,0,0,0,0,0,0,0,0,0,0,0,0,-2,0,0,0,0,8,0,0,0,0,0,0,1,0,0,0,0,0
0,0,0,0,0,0,-5,1,0,2,0,0,0,0,0,0,0,11,-9,1,0,13,0,0,-8,0,0,0,0,17,0,-20,39,0,0,0,0,0,0,0,0,5,0,-9,14,14,0,0,-9,0,0,0,0,0,0,0,0,0,0,9,-13,0,0,0,0,0,0,0,0,0,0,13,-8,0,0,0,0,0,0,0,0,0,0,8,0,0,0,0,0,0,0,-2,0,0,0,8,0,0,0,0,0,0,0,0,0,0,0,0,0,0,0,0,0,0,0,0,0,0,0,0,0,0,0,0,0,0,0,0,0,0,0,0,0,0,0,0,0,0,0,0,0,0,0,0
0,0,0,0,0,0,0,0,0,0,0,0,0,0,0,0,0,0,-18,0,6,0,0,0,0,0,0,0,0,0,0,0,0,0,-22,8,0,0,0,0,0,-3,0,0,0,0,0,8,0,0,0,0,0,-3,0,0,0,-5,18,0,0,0,0,0,0,0,0,0,0,-38,0,0,0,0,0,0,0,0,0,0,0,-36,0,8,0,0,0,0,0,-3,0,0,0,0,0,9,0,0,0,0,0,-5,0,0,0,0,0,13,0,0,0,0,0,0,0,0,0,0,0,0,0,0,0,0,0,0,0,0,0,0,0,0,0,0,0,0,0,0,0,0,0,0,0,0
0,0,0,0,0,0,0,0,0,0,0,0,-8,0,0,0,0,0,0,21,-9,1,3,0,-8,14,0,0,0,0,0,-9,19,9,0,0,-8,0,0,0,0,0,0,-10,37,9,0,0,0,0,0,0,0,0,22,-14,27,1,0,0,0,0,0,0,0,0,0,0,-10,0,0,8,-8,0,3,0,0,0,0,0,0,0,0,0,-9,0,0,0,0,0,0,0,0,0,0,9,-13,0,0,0,0,0,0,0,0,0,0,13,0,0,0,0,0,0,0,0,0,0,0,0,0,0,0,0,0,0,0,0,0,0,0,0,0,0,0,0,0,0,0,0,0,0,0,0
-1,0,0,0,0,0,0,0,0,0,0,1,-5,0,0,0,0,0,0,-2,0,0,0,5,0,0,0,0,0,0,0,-7,0,3,-3,1,0,0,0,0,0,0,0,7,0,0,-18,7,0,0,0,0,0,0,0,7,0,-3,3,1,0,0,0,0,0,0,0,6,-18,-30,41,1,0,0,0,0,0,0,0,0,-44,-8,-3,8,0,0,-3,0,0,0,0,0,-41,2,-23,8,0,0,-18,0,0,0,0,0,0,1,0,0,-16,0,0,0,0,0,0,0,0,0,0,16,-5,0,0,0,0,0,0,0,0,0,0,5,0,0,0,0,0,0,0,0,0,0,0,0
-1,5,0,0,0,0,0,0,0,0,0,0,0,37,0,0,0,0,0,0,0,0,0,0,0,37,-20,0,0,0,0,0,0,0,0,0,0,19,-20,0,0,0,0,0,0,0,0,0,0,0,-20,0,0,0,0,0,0,0,0,0,0,-8,-10,0,0,0,0,0,0,0,0,0,-6,0,0,0,0,0,0,0,0,0,0,0,-15,0,0,0,0,0,0,0,0,0,0,0,0,0,0,0,0,0,0,0,0,0,0,0,-8,0,0,0,0,0,0,0,0,0,0,0,0,0,0,0,0,0,0,0,0,0,0,0,0,0,0,0,0,0,0,0,0,0,0,0
0,0,0,0,0,0,0,0,0,0,0,0,-11,0,0,0,0,0,0,0,0,0,0,11,-12,2,0,0,0,0,0,0,0,0,0,11,0,0,0,0,0,0,0,0,0,0,-3,1,0,0,0,0,0,0,0,0,0,0,-33,16,0,0,0,0,0,0,-36,8,0,15,-25,12,0,-21,0,0,17,0,-40,21,4,-16,0,8,-8,0,0,0,0,0,-8,-1,44,0,0,0,0,0,0,0,0,0,-21,-1,33,-16,0,8,-8,0,0,22,0,0,0,0,0,0,0,0,-11,0,0,0,0,0,0,0,0,0,0,11,-1,0,0,0,0,0,0,0,0,0,0,1
0,0,0,0,0,0,0,0,0,0,0,0,0,0,0,0,0,0,0,0,0,0,0,0,-10,0,0,0,0,0,0,0,0,0,0,10,-11,0,0,0,0,0,0,0,0,0,0,11,-8,0,0,0,0,0,0,0,0,7,0,0,0,0,0,-13,18,0,0,0,0,-17,0,0,-8,0,22,-29,40,0,0,0,0,-6,-10,4,0,0,0,-14,19,-16,0,0,5,5,-41,16,0,0,-22,0,0,15,0,0,0,2,-40,16,-8,0,22,0,0,-5,0,5,0,14,-29,16,0,0,0,0,0,0,0,0,0,0,-4,2,0,0,0,0,0,0,0,0,0,0,0,0
-1,0,0,0,0,0,0,0,0,0,0,1,-5,0,0,0,0,0,0,-2,0,0,0,7,0,0,0,0,0,0,0,-18,0,0,0,7,-1,0,0,-8,15,0,-13,0,0,0,0,1,-7,0,0,-8,29,16,-29,-3,0,1,0,7,0,0,0,0,-10,28,0,-17,0,7,0,0,0,0,0,0,-19,5,0,14,0,-1,0,0,0,0,0,0,0,0,0,0,0,0,0,0,0,0,0,0,0,0,0,0,0,0,0,0,-16,0,0,0,0,0,0,0,0,0,0,16,-5,0,0,0,0,0,0,0,0,0,0,5,0,0,0,0,0,0,0,0,0,0,0,0
-1,0,0,0,0,0,0,0,0,0,0,1,-5,0,-1,0,0,0,0,0,0,0,0,7,-1,0,-5,2,0,0,0,0,0,0,0,7,-7,0,0,13,0,7,0,0,0,0,1,1,-1,0,0,-21,16,25,0,0,0,0,5,7,-7,0,4,-35,27,42,0,-24,12,18,8,0,-1,0,0,-13,16,0,0,-39,17,43,0,0,-7,0,0,3,0,-4,0,-1,0,43,0,0,0,0,0,0,0,0,0,-5,0,18,0,0,-16,0,0,0,0,0,0,0,0,0,0,16,-5,0,0,0,0,0,0,0,0,0,0,5,0,0,0,0,0,0,0,0,0,0,0,0
-1,0,0,0,0,0,0,0,0,0,0,1,-5,0,0,0,0,0,0,0,0,0,0,5,0,0,0,0,0,0,0,-3,0,2,-19,7,0,0,0,0,0,0,0,-19,-25,19,-43,16,0,0,0,0,0,0,0,5,-45,1,-20,9,0,0,-2,0,0,0,0,10,-42,-9,15,2,-1,0,-18,0,1,0,0,17,0,-25,34,1,-8,0,0,0,8,0,0,0,0,6,0,7,-7,0,0,0,0,0,0,0,0,13,0,0,-16,0,0,0,0,0,0,0,0,0,0,16,-5,0,0,0,0,0,0,0,0,0,0,5,0,0,0,0,0,0,0,0,0,0,0,0
-1,0,0,0,0,0,0,0,0,0,0,1,-5,0,0,0,0,0,0,0,0,0,0,5,-1,0,0,0,-4,0,0,0,0,0,0,0,-7,0,0,0,-11,0,0,0,0,0,0,1,0,0,0,0,-28,0,-2,-2,0,0,0,8,0,0,0,0,0,0,-8,0,0,0,0,7,0,0,0,0,0,0,0,0,0,-30,16,0,0,0,0,0,0,0,0,-2,0,-24,20,0,0,0,0,0,0,0,0,0,0,-6,2,0,-16,0,0,0,0,0,0,0,0,0,0,16,-5,0,0,0,0,0,0,0,0,0,0,5,0,0,0,0,0,0,0,0,0,0,0,0
0,0,0,0,0,0,0,0,0,0,0,0,-8,0,0,0,0,0,0,0,0,0,0,8,-11,0,0,0,0,0,0,0,0,0,0,11,-11,0,0,0,0,0,0,0,0,0,0,11,-8,11,0,0,0,0,0,0,0,0,0,0,0,0,0,-4,0,0,0,0,0,0,0,8,-8,-4,40,0,0,0,0,2,0,0,0,0,0,-9,44,0,-3,2,0,2,0,0,0,8,-8,16,11,0,-40,27,0,2,0,0,0,0,0,0,0,0,-30,6,0,0,0,0,0,0,-8,0,0,0,0,0,0,0,0,0,0,8,0,0,0,0,0,0,0,0,0,0,0,0
-1,0,0,0,0,0,0,0,0,0,0,1,-5,0,0,0,0,0,0,0,0,0,0,5,0,0,0,0,-8,2,2,0,-1,0,0,0,0,-1,0,0,-29,8,12,0,0,0,0,0,-15,4,6,0,-40,11,-8,0,7,0,0,1,-16,19,0,0,0,-14,0,0,0,0,0,7,-5,3,-2,0,0,0,0,0,0,0,0,1,-7,0,0,0,0,0,0,0,0,0,0,7,0,0,0,0,0,0,0,0,0,0,0,0,-16,0,0,0,0,0,0,0,0,0,0,16,-5,0,0,0,0,0,0,0,0,0,0,5,0,0,0,0,0,0,0,0,0,0,0,0
0,0,0,0,0,0,0,0,0,0,0,0,-1,0,2,0,0,0,0,0,0,0,0,0,-7,0,14,0,0,0,0,0,0,0,0,0,-16,0,0,0,0,0,0,0,0,0,0,16,-7,5,0,0,0,0,0,0,0,0,0,5,-7,20,0,0,0,0,-1,0,0,0,0,0,0,0,0,0,0,-9,6,-3,4,0,0,0,0,0,0,-9,15,-21,13,-13,17,0,0,0,-1,0,2,-23,38,-10,-17,-6,16,0,0,0,-7,0,14,-14,16,0,-39,16,0,0,0,0,-1,0,0,0,0,-4,0,14,0,0,0,0,-1,0,0,1,0,0,0,0,0,0,0,0
0,0,-2,5,0,0,0,0,0,0,0,0,-1,3,-19,42,0,0,0,0,-6,0,0,0,-7,17,-15,38,0,0,0,0,-15,0,0,1,0,0,0,0,0,0,0,0,-7,0,1,7,0,0,0,0,-3,0,0,0,0,0,9,0,0,0,0,0,0,0,0,0,0,0,0,0,-16,0,0,0,0,0,0,0,0,0,0,16,-7,0,0,0,0,0,0,0,0,0,0,7,-7,0,0,0,0,0,0,0,0,0,0,7,0,0,0,0,0,0,0,0,0,0,0,0,0,0,0,0,0,0,0,0,0,0,0,0,0,0,0,0,0,0,0,0,0,0,0,0
-1,4,0,0,0,0,0,0,0,0,0,0,-16,34,0,0,0,0,0,0,0,0,0,0,-7,0,0,0,0,4,0,0,0,0,0,0,-16,0,0,0,0,0,0,0,0,0,0,16,-5,0,0,-2,0,0,0,0,0,0,0,7,0,0,0,-14,0,0,0,0,0,0,0,7,0,0,0,0,0,0,7,0,0,0,0,0,0,0,0,0,0,0,44,-6,0,0,0,0,0,0,-16,0,0,0,44,-13,0,2,0,0,0,0,0,0,0,0,0,-17,0,21,0,1,-1,0,0,0,0,0,-1,4,0,-4,0,7,-1,0,0,0,0,0,0,4,0,0,0,0
0,0,0,0,0,0,0,0,0,0,0,0,0,0,0,0,0,0,0,0,0,0,0,0,0,0,0,0,0,0,0,0,0,0,0,0,-16,0,0,0,0,0,0,0,0,0,0,16,-5,0,-1,0,0,0,0,0,0,0,0,7,0,0,-7,0,0,0,0,0,0,1,0,7,0,0,0,0,0,-2,0,-6,-19,27,0,0,0,0,0,0,0,-14,0,0,-31,27,0,0,0,0,0,0,0,0,16,0,-36,27,0,0,0,0,0,0,0,-2,26,2,-19,14,0,0,0,0,0,0,0,-18,4,18,0,0,0,0,0,0,0,0,0,0,0,0,0,0,0,0
0,0,0,0,0,0,0,0,0,0,0,0,0,0,0,0,0,0,0,0,0,0,0,0,0,0,0,0,0,0,0,0,0,0,0,0,-16,0,0,0,0,0,0,0,0,0,0,16,-5,0,0,0,0,0,0,0,0,0,0,5,0,0,0,0,0,-1,0,0,0,-2,0,1,-1,0,0,0,0,0,0,0,0,-13,0,7,-7,0,0,0,0,6,0,0,0,0,0,0,-1,0,0,1,0,-8,0,0,0,0,6,0,-7,0,0,8,0,0,0,-1,0,0,-3,1,0,0,0,0,0,0,0,0,0,0,-18,7,0,0,0,0,0,0,0,0,0,0,0,0
-1,0,0,0,0,0,0,0,0,0,0,1,-7,0,0,0,0,0,0,0,0,0,0,7,0,0,0,0,0,-3,0,0,0,-6,0,1,-1,2,0,0,0,-7,0,0,0,-19,0,7,-7,15,0,0,0,-1,0,0,0,0,0,0,0,0,0,0,0,0,0,0,0,0,0,0,-16,0,0,0,0,0,0,0,0,0,0,16,-5,0,0,0,0,0,0,0,0,0,0,5,0,0,0,0,0,0,0,0,0,0,0,0,0,0,0,0,0,0,0,0,-5,6,0,0,0,0,0,0,0,0,0,0,-19,25,0,0,0,0,0,0,0,0,0,0,-2,3,0,0
-1,0,0,0,0,2,0,0,-2,0,0,1,-7,0,0,0,0,14,0,-22,0,4,0,7,0,0,0,0,0,0,0,0,0,0,0,0,-16,0,0,0,0,0,0,0,0,0,0,16,-5,0,0,0,0,0,0,0,0,0,0,5,0,0,0,0,0,0,0,0,0,0,-3,1,0,0,0,0,0,0,0,0,0,-1,-19,8,0,0,0,0,0,0,0,0,0,-8,0,7,0,0,0,0,0,0,0,0,0,-1,0,0,-1,0,0,0,0,0,0,0,0,0,0,0,-7,0,0,0,0,0,0,6,0,0,0,0,0,0,0,0,0,0,0,0,0,0,0,0
-1,0,2,0,0,0,0,0,0,0,0,0,-7,0,17,0,0,0,0,0,0,0,0,0,0,0,0,0,0,0,0,0,0,0,0,0,-16,0,0,0,0,0,0,0,0,0,0,16,-5,0,0,0,0,0,0,0,0,0,0,5,0,0,0,0,0,0,0,0,0,0,0,0,0,0,0,0,0,0,0,0,-2,0,0,1,0,0,0,-1,0,0,0,7,-12,0,0,7,0,0,0,-9,0,0,0,25,13,0,-13,5,0,0,0,-1,0,0,0,42,-2,0,-15,7,0,0,0,0,0,0,0,0,-9,0,19,0,0,0,0,0,0,0,0,0,0,0,0,0
0,0,0,0,0,0,0,0,0,0,0,0,0,0,0,0,0,0,0,0,0,0,0,0,0,0,0,0,0,0,0,0,0,0,0,0,-16,0,0,0,0,0,0,0,0,0,0,16,-5,0,0,0,0,0,0,0,0,0,0,5,0,0,0,0,0,0,0,0,0,0,0,0,0,0,0,0,0,0,0,-1,-6,0,0,4,0,0,0,0,0,-8,25,-1,-6,-7,6,4,-1,0,0,0,0,-12,43,0,-22,4,0,8,-7,0,0,0,0,-2,25,0,0,4,0,0,0,0,0,0,0,0,0,0,0,-22,0,8,0,0,0,0,0,0,0,0,0,0,0,0
-1,5,0,0,-1,5,0,-5,0,0,0,1,-16,44,-6,0,-13,43,5,-34,-2,0,0,8,-2,42,-11,0,-13,39,12,0,-18,0,0,7,0,0,-11,-3,-5,0,9,-2,-4,0,3,0,0,0,-13,-18,0,0,13,-29,14,0,0,3,0,0,-15,0,0,0,0,8,2,0,0,0,-16,0,0,0,0,0,0,0,0,0,0,16,-5,0,0,0,0,0,0,0,0,0,0,5,0,0,0,0,0,0,0,0,0,0,0,0,0,0,0,0,0,0,0,0,0,0,0,0,0,0,0,0,0,0,0,0,0,0,0,0,0,0,0,0,0,0,0,0,0,0,0,0
-1,0,0,0,0,0,0,0,0,0,0,1,-5,0,0,0,0,0,0,0,0,0,0,5,0,0,0,0,0,0,0,0,0,0,0,0,0,0,-18,34,-1,0,-3,0,0,0,0,1,-1,2,-19,37,-2,0,-17,0,0,0,1,7,-8,14,-6,10,-8,0,1,0,0,0,8,0,-7,0,0,0,0,0,2,0,0,2,0,0,0,0,0,0,0,0,-17,0,0,14,0,0,0,0,0,0,0,0,0,0,0,0,0,0,-16,0,0,0,0,0,0,0,0,0,0,16,-5,0,0,0,0,0,0,0,0,0,0,5,0,0,0,0,0,0,0,0,0,0,0,0
-1,0,0,0,0,0,0,0,0,0,0,1,-5,0,0,0,0,-1,0,0,0,0,0,7,0,0,0,0,0,10,0,0,0,0,0,7,0,0,0,0,0,28,0,0,0,0,0,0,-1,0,-23,-15,21,28,-41,2,3,0,0,2,-7,0,-11,-26,37,26,-44,1,18,0,0,0,0,0,-10,-24,35,0,-12,0,0,0,0,0,0,0,-14,0,4,0,0,0,0,0,0,0,0,0,0,0,0,0,0,0,0,0,0,0,-16,0,0,0,0,0,0,0,0,0,0,16,-5,0,0,0,0,0,0,0,0,0,0,5,0,0,0,0,0,0,0,0,0,0,0,0
0,0,0,-1,0,0,0,0,0,0,0,1,-1,0,0,-8,0,-1,0,0,2,0,0,8,-7,5,0,0,0,-9,0,0,15,-5,0,8,0,-15,0,0,6,0,0,0,-14,0,0,7,-1,0,0,0,0,0,0,0,1,0,0,0,-7,0,0,0,0,0,0,0,13,0,0,0,-16,0,0,0,0,0,0,0,0,0,0,16,-7,0,0,0,0,0,0,0,0,0,0,7,-7,0,0,0,0,0,0,0,0,0,0,7,-1,0,0,0,0,0,0,0,0,0,0,1,-7,0,0,0,0,0,0,0,0,0,0,7,0,0,0,0,0,0,0,0,0,0,0,0
0,0,0,0,0,0,0,0,0,0,0,0,0,0,0,0,0,0,0,0,0,0,0,0,0,0,0,0,0,0,0,0,0,0,0,0,-16,0,0,0,0,0,0,0,0,0,0,16,-5,0,0,-2,0,0,0,1,0,0,0,5,0,0,0,-10,0,0,0,5,0,-1,0,0,-1,0,0,-4,0,0,0,0,0,0,0,0,-7,0,0,-11,0,-1,-2,0,3,7,0,0,0,-20,9,-28,-18,1,0,0,17,0,0,0,0,-42,18,0,-39,28,0,-2,0,0,0,0,0,-14,0,0,0,19,-3,-1,0,5,0,0,0,0,0,0,0,0,0,0,0,0,0,0
0,0,0,0,0,0,0,0,0,0,0,0,0,0,0,0,0,0,0,0,0,0,0,0,0,0,0,0,0,0,0,0,0,0,0,0,-16,0,0,0,0,0,0,0,0,0,0,16,-5,0,0,0,0,0,0,0,0,0,0,5,-1,3,0,0,0,0,-1,-4,0,0,0,0,-15,43,0,-11,1,0,-8,-11,0,0,0,0,-10,33,5,-45,17,0,-1,-28,0,0,0,0,0,0,11,-42,15,0,0,0,0,0,0,1,-1,-3,21,0,-8,0,0,0,0,0,0,7,-7,6,0,0,-1,0,0,0,0,0,0,0,0,0,0,0,0,0,0,0,0,0,0,0
0,0,0,-1,4,0,0,0,0,0,0,0,-1,1,-4,-15,37,16,0,0,-9,15,0,0,-7,7,-18,-24,34,28,0,0,-22,34,0,1,-1,0,-41,1,0,28,-2,0,-9,0,0,8,-7,0,0,0,0,25,-14,0,0,0,0,8,0,0,0,0,0,-5,0,0,0,0,0,7,-16,0,0,0,0,0,0,0,0,0,0,16,-7,0,0,0,2,0,0,0,0,0,0,5,-7,0,0,0,14,0,0,0,0,0,0,0,0,0,0,0,0,0,0,0,0,0,0,0,-1,0,0,0,0,0,0,0,0,0,0,1,-1,0,0,0,0,0,0,0,0,0,0,1
-1,0,0,0,0,0,0,0,0,0,0,1,-5,0,0,0,0,0,0,0,0,0,0,5,-2,0,2,0,0,-1,0,0,0,0,0,0,-7,0,11,1,0,-2,0,0,0,0,0,0,-1,0,-16,6,0,-6,-25,8,0,0,0,0,-7,0,5,-1,0,0,-39,17,0,0,0,0,-4,0,0,0,0,0,-12,20,0,0,0,0,0,0,0,0,0,0,-1,0,0,0,0,0,0,0,0,0,0,0,0,0,0,0,0,0,-16,0,0,0,0,0,0,0,0,0,0,16,-5,0,0,0,0,0,0,0,0,0,0,5,0,0,0,0,0,0,0,0,0,0,0,0
0,0,0,0,0,0,0,0,0,0,0,0,0,0,0,0,0,0,0,0,0,0,0,0,0,0,0,0,0,0,0,0,0,0,0,0,-16,0,0,0,0,0,0,0,0,0,0,16,-5,-2,0,0,0,0,0,0,2,0,0,5,-1,-12,0,0,-2,0,0,0,14,0,0,0,-7,13,0,0,-14,0,0,0,0,10,2,0,0,0,-2,0,0,0,0,0,1,-4,17,1,0,0,-5,0,6,-12,36,0,-9,0,0,7,0,0,0,-1,0,-13,24,6,0,0,0,0,-1,0,0,0,0,-3,12,0,0,0,0,1,-1,0,0,0,0,0,0,0,0,0,0,1
0,0,0,0,0,0,0,0,0,0,0,0,0,0,0,0,0,0,0,0,0,0,0,0,0,0,0,0,0,0,0,0,0,0,0,0,-16,0,0,0,0,0,0,0,0,0,0,16,-5,0,0,-3,0,2,0,0,0,0,0,5,0,0,0,-18,0,10,0,0,0,0,0,1,0,-1,-3,0,0,-10,0,16,0,0,0,7,0,-16,-15,0,0,17,0,28,0,0,0,0,0,-13,17,5,0,-11,12,29,0,0,0,0,0,0,-16,27,0,-20,12,18,0,0,0,0,0,0,-4,0,0,0,0,0,0,0,0,0,0,0,0,0,0,0,0,0,0,0,0,0
0,0,-2,0,0,1,0,0,0,0,0,0,-4,0,-18,0,0,8,0,0,0,0,0,0,-3,-14,1,0,0,0,7,0,0,0,0,0,0,-36,27,0,0,0,0,0,0,0,0,1,-1,-33,25,-5,0,0,0,0,0,0,0,7,-7,0,0,0,0,0,0,4,0,0,0,0,-16,0,0,0,0,0,0,0,0,0,0,16,-5,0,0,-1,0,0,0,0,0,0,0,7,0,0,0,-9,0,0,0,0,0,0,0,7,0,0,0,-1,0,0,0,0,0,0,0,0,-1,0,0,0,0,0,0,0,0,0,0,1,-1,0,0,0,0,0,0,0,0,0,0,1
0,0,0,0,0,0,0,-1,0,0,0,1,0,-1,0,0,0,0,0,-8,0,0,0,7,-1,0,0,0,0,0,0,-1,0,0,0,0,-7,7,-3,0,0,0,0,0,0,0,0,1,0,0,-18,0,0,0,0,0,0,0,0,7,0,0,0,0,0,0,0,0,0,0,0,0,-16,0,0,0,0,0,0,0,0,0,0,16,-5,0,0,0,0,0,0,0,0,0,0,5,0,0,0,0,0,0,0,0,0,0,0,0,0,0,0,0,0,0,-1,0,0,0,0,0,-1,0,0,0,0,0,0,0,0,0,0,0,-1,0,0,0,0,0,2,0,0,0,0,0
0,0,0,0,0,0,-1,0,-2,0,3,0,0,0,0,0,0,26,-9,-17,-9,0,15,1,0,0,-1,0,-1,44,0,-32,4,0,0,8,0,0,-2,0,-21,44,0,0,-13,24,0,7,-1,0,-8,0,0,19,0,0,-12,43,0,0,-7,0,0,0,0,0,0,0,0,18,0,0,-16,0,0,0,0,0,0,0,0,0,0,16,-5,0,0,0,0,0,0,0,0,0,0,5,0,0,0,0,0,0,0,0,0,0,0,0,-1,0,0,0,0,0,0,0,0,0,0,1,-7,0,0,0,0,0,0,0,0,0,0,7,0,0,0,0,0,0,0,0,0,0,0,0
0,0,0,0,0,0,0,0,0,0,0,0,0,0,0,0,0,0,0,0,0,0,0,0,0,0,0,0,0,0,0,0,0,0,0,0,-16,0,0,0,0,0,0,0,0,0,0,16,-7,2,0,0,0,0,0,0,0,0,0,5,-7,12,0,0,0,0,0,0,0,-2,0,1,0,-1,0,0,0,0,0,0,0,-14,0,7,0,-3,0,0,-7,3,0,0,0,0,0,0,-1,-10,0,0,-23,15,0,0,0,-15,21,0,-7,16,0,0,-40,14,0,0,0,-25,34,1,0,-17,7,0,0,0,0,0,0,-9,6,7,0,0,0,0,0,0,0,0,0,0,0,0
0,0,0,0,0,0,0,0,0,0,0,0,-1,0,0,0,0,0,0,0,0,0,0,1,-7,0,0,0,0,0,0,0,0,0,0,7,-16,0,0,0,0,0,0,0,0,0,0,16,-7,0,0,0,0,0,0,0,0,0,0,7,-7,0,0,-2,0,0,1,-2,0,0,0,8,0,0,0,-14,0,-20,27,-14,0,0,0,7,0,0,0,0,-17,-36,27,17,0,0,-1,1,-1,0,0,0,-27,-34,26,30,0,0,-7,7,-7,0,0,0,0,0,0,18,0,0,0,0,0,0,0,-3,0,0,0,1,0,0,0,0,0,0,0,-5,0,0,0,2,0,0,0,0
0,0,0,0,0,0,0,-3,0,0,1,1,-1,0,1,0,-2,0,2,-23,-21,16,25,7,-7,0,5,0,-8,0,12,0,-36,27,42,0,0,0,-2,0,-4,9,-2,0,-33,27,0,0,0,0,-8,0,-4,22,-8,0,0,11,0,0,0,0,0,0,0,0,0,0,0,0,0,0,-16,0,0,0,0,0,0,0,0,0,0,16,-5,0,0,0,0,0,0,0,0,0,0,5,0,0,0,0,0,0,0,0,0,0,0,0,-1,0,0,0,0,0,0,0,0,0,0,1,-7,0,-1,0,0,0,0,0,0,0,0,8,0,0,-2,0,0,0,0,0,0,0,0,1
0,0,0,0,0,0,0,0,0,0,0,0,0,0,0,0,0,0,0,0,0,0,0,0,0,0,0,0,0,0,0,0,0,0,0,0,-16,0,0,0,0,0,0,0,0,0,0,16,-7,0,0,0,0,0,0,0,0,3,0,5,-8,0,0,0,0,0,2,0,-25,39,0,1,-7,0,0,0,0,0,14,0,-19,0,-1,8,-1,0,0,0,3,0,0,-18,14,0,11,7,-7,0,0,0,19,1,0,-43,21,0,30,0,-4,0,0,0,0,6,0,-18,6,0,13,0,-1,0,0,0,0,-1,0,0,0,-1,0,1,-1,0,1,0,0,0,0,0,0,-1,0,1
0,0,0,-1,0,3,0,-2,0,0,0,1,0,0,0,-8,-13,38,0,-14,0,2,0,7,0,0,0,-1,-17,29,0,0,-5,13,0,0,0,0,0,0,0,0,0,0,-1,0,0,0,0,0,0,0,0,0,0,0,-1,0,0,1,0,0,0,0,0,0,0,0,-8,0,0,7,-16,0,0,0,0,0,0,0,0,0,0,16,-5,0,0,0,0,0,0,0,0,0,0,5,0,0,0,0,0,0,0,0,0,0,0,0,-1,0,0,0,0,0,0,0,0,0,0,0,-7,0,0,0,0,0,0,0,6,0,0,0,0,0,0,0,0,0,0,0,0,0,0,0
0,0,0,0,0,0,0,0,0,0,0,0,0,0,0,0,0,0,0,0,0,0,0,0,0,0,0,0,0,0,0,0,0,0,0,0,-16,0,0,0,0,0,0,0,0,0,0,16,-5,0,0,0,-1,0,0,0,2,0,0,5,0,0,0,0,-5,0,0,0,20,0,0,0,0,0,-1,0,0,-7,3,0,7,0,0,0,0,0,-8,0,0,-24,14,36,1,0,0,0,0,0,-1,0,0,-40,8,24,6,0,0,0,0,0,0,0,0,0,0,11,-1,0,0,0,-1,0,0,0,0,0,0,0,0,0,0,1,-1,0,0,0,0,0,0,0,0,0,0,1
0,0,0,-5,1,1,0,0,0,3,0,0,-1,0,0,-18,0,6,0,-8,15,20,-8,1,-8,0,0,3,0,-1,0,-6,29,0,-43,16,-7,0,0,19,0,-10,0,10,0,0,-31,1,0,0,0,0,0,-3,0,0,0,0,0,0,0,0,0,0,0,0,0,0,0,0,0,0,-16,0,0,0,0,0,0,0,0,0,0,16,-5,0,0,0,0,0,0,0,0,0,0,5,-1,0,0,0,0,0,0,0,0,0,0,1,-7,0,-3,0,3,0,0,0,0,0,0,8,0,0,-18,-4,17,0,0,0,0,0,-4,8,0,0,0,-3,0,0,0,0,0,0,0,1
0,0,0,0,0,0,0,0,0,0,0,0,0,0,0,0,0,0,0,0,0,0,0,0,0,0,0,0,0,0,0,0,0,0,0,0,-16,0,0,0,0,0,0,0,0,0,0,16,-5,0,0,0,0,0,0,0,0,0,0,5,-1,0,1,0,0,-2,0,1,0,0,0,0,-7,-12,16,0,0,-35,16,6,0,0,0,0,-9,-20,21,0,-18,-35,28,0,-4,0,0,1,-16,-14,32,0,-32,-33,14,29,-16,0,0,7,-9,1,0,-1,-29,0,-17,20,0,19,0,0,0,-3,0,-7,0,3,-4,12,0,0,0,0,0,-5,0,0,0,0,0,2,0,0,0,0
0,0,0,0,0,0,0,0,0,0,0,0,0,0,0,0,0,0,0,-15,9,0,0,0,0,0,0,0,0,0,0,-20,40,0,0,0,0,0,0,0,0,0,-3,-17,40,4,-32,0,0,0,0,0,0,0,-41,27,4,19,-41,0,0,0,0,0,-14,0,-10,7,9,28,-13,0,0,0,0,0,0,0,0,-5,30,0,0,0,0,0,0,0,0,0,0,0,0,0,0,0,0,0,0,0,0,0,0,0,0,0,0,0,0,0,0,0,0,0,0,0,0,0,0,0,0,0,0,0,0,0,0,0,0,0,0,0,0,0,0,0,0,0,0,0,0,0,0,0
0,0,0,0,0,0,0,0,0,0,0,0,0,0,0,0,0,0,0,0,0,0,0,0,0,0,0,0,0,0,0,0,0,0,0,0,0,-16,0,0,1,21,0,0,0,0,0,0,0,0,0,0,0,0,0,0,0,0,0,0,0,0,0,0,-14,0,-4,0,0,0,0,17,0,0,0,0,0,0,0,0,0,0,0,0,0,0,0,0,0,0,0,0,0,0,0,0,0,0,0,0,0,0,0,0,0,0,0,0,0,0,0,0,0,0,0,0,0,0,0,0,0,0,0,0,0,0,0,0,0,0,0,0,0,0,0,0,0,0,0,0,0,0,0,0
0,0,0,0,0,0,0,0,0,0,0,0,0,0,0,0,0,0,0,0,0,0,0,0,0,0,0,0,0,0,0,0,0,0,0,0,0,0,0,0,0,0,18,0,0,0,0,0,0,0,0,0,0,0,0,0,0,-3,0,0,0,0,0,0,0,0,0,0,-5,10,0,0,-17,10,0,11,-17,10,0,15,-22,44,0,0,-22,44,0,0,-22,44,0,0,-10,21,0,0,-10,21,0,0,-10,21,0,0,0,0,-21,0,0,0,0,0,0,0,0,0,0,0,0,0,0,0,0,0,0,0,0,0,0,0,0,0,0,0,0,0,0,0,0,0,0,0,0,0
0,0,0,0,0,0,0,0,0,0,0,0,0,0,0,0,0,0,0,0,0,0,0,0,0,0,0,0,0,0,0,0,0,0,0,0,0,0,0,0,0,0,0,0,0,-33,2,0,0,0,0,0,0,0,0,0,0,-43,11,0,0,0,0,0,0,0,0,0,12,-43,11,0,0,0,0,0,-12,0,-7,18,0,-32,17,3,0,0,0,0,0,0,-8,2,0,0,-17,20,0,0,0,0,0,0,0,0,0,0,-1,4,0,0,0,0,0,0,0,0,0,0,0,0,0,0,0,0,0,0,0,0,0,0,0,0,0,0,0,0,0,0,0,0,0,0,0,0
0,0,0,0,0,0,0,0,0,0,0,0,0,0,0,0,0,0,0,0,0,0,0,0,0,0,0,0,0,0,0,0,0,0,0,0,0,-21,0,0,0,0,0,0,0,0,20,0,0,0,0,-1,33,0,0,0,3,0,-3,1,0,-4,32,-3,11,0,0,0,43,-3,-41,8,19,-19,43,0,-14,10,-10,24,4,-15,-4,1,43,-9,20,0,-19,43,-11,9,0,-25,0,0,20,0,0,0,-9,20,0,0,0,0,0,-22,0,0,0,0,0,0,0,0,0,0,0,0,0,0,0,0,0,0,0,0,0,0,0,0,0,0,0,0,0,0,0,0,0,0,0,0
0,0,0,0,0,0,0,0,0,0,0,0,0,0,0,0,0,0,0,0,0,0,0,0,0,0,0,0,0,0,0,0,0,0,0,0,0,0,0,0,-10,20,0,0,0,0,-21,0,0,0,0,0,-21,43,0,0,0,0,0,0,0,0,0,12,-16,10,0,16,0,0,0,0,0,0,0,0,0,0,0,0,0,0,0,0,0,0,0,0,0,0,0,0,0,-2,0,0,0,0,0,0,-7,0,0,0,0,0,0,0,0,0,0,0,0,0,0,0,0,0,0,0,0,0,0,0,0,0,0,0,0,0,0,0,0,0,0,0,0,0,0,0,0,0,0,0
0,-20,9,0,0,0,18,0,0,0,0,0,0,0,0,0,0,0,0,0,0,0,0,0,0,0,0,0,0,0,0,0,0,0,0,0,0,0,0,0,0,0,0,0,0,0,0,0,0,0,0,0,0,0,0,0,0,0,0,0,0,0,0,-18,0,4,0,11,0,0,0,0,0,0,0,0,0,0,0,0,0,0,0,0,0,-19,0,0,22,0,0,0,0,0,0,0,0,0,0,0,0,0,0,0,0,0,0,0,0,0,0,0,0,0,0,0,0,0,0,0,0,0,0,0,0,0,0,0,0,0,0,0,0,0,0,0,0,0,0,0,0,0,0,0
0,0,0,0,0,0,0,0,0,0,0,0,0,0,0,0,0,0,0,0,0,0,0,0,0,0,0,0,0,0,0,0,0,0,0,0,0,0,0,0,0,0,0,0,0,0,0,0,0,0,0,0,0,0,0,0,0,0,0,0,0,0,0,0,0,0,0,0,0,0,0,0,0,22,0,0,-18,9,0,16,0,0,0,0,0,18,0,0,-25,39,0,0,0,0,0,0,0,37,0,0,-2,3,0,0,0,0,0,0,0,19,0,0,0,0,0,0,0,0,0,0,0,0,0,0,0,0,0,0,0,0,0,0,0,0,0,0,0,0,0,0,0,0,0,0
0,0,0,0,0,0,0,0,0,0,0,0,0,0,0,0,0,0,4,0,0,0,0,0,0,0,0,0,0,0,0,0,0,0,0,0,0,0,0,0,0,0,0,0,0,0,0,0,0,0,0,0,0,0,0,0,0,0,0,0,0,0,0,0,0,0,0,0,0,0,0,0,0,0,0,0,-16,0,-9,18,0,0,0,0,0,0,0,0,0,0,-39,25,0,0,0,0,0,0,0,0,0,0,-3,2,0,0,0,0,0,0,0,0,0,0,0,0,0,0,0,0,0,0,0,0,0,0,0,0,0,0,0,0,0,0,0,0,0,0,0,0,0,0,0,0
0,0,0,0,0,0,0,0,0,0,0,0,0,0,0,0,0,0,0,0,0,0,0,0,0,0,0,0,0,0,0,0,0,0,0,0,0,0,0,0,0,0,0,0,0,0,0,0,0,0,0,0,0,0,0,0,0,0,0,0,0,0,0,0,0,0,0,0,0,0,0,0,0,0,0,0,-15,0,-9,19,0,0,0,0,0,0,0,15,0,0,-40,26,0,0,0,0,0,0,0,0,0,0,-4,2,0,0,0,0,0,0,0,0,0,0,0,0,0,0,0,0,0,0,0,0,0,0,0,0,0,0,0,0,0,0,0,0,0,0,0,0,0,0,0,0
0,0,0,0,0,0,0,0,0,0,0,0,0,0,0,0,0,0,0,0,0,0,0,0,0,0,0,0,0,0,0,0,0,0,0,0,0,0,0,0,0,0,0,0,0,0,0,0,0,0,0,0,0,0,0,0,0,0,0,0,-15,0,0,0,0,0,0,0,0,0,0,0,0,0,0,0,-15,0,-9,19,0,0,0,-2,0,0,0,0,0,0,-40,26,0,0,0,-20,0,21,0,0,0,0,-4,2,0,0,0,-28,0,0,0,0,0,0,0,0,-9,0,-11,-9,0,0,0,0,0,0,0,0,0,0,-3,0,0,0,0,0,0,0,0,0,0,0,0,0
0,0,0,0,10,0,0,0,0,0,0,15,0,0,0,0,12,0,0,0,0,0,0,0,0,0,0,0,0,0,0,0,0,0,0,0,0,0,0,0,0,0,0,0,0,0,0,0,0,0,0,0,0,0,0,0,0,0,0,0,0,0,0,0,-13,0,-4,0,20,0,0,0,0,-18,0,0,0,0,0,0,0,0,0,15,0,0,0,0,0,0,0,0,0,2,0,-20,0,0,0,0,0,0,0,0,0,30,0,0,0,0,0,0,0,0,0,0,0,1,0,0,0,0,0,0,0,0,0,0,0,0,0,0,0,0,0,0,0,0,0,0,0,0,0,0
0,0,0,0,0,0,0,0,0,0,0,0,0,0,0,0,0,0,0,0,0,0,0,0,0,0,0,0,0,0,0,0,0,0,0,0,0,0,0,-26,2,0,-21,12,0,0,0,0,0,-5,0,-21,9,0,-44,26,0,0,0,0,0,0,0,-26,-12,0,-11,20,0,0,-14,0,0,0,0,0,0,0,0,0,0,0,0,0,0,0,0,0,0,0,0,0,0,0,0,0,0,0,0,0,0,0,0,0,0,0,0,0,0,0,0,0,0,0,0,0,0,0,0,0,0,0,0,0,0,0,0,0,0,0,0,0,0,0,0,0,0,0,0,0,0,0,0,0
0,0,0,0,0,0,0,0,0,0,0,0,0,0,0,0,0,0,0,0,0,0,0,0,0,0,0,0,0,0,0,0,0,0,0,0,0,0,0,0,0,0,0,0,0,0,0,0,0,0,0,0,0,0,0,0,0,0,0,0,0,0,0,-21,0,0,0,0,0,0,0,0,0,0,0,10,-14,0,-10,21,-12,0,2,0,0,0,0,0,0,0,-41,19,5,0,-12,0,0,0,0,0,0,-1,-4,-17,11,0,-6,0,0,0,0,0,0,-1,0,-9,5,0,0,0,0,0,-22,0,0,0,0,0,0,0,0,0,0,0,0,0,0,0,0,0,0,0,0,0
0,0,0,0,0,0,0,0,0,0,0,0,0,0,0,0,0,0,0,0,0,0,0,0,0,0,0,0,0,0,0,0,0,0,0,0,0,0,0,0,0,0,0,0,0,0,0,0,0,0,0,0,0,0,0,0,0,0,0,0,0,0,0,0,0,0,0,0,0,0,22,0,0,0,0,-4,0,5,0,8,0,0,0,0,0,0,0,0,0,0,0,0,0,-16,0,0,0,0,-22,0,0,0,0,0,0,0,0,0,0,0,0,0,0,0,0,0,0,0,0,7,0,0,0,0,0,0,0,0,0,22,0,0,0,0,0,0,0,0,0,0,0,0,0,0
0,0,0,0,0,0,0,0,0,0,0,0,0,0,0,0,0,0,0,0,0,0,0,0,0,0,0,0,0,0,0,0,0,0,0,0,0,0,0,0,-2,3,0,0,0,0,0,0,0,0,0,0,-25,39,0,0,0,0,0,0,0,0,0,17,-19,9,0,16,0,0,0,0,0,0,0,-14,0,0,0,0,0,0,0,0,0,0,0,15,0,0,0,0,0,0,0,0,0,0,0,0,0,0,0,0,0,0,0,0,0,0,0,0,0,0,0,0,0,0,0,0,0,0,0,0,0,0,0,0,0,0,0,0,0,0,0,0,0,0,0,0,0,0,0,0
0,0,0,0,0,0,0,0,0,0,0,0,0,0,0,0,0,0,0,0,0,0,0,0,0,0,0,0,0,0,0,0,0,0,0,0,0,0,0,0,0,0,0,0,0,0,0,0,0,0,0,0,0,0,-32,3,0,0,0,0,0,0,-9,7,-2,0,-10,11,0,0,12,0,0,0,-36,27,-22,0,0,0,0,0,0,0,0,-12,-15,34,0,0,0,0,0,0,0,0,0,0,0,0,0,0,0,0,0,0,0,0,0,0,0,0,0,0,0,0,0,0,0,0,0,0,0,0,0,0,0,0,0,0,0,0,0,0,0,0,0,0,0,0,0,0,0,0
0,0,0,0,0,0,0,0,0,0,0,0,0,0,0,0,0,0,0,0,0,0,0,0,0,0,0,0,0,0,0,0,0,0,0,0,0,0,0,0,0,0,0,0,0,0,0,0,0,0,0,0,-32,8,2,0,-18,0,0,0,0,0,0,-22,-10,8,0,0,21,0,0,-22,0,0,0,0,-12,0,-10,21,0,0,0,0,0,0,0,0,0,0,-44,28,0,0,0,0,0,0,0,0,0,0,-21,13,0,0,0,0,0,0,0,0,0,0,0,0,0,0,0,0,0,0,0,0,0,0,0,0,0,0,0,0,0,0,0,0,0,0,0,0,0,0,0,0
0,0,0,0,0,0,0,0,0,0,0,0,0,0,0,0,0,0,0,0,0,-17,-8,6,0,0,-16,18,0,0,0,-27,43,0,-37,0,0,0,-40,20,0,0,-7,-22,44,5,-37,0,0,0,-10,5,0,0,-33,23,4,20,-37,0,0,0,0,0,-15,0,-8,20,-3,38,-10,0,0,0,0,0,0,0,0,0,-1,10,0,0,0,0,0,0,0,0,0,0,0,0,0,0,0,0,0,0,0,0,0,0,0,0,0,0,0,0,0,0,0,0,0,0,0,0,0,0,0,0,0,0,0,0,0,0,0,0,0,0,0,0,0,0,0,0,0,0,0,0,0,0
0,0,0,0,0,0,0,0,0,0,0,0,0,0,0,0,0,0,0,0,0,0,0,0,0,0,0,0,0,0,0,0,0,0,0,0,0,0,0,0,0,0,0,0,0,0,0,0,0,0,0,0,0,0,0,0,0,0,0,0,0,-15,0,0,0,4,0,12,0,0,0,0,0,0,0,-22,0,0,0,0,0,0,0,0,0,0,0,0,0,0,0,0,0,0,0,0,0,0,0,0,0,0,0,0,-21,0,0,12,0,0,0,0,0,0,0,0,0,0,0,0,0,0,0,0,0,0,0,0,0,0,0,0,0,0,0,0,0,0,0,0,0,0,0,0
0,0,0,0,0,0,0,0,0,0,0,0,0,0,0,0,0,0,0,0,0,0,0,0,0,20,0,0,0,0,0,-21,0,0,0,0,0,14,-39,6,5,0,-3,2,0,0,-30,0,0,11,-42,15,0,0,-38,24,0,23,-3,-16,0,15,-11,4,-16,0,-9,15,3,6,0,0,0,0,0,0,0,0,0,-12,37,9,0,-20,0,0,0,0,0,0,0,-2,3,-5,0,0,0,0,0,0,0,0,0,0,0,0,0,0,0,0,0,0,0,0,0,0,0,0,0,0,0,0,0,0,0,0,0,0,0,0,0,0,0,0,0,0,0,0,5,0,0,0,0,0
0,0,0,0,0,0,0,0,0,0,0,0,0,0,0,0,0,0,0,0,0,0,0,0,0,0,0,0,0,0,0,0,0,0,0,0,0,0,0,0,0,0,-3,2,-13,0,0,0,0,0,0,0,0,0,-41,25,0,0,0,0,0,0,0,0,-14,0,-10,5,9,0,0,0,0,0,0,0,0,0,0,-5,30,0,0,0,0,0,0,0,0,0,0,0,0,0,0,0,0,0,0,0,0,0,0,0,0,0,0,0,0,0,0,0,0,0,0,0,0,0,0,0,0,0,0,0,0,0,0,0,0,0,0,0,0,0,0,0,0,0,0,0,0,0,0,0
0,0,0,1,0,0,0,0,0,0,0,0,0,0,0,0,0,0,0,0,0,0,0,0,0,0,0,0,0,0,0,0,0,0,0,0,0,0,0,0,0,0,0,0,0,0,0,0,0,0,0,0,0,0,0,0,0,0,0,0,0,0,0,0,-11,0,-5,0,0,12,0,-7,0,0,0,0,0,0,0,0,0,0,0,0,0,0,0,0,0,0,0,0,0,0,0,0,0,0,0,0,0,0,0,0,-2,0,0,14,0,0,0,0,0,0,0,0,0,0,0,0,0,0,0,0,0,0,0,0,0,0,0,0,0,0,0,0,0,0,0,0,0,0,0,0
0,0,0,0,0,0,0,0,0,0,0,0,0,0,0,0,0,0,0,0,0,0,0,0,0,0,0,0,0,0,0,-11,7,0,0,0,0,0,0,0,0,21,-3,-23,16,0,0,0,0,0,0,0,0,0,-39,13,7,0,0,0,0,0,21,0,-16,0,-9,0,9,30,0,0,0,0,0,0,0,0,0,-6,28,0,0,0,0,0,0,0,0,0,0,0,0,0,0,0,0,0,0,0,0,0,0,0,0,0,0,0,0,0,0,0,0,0,0,0,0,0,0,0,0,0,0,0,0,0,0,0,0,0,0,0,0,0,0,0,0,0,0,0,0,0,0,0
0,0,0,0,0,0,0,-21,43,0,0,0,0,0,0,0,0,0,0,-17,12,0,0,0,0,0,0,0,0,0,0,0,0,0,0,0,0,0,0,0,0,0,0,0,0,0,0,0,0,0,0,0,0,0,0,0,0,0,0,0,0,0,0,0,0,0,0,0,0,-2,0,0,0,0,0,0,-16,10,-10,22,11,-11,-11,3,0,0,0,0,-21,43,-43,33,44,-11,-42,15,0,0,0,0,-10,21,-27,0,44,-3,-39,6,0,0,0,0,0,0,0,-10,43,0,0,0,0,0,0,0,0,0,0,-10,20,0,0,0,0,0,0,0,0,0,0,0,0,0,0,0
0,0,0,0,0,0,0,0,0,0,0,0,0,0,0,0,0,0,0,0,0,0,0,0,0,0,0,0,0,0,0,0,0,0,0,0,0,0,0,0,0,0,0,0,0,0,0,-14,0,0,0,0,0,0,0,0,0,0,0,0,0,0,0,0,0,0,0,0,0,0,0,0,0,0,0,0,-17,0,0,18,0,0,0,0,0,0,0,0,0,0,0,0,0,0,0,0,0,0,0,0,0,0,0,0,0,0,0,0,0,0,0,0,0,0,0,0,0,0,0,0,0,0,0,0,0,0,0,0,0,0,0,0,0,0,0,0,0,0,0,0,0,0,0,0
0,0,0,0,0,0,0,0,0,0,0,0,0,0,0,0,0,0,0,0,0,0,0,0,0,0,0,0,0,0,0,0,0,0,4,0,0,0,0,0,0,0,-3,-7,25,0,0,0,0,0,0,0,18,0,-37,0,20,0,0,0,0,0,0,0,-14,0,-9,7,25,0,0,0,0,0,0,0,0,0,0,0,0,5,0,0,0,0,0,0,0,0,0,0,0,0,0,0,0,0,0,0,0,0,0,0,0,0,0,0,0,0,0,0,0,0,0,0,0,0,0,0,0,0,0,0,0,0,0,0,0,0,0,0,0,0,0,0,0,0,0,0,0,0,0,0
0,0,0,0,0,0,0,0,0,0,0,0,0,0,0,0,0,0,0,0,0,0,0,0,0,0,0,0,0,0,0,0,0,0,0,0,0,0,0,0,0,0,0,0,0,0,0,0,0,0,0,0,0,0,-8,2,0,0,0,0,0,0,0,0,-12,0,-8,18,0,-21,0,0,0,0,0,0,0,0,0,0,-2,0,0,0,0,0,0,0,0,0,0,0,0,0,0,0,0,-12,0,0,-4,4,4,0,0,0,0,0,0,0,0,0,0,0,0,0,0,0,0,0,0,0,0,0,0,0,0,0,0,0,0,0,0,0,0,0,0,0,0,0,0,0,0,0
0,0,0,0,0,0,0,0,0,0,0,0,0,0,0,0,0,0,0,0,0,0,0,0,-36,0,0,0,0,0,0,0,0,0,-13,11,-35,0,0,0,0,0,0,0,0,0,-34,26,-9,0,0,0,0,0,-22,9,3,0,-27,8,0,0,0,0,0,0,-7,33,0,0,0,0,0,0,0,0,-12,0,-5,0,0,22,0,0,0,0,0,0,0,0,0,0,0,0,0,0,0,0,0,0,0,0,0,0,0,0,0,0,0,0,0,0,0,0,0,0,0,0,0,0,0,0,0,0,0,0,0,0,0,0,0,0,0,0,0,0,0,0,0,0,0,0,0,0
0,0,0,0,0,0,0,0,0,0,0,0,0,0,0,0,0,0,0,0,0,0,0,0,0,0,0,0,0,0,0,0,0,0,0,0,0,0,0,19,0,0,0,0,0,0,0,0,0,0,0,0,0,0,0,0,0,0,0,0,0,0,0,0,0,0,0,0,0,0,0,0,0,0,0,-22,0,4,0,12,0,0,0,0,0,0,0,0,0,0,0,0,0,0,0,0,0,0,0,0,0,0,0,0,0,0,0,0,0,0,0,0,0,0,0,0,0,0,0,0,0,0,0,0,0,0,0,0,0,0,0,0,0,0,0,0,0,0,0,0,0,0,0,0
0,0,0,0,0,0,0,0,0,0,0,0,0,0,0,0,0,0,0,0,0,0,0,0,0,0,0,0,0,0,0,0,0,0,0,0,0,0,0,0,0,0,0,0,0,0,0,0,0,0,0,0,0,0,0,0,0,0,0,0,0,0,0,-32,0,0,0,0,0,0,0,17,0,0,0,-40,-12,8,0,16,0,0,0,0,16,0,0,-40,-16,33,0,0,0,0,0,0,0,0,0,-7,-1,3,0,0,0,0,0,0,0,0,0,0,0,0,0,0,0,0,0,0,0,0,0,0,0,0,0,0,0,0,0,0,0,0,0,0,0,0,0,0,0,0,0,0
0,0,0,0,0,0,0,0,0,0,0,0,0,0,0,0,0,0,0,0,0,0,0,0,0,0,0,0,0,0,0,0,0,14,0,0,0,0,0,0,0,0,-3,2,0,-17,0,0,0,0,0,0,0,0,-39,25,0,0,-5,0,0,0,0,0,-16,0,-9,0,9,2,0,0,0,0,0,0,0,0,0,-6,28,0,0,0,0,0,0,0,0,0,0,0,0,0,0,0,0,0,0,0,0,0,0,0,0,0,0,0,0,0,0,0,0,0,0,0,0,0,0,0,0,0,0,0,0,0,0,0,0,0,0,0,0,0,0,0,0,0,0,0,0,0,0,0
0,0,0,0,0,0,0,0,0,0,0,0,0,0,0,0,0,0,0,0,0,0,0,0,0,0,0,0,0,0,0,0,0,0,0,0,0,0,0,0,-10,20,0,0,0,0,-21,0,-12,0,0,21,-21,43,0,0,0,0,0,0,0,0,0,0,-16,10,0,16,0,0,0,0,0,0,0,0,0,0,0,0,0,21,0,0,0,0,0,0,0,0,0,0,0,-2,0,0,0,0,0,0,0,0,0,0,0,0,0,0,0,0,0,0,0,0,0,0,0,0,0,0,0,0,0,0,0,0,0,0,0,0,0,0,0,0,0,0,0,0,0,0,0,0,0,0
0,0,0,0,0,0,0,0,0,0,0,0,0,0,0,0,0,0,0,0,0,0,0,0,0,0,0,0,0,0,0,0,0,0,0,0,0,0,0,0,-5,29,0,0,0,0,0,0,0,0,0,0,-22,39,0,0,-11,0,0,0,0,0,0,0,-17,9,0,16,-19,0,0,0,0,0,0,-1,0,0,0,0,0,0,0,0,0,0,0,0,0,0,0,0,0,0,0,0,0,0,0,0,0,0,0,0,0,0,0,0,0,0,0,0,0,0,0,0,0,0,0,0,0,0,0,0,0,0,0,0,0,0,0,0,0,0,0,0,0,0,0,0,0,0,0,0
0,0,0,0,0,0,0,0,0,0,0,0,0,0,0,0,0,0,0,0,0,0,0,0,0,0,0,0,0,0,0,0,0,0,0,0,0,0,0,0,0,0,0,0,0,0,0,0,0,0,0,-18,-6,33,0,0,0,0,0,0,0,0,0,0,-20,11,0,15,0,0,0,0,0,0,0,0,0,0,0,0,0,0,0,0,0,0,0,0,0,0,0,0,0,0,0,0,0,0,0,0,0,0,0,0,0,0,0,0,0,0,0,0,0,0,0,0,0,0,0,0,0,0,0,0,0,0,0,0,0,0,0,0,0,0,0,0,0,0,0,0,0,0,0,0
0,0,0,0,0,0,0,0,0,0,0,0,0,0,0,-10,20,0,0,0,0,0,0,0,0,0,0,-41,17,0,0,0,0,0,0,0,0,18,-5,-41,15,3,-20,11,-3,4,0,0,0,0,4,-4,-30,42,-44,25,-40,45,0,0,0,0,-15,0,-24,10,-11,19,-30,11,0,0,0,0,-23,0,0,0,0,0,0,0,0,0,0,0,0,0,0,0,0,0,0,0,0,0,0,0,0,0,0,0,0,0,0,0,0,0,0,0,0,0,0,0,0,0,0,0,0,0,0,0,0,0,0,0,0,0,0,0,0,0,0,0,0,0,0,0,0,0,0,0,0,0
0,0,0,0,0,0,0,0,0,0,0,0,0,0,0,0,0,0,0,0,0,0,0,0,0,0,0,0,0,0,0,0,0,0,0,0,0,0,0,0,0,0,0,0,0,0,0,0,0,0,0,0,0,0,0,0,0,0,0,0,18,0,0,-21,0,6,0,11,0,0,0,0,40,0,-7,0,0,0,0,0,0,0,0,0,37,1,0,0,0,0,0,0,0,0,0,0,0,20,-18,0,0,22,0,0,0,0,0,0,0,5,10,0,0,0,0,0,0,0,0,0,0,0,0,0,0,0,0,0,0,0,0,0,0,0,0,0,0,0,0,0,0,0,0,0
0,0,0,0,0,0,0,0,0,0,0,0,0,0,0,0,0,0,0,0,0,0,0,0,0,0,0,0,0,0,0,0,0,0,0,0,0,0,0,0,0,0,0,0,0,0,0,0,0,0,0,-4,0,0,0,0,0,0,0,0,-40,40,1,-44,2,0,0,0,0,0,0,0,-43,43,5,-4,-22,9,-10,18,0,0,0,0,-10,33,5,0,-11,10,-44,25,0,0,0,0,0,-4,1,16,0,0,-21,12,0,0,0,0,0,0,0,0,0,0,0,0,0,0,0,0,0,0,0,0,0,0,0,0,0,0,0,0,0,0,0,0,0,0,0,0,0,0,0,0
0,0,0,0,0,0,0,0,0,0,0,0,0,0,0,0,0,0,0,0,0,0,0,0,0,0,0,0,0,0,0,0,0,0,0,0,0,0,0,0,-13,20,0,0,0,0,0,0,1,0,8,0,-28,44,0,0,0,0,-3,-15,0,0,0,0,-21,10,0,-1,9,0,-14,0,0,0,0,0,0,0,0,-5,30,0,-3,0,0,0,0,0,0,0,0,0,0,0,0,0,0,0,0,0,0,0,0,0,0,0,0,0,0,0,0,0,0,0,0,0,0,0,0,0,0,0,0,0,0,0,0,0,0,0,0,0,0,0,0,0,0,0,0,0,0,0,0,0
0,0,0,0,0,0,0,0,0,0,0,0,0,0,0,0,0,0,0,0,0,0,0,0,0,0,0,0,0,0,0,0,0,0,0,0,0,0,0,0,0,0,0,0,0,0,0,0,0,0,0,0,0,0,-29,0,22,0,0,0,0,0,0,0,-12,0,-9,2,0,0,0,0,0,0,0,0,0,0,0,18,0,-22,0,0,0,0,0,0,0,0,0,0,0,0,0,0,0,0,0,0,0,0,0,0,0,0,0,0,0,0,0,0,0,0,0,0,0,0,0,0,0,0,0,0,0,0,0,0,0,0,0,0,0,0,0,0,0,0,0,0,0,0,0,0
0,0,0,0,0,0,0,0,0,0,0,0,0,0,0,0,0,0,0,0,0,0,0,0,-15,0,0,2,0,0,0,0,0,0,0,0,0,0,0,0,0,0,0,0,0,0,0,0,15,0,0,-20,-6,33,0,0,0,0,0,0,0,0,0,0,-20,11,0,14,0,0,0,0,1,0,0,0,0,0,0,0,0,0,0,0,0,0,0,0,0,0,0,0,0,0,0,0,0,0,0,0,0,0,0,0,0,0,0,0,0,0,0,0,0,0,0,0,0,0,0,0,0,0,0,0,0,22,0,0,0,0,0,0,-1,1,0,0,0,0,0,0,0,0,0,0
0,0,0,0,0,0,0,0,0,0,0,0,0,0,0,0,0,0,0,0,0,0,0,0,0,0,0,0,0,0,0,0,0,0,0,0,0,0,0,0,0,0,0,0,0,0,0,0,0,0,0,0,0,0,0,0,0,0,0,0,0,0,0,0,0,0,0,0,0,-6,27,0,0,0,0,0,-11,0,-9,27,0,-27,36,0,0,0,0,0,0,0,-29,35,-4,-2,-4,25,0,0,0,0,0,0,0,17,-44,0,-7,38,0,0,0,0,0,0,0,0,-44,0,0,5,0,0,0,0,0,0,0,0,-11,0,0,0,0,0,0,0,0,0,0,0,0,0,0,0
0,0,0,0,0,0,0,0,0,0,0,0,0,0,0,0,0,0,0,0,0,0,0,0,0,0,0,0,0,0,0,0,0,0,0,0,0,0,0,0,0,0,0,0,0,0,0,0,10,0,-7,0,-1,7,15,0,0,0,0,0,40,0,0,-21,0,0,0,0,33,0,0,0,39,0,0,0,-21,10,0,10,11,0,0,0,0,0,0,0,-28,44,0,0,0,0,0,0,0,0,0,0,-13,21,0,0,0,0,0,0,0,0,0,0,0,0,0,0,0,0,0,0,0,0,0,0,0,0,0,0,0,0,0,0,0,0,0,0,0,0,0,0,0,0,0,0
0,0,0,0,0,0,0,0,0,0,0,0,0,0,0,0,0,0,0,0,0,0,0,0,0,15,0,0,0,0,0,0,0,0,0,0,0,0,0,0,-9,20,0,0,0,0,0,0,0,0,0,0,-20,43,0,0,-22,0,0,20,0,0,0,4,-15,10,0,18,0,0,0,0,0,0,0,-2,0,0,0,0,15,0,0,0,0,0,0,3,0,0,0,0,0,0,0,0,0,0,0,0,0,0,0,0,0,0,0,0,0,0,0,0,0,0,0,0,0,0,0,0,0,0,0,0,0,0,0,0,0,0,0,0,0,0,0,0,0,0,0,0,0,0,0,0
0,0,0,0,0,0,0,0,0,0,0,0,0,0,0,0,0,0,0,0,0,0,0,0,0,0,0,0,0,0,0,0,0,0,0,0,0,0,0,0,0,0,0,0,0,0,0,0,0,0,0,0,0,0,0,0,0,0,0,0,-20,9,0,-20,0,4,0,14,0,0,0,0,-43,10,0,0,0,0,0,0,0,0,0,0,-20,10,0,0,0,0,0,0,0,0,0,0,0,0,0,0,0,0,22,0,0,0,0,0,0,21,0,0,0,0,0,0,0,0,0,0,0,0,0,0,0,0,0,0,0,0,0,0,0,0,0,0,0,0,0,0,0,0,0,0
0,0,0,0,0,-5,0,0,0,0,0,0,0,0,0,0,0,-4,0,0,0,0,0,0,0,0,0,0,0,0,0,0,0,0,0,-2,0,0,0,0,0,0,0,0,0,0,0,11,0,0,0,0,0,-2,2,0,0,0,0,0,0,0,0,0,0,-7,8,0,0,0,0,0,0,0,0,0,0,-5,2,0,0,0,0,0,0,0,0,0,0,-1,-13,13,0,0,0,0,0,0,0,0,0,-2,0,12,0,0,0,0,0,0,0,0,0,-5,0,0,0,0,0,0,0,0,0,0,0,-4,0,0,0,0,0,0,0,0,0,0,0,0,0,0,0,-36,0,0
0,0,0,0,0,0,0,0,0,0,0,0,0,0,0,0,0,-4,0,0,0,0,0,0,0,0,0,0,0,-5,0,0,0,0,0,0,0,0,0,0,0,0,0,0,0,0,0,0,0,0,0,0,0,0,0,0,0,0,0,0,0,0,0,0,0,-5,2,14,0,0,0,0,0,0,0,0,0,-7,8,0,0,0,0,0,0,0,0,0,0,-2,3,0,0,0,0,0,0,0,0,0,0,-3,0,8,0,0,0,0,0,0,0,0,0,0,0,0,0,0,0,0,0,0,0,0,0,-4,0,0,0,0,0,0,0,0,0,0,0,-5,0,0,0,0,0,0
0,0,0,0,0,-5,0,0,0,0,0,0,0,0,0,0,0,-4,0,0,0,0,0,0,0,0,0,0,0,-3,3,0,0,0,0,0,0,0,0,0,0,0,0,0,0,0,0,0,0,0,0,0,0,-2,2,0,0,0,0,0,0,0,0,0,0,-7,8,0,0,0,0,0,0,0,0,0,0,-5,2,0,0,0,0,0,0,0,0,0,0,0,0,0,0,0,0,0,0,0,0,0,0,0,-19,3,0,0,3,0,0,0,0,0,0,-5,0,0,0,0,0,0,0,0,0,0,0,-4,0,0,0,0,0,0,0,0,0,0,0,0,0,0,0,0,0,0
0,0,0,0,0,-4,0,0,0,0,0,0,0,0,0,0,0,0,0,0,0,0,0,0,0,0,0,0,0,0,0,-16,11,-13,0,0,0,0,0,0,0,0,-20,-1,22,-38,0,0,0,0,0,0,0,-2,2,0,-9,-20,15,0,0,0,0,0,0,-7,8,0,0,-29,2,0,0,0,0,0,0,-5,2,0,0,0,0,0,0,0,0,0,0,0,0,0,0,0,0,0,0,0,0,0,0,-5,0,0,0,0,0,0,0,0,0,0,0,-4,0,0,0,0,0,0,0,0,0,0,0,0,0,0,0,0,0,0,0,0,0,0,0,0,0,0,0,0,0,0
0,0,0,0,0,-4,0,0,0,0,0,0,0,0,0,0,0,0,0,0,0,0,0,0,0,0,0,0,0,-3,-6,34,0,0,0,0,0,0,0,0,0,-2,-17,40,6,-41,0,0,0,0,0,0,0,-7,-12,40,19,-38,0,0,0,0,0,0,0,-7,4,7,19,-6,0,0,0,0,0,0,0,-7,8,0,-7,0,0,0,0,0,0,0,0,-4,1,0,0,0,0,0,0,0,0,0,0,-5,0,0,0,0,0,0,0,0,0,0,0,-4,0,0,0,0,0,0,0,0,0,0,0,0,0,0,0,0,0,0,0,0,0,0,0,0,0,0,0,0,0,0
0,0,0,0,0,0,0,0,0,0,0,0,0,0,0,0,0,-5,0,0,0,0,0,0,0,0,0,0,0,-4,0,0,0,0,0,0,0,0,0,0,0,0,0,0,0,0,0,0,0,0,0,0,0,-2,2,0,0,0,0,0,0,0,0,0,0,-7,8,0,0,0,0,0,0,0,0,0,0,-5,2,0,0,0,8,0,0,0,0,0,0,0,0,0,0,0,0,0,0,0,0,0,0,0,0,0,0,0,0,0,0,0,0,0,0,0,0,0,0,0,0,0,0,0,0,0,0,-5,0,0,0,0,0,0,0,0,0,0,0,-4,0,0,0,0,0,0
0,0,0,0,0,-5,0,0,0,0,0,0,0,0,0,0,0,-4,0,0,0,0,0,0,0,0,0,0,0,0,0,0,0,0,0,0,0,0,0,0,0,0,0,0,0,0,0,0,0,0,0,0,0,-2,2,0,0,0,0,0,0,0,0,0,0,-7,8,0,0,0,0,0,0,0,0,0,0,-5,2,22,0,0,0,0,0,0,0,0,0,0,0,0,0,0,0,-18,0,0,0,0,0,0,0,0,0,0,0,0,0,0,0,0,0,-5,0,0,0,0,0,0,0,0,0,0,0,-4,0,0,0,0,0,0,0,0,0,0,0,0,0,0,0,0,0,0
0,0,0,0,0,-5,0,0,0,0,0,0,0,0,0,0,0,-3,0,0,0,0,0,0,0,0,0,0,0,-3,0,0,0,0,0,0,0,0,0,0,0,-3,0,0,0,0,0,0,0,0,0,0,0,0,0,0,0,0,0,0,0,0,0,0,0,-6,3,0,0,0,4,0,0,0,0,0,0,-7,8,0,0,0,0,0,0,0,0,0,0,-4,5,0,0,0,0,0,0,0,0,0,0,0,0,0,0,0,0,0,0,0,0,0,0,-5,0,0,0,0,0,0,0,0,0,0,0,-3,0,0,0,0,0,0,0,0,0,0,0,-3,0,0,0,0,0,0
0,0,0,0,0,-7,0,0,0,0,0,0,0,0,0,0,0,-1,0,0,0,0,0,0,0,0,0,0,0,0,0,-10,0,0,9,-6,0,0,0,0,0,-1,0,-10,0,0,9,-4,0,0,0,0,0,-3,11,0,0,0,0,0,0,0,0,0,0,-7,17,0,0,0,0,0,0,0,0,0,0,-7,6,0,0,0,0,0,0,0,0,0,0,-1,0,0,0,-4,0,0,0,0,0,0,0,-1,0,0,0,-4,0,0,0,0,0,0,0,-7,0,0,0,0,0,0,0,0,0,0,0,-1,0,0,0,0,0,0,0,0,0,0,0,0,0,0,0,0,0,0
0,0,0,0,0,0,0,0,0,0,0,0,0,0,0,0,0,-4,0,0,0,0,0,0,0,0,0,0,0,-5,0,0,0,0,0,0,0,0,0,0,0,0,0,0,0,0,0,0,0,0,0,0,0,0,0,0,0,0,0,0,0,0,0,0,0,-5,2,0,0,0,0,0,0,0,0,0,0,-7,8,0,0,0,0,0,0,0,0,0,0,-2,3,0,0,0,0,4,0,0,0,0,0,-3,0,0,0,0,0,17,0,0,0,0,0,0,0,0,0,0,0,6,0,0,0,0,0,-4,0,0,0,0,0,0,0,0,0,0,0,-5,0,0,0,0,0,0
0,0,0,0,0,0,0,0,0,0,0,0,0,0,0,0,0,0,0,0,0,0,0,0,0,0,0,0,0,0,0,0,0,0,0,0,0,0,0,0,0,0,0,0,0,0,0,0,0,0,0,0,0,0,0,0,0,0,0,0,0,0,0,-19,0,0,0,0,0,0,0,0,0,0,0,-7,-15,0,-9,20,0,0,0,0,0,0,0,-7,0,0,-40,27,0,0,0,0,0,0,0,12,0,0,-4,2,0,0,0,0,0,0,0,0,-23,0,3,0,0,0,0,0,0,0,0,0,0,0,0,0,0,0,0,0,0,0,0,0,0,0,0,0,0,0,0,0
0,0,0,0,0,0,0,0,0,0,0,0,0,0,0,0,0,0,0,0,0,0,0,0,0,0,0,0,0,0,0,0,0,0,0,0,0,0,0,0,0,0,0,0,0,0,0,0,0,0,0,0,0,-27,11,0,0,0,0,0,0,0,0,7,-7,-31,32,0,0,0,0,0,0,0,0,6,-41,-4,13,0,0,18,0,0,0,0,0,19,0,-22,0,0,2,-5,0,0,0,0,-16,6,22,0,0,0,-20,0,0,0,0,0,22,0,0,0,0,0,-20,0,0,0,0,0,0,0,0,0,0,0,6,0,0,0,0,0,0,0,0,0,0,0,0,0,0,0
0,0,0,0,0,-30,39,0,0,0,0,0,0,0,0,0,0,0,0,0,0,0,0,0,0,0,0,0,0,0,0,0,0,0,0,0,0,0,0,0,0,0,0,0,0,0,0,0,0,0,0,0,0,0,0,0,0,0,0,0,0,0,0,0,0,0,-1,12,0,0,0,0,-2,0,0,0,0,5,-1,13,0,0,0,0,-2,0,0,-2,0,0,4,0,0,0,0,0,0,0,0,0,0,0,0,0,10,0,0,0,0,0,0,0,0,0,0,0,11,0,0,0,0,0,0,0,0,0,0,0,0,0,0,0,0,0,0,0,0,0,0,0,0,0,0,0
0,0,0,0,0,0,0,0,0,0,0,0,0,0,0,0,0,0,0,6,0,0,0,0,0,0,0,0,0,-1,3,0,0,0,0,0,0,5,0,-29,39,-16,31,0,0,0,0,0,-26,28,0,-29,39,-16,31,2,0,0,0,0,-36,28,0,-1,0,-1,4,-4,0,2,0,0,-10,8,0,-10,0,0,2,0,0,2,0,0,0,0,0,-8,0,0,2,0,0,0,0,0,0,0,0,0,0,0,0,0,0,0,0,0,0,0,0,0,0,0,0,0,0,0,0,0,0,0,0,0,0,0,0,0,0,0,0,0,0,0,0,0,0,0,0,0,0,0,0,0
0,0,0,0,0,0,0,0,0,0,0,0,0,0,0,0,0,0,0,0,0,0,0,0,0,0,0,0,0,0,0,-4,0,0,0,0,0,-9,0,-15,12,0,0,-19,-10,0,0,0,0,-10,0,-15,12,0,-4,-14,-11,0,0,0,-4,0,0,10,-11,0,-4,0,0,0,11,0,-5,0,0,10,-11,-9,0,0,5,0,11,0,0,0,0,0,0,-10,0,0,5,0,0,0,0,0,0,0,0,0,0,0,0,0,0,0,0,0,0,0,0,0,0,0,0,0,0,0,0,0,0,0,0,0,0,0,0,0,0,0,0,0,0,0,0,0,0,5,-13,0,0,0
0,0,0,0,0,0,0,0,0,0,0,0,0,0,0,0,0,0,0,0,0,0,0,0,0,0,0,0,0,0,0,0,0,0,0,0,0,0,0,0,0,0,0,0,0,0,0,0,0,0,0,0,0,0,0,0,0,0,0,0,0,0,0,-5,0,0,0,0,11,0,0,0,0,0,-4,-5,0,5,0,0,44,0,0,0,0,0,2,0,14,5,0,0,33,0,0,0,0,0,-7,30,19,-29,0,0,0,0,0,0,0,0,-15,40,14,-38,0,0,0,0,0,0,0,0,-3,17,0,-38,0,0,0,0,0,0,0,0,0,0,0,-27,0,0,0,0,0,0
0,0,0,0,0,0,0,0,0,0,0,0,0,0,0,0,0,0,0,0,0,0,0,0,0,0,0,0,0,0,0,0,0,0,0,0,0,-27,10,0,0,0,0,0,0,0,0,0,0,-32,31,4,0,-20,0,0,11,0,0,0,0,-21,18,22,0,-32,32,0,0,0,0,0,0,0,-1,3,8,-21,4,0,21,0,0,0,0,0,0,0,0,0,0,0,0,0,22,0,0,0,0,0,0,0,0,0,0,0,0,0,0,0,0,0,0,0,0,0,0,0,0,0,0,0,0,0,0,0,0,0,0,0,0,0,0,0,0,0,6,0,0,0,0,0,0,0
-7,4,0,0,-12,5,0,0,0,0,0,0,-32,10,11,0,-43,19,0,14,0,0,0,0,-33,5,44,0,-39,-10,26,22,0,0,0,0,0,-2,44,0,-29,-36,34,14,0,0,0,0,0,0,22,0,0,-44,20,6,0,0,0,0,0,-13,31,0,0,-11,5,0,11,0,0,0,0,-4,0,0,0,0,0,-1,11,0,0,0,0,0,0,0,0,0,0,0,0,0,0,0,0,0,0,0,0,0,0,0,0,0,0,0,0,0,0,0,0,0,0,0,0,0,0,0,0,0,0,0,9,0,0,0,0,0,0,6,0,-29,19,0,10,0,0,0,0,0,0,6
0,0,0,0,0,0,0,0,0,0,0,0,0,0,0,0,0,0,0,0,0,0,0,0,0,0,0,0,0,0,0,0,0,0,0,0,0,0,0,0,0,0,0,0,0,0,0,0,0,0,0,0,0,0,8,0,0,0,0,0,0,-11,0,0,0,0,9,10,0,-16,0,0,0,-11,0,-2,0,4,0,11,0,-16,0,0,0,0,0,9,3,4,0,0,11,6,0,0,0,0,0,11,0,0,0,0,11,17,0,0,0,0,0,0,0,0,0,0,0,9,0,0,0,0,0,0,0,0,0,0,0,0,0,0,0,0,0,0,0,0,0,0,0,0,0,0
0,0,0,0,0,0,0,0,0,0,0,0,0,0,0,0,0,0,0,0,0,0,0,0,0,0,0,0,0,0,0,0,0,0,0,0,0,0,0,0,0,0,0,0,0,0,0,0,0,0,0,0,0,0,0,0,0,0,0,0,0,0,0,0,-10,0,0,0,0,0,0,0,0,-4,0,17,-26,-9,0,0,0,0,0,0,0,0,0,9,-21,-39,16,0,0,0,0,0,0,0,-16,40,-21,-23,9,34,0,0,0,0,0,0,-42,44,-21,0,-9,44,0,0,0,0,0,0,-27,28,-12,0,-6,19,0,0,0,0,0,0,0,0,0,0,0,0,0,0,0,0
0,0,0,0,0,0,0,0,0,0,0,0,0,0,0,0,0,0,0,0,0,0,0,0,0,0,0,0,0,0,0,0,0,0,0,0,0,0,0,0,0,0,-34,42,-10,14,0,0,0,0,0,0,0,-2,-26,44,-10,14,0,0,0,0,0,0,0,-2,0,11,10,-5,0,0,0,0,0,7,0,0,-3,0,11,-17,28,0,0,0,0,7,0,0,0,0,4,0,9,0,0,0,0,0,0,0,0,0,0,0,0,0,0,0,0,0,0,0,0,0,0,0,0,0,0,0,0,0,0,0,0,0,0,0,0,0,0,0,0,0,0,0,0,0,0,0,0,0
0,0,0,0,0,0,0,0,0,0,0,0,0,0,0,0,0,0,0,0,0,0,0,0,0,0,0,0,0,0,0,0,0,0,0,0,0,-3,7,0,0,0,0,0,0,0,0,0,0,-10,40,0,-7,0,0,0,0,0,0,0,0,0,0,0,0,-32,32,0,0,0,0,0,0,0,-5,0,8,-21,5,0,0,0,0,0,0,0,0,0,0,0,0,0,0,14,0,0,0,0,0,0,0,0,0,0,0,0,0,0,0,0,0,0,0,0,0,0,0,0,0,0,0,0,0,0,0,0,0,0,0,0,0,0,0,0,0,0,0,0,0,0,0,0,0,0
0,0,0,0,0,0,0,0,0,0,0,0,0,0,0,0,0,0,0,0,0,0,0,0,0,0,-4,0,0,0,0,2,0,0,0,0,0,0,-4,0,0,0,0,2,0,0,0,0,0,0,0,-9,0,5,0,0,0,0,0,0,0,3,0,-10,-5,27,0,10,0,0,0,0,0,-22,0,0,-1,0,0,11,0,0,0,0,0,-11,0,0,0,0,0,0,0,0,0,0,0,0,0,0,0,0,0,0,0,0,0,0,0,0,0,0,0,0,0,0,0,0,0,0,0,0,0,0,0,0,0,0,0,0,0,0,0,0,0,0,0,0,0,0,0,0,0,0
0,0,0,0,0,0,0,0,0,0,0,0,0,0,0,0,0,-4,0,0,0,0,11,0,0,0,0,10,0,-7,3,0,0,0,11,0,0,0,0,10,0,-21,26,0,0,0,0,0,0,0,0,0,0,-21,26,-7,0,0,1,0,0,0,0,0,0,-2,3,-8,0,0,1,0,0,0,0,0,0,0,0,0,0,0,0,0,0,0,0,0,0,0,0,0,0,0,0,0,0,0,0,0,0,0,0,0,0,0,0,0,0,0,-3,10,-9,0,0,0,8,0,0,0,0,-7,-2,32,-9,0,0,0,9,0,0,0,0,-29,27,16,0,0,0,0,0,0,0,0
0,0,0,0,0,0,0,0,0,0,0,0,0,0,0,0,0,0,0,0,0,0,0,0,0,0,0,0,0,0,0,0,0,0,0,0,0,0,0,0,0,0,0,0,0,0,0,0,0,0,0,0,0,0,0,0,0,0,0,0,0,0,0,0,-8,-7,27,0,0,0,0,0,0,0,0,0,0,-30,8,15,0,0,0,0,0,-22,0,0,0,0,0,0,0,0,0,0,0,0,0,0,0,0,0,0,0,0,0,0,0,0,0,0,0,0,0,0,0,0,0,0,0,0,0,0,0,0,0,0,0,0,0,0,0,0,0,0,0,0,0,0,0,0,0,0
0,0,0,0,0,0,0,0,0,0,0,0,0,0,0,0,0,0,0,0,9,0,0,0,0,0,0,0,0,3,3,-20,36,0,0,0,0,-10,0,0,0,-14,36,-27,27,0,0,0,0,-11,0,0,6,-20,36,-7,0,0,0,0,0,0,0,0,6,-2,3,0,0,0,0,0,0,0,0,0,0,0,6,0,0,0,0,0,0,0,0,0,0,0,6,0,0,0,0,0,0,0,0,0,0,0,0,0,0,0,0,0,0,0,0,0,0,0,0,0,0,0,0,0,0,0,0,0,0,0,0,0,0,0,0,0,0,0,0,0,0,0,0,0,0,0,0,0
0,0,0,0,0,0,0,0,0,0,0,0,0,0,0,0,0,0,0,0,0,0,0,0,0,0,0,0,0,0,0,0,0,0,0,0,0,0,0,0,0,0,0,0,0,0,0,0,0,-3,0,0,0,0,10,0,0,0,0,0,0,0,3,0,0,0,4,0,0,0,0,0,0,0,0,0,1,0,5,-6,0,0,-7,1,0,0,0,0,0,0,10,-6,0,0,-13,1,0,0,0,0,0,0,0,0,0,0,0,0,0,0,0,0,0,0,0,0,0,0,0,0,0,0,0,0,0,0,0,0,0,0,0,0,0,0,0,0,0,0,0,0,0,0,0,0
0,0,0,0,0,0,0,0,0,0,0,0,0,0,0,0,0,0,0,0,0,0,0,0,0,0,0,0,0,0,0,0,0,0,0,0,0,0,0,0,0,0,0,0,0,0,0,0,0,0,0,0,0,0,0,0,0,0,0,0,0,0,0,0,0,0,0,0,0,0,0,0,0,8,0,0,6,-3,1,0,0,0,0,0,0,8,0,0,7,-30,20,0,0,0,0,0,0,0,0,0,0,-30,20,0,-1,0,0,0,0,0,0,0,0,-4,2,0,-2,0,0,0,0,0,0,0,0,0,0,0,0,0,0,0,0,0,0,0,0,0,0,0,0,0,0,0
0,0,0,0,0,0,0,0,0,0,0,0,0,0,0,0,0,0,0,0,0,0,0,0,0,0,0,0,0,0,0,0,0,0,0,0,0,0,0,0,0,0,0,0,0,0,0,0,0,0,0,0,0,0,0,0,0,0,0,0,0,0,0,0,0,0,0,0,0,0,0,0,0,0,0,0,0,0,-2,0,-4,0,0,0,0,0,9,0,0,0,-2,-17,-1,0,0,-10,0,0,9,0,0,0,0,-14,-10,22,0,-43,0,0,0,0,0,0,-4,0,-17,38,0,-26,0,0,0,0,0,0,-4,0,0,9,0,0,0,0,0,0,0,0,0,0,0,0,0,0
0,0,0,0,0,0,0,11,0,0,0,0,0,0,0,0,0,0,0,0,0,0,0,0,0,0,0,0,0,0,0,0,0,0,0,0,0,0,0,0,0,0,0,0,-9,0,0,0,0,0,0,0,0,1,0,-10,-10,0,0,0,0,0,0,0,0,1,0,-10,0,0,9,0,0,0,0,0,0,0,-2,11,0,-24,33,-10,0,0,0,0,0,0,-30,44,0,-32,25,-43,0,0,0,0,0,0,-22,26,0,-8,6,-34,0,0,0,0,0,0,0,0,0,0,0,0,0,0,0,0,0,0,0,0,0,0,0,0,0,0,0,0,0,0,0,0,0,0,0,0
0,0,0,0,0,0,0,0,0,0,0,0,0,0,0,0,0,0,0,0,0,0,0,0,0,0,0,0,0,0,0,0,0,0,0,0,0,0,0,0,0,0,0,0,0,0,0,0,-7,0,0,0,-4,0,16,-3,0,0,0,0,-8,0,0,0,2,0,6,22,0,0,-3,0,0,0,0,0,0,0,9,11,-7,0,12,-3,0,0,0,0,0,0,9,0,-8,0,7,-2,0,0,0,0,0,0,0,0,0,0,0,0,0,0,0,0,0,0,0,0,0,0,0,0,0,0,0,0,0,0,0,0,0,0,0,0,0,0,0,0,0,0,0,0,0,0,0,0
0,0,0,0,0,0,0,0,0,0,0,0,0,0,0,0,0,0,0,0,0,0,0,0,0,0,0,0,0,0,0,0,0,0,0,0,0,0,0,0,-11,20,-9,7,-1,3,0,-1,0,0,0,0,-25,44,-42,30,-11,21,7,-17,0,0,0,0,-19,11,-10,23,-1,4,0,-13,0,0,0,0,0,0,0,0,0,0,0,0,0,0,0,0,0,0,0,0,0,0,0,0,0,0,0,0,0,0,0,0,0,0,0,0,0,0,0,0,0,0,0,0,0,0,0,0,0,0,0,0,0,0,0,0,0,0,0,0,0,0,0,0,0,0,0,0,0,0,0,0
0,0,0,0,0,0,0,0,0,0,0,0,0,0,0,0,0,0,0,0,0,0,0,0,0,0,0,0,0,0,0,0,0,0,0,0,0,0,0,0,0,0,0,0,0,0,0,0,0,0,0,0,0,0,0,0,0,0,0,0,0,0,0,0,0,0,0,0,0,0,0,0,0,0,10,0,0,-11,10,0,0,0,0,0,0,-1,32,11,0,-31,28,0,0,0,0,8,0,5,0,12,-34,-5,0,0,0,0,0,9,0,0,7,0,-43,1,0,9,0,0,0,0,0,0,8,0,-29,1,0,9,0,0,0,0,0,0,0,0,0,0,0,0,0,0,0,0
0,0,0,0,0,0,0,0,0,0,0,0,0,0,0,0,0,0,0,0,0,0,0,0,0,0,0,0,0,0,0,0,0,0,0,0,0,0,0,0,-26,24,0,0,0,0,0,0,0,0,0,0,-44,34,0,0,0,0,0,0,0,0,0,0,-11,3,0,0,11,0,0,0,0,0,0,0,10,0,0,0,18,0,0,0,0,0,0,0,11,0,-5,-22,19,1,0,0,0,0,0,0,0,0,-5,0,0,1,0,0,0,0,0,0,0,0,0,0,0,0,0,0,0,0,0,0,0,0,0,0,0,0,0,0,0,0,0,0,0,0,0,0,0,0,0,0
0,0,0,0,0,0,0,0,0,0,0,0,0,0,0,0,0,0,0,0,0,0,0,0,0,0,0,0,0,0,0,0,0,0,0,0,0,0,0,0,0,0,0,0,0,0,0,0,0,0,0,0,0,0,0,0,0,0,0,0,0,-10,0,0,0,0,0,0,0,0,0,0,13,-43,9,-7,0,0,8,-10,0,6,0,0,8,-32,12,-30,31,0,8,-11,-4,25,0,0,0,0,3,-18,25,0,0,0,-3,15,0,0,0,-12,0,0,0,0,-34,4,0,0,0,0,0,-7,0,0,0,-2,-33,12,0,0,-2,0,0,2,0,0,0,-2,-7,14,0,0,-2,0
0,0,0,0,0,0,0,0,0,0,0,0,0,0,0,0,0,0,0,0,0,0,0,0,0,0,0,0,0,0,0,0,0,0,0,0,0,0,0,0,0,0,0,0,0,0,0,0,0,0,0,-9,0,4,0,0,0,0,0,0,0,0,0,-10,-4,26,0,10,0,0,0,0,0,0,-5,0,-1,0,0,11,0,0,0,0,0,0,-5,0,0,0,0,0,0,0,0,0,0,0,0,0,0,0,0,0,0,0,0,0,0,0,0,0,0,0,0,0,0,0,0,0,0,0,0,0,0,0,0,0,0,0,0,0,0,0,0,0,0,0,0,0,0,0,0,0
0,0,0,0,0,0,0,0,0,0,0,0,0,0,0,0,0,0,0,0,0,0,0,0,0,0,0,0,0,0,0,0,0,0,0,0,0,0,0,0,0,0,0,0,0,0,0,0,0,0,0,0,0,0,0,0,0,0,0,0,0,0,0,0,0,0,0,0,10,0,0,0,0,0,0,0,0,0,4,0,22,0,0,0,0,0,-10,14,13,-2,26,0,-3,0,0,0,0,0,-10,-2,31,-2,0,2,0,0,0,7,0,0,-4,-25,20,0,0,0,2,0,0,7,0,0,-4,0,-4,0,0,0,2,0,0,0,0,0,0,0,0,0,0,0,0,0,0,0
0,0,0,0,0,0,0,0,0,0,0,0,0,0,0,0,0,0,0,0,0,0,0,0,11,0,0,0,0,0,0,0,0,0,0,0,11,0,0,-24,34,0,0,0,0,0,0,0,0,0,0,-26,21,0,1,0,0,0,0,0,0,0,0,-6,6,0,0,0,0,0,0,0,0,0,0,0,0,0,0,0,0,0,0,0,0,0,0,0,0,0,0,0,0,0,0,0,0,0,0,0,0,0,0,0,0,0,0,0,0,0,0,0,0,0,0,0,0,0,0,0,0,0,0,0,0,0,0,0,0,0,0,0,0,0,0,0,0,0,0,0,0,0,0,0
0,0,0,0,0,0,0,0,0,0,0,0,0,0,0,0,0,0,0,0,0,0,0,0,0,0,0,0,0,0,0,0,0,0,0,0,0,0,0,0,0,6,-10,0,0,0,0,0,0,0,-4,0,9,-4,-11,0,0,0,0,0,0,0,-16,33,9,-13,0,9,0,0,0,0,0,0,-10,2,0,-3,0,9,0,0,0,0,0,0,0,-11,0,5,0,0,0,0,0,0,0,0,0,0,0,0,0,0,0,0,0,0,0,0,0,0,0,0,0,0,0,0,0,0,0,0,0,0,0,0,0,0,0,0,0,0,0,0,0,0,0,0,0,0,0,0,0,0
0,0,0,0,0,0,0,0,0,0,0,0,0,0,0,0,0,0,0,0,0,0,0,0,0,0,0,0,0,0,0,0,0,0,0,0,0,0,0,0,0,0,0,0,0,-10,0,0,0,0,0,0,0,-1,0,0,12,-10,0,0,0,0,0,-8,0,0,0,6,4,0,0,0,0,0,0,-8,0,0,6,11,-3,0,0,0,0,0,0,0,0,0,6,0,0,0,-7,0,0,0,0,0,0,0,0,0,0,0,-8,0,0,0,0,0,0,0,0,0,0,0,0,0,0,0,0,0,0,0,0,0,0,0,0,0,0,0,0,0,0,0,0,0,0,0,0,0
0,13,0,-11,0,0,0,0,0,0,0,0,0,0,0,-8,0,0,0,0,0,0,0,0,0,0,0,-8,0,0,0,0,0,0,0,-10,0,0,0,0,0,-2,0,0,-10,0,-12,-34,0,0,0,0,0,0,0,0,-11,0,-12,-30,0,0,0,0,0,2,0,0,0,0,0,-23,0,0,0,0,0,0,0,0,0,0,0,0,0,0,0,0,0,0,0,0,0,0,0,0,0,0,0,0,0,0,0,0,0,0,0,0,0,0,0,0,0,0,0,0,0,0,0,0,0,0,0,0,0,0,0,0,0,0,0,0,0,0,0,0,0,0,0,0,0,0,0,0
0,0,0,0,0,0,0,0,0,0,0,0,0,0,0,0,0,0,0,0,0,0,0,0,0,0,0,0,0,0,0,0,0,0,0,0,0,22,0,0,0,0,-20,11,0,0,0,0,0,0,0,0,0,0,-44,24,0,0,0,0,0,0,0,0,-15,0,-11,18,-11,0,0,0,0,-17,0,0,0,0,0,0,0,0,0,0,0,0,4,0,0,0,0,0,0,0,0,0,0,0,0,0,0,0,0,0,0,0,0,0,0,0,0,0,0,0,0,0,0,0,0,0,0,0,0,0,0,0,0,0,0,0,0,0,0,0,0,0,0,0,0,0,0,0,0,0
-3,0,0,0,3,0,0,0,-2,3,0,-33,-19,-6,0,21,0,0,0,0,-8,19,0,-6,0,0,0,0,0,1,0,0,0,-1,1,-1,0,0,0,0,0,6,0,0,0,-8,8,-5,0,0,0,3,0,-1,0,0,0,-1,0,0,0,0,0,0,0,0,0,0,0,0,0,0,0,0,0,0,0,0,0,0,0,0,0,0,0,0,0,0,0,0,0,0,0,0,0,0,0,0,0,0,0,0,0,0,0,0,0,0,0,0,0,0,0,0,0,0,0,0,0,0,0,0,0,0,0,0,0,0,0,0,0,0,0,0,0,0,0,0,0,0,0,0,0,0
0,0,0,0,0,0,0,0,0,0,0,0,0,0,0,0,0,0,0,0,0,0,0,0,0,0,0,0,0,0,0,0,0,0,0,0,0,0,0,0,0,0,0,0,0,0,0,0,0,0,0,0,0,0,0,0,0,0,0,0,0,0,0,0,0,0,0,0,0,0,0,0,0,0,0,0,0,0,0,0,0,0,0,0,0,0,0,0,0,0,0,0,0,0,0,0,0,0,0,0,0,0,2,0,4,0,0,0,0,0,0,0,0,-3,22,0,0,0,0,0,0,0,-3,0,0,-16,0,-3,0,0,2,0,0,0,-18,0,0,13,3,-19,0,0,14,0
0,0,0,0,0,0,0,0,0,0,0,0,0,0,0,0,0,0,0,-2,0,0,1,0,0,0,2,0,0,0,-2,-15,0,1,5,0,0,0,12,0,0,0,-15,0,0,5,0,3,0,0,0,0,0,0,0,0,0,0,0,19,0,0,0,0,0,0,0,0,0,0,0,0,0,0,0,0,0,0,0,0,0,0,0,0,0,0,0,0,0,0,0,0,0,0,0,0,0,0,0,0,0,0,0,0,0,0,0,0,0,0,0,0,0,0,0,0,0,0,0,0,0,0,0,0,0,0,0,0,0,0,0,0,0,0,0,0,0,0,0,0,0,0,0,0
0,-14,0,0,0,18,1,0,0,0,0,0,0,0,0,0,0,0,6,0,0,0,0,0,0,3,0,0,0,0,-1,0,0,0,0,0,0,18,0,0,0,0,0,0,0,0,0,0,0,0,0,0,0,0,0,0,0,0,0,0,0,0,0,0,0,0,0,0,0,0,0,0,0,0,0,0,0,0,0,0,0,0,0,0,0,0,0,0,0,0,0,0,0,0,0,0,0,0,0,0,0,0,0,0,0,0,0,0,0,0,0,0,0,0,0,0,0,0,0,0,0,0,0,0,0,0,0,0,0,0,0,0,0,0,0,0,0,0,0,0,0,0,0,0
0,0,0,0,0,0,0,3,0,0,0,0,0,0,0,0,0,0,0,19,0,0,0,0,0,0,0,0,0,0,0,0,0,0,0,0,0,0,0,0,0,0,0,0,0,0,0,0,0,0,0,0,0,0,0,0,0,0,0,0,0,0,0,0,0,0,0,0,0,0,0,0,0,0,0,0,0,0,0,0,0,0,0,0,0,0,0,-3,0,0,0,0,0,0,0,0,0,0,0,-18,0,0,0,0,0,0,0,0,0,0,0,0,0,0,0,0,0,0,0,0,0,0,0,0,0,0,0,0,0,0,0,0,0,0,0,0,0,0,0,0,0,0,0,0
0,0,0,0,0,0,0,0,0,0,0,0,0,0,0,0,0,0,0,0,0,0,0,0,0,0,0,-3,0,0,1,0,4,0,0,0,-1,0,0,-16,0,0,8,2,0,0,0,-10,10,0,0,0,0,0,0,14,0,0,0,-15,28,0,-3,0,0,0,0,-3,7,0,-15,0,29,0,-17,0,0,4,0,-8,7,0,-15,1,18,0,0,0,0,0,0,0,0,0,0,0,0,0,0,0,0,0,0,0,0,0,0,0,0,0,0,0,0,0,0,0,0,0,0,0,0,0,0,0,0,0,0,0,0,0,0,0,0,0,0,0,0,0,0,0,0,0,0,0
0,0,0,1,0,0,0,0,0,0,0,0,-1,0,0,0,0,0,0,0,0,0,0,0,-9,0,1,0,0,0,0,0,0,-2,0,-24,0,0,0,0,0,0,0,0,0,-14,0,-13,0,0,0,0,0,0,0,0,0,0,0,-8,0,0,0,0,0,0,0,0,0,0,0,0,0,0,0,0,0,0,0,0,0,0,0,0,0,0,0,0,0,0,0,0,0,0,0,0,0,0,0,0,0,0,0,0,0,0,0,0,0,0,0,0,0,0,0,0,0,0,0,0,0,0,0,0,0,0,0,0,0,0,0,0,0,0,0,0,0,0,0,0,0,0,0,0
0,0,0,0,0,-1,0,0,-10,-4,0,4,0,0,0,0,0,-7,0,4,0,0,0,0,0,0,-2,0,0,0,2,0,-2,0,1,4,0,0,-14,0,0,0,13,0,-26,0,8,0,0,0,0,0,0,0,-16,0,3,0,0,0,0,0,0,0,0,0,0,0,0,0,0,0,0,0,0,0,0,0,0,0,0,0,0,0,0,0,0,0,0,0,0,0,0,0,0,0,0,0,0,0,0,0,0,0,0,0,0,0,0,0,0,0,0,0,0,0,0,0,0,0,0,0,0,0,0,0,0,0,0,0,0,0,0,0,0,0,0,0,0,0,0,0,0,0
0,0,0,0,0,0,0,0,0,0,0,0,0,0,0,0,0,0,0,0,0,0,0,0,0,0,0,0,0,0,0,0,0,0,0,0,0,0,0,0,0,0,0,0,0,0,0,0,0,0,0,0,0,0,0,0,0,0,0,0,0,0,0,-1,0,0,0,0,0,0,0,0,0,0,0,-8,0,0,0,0,0,0,0,0,0,0,0,0,-2,0,-23,0,0,0,-1,0,0,0,0,0,-14,0,-11,-3,0,0,-2,0,0,0,0,0,-1,0,-7,-17,4,0,-8,0,0,0,0,0,-8,0,0,0,0,0,0,1,0,0,0,0,0,0,0,0,0,0,0,5
0,0,0,0,0,0,0,0,0,0,0,0,0,0,0,0,0,0,0,0,0,0,0,0,0,0,-7,3,0,0,0,0,0,0,0,0,0,0,-24,15,0,0,0,0,0,0,0,0,0,0,-40,14,0,-6,0,0,0,0,0,0,0,1,0,0,0,8,0,-1,0,0,0,0,0,0,0,0,0,0,0,-8,0,0,0,0,0,0,0,0,0,0,0,-1,0,0,0,0,0,0,0,0,0,0,0,0,0,0,0,0,0,0,0,0,0,0,0,0,0,0,0,0,3,0,0,0,0,0,0,0,0,0,0,0,18,0,0,0,0,-1,0,0,3,0,0,0
0,0,0,0,0,0,-1,0,-19,0,0,0,0,0,0,0,7,0,1,0,0,0,0,0,0,0,0,0,0,0,6,0,0,0,0,0,0,3,0,0,0,0,-1,0,0,-2,0,0,0,0,0,0,0,0,0,0,0,-11,0,0,0,0,0,0,0,0,0,0,0,0,0,0,0,0,0,0,0,0,0,0,0,0,0,0,0,0,0,0,0,0,0,0,0,0,0,0,0,0,0,0,0,0,0,0,0,0,0,0,0,0,0,0,0,0,0,0,0,0,0,0,0,0,0,0,0,0,0,0,0,0,0,0,0,0,0,0,0,0,0,0,0,0,0,0
0,0,0,0,-8,0,0,0,0,0,0,0,0,0,0,0,-1,0,0,0,0,0,0,0,0,0,0,0,0,0,0,0,0,0,0,0,0,0,0,0,0,0,0,0,0,0,0,0,0,0,0,0,0,0,0,0,0,0,0,0,0,0,0,-3,0,0,0,0,0,0,0,0,0,0,0,-17,0,0,0,0,0,0,0,0,0,0,0,0,0,0,0,-6,0,21,0,0,0,0,0,4,0,0,0,-2,0,0,0,-1,0,0,0,0,0,0,0,-14,0,0,0,0,0,0,0,0,0,0,0,0,0,0,0,0,0,0,0,0,0,0,0,0,0,0,0,0
0,0,0,0,0,0,0,0,0,0,0,0,0,0,0,0,0,0,0,0,0,0,0,0,0,0,0,0,0,0,0,0,0,0,0,0,0,0,0,0,0,0,0,0,0,0,0,0,0,0,0,0,0,0,0,0,0,0,0,0,0,0,-1,0,3,0,0,0,0,0,0,0,0,0,-2,-4,0,0,0,0,0,0,0,0,0,0,0,0,3,0,0,0,-3,0,0,-7,0,-11,0,0,18,0,-7,14,-38,11,0,-25,0,0,0,0,3,0,-10,30,-35,16,0,-42,0,0,0,1,19,0,-9,14,0,0,0,0,0,0,0,5,0,0,0,0,0,0,0,0
0,0,0,0,0,0,0,0,0,0,0,0,0,0,0,0,0,0,0,0,0,0,0,0,0,0,0,0,0,0,0,0,0,0,0,0,0,0,0,0,0,0,0,0,0,0,0,0,0,0,0,0,0,0,0,0,0,0,0,0,0,0,0,0,0,0,0,0,0,0,0,1,0,0,0,0,0,0,0,0,0,0,0,8,0,0,0,0,0,0,0,-3,0,3,0,0,0,0,0,0,0,0,-21,0,6,17,0,0,0,0,4,0,0,0,0,0,0,0,1,0,0,0,0,0,0,0,0,0,0,0,8,0,0,0,0,0,0,0,0,0,0,0,0,0
0,0,0,0,0,0,0,0,0,0,0,0,0,0,0,0,0,0,0,0,0,0,0,0,0,0,0,0,0,0,0,0,0,0,0,0,0,0,0,0,0,0,0,0,0,0,0,0,0,0,0,0,0,0,0,0,0,0,0,0,0,0,0,2,0,0,0,0,0,0,0,0,0,0,0,4,0,0,0,0,2,0,0,0,0,0,26,-8,-28,10,9,14,14,0,0,0,0,0,44,0,-42,15,43,0,0,0,0,0,0,0,26,0,-24,15,18,0,0,0,0,0,0,0,0,0,-8,6,0,0,0,0,0,0,0,0,0,0,0,0,0,0,0,0,0,0
0,0,0,0,0,0,0,0,0,0,0,0,0,0,0,0,0,0,0,0,0,0,0,0,0,0,0,0,0,0,0,0,0,0,0,0,0,0,0,0,0,0,0,0,0,0,0,0,0,0,0,0,0,0,0,0,0,0,0,0,0,0,0,0,0,0,0,0,0,0,0,0,0,0,0,0,0,0,0,0,1,0,0,0,0,3,0,0,0,0,0,-23,20,0,0,0,0,17,3,0,0,0,0,-40,18,0,0,0,0,0,17,0,0,0,0,-17,0,0,0,0,0,0,0,0,0,0,0,0,0,0,0,0,0,0,0,0,0,0,0,0,0,0,0,0
0,0,0,0,0,0,0,0,0,0,0,0,0,0,0,0,0,0,0,0,0,0,0,0,0,0,0,0,0,0,0,0,0,0,0,0,0,0,0,0,0,0,0,0,0,0,0,0,0,0,0,0,0,0,0,0,0,0,0,0,0,-1,0,0,0,0,0,0,0,0,0,0,0,0,0,0,-3,0,0,0,0,0,0,0,0,10,0,0,0,0,0,0,0,0,0,0,-5,17,0,0,0,0,0,0,0,0,0,0,-1,0,0,0,-2,0,0,-2,0,0,0,0,0,0,0,0,-15,0,0,0,0,0,0,0,0,0,0,0,0,0,0,0,0,0,0,0
0,0,-5,10,0,0,0,0,0,0,0,0,0,3,-8,34,-12,4,0,0,0,0,0,0,0,18,3,26,-29,10,0,0,2,0,0,0,0,0,19,0,-12,0,0,0,14,0,0,0,0,0,0,0,0,0,0,0,0,0,0,0,0,0,0,0,0,0,0,0,0,0,0,0,0,0,0,0,0,0,0,0,0,0,0,0,0,0,0,0,0,0,0,0,0,0,0,0,0,0,0,0,0,0,0,0,0,0,0,0,0,0,0,0,0,0,0,0,0,0,0,0,0,0,2,0,0,0,0,0,0,0,0,0,0,0,14,0,0,0,0,0,0,0,0,0
0,10,0,0,0,0,0,0,0,0,0,0,0,6,0,0,0,0,0,0,0,0,0,0,0,-1,0,0,0,0,0,0,0,0,0,0,0,0,0,0,0,0,0,0,0,0,0,0,0,0,0,0,0,0,0,0,0,0,0,0,0,0,0,0,0,0,0,0,0,0,0,0,0,0,0,0,0,0,0,0,0,0,0,0,0,0,0,0,0,0,0,0,0,0,0,0,0,0,0,0,0,0,0,0,0,0,0,0,0,0,0,2,0,0,0,0,0,0,0,0,0,0,0,10,0,0,2,0,0,0,0,0,0,0,0,-19,0,0,14,0,0,0,0,0
0,0,0,0,0,0,0,0,0,0,0,0,0,0,0,0,0,0,0,0,0,0,0,0,0,0,0,0,0,0,0,0,0,0,0,0,0,0,0,0,0,0,0,0,6,0,0,0,0,0,0,0,0,0,3,0,15,-8,0,0,0,0,0,2,0,-2,17,0,1,-23,0,0,-3,-2,0,13,2,-15,0,0,5,0,-1,0,0,-14,0,-7,28,0,0,0,0,0,0,0,0,0,0,-5,0,0,0,0,0,0,7,0,0,0,0,0,0,0,0,0,0,0,0,0,0,0,0,0,0,0,0,0,0,0,0,0,0,0,0,0,0,0,0,0,0,0,0,0
0,0,0,0,0,0,8,0,0,0,-3,0,0,0,0,0,0,0,0,-2,0,0,-18,0,0,0,0,0,0,0,0,-13,0,0,3,0,0,0,0,0,0,3,0,0,0,0,0,0,0,0,0,0,0,19,0,0,0,0,0,0,0,0,0,0,0,0,0,0,0,0,0,0,0,0,0,0,0,0,0,0,0,0,0,0,0,0,0,0,0,0,0,0,0,0,0,0,0,0,0,0,0,0,0,0,0,0,0,0,0,0,0,0,0,0,0,0,0,0,0,0,0,0,0,0,0,0,0,0,0,0,0,0,0,0,0,0,0,0,0,0,0,0,0,0
0,0,0,0,0,0,0,0,0,0,0,0,0,0,0,0,0,0,0,0,0,0,0,0,0,0,0,0,0,0,0,0,0,0,0,0,0,0,0,0,0,0,0,0,0,0,0,0,0,0,0,0,0,0,0,0,0,0,0,0,0,0,0,0,0,0,0,0,0,0,0,0,0,0,0,0,-13,0,-7,0,0,3,0,0,0,0,0,0,0,0,0,0,0,0,0,0,0,0,0,0,0,0,0,0,0,0,0,0,0,0,0,0,0,0,0,0,0,0,0,0,0,0,0,0,0,0,0,0,0,0,0,0,0,0,0,0,0,0,0,0,0,0,0,0
0,0,0,0,0,0,0,0,0,0,0,0,-8,0,0,0,0,0,0,0,0,0,0,8,0,0,0,0,0,0,0,0,0,0,0,0,0,0,0,0,0,0,0,0,0,0,0,0,0,0,0,0,0,0,0,0,0,0,0,0,0,0,0,0,0,0,0,0,0,0,0,0,-8,0,0,0,0,0,0,0,0,0,0,8,0,0,0,0,0,0,0,0,0,0,0,0,-11,0,0,0,0,0,0,0,0,0,0,11,-11,0,0,0,0,0,0,0,0,0,0,11,0,0,0,0,-6,0,0,0,0,0,0,8,0,0,0,0,0,0,0,0,0,0,0,0
0,0,0,0,0,0,0,0,0,0,0,0,-11,0,0,0,0,0,0,0,0,0,0,11,-11,0,0,0,0,0,0,0,0,0,0,11,-8,0,0,0,0,0,0,0,0,0,0,0,0,0,0,0,0,0,0,0,0,0,0,0,0,0,0,0,0,0,0,0,0,0,0,0,0,0,0,0,0,0,0,0,0,0,0,0,-8,0,0,0,0,0,0,0,0,0,0,0,0,0,0,0,0,0,0,0,0,0,0,0,0,0,0,0,0,0,0,0,0,0,0,0,-11,0,0,0,0,0,0,0,0,0,0,11,-1,0,0,0,0,0,0,0,0,0,0,1
0,0,0,0,0,0,0,0,0,0,0,0,0,0,0,0,0,0,0,0,0,0,0,0,0,0,0,0,0,0,0,0,0,0,0,0,0,0,0,0,0,0,0,0,0,0,-2,0,0,0,0,0,0,0,0,0,0,0,-14,0,0,0,0,0,0,0,0,0,0,0,0,0,0,0,0,0,0,0,0,0,0,0,0,0,0,0,0,0,0,0,0,0,0,0,0,0,0,0,0,0,0,0,0,0,0,0,0,0,0,0,0,0,0,0,0,0,0,0,0,0,0,0,0,0,0,0,0,0,0,0,0,0,0,0,0,0,0,0,0,0,0,0,0,0
0,0,0,0,0,0,0,0,0,0,0,0,-11,0,0,0,0,0,0,0,0,0,0,11,-11,0,0,0,0,0,0,0,0,0,0,11,0,0,0,0,0,0,0,0,0,0,0,0,0,0,0,0,0,0,0,0,0,0,0,0,0,0,0,0,0,0,0,0,0,0,0,0,0,0,0,0,0,0,-18,0,0,0,0,8,0,0,0,0,0,0,0,0,0,0,0,0,0,0,0,0,0,0,0,0,0,0,0,0,0,0,0,0,0,0,0,0,0,0,0,0,-11,0,0,0,0,0,0,0,0,0,0,11,-1,0,0,0,0,0,0,0,0,0,0,1
0,0,0,0,0,0,0,0,0,0,0,0,0,0,0,0,0,0,0,0,0,0,0,0,0,0,0,0,0,0,0,0,0,0,0,0,-2,0,0,0,0,0,0,0,0,0,0,2,-16,0,0,0,0,0,0,0,0,0,0,16,-7,0,0,0,0,0,0,0,0,0,0,7,-4,0,-1,0,5,-1,3,0,0,0,0,4,0,-10,12,0,12,-19,30,0,0,0,0,4,0,-10,12,0,8,-19,30,0,0,0,0,4,-9,7,0,0,0,-1,4,0,0,0,0,4,-9,7,0,0,0,0,0,0,0,0,0,4,0,0,0,0,0,0,0,0,0,0,0,0
0,0,0,0,0,0,0,0,0,0,0,0,-8,0,0,0,0,0,0,0,0,0,0,8,0,0,0,0,0,0,0,0,0,0,0,0,0,0,0,-15,3,17,0,0,0,0,0,0,0,-21,0,-10,11,0,0,-11,0,0,0,0,0,0,0,0,0,0,0,-45,1,0,0,0,0,0,0,0,0,0,0,-41,0,0,0,8,0,0,0,0,0,0,0,0,0,0,0,0,-11,0,0,0,0,0,0,0,0,0,0,11,-11,0,0,0,0,0,0,0,0,0,0,11,-8,0,0,0,0,0,0,0,0,0,0,8,0,0,0,0,0,0,0,0,0,0,0,0
0,0,0,0,0,0,0,0,0,0,0,0,-8,0,0,0,0,0,0,0,0,0,0,8,0,0,0,0,0,0,0,0,0,0,0,0,0,0,0,0,0,0,-3,2,0,0,0,0,0,0,0,0,0,0,-38,24,0,0,0,0,0,0,0,0,-16,0,-9,18,0,0,0,0,-8,0,0,0,0,0,0,0,0,0,0,8,0,0,0,0,0,0,0,0,0,0,0,0,-11,0,0,0,0,0,0,0,0,0,0,11,-11,0,0,0,0,0,0,0,0,0,0,11,-8,0,0,0,0,0,0,0,0,0,0,8,0,0,0,0,0,0,0,0,0,0,0,0
0,0,0,0,0,0,0,0,0,0,0,0,0,0,0,0,0,0,0,0,0,0,0,0,-8,0,0,0,0,0,0,0,0,0,0,8,0,0,0,0,0,0,0,0,0,0,0,0,0,0,0,0,0,0,0,0,0,0,0,0,0,0,0,0,0,0,0,0,0,0,0,0,-8,0,0,0,0,0,0,0,0,0,0,8,0,0,0,0,0,0,0,0,0,0,0,0,-11,0,0,0,0,0,0,0,0,0,0,11,-11,0,0,0,0,0,0,0,0,0,0,11,-8,0,0,0,0,0,0,0,0,0,0,8,0,0,0,0,0,0,0,0,0,0,0,0
0,0,0,0,0,0,0,0,0,0,0,1,0,0,0,0,0,-1,0,0,0,0,0,2,0,0,0,0,0,0,0,-10,0,0,9,0,0,0,0,0,0,-1,0,-10,0,0,9,0,0,0,0,0,0,-3,11,0,0,0,0,0,0,0,0,0,0,-7,17,0,0,0,0,0,0,0,0,0,0,-7,6,0,0,0,0,4,0,0,0,0,0,-1,0,0,0,-4,0,8,0,0,0,0,0,-1,0,0,0,-4,0,7,0,0,0,0,0,-7,0,0,0,0,0,16,0,0,0,0,0,-1,0,0,0,0,0,2,0,0,0,0,0,0,0,0,0,0,0,0
0,0,0,0,0,0,0,0,0,0,0,1,0,0,0,0,0,-4,0,0,0,0,0,9,0,0,0,0,0,0,0,0,0,0,0,0,0,0,0,0,0,0,0,0,0,0,0,0,0,0,0,0,0,-2,2,0,0,0,0,0,0,0,0,0,0,-7,8,0,0,0,0,0,0,0,0,0,0,-5,2,22,0,0,0,0,0,0,0,0,0,0,0,0,0,0,0,0,0,0,0,0,0,0,0,0,0,0,0,0,0,0,0,0,0,-5,0,0,0,0,0,12,0,0,0,0,0,-4,0,0,0,0,0,9,0,0,0,0,0,0,0,0,0,0,0,0
0,0,0,0,0,0,0,0,0,0,0,0,0,0,0,0,0,0,0,0,0,0,0,0,0,0,0,0,0,0,0,0,0,0,0,0,-2,0,0,0,0,0,0,0,0,0,0,2,-16,0,0,0,0,0,0,0,0,0,0,16,-7,0,0,0,0,0,0,0,0,0,0,7,-8,0,0,0,0,0,0,0,0,0,0,8,-4,0,0,0,0,0,0,0,0,0,0,4,-4,0,0,0,0,0,0,0,0,0,0,4,-4,0,0,0,-3,0,0,0,0,0,0,8,-4,0,0,0,-3,0,0,0,0,0,0,8,-1,0,0,0,0,0,0,0,0,0,0,1
0,0,0,0,0,0,0,0,0,0,0,1,0,0,0,0,0,-3,0,0,0,0,0,9,0,0,0,0,0,0,0,0,0,0,0,2,0,0,0,0,0,0,0,0,0,0,0,2,0,0,0,0,0,-1,3,0,0,0,0,0,0,0,0,0,0,-5,9,0,0,0,0,0,0,0,0,0,0,-4,3,0,0,0,0,8,0,0,0,0,0,-1,-12,13,0,0,0,8,0,0,0,0,0,-1,0,12,0,0,0,0,0,0,0,0,0,-4,0,0,0,0,0,12,0,0,0,0,0,-3,0,0,0,0,0,9,0,0,0,0,0,0,0,0,0,0,0,0
0,0,0,0,0,0,0,0,0,-5,0,1,-5,0,0,0,6,0,0,0,0,-11,0,4,-4,0,0,0,6,0,0,0,0,0,0,0,-2,0,0,0,0,0,0,0,0,0,0,2,-16,0,0,0,0,0,0,0,0,0,0,16,-7,0,0,0,0,0,0,0,0,0,0,7,-4,0,0,0,0,0,0,0,0,0,0,4,0,0,0,0,0,0,0,0,0,0,0,0,-4,0,0,0,0,0,0,0,0,0,0,4,-4,0,0,0,0,0,0,0,0,0,0,4,-4,0,0,0,0,0,0,0,0,0,0,4,-1,0,0,0,0,0,0,0,0,0,0,1
0,0,0,0,0,0,0,0,0,0,0,0,0,0,0,0,0,0,0,0,0,0,0,0,-8,0,0,0,0,0,0,0,0,0,0,8,0,0,0,0,0,0,-3,2,0,0,0,0,0,0,0,0,0,0,-40,27,0,0,0,0,0,0,0,0,-15,0,-10,20,0,-19,0,8,-8,0,0,0,0,0,0,0,0,12,0,0,0,0,0,0,0,0,0,0,0,0,0,0,-11,0,0,0,0,0,0,0,0,0,0,11,-11,0,0,0,0,0,0,0,0,0,0,11,-8,0,0,0,0,0,0,0,0,0,0,8,0,0,0,0,0,0,0,0,0,0,0,0
0,0,0,0,0,0,0,0,0,0,0,0,-2,0,0,0,0,0,0,0,0,0,0,2,-16,0,0,0,0,0,0,0,0,0,0,16,-2,0,0,0,0,0,0,0,0,0,0,2,0,0,0,0,0,-9,0,0,0,0,0,4,0,0,0,-7,0,-9,0,0,0,0,11,4,0,0,0,-7,0,-1,0,0,-3,0,11,0,0,0,0,0,0,-10,0,0,0,1,0,0,0,0,0,0,0,0,-9,0,0,0,0,4,-4,0,0,0,0,0,-9,0,0,0,0,8,-7,0,0,0,0,0,0,0,0,0,0,7,-1,0,0,0,0,0,0,0,0,0,0,1
0,0,0,0,0,0,0,0,0,0,0,0,0,0,0,0,0,0,0,0,0,0,0,0,0,0,0,0,0,0,0,0,0,0,0,0,5,0,0,0,0,0,0,0,0,0,0,0,0,21,0,0,0,0,0,0,0,0,0,0,0,-21,0,0,0,0,0,0,0,0,0,0,0,0,-20,0,0,5,0,14,0,0,0,0,0,0,0,0,0,0,0,0,0,0,0,0,0,0,0,0,0,0,0,0,0,0,0,0,0,0,0,0,0,0,0,0,0,0,0,0,0,0,0,0,0,0,0,0,0,0,0,0,0,0,0,0,0,0,0,0,0,0,0,0
0,0,0,0,0,0,0,0,0,0,0,0,-11,0,0,0,0,0,0,0,0,0,0,11,-11,0,0,0,0,0,0,0,0,0,0,11,-8,0,0,0,0,-10,20,0,0,0,0,0,0,0,0,-10,0,-19,33,0,0,0,0,0,0,0,0,0,0,-27,10,0,0,0,0,8,0,0,0,0,0,0,0,0,0,0,0,0,0,0,0,0,0,0,0,0,0,0,0,0,0,0,0,0,0,0,0,0,0,0,0,0,0,0,0,0,0,0,0,0,0,0,0,0,-11,0,0,0,0,0,0,0,0,0,0,11,-1,0,0,0,0,0,0,0,0,0,0,1
0,0,0,0,0,0,0,0,0,0,0,1,0,0,0,0,0,-4,0,0,0,0,0,9,0,0,0,0,0,-3,3,0,0,0,0,0,0,0,0,0,0,0,0,0,0,0,0,0,0,0,0,0,0,-2,2,0,0,0,0,0,0,0,0,0,0,-7,8,0,0,0,0,0,0,0,0,0,0,-5,2,0,0,0,0,8,0,0,0,0,0,0,0,0,0,0,0,0,0,0,0,0,0,0,-19,3,0,0,3,0,0,0,0,0,0,-5,0,0,0,0,0,12,0,0,0,0,0,-4,0,0,0,0,0,9,0,0,0,0,0,0,0,0,0,0,0,0
0,0,0,0,0,0,0,0,0,0,0,0,-8,0,0,0,0,0,0,0,0,0,0,8,0,0,0,0,0,0,0,0,0,0,0,0,-8,0,0,16,0,0,-20,11,0,0,0,0,0,0,0,0,0,0,-44,25,0,0,0,0,0,0,0,0,-14,0,-11,19,0,0,0,0,-8,0,0,0,0,0,0,0,22,0,0,0,0,0,0,0,0,0,0,0,0,0,0,0,-11,0,0,0,0,0,0,0,0,0,0,11,-11,0,0,0,0,0,0,0,0,0,0,11,-8,0,0,0,0,0,0,0,0,0,0,8,0,0,0,0,0,0,0,0,0,0,0,0
0,0,0,0,0,0,0,0,0,0,0,0,0,0,0,0,0,0,0,0,0,0,0,0,0,0,0,0,0,0,0,0,0,0,0,0,-2,0,0,0,0,0,0,0,0,0,0,2,-16,0,0,0,0,0,0,0,0,0,0,16,-7,0,0,0,0,0,0,0,0,0,0,7,-8,8,0,0,6,-3,1,0,0,0,0,4,-8,8,0,0,7,-30,20,0,0,0,0,0,-4,0,0,0,0,-30,20,0,-1,0,0,4,0,0,0,0,0,-4,2,0,-2,0,0,8,0,0,0,0,0,0,0,0,0,0,0,4,0,0,0,0,0,0,0,0,0,0,0,0
0,0,0,0,0,0,0,0,0,0,0,0,0,0,0,0,0,0,0,0,0,0,0,0,-8,0,0,0,0,0,0,0,0,0,-7,11,0,0,0,0,0,0,0,-18,0,0,7,0,0,0,0,0,0,0,0,0,0,0,-15,8,0,0,0,0,0,0,0,0,0,0,0,0,-8,0,0,0,0,0,0,0,0,0,0,8,0,0,0,0,0,0,0,0,0,0,0,0,-11,0,0,0,0,0,0,0,0,0,0,11,-11,0,0,0,0,0,0,0,0,0,0,11,-8,0,0,0,0,0,0,0,0,0,0,8,0,0,0,0,0,0,0,0,0,0,0,0
0,0,0,0,0,0,0,0,0,0,0,0,0,0,0,0,0,0,0,0,0,0,0,0,-8,0,0,0,0,0,0,0,0,0,0,8,0,0,0,0,0,0,0,0,0,0,0,0,0,0,0,0,0,0,0,0,0,0,0,0,0,0,0,0,0,0,0,0,0,0,0,0,-8,0,0,0,0,0,0,0,0,0,0,8,0,0,0,0,0,0,0,0,0,0,0,0,-11,0,0,0,0,0,0,0,0,0,0,11,-11,0,0,0,0,0,0,0,0,0,0,11,0,0,0,0,0,0,-15,0,0,0,0,8,0,0,0,0,0,0,0,0,0,0,0,0
0,0,0,0,0,0,0,0,0,0,0,0,-4,0,0,0,0,0,0,0,0,0,0,4,-4,0,0,0,0,0,0,0,0,0,0,4,-2,0,0,0,0,0,0,0,0,0,0,2,-16,0,0,0,0,0,0,0,0,0,0,16,-7,0,0,0,0,0,0,0,0,0,0,7,-4,0,0,0,0,0,-2,0,-4,0,0,8,-4,0,9,0,0,0,-2,-17,-1,0,0,4,-4,0,9,0,0,0,0,-14,-10,22,0,0,0,0,0,0,0,0,-4,0,-17,38,0,0,-4,0,0,0,0,0,-4,0,0,9,0,4,-1,0,0,0,0,0,0,0,0,0,0,1
0,0,0,0,0,0,-4,0,0,4,0,0,0,0,0,0,0,0,-15,0,0,10,0,4,0,0,0,0,0,0,-5,0,0,0,0,4,-2,0,0,0,0,0,0,0,0,0,0,2,-16,0,0,0,0,0,0,0,0,0,0,16,-7,0,0,0,0,0,0,0,0,0,0,7,-4,0,0,0,0,0,0,0,0,0,0,4,0,0,0,0,0,0,0,0,0,0,0,0,-4,0,0,0,0,0,0,0,0,0,0,4,-4,0,0,0,0,0,0,0,0,0,0,4,-4,0,0,0,0,0,0,0,0,0,0,4,-1,0,0,0,0,0,0,0,0,0,0,1
0,0,0,0,0,0,0,0,0,0,0,0,-11,0,0,0,0,0,0,0,0,0,0,11,-11,0,0,0,0,0,0,0,0,0,0,11,-8,0,0,0,0,-9,0,0,0,0,0,0,0,0,0,0,0,-43,0,0,0,0,0,0,0,0,0,0,0,-4,-16,20,0,0,0,0,-8,0,0,0,0,0,-14,36,0,0,0,0,0,0,0,0,0,0,-17,21,0,0,0,0,0,0,0,0,0,0,0,0,0,0,0,0,0,0,0,0,0,0,0,0,0,0,0,0,-11,0,0,0,0,0,0,0,0,0,0,11,-1,0,0,0,0,0,0,0,0,0,0,1
-1,0,0,0,0,0,0,0,0,0,0,1,-12,0,0,0,0,0,0,0,0,0,0,12,-8,0,0,0,0,0,0,0,0,0,0,8,0,0,0,0,0,0,0,0,0,0,0,0,0,0,0,0,0,-5,0,0,0,0,11,0,0,-18,0,0,0,-5,5,0,0,0,0,8,0,0,0,0,0,-32,32,0,-27,7,0,8,0,0,0,-10,0,0,0,9,-40,41,0,0,0,0,0,0,0,0,0,0,-22,23,0,0,-9,0,0,0,0,0,0,0,0,0,0,9,-12,0,0,0,0,0,0,0,0,0,0,12,0,0,0,0,0,0,0,0,0,0,0,0
-1,0,0,0,0,0,0,0,0,0,0,1,-11,0,0,0,0,0,0,0,0,0,0,11,0,0,0,0,0,0,0,0,0,0,0,0,-8,0,20,0,0,0,0,0,0,0,0,0,0,0,0,0,0,0,0,0,0,0,0,0,0,0,0,0,0,0,0,0,0,0,0,0,-8,0,0,0,0,0,0,0,0,0,0,8,0,0,0,0,0,0,0,0,0,0,0,0,0,0,0,0,0,0,0,0,0,0,0,0,-11,0,0,0,0,0,0,0,0,0,0,11,-11,0,0,0,0,0,0,0,0,0,0,11,0,0,0,0,0,0,0,0,0,0,0,0
0,0,0,0,0,0,0,0,0,0,0,0,0,0,0,0,0,0,0,0,0,0,0,0,-11,0,0,0,0,0,0,0,0,0,-13,6,-8,0,0,0,0,0,0,0,0,0,-34,16,-2,0,0,0,0,0,-22,9,3,0,-27,13,-8,0,0,0,0,0,-8,34,0,0,0,0,0,0,0,0,-12,0,-5,0,0,22,0,0,0,0,0,0,0,0,0,0,0,0,0,0,-10,0,0,0,0,0,0,0,0,0,0,10,-11,0,0,0,0,0,0,0,0,0,0,11,0,0,0,0,0,0,0,0,0,0,0,0,0,0,0,0,0,0,0,0,0,0,0,0
0,0,0,0,0,0,0,0,0,0,0,0,-8,0,0,0,0,0,0,0,0,0,0,8,0,0,0,0,0,0,0,0,0,0,0,0,0,0,0,0,0,0,0,0,0,0,0,0,0,0,0,0,0,0,0,0,0,0,0,0,0,0,0,0,0,0,0,0,0,0,0,0,-8,0,0,0,0,0,0,0,0,0,0,8,0,0,0,0,0,0,0,0,0,0,0,0,-11,0,0,0,0,0,0,0,0,0,0,11,-11,0,0,0,0,0,0,0,0,0,0,11,0,0,0,0,0,0,0,0,0,0,0,0,0,0,0,0,0,0,0,0,0,0,0,0
0,0,0,0,0,0,0,0,0,0,0,0,0,0,0,0,0,0,0,0,0,0,0,0,0,0,0,0,0,0,0,0,0,0,0,0,0,0,0,-24,34,0,0,0,0,0,0,0,0,0,0,-26,21,0,1,0,0,0,0,0,-4,0,0,-6,6,0,0,0,0,0,0,4,-7,0,0,0,0,0,0,0,0,0,0,7,-16,0,0,0,0,0,0,0,0,0,0,16,-2,0,0,0,0,0,0,0,0,0,0,2,-4,0,0,0,0,0,0,0,0,0,0,4,-4,0,0,0,0,0,0,0,0,0,0,4,0,0,0,0,0,0,0,0,0,0,0,0
0,0,0,0,0,0,0,0,0,0,0,0,0,0,0,0,0,0,0,0,0,0,0,0,0,0,0,0,0,0,0,0,0,0,0,0,0,0,0,0,0,0,0,0,0,0,0,0,0,0,0,0,0,0,0,0,0,0,0,0,0,0,0,0,0,0,0,0,0,0,22,-16,0,0,0,-5,0,6,0,15,0,0,0,-34,0,0,0,0,0,0,0,0,0,0,0,-26,0,0,0,0,0,0,0,0,0,0,0,0,0,0,0,0,0,0,0,0,0,0,0,9,0,0,0,0,0,0,0,0,0,0,0,0,0,0,0,0,0,0,0,0,0,0,0,0
0,0,0,0,0,0,0,0,0,0,0,0,0,0,0,0,0,0,0,0,0,0,0,0,-10,0,0,0,0,0,0,0,0,0,0,10,-11,0,0,0,0,0,0,0,0,0,0,11,0,0,0,0,0,0,0,0,0,0,0,0,0,0,0,-21,0,0,0,0,0,0,0,8,-8,0,0,10,-14,0,-9,22,-12,0,2,0,0,0,0,0,0,0,-41,20,5,0,-14,0,0,0,0,0,0,-1,-4,-17,11,0,-6,0,0,0,0,0,0,-1,0,-9,5,0,0,0,0,0,-22,0,0,0,0,0,0,0,0,8,0,0,0,0,0,0,0,0,0,0,0,0
0,0,0,0,0,0,0,0,0,0,0,0,0,0,0,0,0,0,-21,0,0,0,0,8,-8,0,0,0,0,0,0,0,0,0,0,8,0,0,0,0,0,0,0,0,0,0,-4,8,-8,0,0,0,0,0,7,-17,0,0,0,8,-8,0,0,0,0,0,0,0,0,0,0,8,-8,0,0,0,0,0,0,0,0,0,0,8,-8,0,0,0,0,0,0,0,0,0,0,8,-9,0,0,0,0,0,0,0,0,0,0,9,-12,0,0,0,0,0,0,0,0,0,0,12,-8,0,0,0,0,0,0,0,0,0,0,8,0,0,0,0,0,0,0,0,0,0,0,0
-1,0,0,0,0,0,0,0,0,0,0,1,-2,0,0,0,0,0,0,0,0,0,0,2,0,0,0,0,0,0,0,0,0,0,0,0,0,0,0,0,0,0,0,0,0,0,0,0,0,0,0,0,0,0,0,0,0,0,0,0,0,0,0,0,0,0,-10,0,0,0,0,4,-4,0,0,0,0,0,-22,0,0,0,0,4,-4,0,0,0,0,0,3,0,0,0,0,0,-2,0,0,0,0,0,0,0,0,0,0,2,-16,0,0,0,0,0,0,0,0,0,0,16,-2,0,0,0,0,0,0,0,0,0,0,2,0,0,0,0,0,0,0,0,0,0,0,0
0,0,0,0,0,0,0,0,0,0,0,0,0,0,0,0,0,0,0,0,0,0,0,0,0,0,0,0,0,0,0,0,0,0,0,0,0,0,0,0,0,0,0,0,0,0,0,0,0,0,0,0,0,0,0,0,0,0,0,0,0,0,0,0,0,0,0,0,0,0,0,0,0,0,0,0,0,0,0,0,0,0,0,0,0,0,0,0,0,0,0,0,0,0,0,0,0,0,0,0,0,0,0,0,0,0,0,0,0,0,0,0,0,0,0,0,0,0,0,0,0,0,0,0,0,0,0,0,0,0,0,0,0,0,0,0,0,0,0,0,0,0,0,0
0,0,0,0,0,0,0,0,0,0,0,0,0,0,0,0,0,0,0,0,0,0,0,0,0,0,0,0,0,0,0,0,0,0,0,0,0,0,0,0,0,0,0,0,0,0,0,0,0,0,0,0,0,0,0,0,0,0,0,0,0,0,0,0,0,0,0,0,0,0,0,0,0,0,0,0,0,0,0,0,0,0,0,0,0,0,0,0,0,0,0,0,0,0,0,0,0,0,0,0,0,0,0,0,0,0,0,0,0,0,0,0,0,0,0,0,0,0,0,0,0,0,0,0,0,0,0,0,0,0,0,0,0,0,0,0,0,0,0,0,0,0,0,0
0,0,0,0,0,0,0,0,0,0,0,0,0,0,0,0,0,0,0,0,0,0,0,0,0,0,0,0,0,0,0,0,0,0,0,0,0,0,0,0,0,0,0,0,0,0,0,0,0,0,0,0,0,0,0,0,0,0,0,0,0,0,0,0,0,0,0,0,0,0,0,0,0,0,0,0,0,0,0,0,0,0,0,0,0,0,0,0,0,0,0,0,0,0,0,0,0,0,0,0,0,0,0,0,0,0,0,0,0,0,0,0,0,0,0,0,0,0,0,0,0,0,0,0,0,0,0,0,0,0,0,0,0,0,0,0,0,0,0,0,0,0,0,0
0,0,0,0,0,0,0,0,0,0,0,0,0,0,0,0,0,0,0,0,0,0,0,0,0,0,0,0,0,0,0,0,0,0,0,0,0,0,0,0,0,0,0,0,0,0,0,0,0,0,0,0,0,0,0,0,0,0,0,0,0,0,0,0,0,0,0,0,0,0,0,0,0,0,0,0,0,0,0,0,0,0,0,0,0,0,0,0,0,0,0,0,0,0,0,0,0,0,0,0,0,0,0,0,0,0,0,0,0,0,0,0,0,0,0,0,0,0,0,0,0,0,0,0,0,0,0,0,0,0,0,0,0,0,0,0,0,0,0,0,0,0,0,0
0,0,0,0,0,0,0,0,0,0,0,0,0,0,0,0,0,0,0,0,0,0,0,0,0,0,0,0,0,0,0,0,0,0,0,0,0,0,0,0,0,0,0,0,0,0,0,0,0,0,0,0,0,0,0,0,0,0,0,0,0,0,0,0,0,0,0,0,0,0,0,0,0,0,0,0,0,0,0,0,0,0,0,0,0,0,0,0,0,0,0,0,0,0,0,0,0,0,0,0,0,0,0,0,0,0,0,0,0,0,0,0,0,0,0,0,0,0,0,0,0,0,0,0,0,0,0,0,0,0,0,0,0,0,0,0,0,0,0,0,0,0,0,0
0,0,0,0,0,0,0,0,0,0,0,0,0,0,0,0,0,0,0,0,0,0,0,0,0,0,0,0,0,0,0,0,0,0,0,0,0,0,0,0,0,0,0,0,0,0,0,0,0,0,0,0,0,0,0,0,0,0,0,0,0,0,0,0,0,0,0,0,0,0,0,0,0,0,0,0,0,0,0,0,0,0,0,0,0,0,0,0,0,0,0,0,0,0,0,0,0,0,0,0,0,0,0,0,0,0,0,0,0,0,0,0,0,0,0,0,0,0,0,0,0,0,0,0,0,0,0,0,0,0,0,0,0,0,0,0,0,0,0,0,0,0,0,0
0,0,0,0,0,0,0,0,0,0,0,0,0,0,0,0,0,0,0,0,0,0,0,0,0,0,0,0,0,0,0,0,0,0,0,0,0,0,0,0,0,0,0,0,0,0,0,0,0,0,0,0,0,0,0,0,0,0,0,0,0,0,0,0,0,0,0,0,0,0,0,0,0,0,0,0,0,0,0,0,0,0,0,0,0,0,0,0,0,0,0,0,0,0,0,0,0,0,0,0,0,0,0,0,0,0,0,0,0,0,0,0,0,0,0,0,0,0,0,0,0,0,0,0,0,0,0,0,0,0,0,0,0,0,0,0,0,0,0,0,0,0,0,0
0,0,0,0,0,0,0,0,0,0,0,0,0,0,0,0,0,0,0,0,0,0,0,0,0,0,0,0,0,0,0,0,0,0,0,0,0,0,0,0,0,0,0,0,0,0,0,0,0,0,0,0,0,0,0,0,0,0,0,0,0,0,0,0,0,0,0,0,0,0,0,0,0,0,0,0,0,0,0,0,0,0,0,0,0,0,0,0,0,0,0,0,0,0,0,0,0,0,0,0,0,0,0,0,0,0,0,0,0,0,0,0,0,0,0,0,0,0,0,0,0,0,0,0,0,0,0,0,0,0,0,0,0,0,0,0,0,0,0,0,0,0,0,0
0,0,0,0,0,0,0,0,0,0,0,0,0,0,0,0,0,0,0,0,0,0,0,0,0,0,0,0,0,0,0,0,0,0,0,0,0,0,0,0,0,0,0,0,0,0,0,0,0,0,0,0,0,0,0,0,0,0,0,0,0,0,0,0,0,0,0,0,0,0,0,0,0,0,0,0,0,0,0,0,0,0,0,0,0,0,0,0,0,0,0,0,0,0,0,0,0,0,0,0,0,0,0,0,0,0,0,0,0,0,0,0,0,0,0,0,0,0,0,0,0,0,0,0,0,0,0,0,0,0,0,0,0,0,0,0,0,0,0,0,0,0,0,0
0,0,0,0,0,0,0,0,0,0,0,0,0,0,0,0,0,0,0,0,0,0,0,0,0,0,0,0,0,0,0,0,0,0,0,0,0,0,0,0,0,0,0,0,0,0,0,0,0,0,0,0,0,0,0,0,0,0,0,0,0,0,0,0,0,0,0,0,0,0,0,0,0,0,0,0,0,0,0,0,0,0,0,0,0,0,0,0,0,0,0,0,0,0,0,0,0,0,0,0,0,0,0,0,0,0,0,0,0,0,0,0,0,0,0,0,0,0,0,0,0,0,0,0,0,0,0,0,0,0,0,0,0,0,0,0,0,0,0,0,0,0,0,0
0,0,0,0,0,0,0,0,0,0,0,0,0,0,0,0,0,0,0,0,0,0,0,0,0,0,0,0,0,0,0,0,0,0,0,0,0,0,0,0,0,0,0,0,0,0,0,0,0,0,0,0,0,0,0,0,0,0,0,0,0,0,0,0,0,0,0,0,0,0,0,0,0,0,0,0,0,0,0,0,0,0,0,0,0,0,0,0,0,0,0,0,0,0,0,0,0,0,0,0,0,0,0,0,0,0,0,0,0,0,0,0,0,0,0,0,0,0,0,0,0,0,0,0,0,0,0,0,0,0,0,0,0,0,0,0,0,0,0,0,0,0,0,0
0,0,0,0,0,0,0,0,0,0,0,0,0,0,0,0,0,0,0,0,0,0,0,0,0,0,0,0,0,0,0,0,0,0,0,0,0,0,0,0,0,0,0,0,0,0,0,0,0,0,0,0,0,0,0,0,0,0,0,0,0,0,0,0,0,0,0,0,0,0,0,0,0,0,0,0,0,0,0,0,0,0,0,0,0,0,0,0,0,0,0,0,0,0,0,0,0,0,0,0,0,0,0,0,0,0,0,0,0,0,0,0,0,0,0,0,0,0,0,0,0,0,0,0,0,0,0,0,0,0,0,0,0,0,0,0,0,0,0,0,0,0,0,0
0,0,0,0,0,0,0,0,0,0,0,0,0,0,0,0,0,0,0,0,0,0,0,0,0,0,0,0,0,0,0,0,0,0,0,0,0,0,0,0,0,0,0,0,0,0,0,0,0,0,0,0,0,0,0,0,0,0,0,0,0,0,0,0,0,0,0,0,0,0,0,0,0,0,0,0,0,0,0,0,0,0,0,0,0,0,0,0,0,0,0,0,0,0,0,0,0,0,0,0,0,0,0,0,0,0,0,0,0,0,0,0,0,0,0,0,0,0,0,0,0,0,0,0,0,0,0,0,0,0,0,0,0,0,0,0,0,0,0,0,0,0,0,0
0,0,0,0,0,0,0,0,0,0,0,0,0,0,0,0,0,0,0,0,0,0,0,0,0,0,0,0,0,0,0,0,0,0,0,0,0,0,0,0,0,0,0,0,0,0,0,0,0,0,0,0,0,0,0,0,0,0,0,0,0,0,0,0,0,0,0,0,0,0,0,0,0,0,0,0,0,0,0,0,0,0,0,0,0,0,0,0,0,0,0,0,0,0,0,0,0,0,0,0,0,0,0,0,0,0,0,0,0,0,0,0,0,0,0,0,0,0,0,0,0,0,0,0,0,0,0,0,0,0,0,0,0,0,0,0,0,0,0,0,0,0,0,0
0,0,0,0,0,0,0,0,0,0,0,0,0,0,0,0,0,0,0,0,0,0,0,0,0,0,0,0,0,0,0,0,0,0,0,0,0,0,0,0,0,0,0,0,0,0,0,0,0,0,0,0,0,0,0,0,0,0,0,0,0,0,0,0,0,0,0,0,0,0,0,0,0,0,0,0,0,0,0,0,0,0,0,0,0,0,0,0,0,0,0,0,0,0,0,0,0,0,0,0,0,0,0,0,0,0,0,0,0,0,0,0,0,0,0,0,0,0,0,0,0,0,0,0,0,0,0,0,0,0,0,0,0,0,0,0,0,0,0,0,0,0,0,0
0,0,0,0,0,0,0,0,0,0,0,0,0,0,0,0,0,0,0,0,0,0,0,0,0,0,0,0,0,0,0,0,0,0,0,0,0,0,0,0,0,0,0,0,0,0,0,0,0,0,0,0,0,0,0,0,0,0,0,0,0,0,0,0,0,0,0,0,0,0,0,0,0,0,0,0,0,0,0,0,0,0,0,0,0,0,0,0,0,0,0,0,0,0,0,0,0,0,0,0,0,0,0,0,0,0,0,0,0,0,0,0,0,0,0,0,0,0,0,0,0,0,0,0,0,0,0,0,0,0,0,0,0,0,0,0,0,0,0,0,0,0,0,0
0,0,0,0,0,0,0,0,0,0,0,0,0,0,0,0,0,0,0,0,0,0,0,0,0,0,0,0,0,0,0,0,0,0,0,0,0,0,0,0,0,0,0,0,0,0,0,0,0,0,0,0,0,0,0,0,0,0,0,0,0,0,0,0,0,0,0,0,0,0,0,0,0,0,0,0,0,0,0,0,0,0,0,0,0,0,0,0,0,0,0,0,0,0,0,0,0,0,0,0,0,0,0,0,0,0,0,0,0,0,0,0,0,0,0,0,0,0,0,0,0,0,0,0,0,0,0,0,0,0,0,0,0,0,0,0,0,0,0,0,0,0,0,0
0,0,0,0,0,0,0,0,0,0,0,0,0,0,0,0,0,0,0,0,0,0,0,0,0,0,0,0,0,0,0,0,0,0,0,0,0,0,0,0,0,0,0,0,0,0,0,0,0,0,0,0,0,0,0,0,0,0,0,0,0,0,0,0,0,0,0,0,0,0,0,0,0,0,0,0,0,0,0,0,0,0,0,0,0,0,0,0,0,0,0,0,0,0,0,0,0,0,0,0,0,0,0,0,0,0,0,0,0,0,0,0,0,0,0,0,0,0,0,0,0,0,0,0,0,0,0,0,0,0,0,0,0,0,0,0,0,0,0,0,0,0,0,0
0,0,0,0,0,0,0,0,0,0,0,0,0,0,0,0,0,0,0,0,0,0,0,0,0,0,0,0,0,0,0,0,0,0,0,0,0,0,0,0,0,0,0,0,0,0,0,0,0,0,0,0,0,0,0,0,0,0,0,0,0,0,0,0,0,0,0,0,0,0,0,0,0,0,0,0,0,0,0,0,0,0,0,0,0,0,0,0,0,0,0,0,0,0,0,0,0,0,0,0,0,0,0,0,0,0,0,0,0,0,0,0,0,0,0,0,0,0,0,0,0,0,0,0,0,0,0,0,0,0,0,0,0,0,0,0,0,0,0,0,0,0,0,0
0,0,0,0,0,0,0,0,0,0,0,0,0,0,0,0,0,0,0,0,0,0,0,0,0,0,0,0,0,0,0,0,0,0,0,0,0,0,0,0,0,0,0,0,0,0,0,0,0,0,0,0,0,0,0,0,0,0,0,0,0,0,0,0,0,0,0,0,0,0,0,0,0,0,0,0,0,0,0,0,0,0,0,0,0,0,0,0,0,0,0,0,0,0,0,0,0,0,0,0,0,0,0,0,0,0,0,0,0,0,0,0,0,0,0,0,0,0,0,0,0,0,0,0,0,0,0,0,0,0,0,0,0,0,0,0,0,0,0,0,0,0,0,0
0,0,0,0,0,0,0,0,0,0,0,0,0,0,0,0,0,0,0,0,0,0,0,0,0,0,0,0,0,0,0,0,0,0,0,0,0,0,0,0,0,0,0,0,0,0,0,0,0,0,0,0,0,0,0,0,0,0,0,0,0,0,0,0,0,0,0,0,0,0,0,0,0,0,0,0,0,0,0,0,0,0,0,0,0,0,0,0,0,0,0,0,0,0,0,0,0,0,0,0,0,0,0,0,0,0,0,0,0,0,0,0,0,0,0,0,0,0,0,0,0,0,0,0,0,0,0,0,0,0,0,0,0,0,0,0,0,0,0,0,0,0,0,0
0,0,0,0,0,0,0,0,0,0,0,1,0,0,0,0,0,-3,0,0,0,0,0,8,0,0,0,0,0,-3,0,0,0,0,0,8,0,0,0,0,0,-3,0,0,0,0,0,8,0,0,0,0,0,0,0,0,0,0,0,0,0,0,0,0,0,-6,3,0,0,0,4,0,0,0,0,0,0,-7,8,0,0,0,0,0,0,0,0,0,0,-4,5,0,0,0,0,0,0,0,0,0,0,0,0,0,0,0,0,0,0,0,0,0,0,-5,0,0,0,0,0,13,0,0,0,0,0,-3,0,0,0,0,0,8,0,0,0,0,0,0,0,0,0,0,0,0
0,0,0,0,0,0,0,0,0,0,0,0,0,0,0,0,0,0,0,0,0,-17,-8,8,-8,0,-16,18,0,0,0,-27,42,0,-37,0,0,0,-40,20,0,0,-7,-22,44,5,-37,0,0,0,-11,5,0,0,-33,23,4,20,-37,0,0,0,0,0,-15,0,-8,20,-3,38,-10,0,-8,0,0,0,0,0,0,0,-1,10,0,8,0,0,0,0,0,0,0,0,0,0,0,0,-10,0,0,0,0,0,0,0,0,0,0,10,-11,0,0,0,0,0,0,0,0,0,0,11,0,0,0,0,0,0,0,0,0,0,0,0,0,0,0,0,0,0,0,0,0,0,0,0
-1,0,0,0,0,0,0,0,0,0,0,1,-11,0,0,0,0,0,0,0,0,0,0,11,0,0,0,0,0,0,0,0,0,0,0,0,0,0,0,0,0,0,0,0,0,0,0,0,0,0,0,0,0,0,0,0,0,0,0,0,-8,0,0,0,0,0,0,0,0,0,0,8,0,0,0,0,0,0,0,0,0,0,0,0,0,0,0,0,0,0,0,0,0,0,0,0,0,0,0,0,0,0,0,0,0,0,0,0,-11,0,0,0,0,0,0,0,0,0,0,11,-11,0,0,0,0,0,0,0,0,0,0,11,0,0,0,0,0,0,0,0,0,0,0,0
-1,0,0,0,0,0,0,0,0,0,0,1,-11,0,0,0,0,0,0,0,0,0,0,11,0,0,0,0,0,0,0,0,0,0,0,0,0,0,0,0,0,0,0,0,0,0,0,0,0,0,0,0,0,0,0,0,0,0,0,0,-8,0,0,0,0,0,0,0,0,0,0,8,0,0,0,0,0,0,0,0,0,0,0,0,0,0,0,0,0,0,0,0,0,0,0,0,0,0,0,0,0,0,0,0,0,0,0,0,-11,0,0,0,0,0,0,0,0,0,0,11,-11,0,0,0,0,0,0,0,0,0,0,11,0,0,0,0,0,0,0,0,0,0,0,0
